public/post/ctd_rufiji/SBE19plus_01906740_2018_02_13_0902.cnv
* Sea-Bird SBE19plus  Data File:
* FileName = C:\Users\all user\Desktop\CTD tafiri 2018\SBE19plus_01906740_2018_02_13_0902.hex
* Software version 2.6.3.104
* Temperature SN = 6740
* Conductivity SN = 6740
* System UpLoad Time = Feb 13 2018 14:00:51
* <ApplicationData>
* <Seaterm232>
# nquan = 13
# nvalues = 306                                   
# units = specified
# name 0 = prdM: Pressure, Strain Gauge [db]
# name 1 = tv290C: Temperature [ITS-90, deg C]
# name 2 = c0S/m: Conductivity [S/m]
# name 3 = sal00: Salinity, Practical [PSU]
# name 4 = sbeox0ML/L: Oxygen, SBE 43 [ml/l]
# name 5 = flECO-AFL: Fluorescence, WET Labs ECO-AFL/FL [mg/m^3]
# name 6 = nbf: Bottles Fired
# name 7 = timeS: Time, Elapsed [seconds]
# name 8 = timeJ: Julian Days
# name 9 = density00: Density [density, kg/m^3]
# name 10 = depSM: Depth [salt water, m], lat = 0.00
# name 11 = dz/dtM: Descent Rate [m/s]
# name 12 = flag:  0.000e+00
# span 0 =      0.095,      3.955                 
# span 1 =    29.0890,    30.7932                 
# span 2 =   0.002758,   0.420949                 
# span 3 =     0.0209,     1.9822                 
# span 4 =    -0.2739,     7.9566                 
# span 5 =    -0.0639,     1.7031                 
# span 6 =          0,          0                 
# span 7 =      0.000,     76.250                 
# span 8 =  33.791192,  33.792075                 
# span 9 =   995.9352,   996.9969                 
# span 10 =      0.094,      3.933                
# span 11 =     -0.580,      0.525                
# span 12 = 0.0000e+00, 0.0000e+00                
# interval = seconds: 0.25
# start_time = Feb 02 2018 18:59:19 [Instrument's time stamp, header]
# bad_flag = -9.990e-29
*END*
[from data line 223]
      2.430    30.2119   0.365444     1.7238     1.4950     1.3994          0     55.750  33.791837   996.8847      2.417      0.368  0.000e+00
      2.527    30.2068   0.365327     1.7234     1.2336     1.4032          0     56.000  33.791840   996.8864      2.514      0.408  0.000e+00
      2.625    30.2026   0.365317     1.7235     1.1372     1.4101          0     56.250  33.791843   996.8882      2.610      0.438  0.000e+00
      2.733    30.1997   0.365344     1.7237     0.9472     1.4116          0     56.500  33.791846   996.8897      2.718      0.460  0.000e+00
      2.852    30.1998   0.365503     1.7245     1.4069     1.4071          0     56.750  33.791849   996.8908      2.836      0.469  0.000e+00
      2.960    30.2010   0.365603     1.7250     1.6527     1.4124          0     57.000  33.791852   996.8913      2.944      0.466  0.000e+00
      3.122    30.2017   0.366006     1.7270     1.6472     1.4093          0     57.250  33.791855   996.8933      3.105      0.463  0.000e+00
      3.273    30.2031   0.365734     1.7256     2.0387     1.3826          0     57.500  33.791858   996.8924      3.255      0.474  0.000e+00
      3.382    30.2041   0.366895     1.7313     2.1077     1.3910          0     57.750  33.791861   996.8969      3.363      0.484  0.000e+00
      3.511    30.2056   0.367595     1.7348     2.3134     1.3910          0     58.000  33.791863   996.8996      3.492      0.504  0.000e+00
      3.641    30.2134   0.367964     1.7363     1.7596     1.3895          0     58.250  33.791866   996.8990      3.621      0.518  0.000e+00
      3.771    30.2736   0.387433     1.8316     3.0143     1.3964          0     58.500  33.791869   996.9522      3.750      0.525  0.000e+00
      3.890    30.4101   0.411495     1.9471     1.8220     1.4002          0     58.750  33.791872   996.9969      3.868      0.524  0.000e+00
      3.900    30.5545   0.414009     1.9541     1.6983     1.3956          0     59.000  33.791875   996.9576      3.879      0.488  0.000e+00
      3.868    30.6584   0.418923     1.9746     1.6079     1.3933          0     59.250  33.791878   996.9406      3.847      0.409  0.000e+00
      3.890    30.7227   0.420949     1.9822     1.5308     1.3857          0     59.500  33.791881   996.9264      3.868      0.330  0.000e+00
      3.890    30.7554   0.420918     1.9808     1.5556     1.3903          0     59.750  33.791884   996.9152      3.868      0.250  0.000e+00
      3.922    30.7725   0.420341     1.9772     1.5914     1.3895          0     60.000  33.791887   996.9074      3.900      0.174  0.000e+00
      3.944    30.7821   0.417765     1.9640     1.7008     1.3895          0     60.250  33.791889   996.8946      3.922      0.110  0.000e+00
      3.944    30.7849   0.415513     1.9527     1.6852     1.4139          0     60.500  33.791892   996.8853      3.922      0.061  0.000e+00
      3.955    30.7887   0.413490     1.9424     2.0043     1.4071          0     60.750  33.791895   996.8766      3.933      0.038  0.000e+00
      3.933    30.7919   0.412853     1.9391     2.0284     1.4170          0     61.000  33.791898   996.8730      3.911      0.037  0.000e+00
      3.944    30.7932   0.413245     1.9410     2.0444     1.4078          0     61.250  33.791901   996.8741      3.922      0.039  0.000e+00
      3.879    30.7907   0.418017     1.9649     2.0526     1.4124          0     61.500  33.791904   996.8924      3.858      0.010  0.000e+00
      3.771    30.7875   0.419421     1.9721     2.0512     1.3956          0     61.750  33.791907   996.8982      3.750     -0.041  0.000e+00
      3.576    30.7837   0.420240     1.9763     2.0438     1.3979          0     62.000  33.791910   996.9017      3.556     -0.136  0.000e+00
      3.403    30.7844   0.420928     1.9797     2.0317     1.4040          0     62.250  33.791913   996.9032      3.384     -0.246  0.000e+00
      3.317    30.7871   0.419306     1.9715     2.0239     1.3987          0     62.500  33.791916   996.8959      3.298     -0.337  0.000e+00
      3.295    30.7857   0.416365     1.9569     2.0205     1.4071          0     62.750  33.791918   996.8854      3.277     -0.391  0.000e+00
      3.317    30.7848   0.413589     1.9431     2.0129     1.4093          0     63.000  33.791921   996.8754      3.298     -0.394  0.000e+00
      3.306    30.7750   0.411848     1.9348     2.0061     1.4063          0     63.250  33.791924   996.8723      3.288     -0.363  0.000e+00
      3.230    30.7412   0.411007     1.9319     1.9966     1.4147          0     63.500  33.791927   996.8803      3.212     -0.308  0.000e+00
      3.144    30.7009   0.410269     1.9298     1.9912     1.3796          0     63.750  33.791930   996.8908      3.126     -0.249  0.000e+00
      3.025    30.6773   0.409237     1.9255     1.9798     1.3750          0     64.000  33.791933   996.8944      3.008     -0.210  0.000e+00
      2.917    30.6636   0.408212     1.9209     1.9703     1.3742          0     64.250  33.791936   996.8948      2.901     -0.214  0.000e+00
      2.830    30.6412   0.407397     1.9177     1.9606     1.3735          0     64.500  33.791939   996.8989      2.814     -0.255  0.000e+00
      2.754    30.6200   0.406544     1.9143     1.9629     1.3826          0     64.750  33.791942   996.9026      2.739     -0.307  0.000e+00
      2.657    30.6031   0.409065     1.9275     1.9611     1.3918          0     65.000  33.791944   996.9172      2.643     -0.355  0.000e+00
      2.462    30.5928   0.410952     1.9373     1.9544     1.3880          0     65.250  33.791947   996.9269      2.449     -0.404  0.000e+00
      2.344    30.5847   0.410535     1.9356     1.9526     1.3895          0     65.500  33.791950   996.9276      2.331     -0.432  0.000e+00
      2.311    30.5787   0.407114     1.9187     1.9627     1.3803          0     65.750  33.791953   996.9167      2.298     -0.430  0.000e+00
      2.181    30.5759   0.410185     1.9342     1.9655     1.3628          0     66.000  33.791956   996.9285      2.169     -0.430  0.000e+00
      1.933    30.5751   0.411617     1.9414     1.9833     1.3659          0     66.250  33.791959   996.9330      1.922     -0.472  0.000e+00
      1.771    30.5747   0.410234     1.9345     1.9676     1.3567          0     66.500  33.791962   996.9273      1.761     -0.520  0.000e+00
      1.630    30.5763   0.409443     1.9304     1.9563     1.3597          0     66.750  33.791965   996.9232      1.621     -0.559  0.000e+00
      1.489    30.5793   0.409279     1.9295     1.9566     1.3857          0     67.000  33.791968   996.9209      1.481     -0.579  0.000e+00
      1.371    30.5810   0.408943     1.9278     1.9452     1.3826          0     67.250  33.791970   996.9186      1.363     -0.580  0.000e+00
      1.349    30.5822   0.406656     1.9163     1.9501     1.3895          0     67.500  33.791973   996.9096      1.341     -0.566  0.000e+00
      1.273    30.5815   0.407047     1.9183     1.9370     1.3826          0     67.750  33.791976   996.9109      1.266     -0.537  0.000e+00
      1.122    30.5802   0.408205     1.9241     1.9263     1.4032          0     68.000  33.791979   996.9150      1.116     -0.488  0.000e+00
      0.927    30.5790   0.407313     1.9197     5.2866     1.3994          0     68.250  33.791982   996.9112      0.922     -0.455  0.000e+00
      0.819    30.5766   0.403449     1.9005     2.4766     1.4009          0     68.500  33.791985   996.8972      0.815     -0.450  0.000e+00
      0.754    30.5707   0.398502     1.8760     2.1754     1.4002          0     68.750  33.791988   996.8804      0.750     -0.442  0.000e+00
      0.722    30.5630   0.395994     1.8638     1.9827     1.3842          0     69.000  33.791991   996.8736      0.718     -0.422  0.000e+00
      0.689    30.5531   0.396265     1.8655     2.0623     1.3857          0     69.250  33.791994   996.8778      0.686     -0.396  0.000e+00
      0.689    30.5445   0.395022     1.8596     2.0475     1.3849          0     69.500  33.791997   996.8760      0.686     -0.357  0.000e+00
      0.700    30.5383   0.393630     1.8529     1.4746     1.3849          0     69.750  33.791999   996.8730      0.696     -0.278  0.000e+00
      0.722    30.5332   0.392621     1.8481     1.2752     1.3880          0     70.000  33.792002   996.8711      0.718     -0.174  0.000e+00
      0.776    30.5293   0.391119     1.8407     1.0772     1.3926          0     70.250  33.792005   996.8670      0.772     -0.069  0.000e+00
      0.787    30.5259   0.389197     1.8313     1.7929     1.4025          0     70.500  33.792008   996.8611      0.782     -0.004  0.000e+00
      0.787    30.5223   0.387269     1.8218     2.7861     1.3994          0     70.750  33.792011   996.8551      0.782      0.035  0.000e+00
      0.754    30.5171   0.385881     1.8150     2.2813     1.3948          0     71.000  33.792014   996.8515      0.750      0.046  0.000e+00
      0.722    30.5105   0.387023     1.8210     1.7740     1.4017          0     71.250  33.792017   996.8579      0.718      0.037  0.000e+00
      0.765    30.5057   0.390611     1.8390     1.7433     1.4009          0     71.500  33.792020   996.8730      0.761      0.029  0.000e+00
      0.776    30.5037   0.393254     1.8523     1.7646     1.3971          0     71.750  33.792023   996.8836      0.771      0.019  0.000e+00
      0.787    30.5029   0.395008     1.8611     1.6954     1.3956          0     72.000  33.792025   996.8904      0.782      0.010  0.000e+00
      0.786    30.5022   0.391849     1.8453     1.6340     1.4071          0     72.250  33.792028   996.8789      0.782      0.002  0.000e+00
      0.765    30.4991   0.386679     1.8197     1.5830     1.4071          0     72.500  33.792031   996.8606      0.761      0.002  0.000e+00
      0.754    30.4937   0.385395     1.8135     1.5383     1.4170          0     72.750  33.792034   996.8576      0.750      0.004  0.000e+00
      0.776    30.4888   0.386343     1.8184     1.7580     1.4208          0     73.000  33.792037   996.8628      0.771      0.013  0.000e+00
      0.776    30.4852   0.389069     1.8321     1.8662     1.4032          0     73.250  33.792040   996.8742      0.771      0.012  0.000e+00
      0.808    30.4822   0.392614     1.8499     1.8731     1.4254          0     73.500  33.792043   996.8885      0.804      0.008  0.000e+00
      0.776    30.4810   0.395343     1.8636     1.8770     1.4185          0     73.750  33.792046   996.8989      0.772      0.004  0.000e+00
      0.678    30.4815   0.396941     1.8715     3.0098     1.4231          0     74.000  33.792049   996.9043      0.675     -0.024  0.000e+00
      0.484    30.4853   0.399932     1.8864     2.0382     1.4269          0     74.250  33.792052   996.9133      0.481     -0.093  0.000e+00
      0.289    30.5039   0.404270     1.9074     7.1880     1.6947          0     74.500  33.792054   996.9224      0.288     -0.194  0.000e+00
      0.214    30.5417   0.403386     1.9015     3.2412     1.7031          0     74.750  33.792057   996.9060      0.212     -0.289  0.000e+00
      0.127    30.5715   0.402311     1.8950     5.1258     1.7000          0     75.000  33.792060   996.8916      0.126     -0.374  0.000e+00
      0.116    30.5987   0.382503     1.7953     6.4145     1.7016          0     75.250  33.792063   996.8088      0.116     -0.413  0.000e+00
      0.127    30.6308   0.362221     1.6936     2.7143     0.7151          0     75.500  33.792066   996.7231      0.126     -0.405  0.000e+00
      0.106    30.6495   0.342291     1.5946     3.9194     0.7158          0     75.750  33.792069   996.6434      0.105     -0.349  0.000e+00
      0.116    30.6543   0.376091     1.7615     2.1597     0.7128          0     76.000  33.792072   996.7664      0.116     -0.254  0.000e+00
      0.138    30.6546   0.388658     1.8239     0.6363     0.7227          0     76.250  33.792075   996.8129      0.137     -0.141  0.000e+00
