public/post/ctd_rufiji/SBE19plus_01906740_2018_02_13_0901.cnv
* Sea-Bird SBE19plus  Data File:
* FileName = C:\Users\all user\Desktop\CTD tafiri 2018\SBE19plus_01906740_2018_02_13_0901.hex
* Software version 2.6.3.104
* Temperature SN = 6740
* Conductivity SN = 6740
* System UpLoad Time = Feb 13 2018 14:00:43
* <ApplicationData>
* <Seaterm232>
# nquan = 13
# nvalues = 373                                   
# units = specified
# name 0 = prdM: Pressure, Strain Gauge [db]
# name 1 = tv290C: Temperature [ITS-90, deg C]
# name 2 = c0S/m: Conductivity [S/m]
# name 3 = sal00: Salinity, Practical [PSU]
# name 4 = sbeox0ML/L: Oxygen, SBE 43 [ml/l]
# name 5 = flECO-AFL: Fluorescence, WET Labs ECO-AFL/FL [mg/m^3]
# name 6 = nbf: Bottles Fired
# name 7 = timeS: Time, Elapsed [seconds]
# name 8 = timeJ: Julian Days
# name 9 = density00: Density [density, kg/m^3]
# name 10 = depSM: Depth [salt water, m], lat = 0.00
# name 11 = dz/dtM: Descent Rate [m/s]
# name 12 = flag:  0.000e+00
# span 0 =      0.083,      6.710                 
# span 1 =    30.0253,    30.8899                 
# span 2 =   0.020839,   0.330377                 
# span 3 =     0.0930,     1.5290                 
# span 4 =     0.2946,     7.8415                 
# span 5 =    -0.0487,     1.8755                 
# span 6 =          0,          0                 
# span 7 =      0.000,     93.000                 
# span 8 =  33.788935,  33.790012                 
# span 9 =   995.5722,   996.5508                 
# span 10 =      0.082,      6.673                
# span 11 =     -0.685,      0.618                
# span 12 = 0.0000e+00, 0.0000e+00                
# interval = seconds: 0.25
# start_time = Feb 02 2018 18:56:04 [Instrument's time stamp, header]
# bad_flag = -9.990e-29
*END*
[from data line 223]
      3.543    30.7921   0.287840     1.3242     1.6579     1.7717          0     55.750  33.789580   996.4128      3.523      0.512  0.000e+00
      3.705    30.7993   0.288473     1.3270     2.1734     1.7702          0     56.000  33.789583   996.4134      3.684      0.530  0.000e+00
      3.834    30.8056   0.288785     1.3284     1.7076     1.7733          0     56.250  33.789586   996.4131      3.813      0.551  0.000e+00
      4.007    30.8107   0.289053     1.3295     2.7858     1.7786          0     56.500  33.789589   996.4131      3.985      0.584  0.000e+00
      4.148    30.8157   0.289331     1.3308     2.9006     1.7763          0     56.750  33.789592   996.4131      4.125      0.608  0.000e+00
      4.310    30.8206   0.290175     1.3347     2.4332     1.7687          0     57.000  33.789595   996.4152      4.286      0.618  0.000e+00
      4.429    30.8257   0.289578     1.3317     2.3018     1.7763          0     57.250  33.789598   996.4120      4.405      0.607  0.000e+00
      4.526    30.8291   0.288577     1.3268     2.3462     1.7443          0     57.500  33.789601   996.4076      4.501      0.584  0.000e+00
      4.656    30.8320   0.288493     1.3263     1.4991     1.7534          0     57.750  33.789604   996.4070      4.630      0.561  0.000e+00
      4.742    30.8326   0.288467     1.3261     1.2699     1.7481          0     58.000  33.789606   996.4070      4.716      0.529  0.000e+00
      4.797    30.8296   0.287673     1.3224     1.1837     1.7496          0     58.250  33.789609   996.4054      4.770      0.486  0.000e+00
      4.818    30.8205   0.287054     1.3196     1.0089     1.7450          0     58.500  33.789612   996.4062      4.792      0.419  0.000e+00
      4.829    30.7905   0.287479     1.3224     1.1122     1.7557          0     58.750  33.789615   996.4178      4.802      0.347  0.000e+00
      4.851    30.7666   0.288323     1.3272     1.3205     1.7489          0     59.000  33.789618   996.4288      4.824      0.272  0.000e+00
      4.905    30.7592   0.291358     1.3421     1.4835     1.7481          0     59.250  33.789621   996.4424      4.878      0.220  0.000e+00
      5.045    30.7738   0.298881     1.3783     2.3490     1.7023          0     59.500  33.789624   996.4655      5.017      0.205  0.000e+00
      5.186    30.8018   0.303231     1.3987     4.2047     1.7016          0     59.750  33.789627   996.4727      5.157      0.218  0.000e+00
      5.348    30.8262   0.305016     1.4067     2.9827     1.7008          0     60.000  33.789630   996.4718      5.318      0.275  0.000e+00
      5.488    30.8435   0.305953     1.4108     2.5512     1.6909          0     60.250  33.789633   996.4701      5.458      0.351  0.000e+00
      5.597    30.8532   0.306425     1.4128     2.8542     1.7511          0     60.500  33.789635   996.4691      5.566      0.425  0.000e+00
      5.759    30.8587   0.307255     1.4167     2.0504     1.7489          0     60.750  33.789638   996.4710      5.727      0.495  0.000e+00
      5.889    30.8633   0.309211     1.4261     1.6392     1.7504          0     61.000  33.789641   996.4771      5.856      0.541  0.000e+00
      6.083    30.8682   0.312399     1.4415     1.4684     1.7473          0     61.250  33.789644   996.4879      6.050      0.576  0.000e+00
      6.234    30.8733   0.313159     1.4450     2.2597     1.7489          0     61.500  33.789647   996.4897      6.200      0.587  0.000e+00
      6.397    30.8777   0.314147     1.4497     1.5697     1.7450          0     61.750  33.789650   996.4925      6.361      0.599  0.000e+00
      6.526    30.8815   0.317029     1.4636     2.0383     1.7481          0     62.000  33.789653   996.5023      6.490      0.603  0.000e+00
      6.634    30.8853   0.318092     1.4687     1.9308     1.7534          0     62.250  33.789656   996.5054      6.598      0.600  0.000e+00
      6.699    30.8899   0.311271     1.4353     1.6187     1.7473          0     62.500  33.789659   996.4794      6.662      0.575  0.000e+00
      6.699    30.8848   0.309971     1.4292     1.6982     1.7008          0     62.750  33.789661   996.4763      6.662      0.506  0.000e+00
      6.678    30.8663   0.309373     1.4268     1.6342     1.7023          0     63.000  33.789664   996.4802      6.641      0.412  0.000e+00
      6.710    30.8516   0.309728     1.4289     1.5416     1.7000          0     63.250  33.789667   996.4865      6.673      0.308  0.000e+00
      6.667    30.8430   0.310791     1.4343     1.4791     1.7054          0     63.500  33.789670   996.4931      6.630      0.203  0.000e+00
      6.613    30.8376   0.311875     1.4398     1.6986     1.7633          0     63.750  33.789673   996.4985      6.576      0.094  0.000e+00
      6.537    30.8351   0.313528     1.4479     1.7531     1.7603          0     64.000  33.789676   996.5051      6.501     -0.005  0.000e+00
      6.418    30.8358   0.314579     1.4530     1.8507     1.7633          0     64.250  33.789679   996.5081      6.383     -0.102  0.000e+00
      6.299    30.8446   0.315036     1.4550     1.9068     1.7611          0     64.500  33.789682   996.5063      6.265     -0.188  0.000e+00
      6.213    30.8573   0.314870     1.4538     1.8953     1.7710          0     64.750  33.789685   996.5011      6.179     -0.253  0.000e+00
      6.126    30.8651   0.313024     1.4446     1.8877     1.7794          0     65.000  33.789687   996.4914      6.093     -0.309  0.000e+00
      5.997    30.8677   0.311328     1.4363     1.8776     1.7710          0     65.250  33.789690   996.4838      5.964     -0.368  0.000e+00
      5.878    30.8715   0.311294     1.4360     1.8706     1.7763          0     65.500  33.789693   996.4819      5.845     -0.402  0.000e+00
      5.834    30.8698   0.313264     1.4456     1.8580     1.7763          0     65.750  33.789696   996.4894      5.802     -0.407  0.000e+00
      5.824    30.8617   0.314295     1.4509     1.8530     1.7305          0     66.000  33.789699   996.4958      5.792     -0.378  0.000e+00
      5.802    30.8590   0.311838     1.4390     1.8639     1.7275          0     66.250  33.789702   996.4877      5.770     -0.326  0.000e+00
      5.759    30.8593   0.310825     1.4341     1.8449     1.7244          0     66.500  33.789705   996.4837      5.727     -0.277  0.000e+00
      5.737    30.8546   0.312528     1.4425     1.8377     1.7244          0     66.750  33.789708   996.4914      5.706     -0.230  0.000e+00
      5.715    30.8467   0.311514     1.4378     1.8284     1.7221          0     67.000  33.789711   996.4902      5.684     -0.179  0.000e+00
      5.640    30.8388   0.309829     1.4298     1.8334     1.7275          0     67.250  33.789714   996.4864      5.609     -0.145  0.000e+00
      5.575    30.8325   0.312271     1.4419     1.8209     1.7305          0     67.500  33.789716   996.4971      5.544     -0.138  0.000e+00
      5.586    30.8264   0.313612     1.4486     1.8084     1.7260          0     67.750  33.789719   996.5040      5.555     -0.140  0.000e+00
      5.553    30.8219   0.313264     1.4470     1.7967     1.7099          0     68.000  33.789722   996.5041      5.523     -0.146  0.000e+00
      5.489    30.8192   0.313004     1.4458     1.7907     1.7077          0     68.250  33.789725   996.5038      5.458     -0.154  0.000e+00
      5.391    30.8181   0.312825     1.4450     1.7906     1.7138          0     68.500  33.789728   996.5031      5.362     -0.173  0.000e+00
      5.316    30.8183   0.313102     1.4463     1.7856     1.7145          0     68.750  33.789731   996.5037      5.286     -0.199  0.000e+00
      5.283    30.8190   0.314887     1.4550     1.7793     1.7115          0     69.000  33.789734   996.5098      5.254     -0.211  0.000e+00
      5.197    30.8224   0.315049     1.4557     1.7714     1.7214          0     69.250  33.789737   996.5089      5.168     -0.223  0.000e+00
      5.067    30.8259   0.314559     1.4532     1.9959     1.7214          0     69.500  33.789740   996.5053      5.039     -0.261  0.000e+00
      4.948    30.8284   0.315520     1.4578     2.9972     1.7344          0     69.750  33.789742   996.5075      4.921     -0.314  0.000e+00
      4.894    30.8330   0.317621     1.4680     2.5478     1.7275          0     70.000  33.789745   996.5133      4.867     -0.335  0.000e+00
      4.840    30.8436   0.318715     1.4730     2.2854     1.7489          0     70.250  33.789748   996.5136      4.813     -0.336  0.000e+00
      4.764    30.8522   0.318894     1.4736     3.2784     1.7504          0     70.500  33.789751   996.5110      4.738     -0.331  0.000e+00
      4.656    30.8564   0.320043     1.4791     2.1698     1.7473          0     70.750  33.789754   996.5133      4.630     -0.339  0.000e+00
      4.570    30.8615   0.321154     1.4844     2.5489     1.7519          0     71.000  33.789757   996.5153      4.544     -0.346  0.000e+00
      4.483    30.8666   0.322466     1.4906     2.9353     1.7778          0     71.250  33.789760   996.5180      4.458     -0.337  0.000e+00
      4.397    30.8704   0.326458     1.5100     3.0741     1.7817          0     71.500  33.789763   996.5309      4.372     -0.327  0.000e+00
      4.332    30.8745   0.329754     1.5260     2.6770     1.7710          0     71.750  33.789766   996.5412      4.308     -0.324  0.000e+00
      4.267    30.8777   0.330377     1.5290     2.9159     1.7649          0     72.000  33.789769   996.5422      4.243     -0.329  0.000e+00
      4.191    30.8788   0.330292     1.5285     2.7197     1.7389          0     72.250  33.789771   996.5411      4.168     -0.327  0.000e+00
      4.072    30.8796   0.329822     1.5262     1.5320     1.7336          0     72.500  33.789774   996.5386      4.050     -0.328  0.000e+00
      3.942    30.8792   0.328904     1.5217     1.7123     1.7328          0     72.750  33.789777   996.5348      3.921     -0.337  0.000e+00
      3.888    30.8782   0.327287     1.5139     2.3938     1.7344          0     73.000  33.789780   996.5290      3.867     -0.342  0.000e+00
      3.813    30.8780   0.325483     1.5050     1.7864     1.7374          0     73.250  33.789783   996.5222      3.792     -0.345  0.000e+00
      3.748    30.8778   0.324787     1.5017     1.6704     1.7695          0     73.500  33.789786   996.5194      3.727     -0.344  0.000e+00
      3.672    30.8769   0.323725     1.4965     1.9087     1.7717          0     73.750  33.789789   996.5156      3.652     -0.342  0.000e+00
      3.607    30.8764   0.321792     1.4871     1.3447     1.7733          0     74.000  33.789792   996.5084      3.587     -0.332  0.000e+00
      3.532    30.8759   0.320761     1.4821     1.4388     1.7725          0     74.250  33.789795   996.5045      3.512     -0.314  0.000e+00
      3.391    30.8750   0.320259     1.4796     1.6932     1.7374          0     74.500  33.789797   996.5023      3.372     -0.311  0.000e+00
      3.294    30.8742   0.319321     1.4751     2.1136     1.7389          0     74.750  33.789800   996.4987      3.276     -0.319  0.000e+00
      3.240    30.8735   0.317194     1.4647     1.2104     1.7382          0     75.000  33.789803   996.4910      3.222     -0.334  0.000e+00
      3.196    30.8726   0.316335     1.4606     1.6467     1.7336          0     75.250  33.789806   996.4880      3.179     -0.331  0.000e+00
      3.056    30.8709   0.315939     1.4587     1.8594     1.7458          0     75.500  33.789809   996.4865      3.039     -0.344  0.000e+00
      2.980    30.8693   0.315513     1.4566     1.6966     1.7504          0     75.750  33.789812   996.4851      2.964     -0.350  0.000e+00
      2.872    30.8683   0.314238     1.4505     1.4396     1.7534          0     76.000  33.789815   996.4804      2.856     -0.357  0.000e+00
      2.786    30.8680   0.313430     1.4465     1.4905     1.7511          0     76.250  33.789818   996.4771      2.770     -0.357  0.000e+00
      2.656    30.8673   0.313122     1.4451     2.1491     1.7450          0     76.500  33.789821   996.4757      2.641     -0.361  0.000e+00
      2.591    30.8668   0.312450     1.4418     1.5263     1.7489          0     76.750  33.789823   996.4731      2.577     -0.371  0.000e+00
      2.548    30.8667   0.311896     1.4391     1.5648     1.7527          0     77.000  33.789826   996.4709      2.534     -0.372  0.000e+00
      2.461    30.8657   0.311676     1.4381     1.6306     1.7519          0     77.250  33.789829   996.4701      2.448     -0.364  0.000e+00
      2.364    30.8651   0.311456     1.4370     2.3844     1.7458          0     77.500  33.789832   996.4691      2.351     -0.345  0.000e+00
      2.310    30.8651   0.310352     1.4316     2.2528     1.7359          0     77.750  33.789835   996.4648      2.297     -0.331  0.000e+00
      2.332    30.8654   0.309637     1.4281     2.0574     1.7359          0     78.000  33.789838   996.4622      2.319     -0.287  0.000e+00
      2.353    30.8651   0.309461     1.4273     1.7187     1.7382          0     78.250  33.789841   996.4618      2.340     -0.230  0.000e+00
      2.353    30.8637   0.309154     1.4258     1.6719     1.7374          0     78.500  33.789844   996.4611      2.340     -0.167  0.000e+00
      2.375    30.8626   0.308391     1.4221     1.8544     1.7084          0     78.750  33.789847   996.4588      2.362     -0.113  0.000e+00
      2.385    30.8621   0.308111     1.4208     1.8375     1.7092          0     79.000  33.789850   996.4580      2.372     -0.059  0.000e+00
      2.385    30.8611   0.308675     1.4236     1.7494     1.7069          0     79.250  33.789852   996.4604      2.372     -0.006  0.000e+00
      2.396    30.8599   0.310302     1.4315     1.7398     1.7145          0     79.500  33.789855   996.4667      2.383      0.032  0.000e+00
      2.396    30.8594   0.310869     1.4343     1.8906     1.7031          0     79.750  33.789858   996.4689      2.383      0.042  0.000e+00
      2.375    30.8596   0.311095     1.4354     1.9913     1.7000          0     80.000  33.789861   996.4696      2.362      0.027  0.000e+00
      2.375    30.8558   0.311379     1.4369     2.0318     1.7031          0     80.250  33.789864   996.4719      2.362      0.014  0.000e+00
      2.364    30.8514   0.311521     1.4377     2.0097     1.6962          0     80.500  33.789867   996.4738      2.351      0.002  0.000e+00
      2.385    30.8446   0.311561     1.4381     1.9870     1.6848          0     80.750  33.789870   996.4764      2.372     -0.004  0.000e+00
      2.375    30.8332   0.311521     1.4382     2.1239     1.6741          0     81.000  33.789873   996.4799      2.362     -0.009  0.000e+00
      2.375    30.8243   0.311490     1.4383     2.2313     1.6832          0     81.250  33.789876   996.4828      2.362     -0.009  0.000e+00
      2.385    30.8168   0.311507     1.4386     2.2446     1.6832          0     81.500  33.789878   996.4854      2.372     -0.006  0.000e+00
      2.364    30.8103   0.311585     1.4392     2.3097     1.6794          0     81.750  33.789881   996.4877      2.351     -0.006  0.000e+00
      2.375    30.8046   0.311619     1.4395     2.2270     1.7275          0     82.000  33.789884   996.4898      2.362      0.000  0.000e+00
      2.375    30.7989   0.311625     1.4397     1.9895     1.7275          0     82.250  33.789887   996.4917      2.362      0.000  0.000e+00
      2.396    30.7932   0.311649     1.4400     2.0630     1.7275          0     82.500  33.789890   996.4938      2.383      0.006  0.000e+00
      2.375    30.7884   0.311663     1.4402     1.9457     1.7244          0     82.750  33.789893   996.4953      2.362      0.001  0.000e+00
      2.364    30.7852   0.311507     1.4395     1.8419     1.6932          0     83.000  33.789896   996.4958      2.351     -0.001  0.000e+00
