public/post/ctd_rufiji/SBE19plus_01906740_2018_02_13_0928.cnv
* Sea-Bird SBE19plus  Data File:
* FileName = C:\Users\all user\Desktop\CTD tafiri 2018\SBE19plus_01906740_2018_02_13_0928.hex
* Software version 2.6.3.104
* Temperature SN = 6740
* Conductivity SN = 6740
* System UpLoad Time = Feb 13 2018 14:05:05
* <ApplicationData>
* <Seaterm232>
# nquan = 13
# nvalues = 349                                   
# units = specified
# name 0 = prdM: Pressure, Strain Gauge [db]
# name 1 = tv290C: Temperature [ITS-90, deg C]
# name 2 = c0S/m: Conductivity [S/m]
# name 3 = sal00: Salinity, Practical [PSU]
# name 4 = sbeox0ML/L: Oxygen, SBE 43 [ml/l]
# name 5 = flECO-AFL: Fluorescence, WET Labs ECO-AFL/FL [mg/m^3]
# name 6 = nbf: Bottles Fired
# name 7 = timeS: Time, Elapsed [seconds]
# name 8 = timeJ: Julian Days
# name 9 = density00: Density [density, kg/m^3]
# name 10 = depSM: Depth [salt water, m], lat = 0.00
# name 11 = dz/dtM: Descent Rate [m/s]
# name 12 = flag:  0.000e+00
# span 0 =      0.157,      3.357                 
# span 1 =    28.9393,    30.5162                 
# span 2 =   0.007904,   0.088037                 
# span 3 =     0.0402,     0.3883                 
# span 4 =     1.6196,     4.1635                 
# span 5 =    -0.0342,     2.2425                 
# span 6 =          0,          0                 
# span 7 =      0.000,     87.000                 
# span 8 =  34.422326,  34.423333                 
# span 9 =   995.5405,   996.0137                 
# span 10 =      0.156,      3.339                
# span 11 =     -0.496,      0.538                
# span 12 = 0.0000e+00, 0.0000e+00                
# interval = seconds: 0.25
# start_time = Feb 03 2018 10:08:09 [Instrument's time stamp, header]
# bad_flag = -9.990e-29
*END*
[from data line 223]
      3.271    30.5009   0.074470     0.3257     2.1021     2.1784          0     55.750  34.422972   995.7555      3.253      0.058  0.000e+00
      3.292    30.5008   0.074458     0.3257     2.0921     2.1822          0     56.000  34.422975   995.7556      3.274      0.044  0.000e+00
      3.292    30.4998   0.074437     0.3256     2.0955     2.1525          0     56.250  34.422977   995.7558      3.274      0.029  0.000e+00
      3.292    30.4987   0.074418     0.3255     2.0433     2.1509          0     56.500  34.422980   995.7560      3.274      0.025  0.000e+00
      3.314    30.4979   0.074381     0.3254     2.0558     2.1555          0     56.750  34.422983   995.7563      3.295      0.022  0.000e+00
      3.292    30.4974   0.074375     0.3253     2.0663     2.1494          0     57.000  34.422986   995.7563      3.274      0.017  0.000e+00
      3.249    30.4971   0.074476     0.3258     2.0522     2.1570          0     57.250  34.422989   995.7566      3.231     -0.003  0.000e+00
      3.238    30.4979   0.074470     0.3258     2.0180     2.1746          0     57.500  34.422992   995.7562      3.220     -0.017  0.000e+00
      3.238    30.4986   0.074406     0.3255     2.0081     2.1830          0     57.750  34.422995   995.7558      3.220     -0.025  0.000e+00
      3.249    30.4989   0.074348     0.3252     1.9503     2.1814          0     58.000  34.422998   995.7556      3.231     -0.034  0.000e+00
      3.249    30.4989   0.074311     0.3250     1.9103     2.1723          0     58.250  34.423001   995.7555      3.231     -0.034  0.000e+00
      3.260    30.4991   0.074311     0.3250     1.8759     2.1799          0     58.500  34.423003   995.7554      3.242     -0.028  0.000e+00
      3.249    30.4990   0.074335     0.3252     1.8312     2.1906          0     58.750  34.423006   995.7555      3.231     -0.023  0.000e+00
      3.260    30.4985   0.074366     0.3253     1.8438     2.1937          0     59.000  34.423009   995.7558      3.242     -0.005  0.000e+00
      3.259    30.4978   0.074406     0.3255     1.8573     2.1921          0     59.250  34.423012   995.7562      3.242      0.009  0.000e+00
      3.216    30.4971   0.074381     0.3254     1.8874     2.2127          0     59.500  34.423015   995.7561      3.199     -0.000  0.000e+00
      3.195    30.4966   0.074354     0.3252     1.9062     2.2143          0     59.750  34.423018   995.7561      3.177     -0.017  0.000e+00
      3.184    30.4960   0.074335     0.3252     1.9346     2.2081          0     60.000  34.423021   995.7561      3.166     -0.033  0.000e+00
      3.206    30.4952   0.074412     0.3255     1.9708     2.2112          0     60.250  34.423024   995.7568      3.188     -0.037  0.000e+00
      3.195    30.4947   0.074507     0.3259     1.9624     2.1723          0     60.500  34.423027   995.7572      3.177     -0.040  0.000e+00
      3.195    30.4949   0.074682     0.3267     1.9572     2.1769          0     60.750  34.423030   995.7577      3.177     -0.037  0.000e+00
      3.216    30.4948   0.074970     0.3280     1.9305     2.1776          0     61.000  34.423032   995.7588      3.199     -0.027  0.000e+00
      3.227    30.4947   0.075218     0.3291     1.9205     2.1814          0     61.250  34.423035   995.7597      3.209     -0.008  0.000e+00
      3.184    30.4947   0.075270     0.3294     1.8845     2.1784          0     61.500  34.423038   995.7597      3.166      0.001  0.000e+00
      3.206    30.4944   0.075249     0.3293     1.8573     2.1807          0     61.750  34.423041   995.7598      3.188      0.007  0.000e+00
      3.205    30.4944   0.075231     0.3292     1.8236     2.1883          0     62.000  34.423044   995.7597      3.188      0.006  0.000e+00
      3.216    30.4952   0.075206     0.3291     1.7008     2.1891          0     62.250  34.423047   995.7595      3.199      0.004  0.000e+00
      3.260    30.4959   0.075206     0.3291     1.6849     2.1898          0     62.500  34.423050   995.7594      3.242      0.019  0.000e+00
      3.270    30.4966   0.075194     0.3290     1.6626     2.1822          0     62.750  34.423053   995.7592      3.252      0.029  0.000e+00
      3.270    30.4974   0.075172     0.3289     1.6883     2.1906          0     63.000  34.423056   995.7589      3.252      0.034  0.000e+00
      3.281    30.4983   0.075148     0.3288     1.7112     2.1975          0     63.250  34.423058   995.7586      3.263      0.044  0.000e+00
      3.281    30.4993   0.075123     0.3287     1.7407     2.1784          0     63.500  34.423061   995.7582      3.263      0.053  0.000e+00
      3.292    30.4997   0.075102     0.3286     1.7624     2.1525          0     63.750  34.423064   995.7580      3.274      0.048  0.000e+00
      3.292    30.5002   0.075090     0.3285     1.8388     2.1555          0     64.000  34.423067   995.7578      3.274      0.042  0.000e+00
      3.313    30.5004   0.075071     0.3284     1.8237     2.1608          0     64.250  34.423070   995.7578      3.295      0.036  0.000e+00
      3.303    30.5008   0.075059     0.3284     1.8563     2.1502          0     64.500  34.423073   995.7576      3.284      0.024  0.000e+00
      3.303    30.5011   0.075047     0.3283     1.8709     2.1654          0     64.750  34.423076   995.7575      3.284      0.020  0.000e+00
      3.313    30.5013   0.075053     0.3284     1.8785     2.1685          0     65.000  34.423079   995.7575      3.295      0.020  0.000e+00
      3.313    30.5015   0.075040     0.3283     1.8995     2.1685          0     65.250  34.423082   995.7574      3.295      0.017  0.000e+00
      3.324    30.5016   0.075001     0.3281     1.9058     2.1616          0     65.500  34.423084   995.7573      3.306      0.018  0.000e+00
      3.292    30.5013   0.074949     0.3279     1.8745     2.1723          0     65.750  34.423087   995.7570      3.274      0.007  0.000e+00
      3.281    30.5004   0.074930     0.3278     1.8700     2.1441          0     66.000  34.423090   995.7572      3.263     -0.004  0.000e+00
      3.324    30.4996   0.074893     0.3276     1.8750     2.1471          0     66.250  34.423093   995.7575      3.306     -0.002  0.000e+00
      3.292    30.4987   0.074878     0.3276     1.8544     2.1319          0     66.500  34.423096   995.7576      3.274     -0.004  0.000e+00
      3.324    30.4981   0.074860     0.3275     1.8584     2.1380          0     66.750  34.423099   995.7579      3.306      0.000  0.000e+00
      3.314    30.4975   0.074847     0.3275     1.8499     2.1944          0     67.000  34.423102   995.7580      3.295      0.000  0.000e+00
      3.324    30.4970   0.074829     0.3274     1.8555     2.1853          0     67.250  34.423105   995.7581      3.306      0.006  0.000e+00
      3.314    30.4967   0.074808     0.3273     1.8651     2.1883          0     67.500  34.423108   995.7581      3.295      0.008  0.000e+00
      3.314    30.4966   0.074795     0.3272     1.8679     2.1891          0     67.750  34.423111   995.7581      3.295      0.014  0.000e+00
      3.314    30.4963   0.074765     0.3271     1.8520     2.1525          0     68.000  34.423113   995.7581      3.295      0.009  0.000e+00
      3.314    30.4944   0.074752     0.3270     1.8391     2.1525          0     68.250  34.423116   995.7586      3.296      0.000  0.000e+00
      3.314    30.4881   0.074737     0.3270     1.7936     2.1525          0     68.500  34.423119   995.7605      3.296      0.003  0.000e+00
      3.357    30.4803   0.074728     0.3270     1.7736     2.1509          0     68.750  34.423122   995.7631      3.339      0.007  0.000e+00
      3.325    30.4738   0.074712     0.3270     1.7657     2.1822          0     69.000  34.423125   995.7649      3.306      0.009  0.000e+00
      3.325    30.4693   0.074712     0.3270     1.7250     2.1731          0     69.250  34.423128   995.7663      3.306      0.008  0.000e+00
      3.335    30.4665   0.074706     0.3270     1.7334     2.1799          0     69.500  34.423131   995.7673      3.317      0.012  0.000e+00
      3.325    30.4641   0.074694     0.3270     1.7805     2.1753          0     69.750  34.423134   995.7679      3.306      0.009  0.000e+00
      3.335    30.4622   0.074719     0.3271     1.7965     2.1708          0     70.000  34.423137   995.7686      3.317      0.009  0.000e+00
      3.335    30.4617   0.074752     0.3273     1.7924     2.1776          0     70.250  34.423139   995.7689      3.317      0.007  0.000e+00
      3.335    30.4629   0.074795     0.3274     1.7895     2.1776          0     70.500  34.423142   995.7687      3.317      0.003  0.000e+00
      3.325    30.4646   0.074801     0.3275     1.7987     2.1731          0     70.750  34.423145   995.7681      3.306     -0.005  0.000e+00
      3.325    30.4655   0.074765     0.3273     1.7629     2.1731          0     71.000  34.423148   995.7677      3.306      0.001  0.000e+00
      3.303    30.4654   0.074719     0.3271     1.7108     2.2165          0     71.250  34.423151   995.7675      3.285     -0.008  0.000e+00
      3.249    30.4642   0.074771     0.3273     1.6626     2.2104          0     71.500  34.423154   995.7678      3.231     -0.030  0.000e+00
      3.184    30.4641   0.074961     0.3282     1.6391     2.2089          0     71.750  34.423157   995.7682      3.167     -0.060  0.000e+00
      3.087    30.4676   0.075013     0.3284     1.6497     2.2127          0     72.000  34.423160   995.7668      3.070     -0.110  0.000e+00
      2.989    30.4732   0.075059     0.3286     1.6758     2.1807          0     72.250  34.423163   995.7648      2.973     -0.166  0.000e+00
      2.925    30.4790   0.075059     0.3285     1.6196     2.1822          0     72.500  34.423166   995.7627      2.909     -0.216  0.000e+00
      2.827    30.4837   0.075059     0.3285     1.6278     2.1769          0     72.750  34.423168   995.7608      2.812     -0.265  0.000e+00
      2.795    30.4872   0.074988     0.3282     1.6461     2.1753          0     73.000  34.423171   995.7593      2.779     -0.293  0.000e+00
      2.795    30.4884   0.074912     0.3278     1.6618     2.1792          0     73.250  34.423174   995.7587      2.780     -0.285  0.000e+00
      2.762    30.4896   0.074866     0.3276     1.6984     2.1868          0     73.500  34.423177   995.7581      2.747     -0.257  0.000e+00
      2.708    30.4856   0.074814     0.3274     1.7443     2.1906          0     73.750  34.423180   995.7589      2.693     -0.226  0.000e+00
      2.611    30.4781   0.074789     0.3273     1.7845     2.1914          0     74.000  34.423183   995.7607      2.597     -0.207  0.000e+00
      2.525    30.4720   0.074789     0.3274     1.8098     2.1883          0     74.250  34.423186   995.7622      2.511     -0.205  0.000e+00
      2.417    30.4669   0.074801     0.3274     1.8443     2.1937          0     74.500  34.423189   995.7634      2.403     -0.226  0.000e+00
      2.265    30.4646   0.074866     0.3277     1.8681     2.1868          0     74.750  34.423192   995.7636      2.253     -0.272  0.000e+00
      2.114    30.4635   0.074930     0.3280     1.8709     2.1929          0     75.000  34.423194   995.7635      2.102     -0.346  0.000e+00
      1.995    30.4629   0.074976     0.3283     1.8572     2.1853          0     75.250  34.423197   995.7633      1.984     -0.415  0.000e+00
      1.876    30.4636   0.075019     0.3284     1.8283     2.2226          0     75.500  34.423200   995.7627      1.866     -0.463  0.000e+00
      1.789    30.4675   0.075047     0.3285     1.8156     2.2280          0     75.750  34.423203   995.7612      1.780     -0.483  0.000e+00
      1.681    30.4732   0.075040     0.3285     1.8273     2.2211          0     76.000  34.423206   995.7589      1.672     -0.485  0.000e+00
      1.552    30.4781   0.075019     0.3284     1.8052     2.2234          0     76.250  34.423209   995.7568      1.543     -0.486  0.000e+00
      1.389    30.4833   0.074942     0.3280     1.8228     2.1914          0     76.500  34.423212   995.7541      1.382     -0.488  0.000e+00
      1.260    30.4881   0.074860     0.3276     1.8117     2.1990          0     76.750  34.423215   995.7518      1.253     -0.485  0.000e+00
      1.130    30.4921   0.074777     0.3272     1.8451     2.2051          0     77.000  34.423218   995.7497      1.124     -0.490  0.000e+00
      1.033    30.4951   0.074688     0.3268     1.8439     2.1998          0     77.250  34.423220   995.7480      1.027     -0.496  0.000e+00
      0.957    30.4976   0.074630     0.3265     1.8567     2.1952          0     77.500  34.423223   995.7467      0.952     -0.489  0.000e+00
      0.892    30.4996   0.074553     0.3261     1.8620     2.2249          0     77.750  34.423226   995.7456      0.887     -0.471  0.000e+00
      0.817    30.5017   0.074430     0.3256     1.8823     2.2226          0     78.000  34.423229   995.7442      0.812     -0.435  0.000e+00
      0.708    30.5037   0.074329     0.3251     2.0275     2.2265          0     78.250  34.423232   995.7427      0.705     -0.400  0.000e+00
      0.622    30.5056   0.074244     0.3247     1.9845     2.2242          0     78.500  34.423235   995.7414      0.618     -0.366  0.000e+00
      0.622    30.5079   0.074099     0.3240     2.0955     2.2066          0     78.750  34.423238   995.7402      0.618     -0.324  0.000e+00
      0.611    30.5092   0.074029     0.3237     2.1685     2.2066          0     79.000  34.423241   995.7396      0.608     -0.277  0.000e+00
      0.611    30.5105   0.073989     0.3235     2.2028     2.2097          0     79.250  34.423244   995.7390      0.608     -0.231  0.000e+00
      0.622    30.5110   0.073940     0.3233     2.2101     2.2089          0     79.500  34.423247   995.7387      0.618     -0.179  0.000e+00
      0.654    30.5111   0.073919     0.3232     2.1790     2.2013          0     79.750  34.423249   995.7388      0.651     -0.116  0.000e+00
      0.654    30.5111   0.073900     0.3231     2.1872     2.2013          0     80.000  34.423252   995.7387      0.651     -0.055  0.000e+00
      0.687    30.5116   0.073876     0.3230     2.1312     2.1944          0     80.250  34.423255   995.7386      0.683      0.006  0.000e+00
      0.676    30.5122   0.073857     0.3229     2.1258     2.1998          0     80.500  34.423258   995.7383      0.672      0.036  0.000e+00
      0.676    30.5129   0.073854     0.3229     2.0825     2.1998          0     80.750  34.423261   995.7381      0.672      0.040  0.000e+00
      0.633    30.5132   0.073854     0.3229     1.9442     2.1967          0     81.000  34.423264   995.7378      0.629      0.028  0.000e+00
      0.546    30.5140   0.073824     0.3228     1.9862     2.2028          0     81.250  34.423267   995.7371      0.543     -0.011  0.000e+00
      0.470    30.5143   0.073784     0.3226     1.9031     2.2028          0     81.500  34.423270   995.7365      0.468     -0.066  0.000e+00
      0.416    30.5144   0.073759     0.3225     1.8574     2.1929          0     81.750  34.423273   995.7362      0.414     -0.122  0.000e+00
      0.330    30.5144   0.073710     0.3223     1.9401     0.2489          0     82.000  34.423275   995.7356      0.328     -0.177  0.000e+00
      0.244    30.5145   0.073772     0.3225     1.9156     0.2535          0     82.250  34.423278   995.7354      0.242     -0.233  0.000e+00
      0.179    30.5147   0.073735     0.3224     1.9808     0.2489          0     82.500  34.423281   995.7349      0.178     -0.268  0.000e+00
      0.157    30.5150   0.073759     0.3225     2.0780     0.2504          0     82.750  34.423284   995.7348      0.156     -0.279  0.000e+00
      0.157    30.5159   0.073689     0.3222     2.0945    -0.0250          0     83.000  34.423287   995.7343      0.156     -0.255  0.000e+00
