public/post/ctd_rufiji/SBE19plus_01906740_2018_02_13_0934.cnv
* Sea-Bird SBE19plus  Data File:
* FileName = C:\Users\all user\Desktop\CTD tafiri 2018\SBE19plus_01906740_2018_02_13_0934.hex
* Software version 2.6.3.104
* Temperature SN = 6740
* Conductivity SN = 6740
* System UpLoad Time = Feb 13 2018 14:06:00
* <ApplicationData>
* <Seaterm232>
# nquan = 13
# nvalues = 410                                   
# units = specified
# name 0 = prdM: Pressure, Strain Gauge [db]
# name 1 = tv290C: Temperature [ITS-90, deg C]
# name 2 = c0S/m: Conductivity [S/m]
# name 3 = sal00: Salinity, Practical [PSU]
# name 4 = sbeox0ML/L: Oxygen, SBE 43 [ml/l]
# name 5 = flECO-AFL: Fluorescence, WET Labs ECO-AFL/FL [mg/m^3]
# name 6 = nbf: Bottles Fired
# name 7 = timeS: Time, Elapsed [seconds]
# name 8 = timeJ: Julian Days
# name 9 = density00: Density [density, kg/m^3]
# name 10 = depSM: Depth [salt water, m], lat = 0.00
# name 11 = dz/dtM: Descent Rate [m/s]
# name 12 = flag:  0.000e+00
# span 0 =      0.198,      5.798                 
# span 1 =    29.2991,    30.3699                 
# span 2 =   0.013831,   0.284960                 
# span 3 =     0.0646,     1.3249                 
# span 4 =     1.6172,     3.8349                 
# span 5 =    -0.1471,     3.0245                 
# span 6 =          0,          0                 
# span 7 =      0.000,    102.250                 
# span 8 =  34.438588,  34.439771                 
# span 9 =   995.6454,   996.5974                 
# span 10 =      0.197,      5.766                
# span 11 =     -0.711,      0.533                
# span 12 = 0.0000e+00, 0.0000e+00                
# interval = seconds: 0.25
# start_time = Feb 03 2018 10:31:34 [Instrument's time stamp, header]
# bad_flag = -9.990e-29
*END*
[from data line 112]
      1.073    30.2890   0.204105     0.9316     2.0999     2.2730          0     28.000  34.438912   996.2637      1.067      0.001  0.000e+00
      1.073    30.2917   0.204030     0.9312     2.1025     2.2722          0     28.250  34.438915   996.2626      1.068      0.012  0.000e+00
      1.041    30.2938   0.203949     0.9308     2.0901     2.2654          0     28.500  34.438918   996.2615      1.035      0.008  0.000e+00
      1.030    30.2965   0.204209     0.9320     2.0936     2.2814          0     28.750  34.438921   996.2615      1.025      0.005  0.000e+00
      1.030    30.2995   0.204542     0.9335     2.0887     2.2928          0     29.000  34.438924   996.2617      1.025      0.004  0.000e+00
      1.052    30.3007   0.204481     0.9332     2.0775     2.2913          0     29.250  34.438927   996.2612      1.046      0.006  0.000e+00
      1.063    30.2990   0.204147     0.9316     2.0682     2.2753          0     29.500  34.438929   996.2606      1.057      0.003  0.000e+00
      1.084    30.2997   0.203991     0.9309     2.0609     2.3043          0     29.750  34.438932   996.2599      1.078      0.003  0.000e+00
      1.117    30.3008   0.203962     0.9307     2.0597     2.2898          0     30.000  34.438935   996.2596      1.111      0.018  0.000e+00
      1.117    30.2889   0.204134     0.9317     2.0495     2.2913          0     30.250  34.438938   996.2640      1.111      0.036  0.000e+00
      1.084    30.2757   0.204264     0.9326     2.0405     2.3005          0     30.500  34.438941   996.2686      1.078      0.043  0.000e+00
      1.074    30.2715   0.204371     0.9332     2.0236     2.2974          0     30.750  34.438944   996.2702      1.068      0.035  0.000e+00
      1.074    30.2772   0.204332     0.9329     2.0084     2.2921          0     31.000  34.438947   996.2683      1.068      0.021  0.000e+00
      1.074    30.2842   0.204124     0.9318     1.9973     2.2989          0     31.250  34.438950   996.2653      1.068      0.004  0.000e+00
      1.095    30.2878   0.204118     0.9317     1.9967     2.2921          0     31.500  34.438953   996.2642      1.089     -0.002  0.000e+00
      1.095    30.2897   0.204037     0.9313     1.9869     2.2852          0     31.750  34.438955   996.2633      1.089     -0.008  0.000e+00
      1.073    30.2943   0.203956     0.9308     1.9809     2.2814          0     32.000  34.438958   996.2615      1.067     -0.014  0.000e+00
      1.106    30.2853   0.203923     0.9308     1.9796     2.2822          0     32.250  34.438961   996.2644      1.100     -0.001  0.000e+00
      1.106    30.2729   0.203862     0.9307     1.9766     2.2875          0     32.500  34.438964   996.2681      1.100      0.014  0.000e+00
      1.095    30.2694   0.203729     0.9302     1.9818     2.2944          0     32.750  34.438967   996.2687      1.089      0.015  0.000e+00
      1.095    30.2730   0.203570     0.9293     1.9706     2.2905          0     33.000  34.438970   996.2670      1.089      0.012  0.000e+00
      1.095    30.2783   0.203674     0.9297     1.9756     2.2989          0     33.250  34.438973   996.2657      1.089      0.008  0.000e+00
      1.117    30.2815   0.203723     0.9299     1.9752     2.3043          0     33.500  34.438976   996.2649      1.110      0.008  0.000e+00
      1.106    30.2856   0.203716     0.9298     1.9776     2.2989          0     33.750  34.438979   996.2635      1.100      0.009  0.000e+00
      1.095    30.2894   0.203693     0.9296     1.9742     2.2761          0     34.000  34.438981   996.2622      1.089      0.007  0.000e+00
      1.127    30.2896   0.203706     0.9297     1.9770     2.2715          0     34.250  34.438984   996.2623      1.121      0.006  0.000e+00
      1.117    30.2724   0.203716     0.9300     1.9704     2.2806          0     34.500  34.438987   996.2678      1.110      0.010  0.000e+00
      1.106    30.2486   0.203693     0.9304     1.9645     2.2768          0     34.750  34.438990   996.2752      1.100      0.010  0.000e+00
      1.084    30.2337   0.203580     0.9301     1.9650     2.2844          0     35.000  34.438993   996.2795      1.078      0.001  0.000e+00
      1.084    30.2260   0.203480     0.9298     1.9545     2.2921          0     35.250  34.438996   996.2816      1.078     -0.008  0.000e+00
      1.063    30.2214   0.203473     0.9298     1.9484     2.2890          0     35.500  34.438999   996.2829      1.057     -0.022  0.000e+00
      1.084    30.2164   0.203625     0.9306     1.9417     2.2776          0     35.750  34.439002   996.2852      1.078     -0.020  0.000e+00
      1.128    30.2136   0.203694     0.9310     1.9348     2.2829          0     36.000  34.439005   996.2865      1.121     -0.009  0.000e+00
      1.149    30.2023   0.203736     0.9314     1.9283     2.2875          0     36.250  34.439008   996.2904      1.143      0.004  0.000e+00
      1.138    30.1675   0.203752     0.9322     1.9390     2.2814          0     36.500  34.439010   996.3014      1.132      0.020  0.000e+00
      1.149    30.1397   0.203742     0.9326     1.9289     2.2852          0     36.750  34.439013   996.3103      1.143      0.035  0.000e+00
      1.138    30.1229   0.203729     0.9329     1.9223     2.2799          0     37.000  34.439016   996.3156      1.132      0.042  0.000e+00
      1.073    30.1123   0.203668     0.9328     1.9213     2.2677          0     37.250  34.439019   996.3184      1.067      0.022  0.000e+00
      1.063    30.1062   0.203548     0.9323     1.9257     2.2616          0     37.500  34.439022   996.3199      1.057     -0.001  0.000e+00
      1.063    30.1027   0.203499     0.9321     1.9301     2.2654          0     37.750  34.439025   996.3208      1.057     -0.029  0.000e+00
      1.073    30.1028   0.203522     0.9322     1.9367     2.2623          0     38.000  34.439028   996.3209      1.067     -0.047  0.000e+00
      1.117    30.1063   0.203632     0.9327     1.9503     2.2913          0     38.250  34.439031   996.3204      1.110     -0.038  0.000e+00
      1.138    30.1077   0.203619     0.9326     1.9590     2.2814          0     38.500  34.439034   996.3200      1.132     -0.016  0.000e+00
      1.138    30.0963   0.203583     0.9327     1.9664     2.2852          0     38.750  34.439036   996.3235      1.132      0.004  0.000e+00
      1.127    30.0810   0.203574     0.9329     1.9645     2.2829          0     39.000  34.439039   996.3283      1.121      0.024  0.000e+00
      1.117    30.0719   0.203567     0.9330     1.9564     2.2898          0     39.250  34.439042   996.3311      1.110      0.039  0.000e+00
      1.095    30.0675   0.203535     0.9330     1.9526     2.2921          0     39.500  34.439045   996.3323      1.089      0.028  0.000e+00
      1.073    30.0653   0.203538     0.9330     1.9646     2.2852          0     39.750  34.439048   996.3329      1.067      0.006  0.000e+00
      1.073    30.0641   0.203519     0.9329     1.9642     2.2844          0     40.000  34.439051   996.3332      1.067     -0.016  0.000e+00
      1.106    30.0673   0.203509     0.9328     1.9671     2.2806          0     40.250  34.439054   996.3323      1.100     -0.027  0.000e+00
      1.127    30.0750   0.203512     0.9327     1.9748     2.2753          0     40.500  34.439057   996.3300      1.121     -0.019  0.000e+00
      1.127    30.0799   0.203528     0.9327     1.9789     2.2852          0     40.750  34.439060   996.3285      1.121     -0.006  0.000e+00
      1.127    30.0802   0.203519     0.9326     1.9826     2.2890          0     41.000  34.439062   996.3283      1.121      0.009  0.000e+00
      1.095    30.0737   0.203506     0.9327     1.9892     2.2951          0     41.250  34.439065   996.3302      1.089      0.012  0.000e+00
      1.095    30.0675   0.203499     0.9328     1.9803     2.2967          0     41.500  34.439068   996.3321      1.089      0.013  0.000e+00
      1.063    30.0645   0.203499     0.9328     1.9771     2.2951          0     41.750  34.439071   996.3330      1.057      0.000  0.000e+00
      1.063    30.0629   0.203499     0.9329     1.9759     2.2989          0     42.000  34.439074   996.3334      1.057     -0.018  0.000e+00
      1.073    30.0642   0.203499     0.9328     1.9689     2.2989          0     42.250  34.439077   996.3331      1.067     -0.032  0.000e+00
      1.084    30.0695   0.203480     0.9327     1.9617     2.2844          0     42.500  34.439080   996.3314      1.078     -0.033  0.000e+00
      1.095    30.0746   0.203473     0.9325     1.9628     2.2829          0     42.750  34.439083   996.3298      1.089     -0.022  0.000e+00
      1.138    30.0772   0.203486     0.9325     1.9497     2.2829          0     43.000  34.439086   996.3292      1.132      0.002  0.000e+00
      1.138    30.0775   0.203480     0.9325     1.9370     2.2867          0     43.250  34.439089   996.3291      1.132      0.026  0.000e+00
      1.128    30.0720   0.203480     0.9326     1.9330     2.2448          0     43.500  34.439091   996.3308      1.121      0.035  0.000e+00
      1.095    30.0655   0.203467     0.9327     1.9305     2.2394          0     43.750  34.439094   996.3327      1.089      0.034  0.000e+00
      1.106    30.0601   0.203460     0.9327     1.9205     2.2425          0     44.000  34.439097   996.3344      1.100      0.025  0.000e+00
      1.095    30.0569   0.203460     0.9328     1.9203     2.2524          0     44.250  34.439100   996.3354      1.089      0.009  0.000e+00
      1.084    30.0557   0.203460     0.9328     1.9176     2.2440          0     44.500  34.439103   996.3357      1.078     -0.007  0.000e+00
      1.095    30.0548   0.203454     0.9328     1.9198     2.3226          0     44.750  34.439106   996.3360      1.089     -0.018  0.000e+00
      1.106    30.0542   0.203444     0.9328     1.9223     2.3173          0     45.000  34.439109   996.3362      1.100     -0.023  0.000e+00
      1.128    30.0535   0.203460     0.9329     1.9232     2.3287          0     45.250  34.439112   996.3366      1.122     -0.009  0.000e+00
      1.117    30.0527   0.203460     0.9329     1.9251     2.3180          0     45.500  34.439115   996.3368      1.111      0.004  0.000e+00
      1.117    30.0504   0.203467     0.9329     1.9094     2.2844          0     45.750  34.439117   996.3375      1.111      0.014  0.000e+00
      1.106    30.0453   0.203454     0.9330     1.9039     2.2783          0     46.000  34.439120   996.3391      1.100      0.011  0.000e+00
      1.084    30.0400   0.203418     0.9329     1.9000     2.2844          0     46.250  34.439123   996.3405      1.078      0.005  0.000e+00
      1.074    30.0366   0.203396     0.9329     1.8980     2.2905          0     46.500  34.439126   996.3415      1.068     -0.006  0.000e+00
      1.095    30.0343   0.203386     0.9329     1.8892     2.2852          0     46.750  34.439129   996.3423      1.089     -0.013  0.000e+00
      1.074    30.0323   0.203373     0.9328     1.8821     2.2867          0     47.000  34.439132   996.3428      1.068     -0.023  0.000e+00
      1.106    30.0306   0.203334     0.9327     1.8706     2.2783          0     47.250  34.439135   996.3433      1.100     -0.020  0.000e+00
      1.138    30.0282   0.203049     0.9314     1.8661     2.2852          0     47.500  34.439138   996.3432      1.132     -0.000  0.000e+00
      1.117    30.0253   0.202719     0.9298     1.8568     2.2967          0     47.750  34.439141   996.3428      1.111      0.009  0.000e+00
      1.128    30.0248   0.202606     0.9293     1.8520     2.2967          0     48.000  34.439144   996.3426      1.121      0.022  0.000e+00
      1.128    30.0261   0.202719     0.9298     1.8551     2.2883          0     48.250  34.439146   996.3426      1.121      0.030  0.000e+00
      1.095    30.0251   0.203101     0.9317     1.8450     2.2898          0     48.500  34.439149   996.3442      1.089      0.020  0.000e+00
      1.084    30.0243   0.203230     0.9323     1.8488     2.2989          0     48.750  34.439152   996.3448      1.078      0.004  0.000e+00
      1.084    30.0241   0.203337     0.9328     1.8545     2.2936          0     49.000  34.439155   996.3453      1.078     -0.007  0.000e+00
      1.074    30.0265   0.203328     0.9327     1.8692     2.2944          0     49.250  34.439158   996.3444      1.068     -0.026  0.000e+00
      1.106    30.0396   0.203192     0.9318     1.8755     2.2997          0     49.500  34.439161   996.3399      1.100     -0.026  0.000e+00
      1.117    30.0552   0.202942     0.9303     1.8852     2.2967          0     49.750  34.439164   996.3341      1.110     -0.012  0.000e+00
      1.117    30.0683   0.202583     0.9284     1.8861     2.2944          0     50.000  34.439167   996.3287      1.110     -0.004  0.000e+00
      1.084    30.0660   0.202243     0.9268     1.8923     2.2974          0     50.250  34.439170   996.3280      1.078     -0.002  0.000e+00
      1.106    30.0569   0.202052     0.9260     1.9036     2.2997          0     50.500  34.439172   996.3304      1.100      0.010  0.000e+00
      1.149    30.0491   0.202175     0.9268     1.9194     2.2928          0     50.750  34.439175   996.3335      1.143      0.024  0.000e+00
      1.192    30.0437   0.202586     0.9288     1.9354     2.2677          0     51.000  34.439178   996.3368      1.186      0.042  0.000e+00
      1.300    30.0405   0.202780     0.9298     1.9437     2.2654          0     51.250  34.439181   996.3390      1.293      0.081  0.000e+00
      1.290    30.0401   0.202576     0.9289     1.9431     2.2684          0     51.500  34.439184   996.3384      1.283      0.100  0.000e+00
      1.344    30.0422   0.202437     0.9281     1.9640     2.2753          0     51.750  34.439187   996.3374      1.336      0.130  0.000e+00
      1.322    30.0443   0.202100     0.9265     1.9670     2.2753          0     52.000  34.439190   996.3355      1.315      0.141  0.000e+00
      1.398    30.0450   0.202126     0.9266     1.9648     2.2699          0     52.250  34.439193   996.3357      1.390      0.159  0.000e+00
      1.484    30.0423   0.202525     0.9286     1.9828     2.2799          0     52.500  34.439196   996.3384      1.476      0.171  0.000e+00
      1.603    30.0413   0.202709     0.9295     1.9945     2.2699          0     52.750  34.439198   996.3399      1.594      0.195  0.000e+00
      1.690    30.0553   0.202706     0.9292     1.9921     2.2791          0     53.000  34.439201   996.3358      1.680      0.223  0.000e+00
      1.798    30.0769   0.202719     0.9289     1.9892     2.2883          0     53.250  34.439204   996.3295      1.788      0.258  0.000e+00
      1.873    30.1013   0.202641     0.9280     1.9853     2.2867          0     53.500  34.439207   996.3218      1.863      0.309  0.000e+00
      1.949    30.1227   0.202424     0.9266     1.9806     2.2799          0     53.750  34.439210   996.3145      1.938      0.339  0.000e+00
      2.003    30.1399   0.202482     0.9266     1.9756     2.2898          0     54.000  34.439213   996.3095      1.992      0.357  0.000e+00
      2.090    30.1502   0.202534     0.9266     1.9673     2.2371          0     54.250  34.439216   996.3068      2.078      0.347  0.000e+00
      2.155    30.1538   0.202512     0.9264     1.9621     2.2356          0     54.500  34.439219   996.3059      2.143      0.328  0.000e+00
      2.274    30.1550   0.202806     0.9278     1.9586     2.2356          0     54.750  34.439222   996.3071      2.261      0.319  0.000e+00
      2.414    30.1636   0.205233     0.9393     1.9553     2.2356          0     55.000  34.439225   996.3137      2.401      0.335  0.000e+00
      2.544    30.1890   0.210213     0.9628     1.9522     2.2745          0     55.250  34.439227   996.3240      2.530      0.360  0.000e+00
