public/post/ctd_rufiji/SBE19plus_01906740_2018_02_13_0918.cnv
* Sea-Bird SBE19plus  Data File:
* FileName = C:\Users\all user\Desktop\CTD tafiri 2018\SBE19plus_01906740_2018_02_13_0918.hex
* Software version 2.6.3.104
* Temperature SN = 6740
* Conductivity SN = 6740
* System UpLoad Time = Feb 13 2018 14:03:31
* <ApplicationData>
* <Seaterm232>
# nquan = 13
# nvalues = 384                                   
# units = specified
# name 0 = prdM: Pressure, Strain Gauge [db]
# name 1 = tv290C: Temperature [ITS-90, deg C]
# name 2 = c0S/m: Conductivity [S/m]
# name 3 = sal00: Salinity, Practical [PSU]
# name 4 = sbeox0ML/L: Oxygen, SBE 43 [ml/l]
# name 5 = flECO-AFL: Fluorescence, WET Labs ECO-AFL/FL [mg/m^3]
# name 6 = nbf: Bottles Fired
# name 7 = timeS: Time, Elapsed [seconds]
# name 8 = timeJ: Julian Days
# name 9 = density00: Density [density, kg/m^3]
# name 10 = depSM: Depth [salt water, m], lat = 0.00
# name 11 = dz/dtM: Descent Rate [m/s]
# name 12 = flag:  0.000e+00
# span 0 =      0.143,      5.051                 
# span 1 =    28.0758,    30.2309                 
# span 2 =   0.001582,   0.031115                 
# span 3 =     0.0169,     0.1363                 
# span 4 =     0.8597,     4.1407                 
# span 5 =    -0.1112,     1.9320                 
# span 6 =          0,          0                 
# span 7 =      0.000,     95.750                 
# span 8 =  34.388322,  34.389430                 
# span 9 =   995.6107,   996.2532                 
# span 10 =      0.143,      5.023                
# span 11 =     -0.445,      0.495                
# span 12 = 0.0000e+00, 0.0000e+00                
# interval = seconds: 0.25
# start_time = Feb 03 2018 09:19:11 [Instrument's time stamp, header]
# bad_flag = -9.990e-29
*END*
[from data line 112]
      1.267    30.1777   0.030638     0.1343     2.0635     1.7275          0     28.000  34.388646   995.7017      1.260      0.002  0.000e+00
      1.256    30.1737   0.030632     0.1343     2.0465     1.7321          0     28.250  34.388649   995.7029      1.249      0.001  0.000e+00
      1.278    30.1686   0.030635     0.1343     2.0517     1.7260          0     28.500  34.388652   995.7045      1.271      0.005  0.000e+00
      1.256    30.1633   0.030626     0.1343     2.0404     1.7168          0     28.750  34.388655   995.7060      1.249      0.002  0.000e+00
      1.267    30.1588   0.030632     0.1344     2.0376     1.7160          0     29.000  34.388657   995.7075      1.260      0.002  0.000e+00
      1.256    30.1557   0.030626     0.1343     2.0313     1.7176          0     29.250  34.388660   995.7083      1.249      0.006  0.000e+00
      1.256    30.1530   0.030626     0.1343     2.0212     1.7214          0     29.500  34.388663   995.7091      1.249      0.000  0.000e+00
      1.267    30.1514   0.030617     0.1343     2.0158     1.7313          0     29.750  34.388666   995.7097      1.260      0.000  0.000e+00
      1.245    30.1504   0.030620     0.1343     2.0097     1.7336          0     30.000  34.388669   995.7099      1.239     -0.006  0.000e+00
      1.278    30.1493   0.030620     0.1343     2.0081     1.7290          0     30.250  34.388672   995.7104      1.271      0.000  0.000e+00
      1.267    30.1477   0.030617     0.1343     1.9879     1.7290          0     30.500  34.388675   995.7108      1.260     -0.001  0.000e+00
      1.289    30.1454   0.030611     0.1343     2.0014     1.7077          0     30.750  34.388678   995.7116      1.282      0.011  0.000e+00
      1.289    30.1425   0.030605     0.1343     1.9936     1.7016          0     31.000  34.388681   995.7124      1.282      0.014  0.000e+00
      1.278    30.1386   0.030599     0.1343     1.9939     1.7046          0     31.250  34.388683   995.7135      1.271      0.017  0.000e+00
      1.278    30.1343   0.030599     0.1343     1.9899     1.7031          0     31.500  34.388686   995.7149      1.271      0.014  0.000e+00
      1.256    30.1301   0.030599     0.1343     1.9718     1.7427          0     31.750  34.388689   995.7161      1.249      0.005  0.000e+00
      1.267    30.1266   0.030599     0.1343     1.9570     1.7412          0     32.000  34.388692   995.7172      1.260      0.002  0.000e+00
      1.289    30.1238   0.030593     0.1343     1.9466     1.7473          0     32.250  34.388695   995.7181      1.282     -0.002  0.000e+00
      1.289    30.1206   0.030587     0.1342     1.9370     1.7382          0     32.500  34.388698   995.7191      1.282      0.001  0.000e+00
      1.278    30.1173   0.030599     0.1343     1.9308     1.7504          0     32.750  34.388701   995.7201      1.271     -0.002  0.000e+00
      1.278    30.1140   0.030587     0.1343     1.9198     1.7206          0     33.000  34.388704   995.7210      1.271      0.001  0.000e+00
      1.267    30.1105   0.030587     0.1343     1.9016     1.7305          0     33.250  34.388707   995.7220      1.260      0.001  0.000e+00
      1.289    30.1072   0.030587     0.1343     1.8820     1.7328          0     33.500  34.388709   995.7232      1.282      0.006  0.000e+00
      1.278    30.1041   0.030587     0.1343     1.8822     1.7351          0     33.750  34.388712   995.7240      1.271      0.006  0.000e+00
      1.267    30.1018   0.030581     0.1343     1.8731     1.7496          0     34.000  34.388715   995.7247      1.260     -0.003  0.000e+00
      1.278    30.0998   0.030578     0.1343     1.8581     1.7572          0     34.250  34.388718   995.7253      1.271     -0.006  0.000e+00
      1.278    30.0975   0.030578     0.1343     1.8631     1.7557          0     34.500  34.388721   995.7260      1.271     -0.004  0.000e+00
      1.289    30.0943   0.030581     0.1343     1.8736     1.7550          0     34.750  34.388724   995.7270      1.282      0.003  0.000e+00
      1.289    30.0907   0.030581     0.1343     1.8638     1.7321          0     35.000  34.388727   995.7281      1.282      0.006  0.000e+00
      1.289    30.0873   0.030572     0.1343     1.8489     1.7344          0     35.250  34.388730   995.7292      1.282      0.008  0.000e+00
      1.289    30.0848   0.030581     0.1343     1.8460     1.7344          0     35.500  34.388733   995.7300      1.282      0.006  0.000e+00
      1.278    30.0831   0.030572     0.1343     1.8348     1.7305          0     35.750  34.388736   995.7304      1.271      0.006  0.000e+00
      1.289    30.0820   0.030572     0.1343     1.8198     1.7450          0     36.000  34.388738   995.7308      1.282      0.007  0.000e+00
      1.278    30.0797   0.030569     0.1343     1.8234     1.7443          0     36.250  34.388741   995.7314      1.271      0.001  0.000e+00
      1.299    30.0761   0.030572     0.1343     1.8192     1.7473          0     36.500  34.388744   995.7326      1.292      0.003  0.000e+00
      1.299    30.0733   0.030572     0.1343     1.8054     1.7389          0     36.750  34.388747   995.7335      1.292      0.004  0.000e+00
      1.278    30.0720   0.030572     0.1343     1.8053     1.7443          0     37.000  34.388750   995.7338      1.271      0.001  0.000e+00
      1.267    30.0727   0.030578     0.1343     1.7965     1.7031          0     37.250  34.388753   995.7335      1.260     -0.004  0.000e+00
      1.289    30.0748   0.030581     0.1343     1.7838     1.7038          0     37.500  34.388756   995.7330      1.282     -0.002  0.000e+00
      1.278    30.0765   0.030572     0.1343     1.7841     1.7016          0     37.750  34.388759   995.7324      1.271     -0.003  0.000e+00
      1.289    30.0756   0.030560     0.1342     1.7887     1.7031          0     38.000  34.388762   995.7327      1.282     -0.004  0.000e+00
      1.289    30.0717   0.030560     0.1342     1.7744     1.7267          0     38.250  34.388764   995.7339      1.282     -0.001  0.000e+00
      1.278    30.0673   0.030566     0.1343     1.7656     1.7305          0     38.500  34.388767   995.7352      1.271     -0.006  0.000e+00
      1.299    30.0633   0.030563     0.1343     1.7614     1.7305          0     38.750  34.388770   995.7365      1.292      0.003  0.000e+00
      1.278    30.0610   0.030566     0.1343     1.7308     1.7244          0     39.000  34.388773   995.7371      1.271      0.006  0.000e+00
      1.299    30.0616   0.030572     0.1343     1.7523     1.7328          0     39.250  34.388776   995.7370      1.292      0.009  0.000e+00
      1.289    30.0644   0.030566     0.1343     1.7526     1.7359          0     39.500  34.388779   995.7361      1.282      0.004  0.000e+00
      1.289    30.0661   0.030566     0.1343     1.7391     1.7328          0     39.750  34.388782   995.7356      1.282      0.004  0.000e+00
      1.289    30.0644   0.030569     0.1343     1.7431     1.7298          0     40.000  34.388785   995.7361      1.282      0.001  0.000e+00
      1.278    30.0605   0.030566     0.1343     1.7439     1.7130          0     40.250  34.388788   995.7372      1.271     -0.001  0.000e+00
      1.289    30.0558   0.030560     0.1343     1.7386     1.7199          0     40.500  34.388791   995.7387      1.282     -0.001  0.000e+00
      1.299    30.0520   0.030554     0.1343     1.7412     1.7191          0     40.750  34.388793   995.7399      1.292     -0.001  0.000e+00
      1.299    30.0499   0.030560     0.1343     1.7376     1.7191          0     41.000  34.388796   995.7405      1.292      0.005  0.000e+00
      1.278    30.0505   0.030563     0.1343     1.7264     1.7244          0     41.250  34.388799   995.7403      1.271     -0.002  0.000e+00
      1.289    30.0538   0.030560     0.1343     1.7212     1.7534          0     41.500  34.388802   995.7393      1.282      0.001  0.000e+00
      1.289    30.0577   0.030560     0.1343     1.7141     1.7588          0     41.750  34.388805   995.7381      1.282      0.001  0.000e+00
      1.278    30.0589   0.030560     0.1343     1.6830     1.7534          0     42.000  34.388808   995.7377      1.271     -0.002  0.000e+00
      1.278    30.0554   0.030566     0.1343     1.6731     1.7565          0     42.250  34.388811   995.7388      1.271     -0.004  0.000e+00
      1.278    30.0498   0.030554     0.1343     1.6692     1.7275          0     42.500  34.388814   995.7405      1.271     -0.009  0.000e+00
      1.267    30.0451   0.030554     0.1343     1.6633     1.7328          0     42.750  34.388817   995.7418      1.260     -0.014  0.000e+00
      1.289    30.0416   0.030560     0.1343     1.6651     1.7313          0     43.000  34.388819   995.7430      1.282     -0.007  0.000e+00
      1.278    30.0405   0.030554     0.1343     1.6991     1.7321          0     43.250  34.388822   995.7433      1.271     -0.003  0.000e+00
      1.278    30.0403   0.030560     0.1343     1.7074     1.7328          0     43.500  34.388825   995.7434      1.271     -0.004  0.000e+00
      1.289    30.0397   0.030548     0.1343     1.7083     1.7290          0     43.750  34.388828   995.7436      1.282      0.001  0.000e+00
      1.310    30.0383   0.030554     0.1343     1.7239     1.7290          0     44.000  34.388831   995.7441      1.303      0.012  0.000e+00
      1.310    30.0364   0.030554     0.1343     1.7244     1.7275          0     44.250  34.388834   995.7447      1.303      0.017  0.000e+00
      1.310    30.0351   0.030554     0.1343     1.7188     1.7305          0     44.500  34.388837   995.7451      1.303      0.021  0.000e+00
      1.321    30.0340   0.030548     0.1343     1.7120     1.7679          0     44.750  34.388840   995.7454      1.314      0.025  0.000e+00
      1.321    30.0321   0.030548     0.1343     1.6955     1.7733          0     45.000  34.388843   995.7460      1.314      0.023  0.000e+00
      1.289    30.0286   0.030548     0.1343     1.6778     1.7687          0     45.250  34.388845   995.7469      1.282      0.016  0.000e+00
      1.289    30.0250   0.030548     0.1343     1.6815     1.7656          0     45.500  34.388848   995.7480      1.282      0.005  0.000e+00
      1.256    30.0216   0.030545     0.1343     1.6726     1.7420          0     45.750  34.388851   995.7489      1.249     -0.015  0.000e+00
      1.278    30.0176   0.030548     0.1343     1.6839     1.7389          0     46.000  34.388854   995.7502      1.271     -0.024  0.000e+00
      1.310    30.0145   0.030548     0.1343     1.6808     1.7489          0     46.250  34.388857   995.7513      1.303     -0.017  0.000e+00
      1.321    30.0150   0.030554     0.1344     1.6866     1.7412          0     46.500  34.388860   995.7512      1.314     -0.007  0.000e+00
      1.300    30.0168   0.030554     0.1344     1.6957     1.7687          0     46.750  34.388863   995.7506      1.292     -0.004  0.000e+00
      1.321    30.0170   0.030554     0.1344     1.6578     1.7672          0     47.000  34.388866   995.7506      1.314      0.010  0.000e+00
      1.300    30.0144   0.030548     0.1343     1.6535     1.7611          0     47.250  34.388869   995.7513      1.292      0.018  0.000e+00
      1.310    30.0110   0.030548     0.1343     1.6531     1.7664          0     47.500  34.388872   995.7524      1.303      0.019  0.000e+00
      1.310    30.0071   0.030548     0.1343     1.6340     1.7687          0     47.750  34.388874   995.7536      1.303      0.019  0.000e+00
      1.310    30.0036   0.030548     0.1344     1.6421     1.7664          0     48.000  34.388877   995.7546      1.303      0.007  0.000e+00
      1.332    30.0003   0.030554     0.1344     1.6719     1.7611          0     48.250  34.388880   995.7558      1.325      0.004  0.000e+00
      1.332    29.9985   0.030548     0.1344     1.6657     1.7603          0     48.500  34.388883   995.7563      1.325      0.009  0.000e+00
      1.332    29.9974   0.030554     0.1344     1.6853     1.7649          0     48.750  34.388886   995.7567      1.325      0.015  0.000e+00
      1.332    29.9955   0.030548     0.1344     1.6935     1.7534          0     49.000  34.388889   995.7572      1.325      0.014  0.000e+00
      1.332    29.9930   0.030548     0.1344     1.6445     1.7572          0     49.250  34.388892   995.7580      1.325      0.017  0.000e+00
      1.321    29.9904   0.030548     0.1344     1.6460     1.7534          0     49.500  34.388895   995.7587      1.314      0.010  0.000e+00
      1.245    29.9885   0.030545     0.1344     1.6408     1.7588          0     49.750  34.388898   995.7589      1.239     -0.015  0.000e+00
      1.191    29.9882   0.030548     0.1344     1.6309     1.7130          0     50.000  34.388900   995.7588      1.185     -0.050  0.000e+00
      1.127    29.9863   0.030542     0.1344     1.6426     1.7199          0     50.250  34.388903   995.7591      1.120     -0.095  0.000e+00
      0.997    29.9812   0.030548     0.1344     1.6454     1.7176          0     50.500  34.388906   995.7601      0.991     -0.155  0.000e+00
      0.900    29.9777   0.030548     0.1344     1.6838     1.7214          0     50.750  34.388909   995.7607      0.895     -0.218  0.000e+00
      0.835    29.9767   0.030539     0.1344     1.6679     1.7672          0     51.000  34.388912   995.7607      0.830     -0.270  0.000e+00
      0.791    29.9772   0.030545     0.1344     1.7259     1.7702          0     51.250  34.388915   995.7603      0.787     -0.301  0.000e+00
      0.716    29.9625   0.030542     0.1344     1.8574     1.7656          0     51.500  34.388918   995.7645      0.712     -0.315  0.000e+00
      0.662    29.9361   0.030548     0.1345     1.6774     1.7687          0     51.750  34.388921   995.7723      0.658     -0.306  0.000e+00
      0.651    29.9247   0.030548     0.1345     1.6409     1.7214          0     52.000  34.388924   995.7757      0.647     -0.282  0.000e+00
      0.662    29.9220   0.030533     0.1345     1.6507     1.7191          0     52.250  34.388927   995.7765      0.658     -0.233  0.000e+00
      0.651    29.9221   0.030539     0.1345     1.6500     1.7191          0     52.500  34.388929   995.7764      0.647     -0.173  0.000e+00
      0.716    29.9204   0.030536     0.1345     1.6686     1.7214          0     52.750  34.388932   995.7772      0.712     -0.107  0.000e+00
      0.748    29.9208   0.030539     0.1345     2.1234     1.7168          0     53.000  34.388935   995.7773      0.744     -0.047  0.000e+00
      0.770    29.9286   0.030533     0.1345     1.7101     1.7130          0     53.250  34.388938   995.7749      0.766      0.008  0.000e+00
      0.759    29.9370   0.030533     0.1345     3.0271     1.7092          0     53.500  34.388941   995.7724      0.755      0.050  0.000e+00
      0.791    29.9429   0.030533     0.1344     1.8854     1.7176          0     53.750  34.388944   995.7707      0.787      0.077  0.000e+00
      0.846    29.9510   0.030542     0.1345     1.8334     1.7145          0     54.000  34.388947   995.7685      0.841      0.096  0.000e+00
      0.954    29.9632   0.030533     0.1344     1.7611     1.7534          0     54.250  34.388950   995.7653      0.948      0.128  0.000e+00
      1.008    29.9909   0.030539     0.1343     1.6833     1.7565          0     54.500  34.388953   995.7571      1.002      0.157  0.000e+00
      1.083    30.0245   0.030545     0.1343     1.5962     1.7557          0     54.750  34.388955   995.7473      1.077      0.180  0.000e+00
      1.148    30.0562   0.030545     0.1342     1.5246     1.7504          0     55.000  34.388958   995.7379      1.142      0.213  0.000e+00
      1.202    30.0837   0.030548     0.1342     1.5803     1.8519          0     55.250  34.388961   995.7298      1.196      0.243  0.000e+00
