public/post/ctd_rufiji/SBE19plus_01906740_2018_02_13_0924.cnv
* Sea-Bird SBE19plus  Data File:
* FileName = C:\Users\all user\Desktop\CTD tafiri 2018\SBE19plus_01906740_2018_02_13_0924.hex
* Software version 2.6.3.104
* Temperature SN = 6740
* Conductivity SN = 6740
* System UpLoad Time = Feb 13 2018 14:04:27
* <ApplicationData>
* <Seaterm232>
# nquan = 13
# nvalues = 377                                   
# units = specified
# name 0 = prdM: Pressure, Strain Gauge [db]
# name 1 = tv290C: Temperature [ITS-90, deg C]
# name 2 = c0S/m: Conductivity [S/m]
# name 3 = sal00: Salinity, Practical [PSU]
# name 4 = sbeox0ML/L: Oxygen, SBE 43 [ml/l]
# name 5 = flECO-AFL: Fluorescence, WET Labs ECO-AFL/FL [mg/m^3]
# name 6 = nbf: Bottles Fired
# name 7 = timeS: Time, Elapsed [seconds]
# name 8 = timeJ: Julian Days
# name 9 = density00: Density [density, kg/m^3]
# name 10 = depSM: Depth [salt water, m], lat = 0.00
# name 11 = dz/dtM: Descent Rate [m/s]
# name 12 = flag:  0.000e+00
# span 0 =      0.168,      7.887                 
# span 1 =    29.3752,    30.4224                 
# span 2 =   0.003760,   0.083497                 
# span 3 =     0.0246,     0.3693                 
# span 4 =     0.5962,    12.2683                 
# span 5 =    -0.0326,     2.4233                 
# span 6 =          0,          0                 
# span 7 =      0.000,     94.000                 
# span 8 =  34.410532,  34.411620                 
# span 9 =   995.6863,   995.9358                 
# span 10 =      0.167,      7.844                
# span 11 =     -0.667,      0.968                
# span 12 = 0.0000e+00, 0.0000e+00                
# interval = seconds: 0.25
# start_time = Feb 03 2018 09:51:10 [Instrument's time stamp, header]
# bad_flag = -9.990e-29
*END*
[from data line 334]
      1.746    30.0115   0.071374     0.3148     2.0123     2.0350          0     83.500  34.411499   995.8896      1.736      0.013  0.000e+00
      1.778    30.0114   0.071316     0.3146     2.0056     2.0395          0     83.750  34.411502   995.8895      1.769      0.021  0.000e+00
      1.789    30.0111   0.071059     0.3134     2.0002     2.0388          0     84.000  34.411505   995.8888      1.779      0.030  0.000e+00
      1.778    30.0102   0.070949     0.3129     1.9955     2.0434          0     84.250  34.411508   995.8886      1.769      0.039  0.000e+00
      1.768    30.0088   0.070808     0.3123     1.9894     2.0495          0     84.500  34.411510   995.8886      1.758      0.038  0.000e+00
      1.757    30.0070   0.070673     0.3117     1.9870     2.0403          0     84.750  34.411513   995.8886      1.747      0.032  0.000e+00
      1.800    30.0051   0.070560     0.3112     1.9816     2.0289          0     85.000  34.411516   995.8890      1.790      0.027  0.000e+00
      1.800    30.0036   0.070496     0.3109     1.9807     2.0319          0     85.250  34.411519   995.8892      1.790      0.024  0.000e+00
      1.789    30.0028   0.070532     0.3111     1.9755     2.0311          0     85.500  34.411522   995.8896      1.779      0.016  0.000e+00
      1.811    30.0022   0.070725     0.3120     1.9759     2.0388          0     85.750  34.411525   995.8905      1.801      0.014  0.000e+00
      1.800    30.0022   0.070508     0.3110     1.9732     2.0189          0     86.000  34.411528   995.8897      1.790      0.015  0.000e+00
      1.670    30.0029   0.070380     0.3104     1.9733     2.0395          0     86.250  34.411531   995.8885      1.661     -0.016  0.000e+00
      1.443    30.0032   0.070135     0.3093     1.9620     2.0365          0     86.500  34.411534   995.8866      1.435     -0.103  0.000e+00
      1.130    30.0036   0.069942     0.3084     1.9465     2.0510          0     86.750  34.411536   995.8844      1.124     -0.255  0.000e+00
      0.881    30.0043   0.069526     0.3065     1.9375     2.0426          0     87.000  34.411539   995.8816      0.876     -0.435  0.000e+00
      0.752    30.0055   0.069450     0.3062     1.9331     2.0792          0     87.250  34.411542   995.8805      0.747     -0.576  0.000e+00
      0.708    30.0050   0.069749     0.3075     1.9323     2.0792          0     87.500  34.411545   995.8814      0.704     -0.659  0.000e+00
      0.730    30.0050   0.069404     0.3060     1.9339     2.0830          0     87.750  34.411548   995.8803      0.726     -0.667  0.000e+00
      0.762    30.0051   0.069168     0.3049     1.9314     2.0838          0     88.000  34.411551   995.8797      0.758     -0.588  0.000e+00
      0.806    30.0059   0.068801     0.3033     1.9306     2.0411          0     88.250  34.411554   995.8784      0.801     -0.432  0.000e+00
      0.816    30.0055   0.068636     0.3025     1.9275     2.0388          0     88.500  34.411557   995.8780      0.812     -0.249  0.000e+00
      0.806    30.0041   0.068539     0.3021     1.9310     2.0395          0     88.750  34.411560   995.8780      0.801     -0.089  0.000e+00
      0.827    30.0040   0.068294     0.3010     1.9233     2.0441          0     89.000  34.411563   995.8773      0.823      0.016  0.000e+00
      0.795    30.0041   0.068089     0.3001     1.9167     2.0739          0     89.250  34.411565   995.8765      0.790      0.049  0.000e+00
      0.806    30.0042   0.068013     0.2997     1.9127     2.0655          0     89.500  34.411568   995.8762      0.801      0.048  0.000e+00
      0.827    30.0044   0.067937     0.2994     1.9135     2.0708          0     89.750  34.411571   995.8760      0.823      0.034  0.000e+00
      0.816    30.0038   0.067692     0.2983     1.9124     2.0708          0     90.000  34.411574   995.8753      0.812      0.017  0.000e+00
      0.806    30.0019   0.067878     0.2991     1.9106     2.0578          0     90.250  34.411577   995.8765      0.801      0.001  0.000e+00
      0.806    30.0005   0.068077     0.3000     1.9159     2.0624          0     90.500  34.411580   995.8776      0.801     -0.002  0.000e+00
      0.762    30.0001   0.067768     0.2986     1.9180     2.0723          0     90.750  34.411583   995.8765      0.758     -0.014  0.000e+00
      0.665    29.9997   0.067891     0.2992     1.9223     2.0640          0     91.000  34.411586   995.8766      0.661     -0.051  0.000e+00
      0.524    30.0000   0.067594     0.2979     1.9245     2.0723          0     91.250  34.411589   995.8749      0.522     -0.110  0.000e+00
      0.384    30.0002   0.067344     0.2967     1.9320     1.9495          0     91.500  34.411591   995.8733      0.382     -0.196  0.000e+00
      0.243    30.0005   0.067167     0.2959     1.9643     1.9457          0     91.750  34.411594   995.8720      0.242     -0.289  0.000e+00
      0.168    30.0008   0.067481     0.2973     2.0934     1.9571          0     92.000  34.411597   995.8726      0.167     -0.357  0.000e+00
      0.178    30.0006   0.021721     0.0968    12.2683     1.9434          0     92.250  34.411600   995.7223      0.177     -0.383  0.000e+00
      0.189    29.9892   0.008908     0.0442     3.8461    -0.0296          0     92.500  34.411603   995.6863      0.188     -0.366  0.000e+00
      0.189    29.9333   0.005329     0.0304     5.8754    -0.0242          0     92.750  34.411606   995.6928      0.188     -0.309  0.000e+00
      0.200    29.8334   0.005472     0.0309     4.3228    -0.0258          0     93.000  34.411609   995.7233      0.199     -0.221  0.000e+00
      0.200    29.7186   0.003917     0.0251     3.3744    -0.0326          0     93.250  34.411612   995.7534      0.199     -0.129  0.000e+00
      0.200    29.5857   0.004202     0.0262     2.7586    -0.0227          0     93.500  34.411615   995.7939      0.199     -0.053  0.000e+00
      0.179    29.4587   0.003760     0.0246     1.6490    -0.0258          0     93.750  34.411617   995.8304      0.178     -0.007  0.000e+00
      0.189    29.3752   0.008037     0.0410     0.6464    -0.0227          0     94.000  34.411620   995.8676      0.188      0.008  0.000e+00
