public/post/ctd_rufiji/SBE19plus_01906740_2018_02_13_0904.cnv
* Sea-Bird SBE19plus  Data File:
* FileName = C:\Users\all user\Desktop\CTD tafiri 2018\SBE19plus_01906740_2018_02_13_0904.hex
* Software version 2.6.3.104
* Temperature SN = 6740
* Conductivity SN = 6740
* System UpLoad Time = Feb 13 2018 14:01:11
* <ApplicationData>
* <Seaterm232>
# nquan = 13
# nvalues = 354                                   
# units = specified
# name 0 = prdM: Pressure, Strain Gauge [db]
# name 1 = tv290C: Temperature [ITS-90, deg C]
# name 2 = c0S/m: Conductivity [S/m]
# name 3 = sal00: Salinity, Practical [PSU]
# name 4 = sbeox0ML/L: Oxygen, SBE 43 [ml/l]
# name 5 = flECO-AFL: Fluorescence, WET Labs ECO-AFL/FL [mg/m^3]
# name 6 = nbf: Bottles Fired
# name 7 = timeS: Time, Elapsed [seconds]
# name 8 = timeJ: Julian Days
# name 9 = density00: Density [density, kg/m^3]
# name 10 = depSM: Depth [salt water, m], lat = 0.00
# name 11 = dz/dtM: Descent Rate [m/s]
# name 12 = flag:  0.000e+00
# span 0 =      0.129,      3.610                 
# span 1 =    26.4857,    30.4678                 
# span 2 =   0.000732,   0.054310                 
# span 3 =     0.0137,     0.2369                 
# span 4 =     1.4636,     4.2086                 
# span 5 =    -0.0662,     2.1479                 
# span 6 =          0,          0                 
# span 7 =      0.000,     88.250                 
# span 8 =  34.254873,  34.255894                 
# span 9 =   995.6918,   996.6706                 
# span 10 =      0.128,      3.590                
# span 11 =     -0.473,      0.566                
# span 12 = 0.0000e+00, 0.0000e+00                
# interval = seconds: 0.25
# start_time = Feb 03 2018 06:07:01 [Instrument's time stamp, header]
# bad_flag = -9.990e-29
*END*
[from data line 223]
      1.123    30.3422   0.052750     0.2300     1.8591     2.0022          0     55.750  34.255518   995.7227      1.117      0.068  0.000e+00
      1.209    30.3389   0.052725     0.2299     1.8405     1.9999          0     56.000  34.255521   995.7240      1.203      0.137  0.000e+00
      1.285    30.3383   0.052741     0.2300     1.8108     1.9999          0     56.250  34.255524   995.7246      1.278      0.199  0.000e+00
      1.350    30.3371   0.052741     0.2300     1.8208     1.9922          0     56.500  34.255527   995.7253      1.343      0.252  0.000e+00
      1.426    30.3359   0.052741     0.2300     1.7785     1.9983          0     56.750  34.255530   995.7260      1.418      0.289  0.000e+00
      1.458    30.3349   0.052732     0.2300     1.7692     1.9877          0     57.000  34.255532   995.7264      1.450      0.293  0.000e+00
      1.469    30.3353   0.052713     0.2299     1.7680     2.0022          0     57.250  34.255535   995.7263      1.461      0.262  0.000e+00
      1.491    30.3342   0.052713     0.2299     1.7454     2.0121          0     57.500  34.255538   995.7267      1.482      0.227  0.000e+00
      1.534    30.3321   0.052686     0.2298     1.6059     2.0197          0     57.750  34.255541   995.7275      1.525      0.198  0.000e+00
      1.599    30.3260   0.052689     0.2298     1.5055     2.0273          0     58.000  34.255544   995.7296      1.590      0.175  0.000e+00
      1.664    30.3197   0.052695     0.2299     1.5148     2.0121          0     58.250  34.255547   995.7319      1.654      0.167  0.000e+00
      1.750    30.3162   0.052710     0.2299     1.5915     2.1410          0     58.500  34.255550   995.7334      1.740      0.177  0.000e+00
      1.793    30.3131   0.052725     0.2300     1.6646     2.1479          0     58.750  34.255553   995.7346      1.783      0.190  0.000e+00
      1.837    30.3102   0.052725     0.2300     2.0319     2.1402          0     59.000  34.255556   995.7357      1.826      0.209  0.000e+00
      1.858    30.3110   0.052713     0.2300     1.8144     2.1433          0     59.250  34.255558   995.7355      1.848      0.218  0.000e+00
      1.880    30.3136   0.052689     0.2299     1.6785     2.0655          0     59.500  34.255561   995.7347      1.869      0.209  0.000e+00
      1.977    30.3121   0.052674     0.2298     1.7475     2.0708          0     59.750  34.255564   995.7355      1.966      0.206  0.000e+00
      2.064    30.3075   0.052674     0.2298     1.7224     2.0640          0     60.000  34.255567   995.7373      2.052      0.208  0.000e+00
      2.150    30.3031   0.052668     0.2298     1.7386     2.0640          0     60.250  34.255570   995.7391      2.138      0.220  0.000e+00
      2.280    30.2995   0.052668     0.2298     1.6797     2.1052          0     60.500  34.255573   995.7408      2.267      0.251  0.000e+00
      2.420    30.2987   0.052680     0.2299     1.6648     2.1120          0     60.750  34.255576   995.7417      2.407      0.307  0.000e+00
      2.572    30.3028   0.052689     0.2299     1.6365     2.1006          0     61.000  34.255579   995.7411      2.558      0.373  0.000e+00
      2.701    30.3123   0.052680     0.2298     1.7417     2.1090          0     61.250  34.255582   995.7387      2.687      0.437  0.000e+00
      2.853    30.3295   0.052601     0.2294     1.7850     2.1082          0     61.500  34.255584   995.7339      2.837      0.490  0.000e+00
      2.982    30.3505   0.052577     0.2292     1.7816     2.0693          0     61.750  34.255587   995.7279      2.966      0.519  0.000e+00
      3.112    30.3703   0.052507     0.2288     1.7338     2.0762          0     62.000  34.255590   995.7221      3.095      0.541  0.000e+00
      3.285    30.3864   0.052455     0.2285     1.7659     2.0739          0     62.250  34.255593   995.7177      3.267      0.563  0.000e+00
      3.415    30.3999   0.052449     0.2284     1.6298     2.0723          0     62.500  34.255596   995.7141      3.396      0.566  0.000e+00
      3.458    30.4091   0.052474     0.2285     1.8367     2.0739          0     62.750  34.255599   995.7115      3.439      0.541  0.000e+00
      3.480    30.4214   0.052455     0.2284     1.8852     2.0701          0     63.000  34.255602   995.7078      3.461      0.489  0.000e+00
      3.480    30.4362   0.052440     0.2282     1.9858     2.0739          0     63.250  34.255605   995.7032      3.461      0.417  0.000e+00
      3.491    30.4435   0.052410     0.2281     1.9266     2.0708          0     63.500  34.255608   995.7009      3.471      0.330  0.000e+00
      3.491    30.4478   0.052395     0.2280     1.8850     1.9648          0     63.750  34.255611   995.6995      3.471      0.241  0.000e+00
      3.480    30.4511   0.052395     0.2280     1.8471     1.9747          0     64.000  34.255613   995.6984      3.461      0.151  0.000e+00
      3.480    30.4548   0.052377     0.2279     1.7715     1.9724          0     64.250  34.255616   995.6972      3.461      0.070  0.000e+00
      3.491    30.4582   0.052358     0.2278     1.6997     1.9800          0     64.500  34.255619   995.6961      3.471      0.025  0.000e+00
      3.480    30.4628   0.052343     0.2277     1.6372     1.9785          0     64.750  34.255622   995.6946      3.461      0.007  0.000e+00
      3.501    30.4662   0.052313     0.2275     1.6744     1.9762          0     65.000  34.255625   995.6935      3.482      0.005  0.000e+00
      3.480    30.4646   0.052298     0.2275     1.7141     1.9838          0     65.250  34.255628   995.6939      3.461      0.001  0.000e+00
      3.480    30.4635   0.052286     0.2274     1.7903     1.9854          0     65.500  34.255631   995.6942      3.461     -0.002  0.000e+00
      3.480    30.4640   0.052249     0.2273     1.8561     1.9838          0     65.750  34.255634   995.6939      3.461     -0.002  0.000e+00
      3.447    30.4646   0.052240     0.2272     1.9009     1.9831          0     66.000  34.255637   995.6936      3.428     -0.010  0.000e+00
      3.404    30.4662   0.052228     0.2272     1.9275     1.9877          0     66.250  34.255639   995.6928      3.385     -0.030  0.000e+00
      3.296    30.4678   0.052222     0.2271     1.9700     1.9892          0     66.500  34.255642   995.6918      3.278     -0.074  0.000e+00
      3.253    30.4669   0.052204     0.2271     1.9694     1.9739          0     66.750  34.255645   995.6919      3.235     -0.114  0.000e+00
      3.318    30.4655   0.052240     0.2272     1.9206     1.9976          0     67.000  34.255648   995.6927      3.299     -0.124  0.000e+00
      3.437    30.4633   0.052282     0.2274     1.8687     1.9976          0     67.250  34.255651   995.6941      3.418     -0.084  0.000e+00
      3.469    30.4107   0.052298     0.2277     1.8906     1.9976          0     67.500  34.255654   995.7105      3.450     -0.039  0.000e+00
      3.480    30.3198   0.052298     0.2281     1.8808     1.9922          0     67.750  34.255657   995.7386      3.461      0.010  0.000e+00
      3.480    30.2578   0.052298     0.2284     1.8712     2.0594          0     68.000  34.255660   995.7577      3.461      0.059  0.000e+00
      3.501    30.2194   0.052301     0.2285     1.8999     2.0533          0     68.250  34.255663   995.7697      3.482      0.103  0.000e+00
      3.534    30.1959   0.052313     0.2287     1.9190     2.0571          0     68.500  34.255666   995.7770      3.514      0.138  0.000e+00
      3.534    30.1804   0.052313     0.2288     1.9799     2.0578          0     68.750  34.255668   995.7818      3.514      0.128  0.000e+00
      3.534    30.1663   0.052319     0.2289     2.0039     2.0533          0     69.000  34.255671   995.7862      3.514      0.087  0.000e+00
      3.556    30.1558   0.052325     0.2289     2.0480     2.0273          0     69.250  34.255674   995.7895      3.536      0.056  0.000e+00
      3.577    30.1524   0.052319     0.2289     2.1711     2.0334          0     69.500  34.255677   995.7906      3.558      0.053  0.000e+00
      3.588    30.1576   0.052301     0.2288     1.9578     2.0334          0     69.750  34.255680   995.7890      3.568      0.056  0.000e+00
      3.610    30.1767   0.052298     0.2287     2.0380     2.0296          0     70.000  34.255683   995.7832      3.590      0.059  0.000e+00
      3.599    30.1917   0.052289     0.2286     2.0425     2.0853          0     70.250  34.255686   995.7786      3.579      0.051  0.000e+00
      3.588    30.2001   0.052292     0.2286     1.8611     2.0838          0     70.500  34.255689   995.7759      3.568      0.040  0.000e+00
      3.599    30.2036   0.052286     0.2285     1.8415     2.0807          0     70.750  34.255692   995.7749      3.579      0.036  0.000e+00
      3.577    30.2029   0.052292     0.2286     2.0188     2.0830          0     71.000  34.255694   995.7750      3.557      0.022  0.000e+00
      3.556    30.1940   0.052286     0.2286     2.0447     2.0266          0     71.250  34.255697   995.7776      3.536     -0.000  0.000e+00
      3.545    30.1841   0.052286     0.2286     2.0224     2.0372          0     71.500  34.255700   995.7806      3.525     -0.019  0.000e+00
      3.545    30.1825   0.052286     0.2286     2.1770     2.0289          0     71.750  34.255703   995.7811      3.525     -0.031  0.000e+00
      3.523    30.1929   0.052279     0.2286     2.1101     2.0296          0     72.000  34.255706   995.7778      3.504     -0.043  0.000e+00
      3.502    30.2181   0.052255     0.2284     2.0209     1.9632          0     72.250  34.255709   995.7699      3.482     -0.048  0.000e+00
      3.480    30.2577   0.052286     0.2283     1.9275     1.9648          0     72.500  34.255712   995.7577      3.461     -0.056  0.000e+00
      3.447    30.2865   0.052286     0.2282     1.8159     1.9579          0     72.750  34.255715   995.7487      3.428     -0.068  0.000e+00
      3.426    30.2926   0.052295     0.2282     1.7639     1.9610          0     73.000  34.255718   995.7467      3.407     -0.073  0.000e+00
      3.415    30.2694   0.052286     0.2283     1.5825     1.9571          0     73.250  34.255720   995.7538      3.396     -0.077  0.000e+00
      3.404    30.2336   0.052267     0.2283     1.5723     1.9953          0     73.500  34.255723   995.7647      3.386     -0.080  0.000e+00
      3.361    30.1669   0.052273     0.2287     1.7557     1.9938          0     73.750  34.255726   995.7850      3.343     -0.088  0.000e+00
      3.361    30.0417   0.052292     0.2293     1.8052     2.0006          0     74.000  34.255729   995.8235      3.343     -0.084  0.000e+00
      3.350    29.9390   0.052307     0.2298     1.9541     1.9999          0     74.250  34.255732   995.8548      3.332     -0.077  0.000e+00
      3.329    29.8782   0.052301     0.2300     1.9712     1.9709          0     74.500  34.255735   995.8733      3.310     -0.072  0.000e+00
      3.221    29.8410   0.052319     0.2303     2.0371     1.9693          0     74.750  34.255738   995.8841      3.203     -0.091  0.000e+00
      3.145    29.8205   0.052325     0.2304     2.0570     1.9770          0     75.000  34.255741   995.8900      3.128     -0.125  0.000e+00
      3.145    29.8101   0.052313     0.2304     2.0987     1.9716          0     75.250  34.255744   995.8932      3.128     -0.145  0.000e+00
      3.188    29.8088   0.052319     0.2304     2.0417     2.0083          0     75.500  34.255747   995.8938      3.171     -0.138  0.000e+00
      3.167    29.8055   0.052337     0.2305     2.0268     2.0067          0     75.750  34.255749   995.8948      3.149     -0.126  0.000e+00
      3.113    29.7908   0.052365     0.2307     2.0259     2.0052          0     76.000  34.255752   995.8991      3.095     -0.127  0.000e+00
      3.026    29.7739   0.052389     0.2309     2.0111     2.0098          0     76.250  34.255755   995.9039      3.009     -0.134  0.000e+00
      2.864    29.7586   0.052389     0.2309     2.0230     1.9808          0     76.500  34.255758   995.9078      2.848     -0.166  0.000e+00
      2.723    29.7402   0.052404     0.2311     2.0038     1.9785          0     76.750  34.255761   995.9128      2.708     -0.210  0.000e+00
      2.572    29.7231   0.052422     0.2312     1.9908     1.9823          0     77.000  34.255764   995.9174      2.558     -0.290  0.000e+00
      2.486    29.7106   0.052449     0.2314     1.9849     1.9800          0     77.250  34.255767   995.9209      2.472     -0.375  0.000e+00
      2.442    29.6993   0.052480     0.2316     1.9926     1.9754          0     77.500  34.255770   995.9242      2.429     -0.427  0.000e+00
      2.291    29.6719   0.052492     0.2318     1.9859     1.9610          0     77.750  34.255773   995.9319      2.278     -0.459  0.000e+00
      2.161    29.6457   0.052492     0.2319     1.9885     1.9610          0     78.000  34.255775   995.9392      2.149     -0.473  0.000e+00
      2.064    29.6389   0.052507     0.2320     1.9829     1.9587          0     78.250  34.255778   995.9409      2.053     -0.463  0.000e+00
      1.945    29.6368   0.052501     0.2320     2.0004     1.9625          0     78.500  34.255781   995.9410      1.934     -0.445  0.000e+00
      1.859    29.6321   0.052519     0.2321     1.9986     1.9808          0     78.750  34.255784   995.9421      1.848     -0.431  0.000e+00
      1.783    29.6239   0.052513     0.2321     1.9788     1.9838          0     79.000  34.255787   995.9442      1.773     -0.417  0.000e+00
      1.653    29.6187   0.052513     0.2321     1.9403     1.9793          0     79.250  34.255790   995.9452      1.644     -0.426  0.000e+00
      1.567    29.6170   0.052507     0.2321     1.9301     1.9854          0     79.500  34.255793   995.9453      1.558     -0.425  0.000e+00
      1.480    29.6158   0.052525     0.2322     1.9208     1.9533          0     79.750  34.255796   995.9453      1.472     -0.401  0.000e+00
      1.372    29.6155   0.052507     0.2321     1.9337     1.9571          0     80.000  34.255799   995.9449      1.365     -0.391  0.000e+00
      1.286    29.6164   0.052513     0.2321     1.9261     1.9587          0     80.250  34.255802   995.9443      1.279     -0.387  0.000e+00
      1.221    29.6175   0.052513     0.2321     1.9194     1.9564          0     80.500  34.255804   995.9436      1.214     -0.374  0.000e+00
      1.113    29.6191   0.052507     0.2321     1.9143     1.9518          0     80.750  34.255807   995.9427      1.107     -0.373  0.000e+00
      0.983    29.6316   0.052495     0.2320     3.4147     1.9594          0     81.000  34.255810   995.9383      0.978     -0.381  0.000e+00
      0.951    29.6834   0.052501     0.2318     1.8889     1.9640          0     81.250  34.255813   995.9225      0.945     -0.363  0.000e+00
      0.918    29.7218   0.052495     0.2316     1.7335     1.9579          0     81.500  34.255816   995.9107      0.913     -0.342  0.000e+00
      0.875    29.7480   0.052507     0.2315     1.6153     1.9564          0     81.750  34.255819   995.9026      0.870     -0.313  0.000e+00
      0.875    29.7624   0.052507     0.2315     1.5231     1.9564          0     82.000  34.255822   995.8982      0.870     -0.266  0.000e+00
      0.864    29.7739   0.052468     0.2312     1.4701     1.9602          0     82.250  34.255825   995.8945      0.859     -0.218  0.000e+00
      0.864    29.7735   0.052443     0.2311     1.4636     1.9640          0     82.500  34.255828   995.8946      0.859     -0.164  0.000e+00
      0.886    29.7437   0.052449     0.2313     1.4980     1.9602          0     82.750  34.255830   995.9037      0.881     -0.099  0.000e+00
      0.896    29.7149   0.052480     0.2315     1.4738     1.9861          0     83.000  34.255833   995.9126      0.892     -0.044  0.000e+00
