public/post/ctd_rufiji/SBE19plus_01906740_2018_02_13_0916.cnv
* Sea-Bird SBE19plus  Data File:
* FileName = C:\Users\all user\Desktop\CTD tafiri 2018\SBE19plus_01906740_2018_02_13_0916.hex
* Software version 2.6.3.104
* Temperature SN = 6740
* Conductivity SN = 6740
* System UpLoad Time = Feb 13 2018 14:03:11
* <ApplicationData>
* <Seaterm232>
# nquan = 13
# nvalues = 314                                   
# units = specified
# name 0 = prdM: Pressure, Strain Gauge [db]
# name 1 = tv290C: Temperature [ITS-90, deg C]
# name 2 = c0S/m: Conductivity [S/m]
# name 3 = sal00: Salinity, Practical [PSU]
# name 4 = sbeox0ML/L: Oxygen, SBE 43 [ml/l]
# name 5 = flECO-AFL: Fluorescence, WET Labs ECO-AFL/FL [mg/m^3]
# name 6 = nbf: Bottles Fired
# name 7 = timeS: Time, Elapsed [seconds]
# name 8 = timeJ: Julian Days
# name 9 = density00: Density [density, kg/m^3]
# name 10 = depSM: Depth [salt water, m], lat = 0.00
# name 11 = dz/dtM: Descent Rate [m/s]
# name 12 = flag:  0.000e+00
# span 0 =      0.160,      4.743                 
# span 1 =    29.7203,    30.9090                 
# span 2 =   0.000785,   0.012428                 
# span 3 =     0.0147,     0.0578                 
# span 4 =     0.5410,     6.8557                 
# span 5 =    -0.0342,     1.8885                 
# span 6 =          0,          0                 
# span 7 =      0.000,     78.250                 
# span 8 =  34.294641,  34.295547                 
# span 9 =   995.4148,   995.7452                 
# span 10 =      0.159,      4.717                
# span 11 =     -0.569,      0.483                
# span 12 = 0.0000e+00, 0.0000e+00                
# interval = seconds: 0.25
# start_time = Feb 03 2018 07:04:17 [Instrument's time stamp, header]
# bad_flag = -9.990e-29
*END*
      0.290    30.0106   0.007916     0.0403     3.7489    -0.0296          0      0.000  34.294641   995.6773      0.288 2.1053e-16  0.000e+00
      0.365    30.2627   0.011264     0.0534     3.7305    -0.0342          0      0.250  34.294644   995.6111      0.363      0.020  0.000e+00
      0.376    30.4241   0.011904     0.0559     3.7076    -0.0220          0      0.500  34.294647   995.5638      0.374      0.038  0.000e+00
      0.376    30.5207   0.004374     0.0268     4.2960    -0.0235          0      0.750  34.294650   995.5123      0.374      0.050  0.000e+00
      0.408    30.5407   0.007592     0.0389     4.6067    -0.0174          0      1.000  34.294653   995.5154      0.406      0.065  0.000e+00
      0.441    30.5235   0.012270     0.0573     5.3350    -0.0174          0      1.250  34.294656   995.5347      0.438      0.081  0.000e+00
      0.430    30.5309   0.012243     0.0572     6.8557    -0.0143          0      1.500  34.294659   995.5323      0.427      0.084  0.000e+00
      0.451    30.5571   0.012282     0.0573     6.4778    -0.0151          0      1.750  34.294661   995.5244      0.449      0.083  0.000e+00
      0.473    30.5871   0.012294     0.0573     5.8610     0.4289          0      2.000  34.294664   995.5153      0.470      0.078  0.000e+00
      0.527    30.6288   0.012356     0.0575     6.4080     0.4351          0      2.250  34.294667   995.5029      0.524      0.074  0.000e+00
      0.559    30.6981   0.012428     0.0578     6.0408     0.4351          0      2.500  34.294670   995.4819      0.556      0.088  0.000e+00
      0.646    30.7699   0.012380     0.0575     4.8667     0.4427          0      2.750  34.294673   995.4600      0.642      0.117  0.000e+00
      0.721    30.8213   0.012380     0.0575     3.4677     1.4162          0      3.000  34.294676   995.4444      0.717      0.147  0.000e+00
      0.764    30.8533   0.012389     0.0575     2.2368     1.4200          0      3.250  34.294679   995.4347      0.760      0.176  0.000e+00
      0.851    30.8694   0.012389     0.0575     1.8149     1.4177          0      3.500  34.294682   995.4301      0.846      0.216  0.000e+00
      0.883    30.8773   0.012389     0.0575     1.9080     1.4154          0      3.750  34.294685   995.4278      0.878      0.233  0.000e+00
      0.926    30.8816   0.012389     0.0575     2.0310     1.4193          0      4.000  34.294688   995.4267      0.921      0.239  0.000e+00
      0.926    30.8824   0.012365     0.0574     2.1369     1.4185          0      4.250  34.294690   995.4263      0.921      0.220  0.000e+00
      0.926    30.8814   0.012336     0.0573     2.6883     1.4109          0      4.500  34.294693   995.4266      0.921      0.189  0.000e+00
      0.937    30.8792   0.012353     0.0573     2.9569     1.4132          0      4.750  34.294696   995.4273      0.932      0.145  0.000e+00
      0.959    30.8746   0.012330     0.0573     3.2970     1.4086          0      5.000  34.294699   995.4288      0.954      0.111  0.000e+00
      0.926    30.8658   0.012362     0.0574     3.4717     1.3887          0      5.250  34.294702   995.4315      0.921      0.072  0.000e+00
      0.959    30.8588   0.012362     0.0574     3.5088     1.3910          0      5.500  34.294705   995.4338      0.954      0.043  0.000e+00
      0.937    30.8579   0.012353     0.0574     3.5201     1.3941          0      5.750  34.294708   995.4339      0.932      0.023  0.000e+00
      0.948    30.8585   0.012362     0.0574     3.5228     1.3880          0      6.000  34.294711   995.4338      0.943      0.012  0.000e+00
      0.948    30.8589   0.012362     0.0574     3.4889     1.3796          0      6.250  34.294714   995.4337      0.943      0.010  0.000e+00
      0.959    30.8608   0.012374     0.0574     3.4454     1.3750          0      6.500  34.294716   995.4332      0.954      0.010  0.000e+00
      0.959    30.8618   0.012359     0.0574     3.4293     1.3788          0      6.750  34.294719   995.4329      0.954      0.008  0.000e+00
      0.948    30.8609   0.012347     0.0573     3.3511     1.3796          0      7.000  34.294722   995.4330      0.943      0.004  0.000e+00
      0.970    30.8611   0.012342     0.0573     3.2634     1.3971          0      7.250  34.294725   995.4331      0.965      0.013  0.000e+00
      0.981    30.8623   0.012347     0.0573     3.1857     1.4086          0      7.500  34.294728   995.4328      0.975      0.013  0.000e+00
      0.970    30.8624   0.012374     0.0574     3.1141     1.3971          0      7.750  34.294731   995.4328      0.965      0.017  0.000e+00
      0.970    30.8635   0.012327     0.0572     3.0625     1.4025          0      8.000  34.294734   995.4323      0.965      0.014  0.000e+00
      0.959    30.8645   0.012327     0.0572     3.0165     1.4078          0      8.250  34.294737   995.4319      0.954      0.009  0.000e+00
      0.959    30.8646   0.012330     0.0573     2.9797     1.3903          0      8.500  34.294740   995.4319      0.954      0.003  0.000e+00
      0.970    30.8639   0.012330     0.0573     2.9504     1.3910          0      8.750  34.294742   995.4322      0.965      0.003  0.000e+00
      0.970    30.8624   0.012321     0.0572     2.9219     1.3926          0      9.000  34.294745   995.4326      0.965      0.002  0.000e+00
      0.959    30.8594   0.012324     0.0572     2.8951     1.3918          0      9.250  34.294748   995.4335      0.954     -0.006  0.000e+00
      0.949    30.8534   0.012309     0.0572     4.1312     1.3948          0      9.500  34.294751   995.4352      0.943     -0.010  0.000e+00
      0.959    30.8277   0.012309     0.0572     6.7643     1.3887          0      9.750  34.294754   995.4433      0.954     -0.006  0.000e+00
      0.970    30.7930   0.012303     0.0572     6.5407     1.3956          0     10.000  34.294757   995.4540      0.965     -0.002  0.000e+00
      0.981    30.7627   0.012336     0.0574     6.1984     1.3880          0     10.250  34.294760   995.4636      0.976      0.005  0.000e+00
      0.959    30.7461   0.012315     0.0573     5.2230     1.4116          0     10.500  34.294763   995.4685      0.954      0.002  0.000e+00
      0.949    30.7490   0.012336     0.0574     3.9771     1.4086          0     10.750  34.294766   995.4677      0.943     -0.004  0.000e+00
      0.949    30.7700   0.012359     0.0574     2.1887     1.4185          0     11.000  34.294769   995.4612      0.943     -0.005  0.000e+00
      0.970    30.7941   0.012362     0.0574     1.5137     1.4139          0     11.250  34.294771   995.4539      0.965      0.001  0.000e+00
      0.970    30.8153   0.012380     0.0575     0.8474     1.4116          0     11.500  34.294774   995.4474      0.965      0.003  0.000e+00
      0.959    30.8327   0.012380     0.0575     0.5410     1.4109          0     11.750  34.294777   995.4419      0.954     -0.002  0.000e+00
      0.970    30.8450   0.012383     0.0575     0.9746     1.4132          0     12.000  34.294780   995.4382      0.965     -0.001  0.000e+00
      0.959    30.8535   0.012374     0.0574     1.4319     1.4170          0     12.250  34.294783   995.4355      0.954     -0.001  0.000e+00
      0.970    30.8587   0.012374     0.0574     1.9133     1.4177          0     12.500  34.294786   995.4339      0.965      0.007  0.000e+00
      0.959    30.8619   0.012371     0.0574     2.2924     1.4040          0     12.750  34.294789   995.4329      0.954      0.006  0.000e+00
      0.981    30.8636   0.012368     0.0574     2.5352     1.4009          0     13.000  34.294792   995.4324      0.975      0.006  0.000e+00
      0.959    30.8650   0.012374     0.0574     2.5167     1.4025          0     13.250  34.294795   995.4319      0.954     -0.001  0.000e+00
      0.959    30.8670   0.012371     0.0574     2.5193     1.4040          0     13.500  34.294797   995.4313      0.954     -0.002  0.000e+00
      0.959    30.8694   0.012368     0.0574     2.5319     1.3987          0     13.750  34.294800   995.4305      0.954     -0.002  0.000e+00
      0.959    30.8713   0.012374     0.0574     2.5469     1.4055          0     14.000  34.294803   995.4300      0.954     -0.004  0.000e+00
      0.970    30.8731   0.012380     0.0575     2.7258     1.4002          0     14.250  34.294806   995.4295      0.965     -0.001  0.000e+00
      0.970    30.8742   0.012371     0.0574     2.7180     1.4040          0     14.500  34.294809   995.4291      0.964     -0.001  0.000e+00
      0.959    30.8747   0.012380     0.0575     2.6916     1.4246          0     14.750  34.294812   995.4289      0.954     -0.001  0.000e+00
      0.991    30.8748   0.012386     0.0575     5.3312     1.4215          0     15.000  34.294815   995.4290      0.986      0.005  0.000e+00
      0.970    30.8742   0.012395     0.0575     3.7968     1.4215          0     15.250  34.294818   995.4292      0.964      0.010  0.000e+00
      0.980    30.8732   0.012380     0.0575     2.7998     1.4269          0     15.500  34.294821   995.4295      0.975      0.011  0.000e+00
      0.970    30.8719   0.012386     0.0575     2.5627     1.4215          0     15.750  34.294823   995.4298      0.964      0.009  0.000e+00
      0.970    30.8710   0.012386     0.0575     2.3404     1.4223          0     16.000  34.294826   995.4301      0.964      0.005  0.000e+00
      0.981    30.8701   0.012395     0.0575     2.1400     1.4307          0     16.250  34.294829   995.4305      0.975      0.004  0.000e+00
      0.970    30.8686   0.012389     0.0575     2.0052     1.4284          0     16.500  34.294832   995.4309      0.964      0.001  0.000e+00
      0.991    30.8669   0.012395     0.0575     1.8805     1.4223          0     16.750  34.294835   995.4315      0.986      0.005  0.000e+00
      0.981    30.8655   0.012401     0.0575     3.6515     1.4170          0     17.000  34.294838   995.4319      0.975      0.001  0.000e+00
      0.959    30.8645   0.012395     0.0575     4.6779     1.4185          0     17.250  34.294841   995.4321      0.954      0.000  0.000e+00
      0.948    30.8634   0.012416     0.0576     3.5639     1.4086          0     17.500  34.294844   995.4325      0.943     -0.009  0.000e+00
      0.970    30.8621   0.012401     0.0575     2.7725     1.4170          0     17.750  34.294847   995.4329      0.965     -0.006  0.000e+00
      0.981    30.8615   0.012407     0.0576     2.5158     1.4139          0     18.000  34.294850   995.4332      0.975     -0.004  0.000e+00
      0.981    30.8607   0.012416     0.0576     2.2658     1.3987          0     18.250  34.294852   995.4335      0.975     -0.003  0.000e+00
      0.948    30.8605   0.012413     0.0576     2.0361     1.4032          0     18.500  34.294855   995.4334      0.943     -0.007  0.000e+00
      0.981    30.8600   0.012407     0.0576     1.8264     1.4009          0     18.750  34.294858   995.4337      0.976     -0.004  0.000e+00
      0.970    30.8591   0.012422     0.0576     3.3100     1.4338          0     19.000  34.294861   995.4339      0.965      0.002  0.000e+00
      0.959    30.8587   0.012413     0.0576     4.0895     1.4238          0     19.250  34.294864   995.4340      0.954      0.004  0.000e+00
      0.970    30.8580   0.012422     0.0576     4.2050     1.4292          0     19.500  34.294867   995.4343      0.965      0.002  0.000e+00
      0.992    30.8572   0.012422     0.0576     3.6137     1.4170          0     19.750  34.294870   995.4346      0.986      0.002  0.000e+00
      0.970    30.8559   0.012422     0.0576     3.7762     1.4277          0     20.000  34.294873   995.4349      0.965      0.001  0.000e+00
      0.970    30.8548   0.012422     0.0576     3.5772     1.4162          0     20.250  34.294876   995.4353      0.965      0.003  0.000e+00
      0.992    30.8540   0.012422     0.0576     3.0168     1.4162          0     20.500  34.294878   995.4356      0.987      0.012  0.000e+00
      0.992    30.8533   0.012422     0.0576     2.8354     1.4139          0     20.750  34.294881   995.4358      0.986      0.009  0.000e+00
      0.981    30.8530   0.012416     0.0576     2.3845     1.4177          0     21.000  34.294884   995.4358      0.976      0.011  0.000e+00
      0.992    30.8524   0.012416     0.0576     2.4444     1.3941          0     21.250  34.294887   995.4361      0.986      0.012  0.000e+00
      0.981    30.8524   0.012413     0.0576     2.7974     1.3903          0     21.500  34.294890   995.4360      0.976      0.006  0.000e+00
      0.981    30.8523   0.012422     0.0576     2.8086     1.3872          0     21.750  34.294893   995.4361      0.976      0.001  0.000e+00
      0.992    30.8523   0.012416     0.0576     2.7581     1.3887          0     22.000  34.294896   995.4361      0.986      0.006  0.000e+00
      0.981    30.8522   0.012422     0.0576     2.0562     1.3971          0     22.250  34.294899   995.4361      0.976      0.001  0.000e+00
      0.970    30.8523   0.012416     0.0576     1.8066     1.3994          0     22.500  34.294902   995.4360      0.965     -0.007  0.000e+00
      0.970    30.8521   0.012416     0.0576     1.7330     1.4009          0     22.750  34.294905   995.4361      0.965     -0.009  0.000e+00
      0.981    30.8517   0.012413     0.0576     1.7466     1.3971          0     23.000  34.294907   995.4362      0.976     -0.006  0.000e+00
      1.003    30.8509   0.012413     0.0576     1.7765     1.4055          0     23.250  34.294910   995.4366      0.997      0.000  0.000e+00
      0.981    30.8487   0.012407     0.0576     1.8495     1.4002          0     23.500  34.294913   995.4371      0.976      0.002  0.000e+00
      0.970    30.8461   0.012401     0.0576     2.0036     1.4002          0     23.750  34.294916   995.4379      0.965     -0.002  0.000e+00
      0.970    30.8431   0.012395     0.0575     2.1775     1.4078          0     24.000  34.294919   995.4388      0.965     -0.004  0.000e+00
      0.970    30.8404   0.012401     0.0576     2.3860     1.3987          0     24.250  34.294922   995.4397      0.965     -0.003  0.000e+00
      0.981    30.8384   0.012401     0.0576     2.4295     1.4292          0     24.500  34.294925   995.4403      0.976     -0.001  0.000e+00
      0.981    30.8369   0.012407     0.0576     2.4253     1.4246          0     24.750  34.294928   995.4408      0.976     -0.002  0.000e+00
      0.981    30.8359   0.012401     0.0576     2.4182     1.4269          0     25.000  34.294931   995.4411      0.976     -0.004  0.000e+00
      0.981    30.8351   0.012401     0.0576     2.4145     1.4254          0     25.250  34.294933   995.4414      0.976     -0.004  0.000e+00
      0.970    30.8339   0.012389     0.0575     3.9718     1.4109          0     25.500  34.294936   995.4416      0.965      0.001  0.000e+00
      0.970    30.8324   0.012389     0.0575     4.0989     1.4101          0     25.750  34.294939   995.4421      0.965      0.001  0.000e+00
      0.970    30.8306   0.012386     0.0575     3.8879     1.4185          0     26.000  34.294942   995.4427      0.965     -0.001  0.000e+00
      0.970    30.8285   0.012380     0.0575     3.6141     1.4124          0     26.250  34.294945   995.4433      0.965     -0.004  0.000e+00
      0.981    30.8266   0.012389     0.0575     3.4054     1.4147          0     26.500  34.294948   995.4439      0.975     -0.004  0.000e+00
      0.991    30.8246   0.012386     0.0575     2.9467     1.4139          0     26.750  34.294951   995.4446      0.986      0.001  0.000e+00
      0.981    30.8225   0.012380     0.0575     2.6595     1.4124          0     27.000  34.294954   995.4452      0.975      0.003  0.000e+00
      0.970    30.8206   0.012380     0.0575     2.3795     1.4193          0     27.250  34.294957   995.4457      0.965      0.003  0.000e+00
      0.981    30.8188   0.012377     0.0575     1.9844     1.4261          0     27.500  34.294959   995.4463      0.975      0.006  0.000e+00
