public/post/ctd_rufiji/SBE19plus_01906740_2018_02_13_0934.cnv
* Sea-Bird SBE19plus  Data File:
* FileName = C:\Users\all user\Desktop\CTD tafiri 2018\SBE19plus_01906740_2018_02_13_0934.hex
* Software version 2.6.3.104
* Temperature SN = 6740
* Conductivity SN = 6740
* System UpLoad Time = Feb 13 2018 14:06:00
* <ApplicationData>
* <Seaterm232>
# nquan = 13
# nvalues = 410                                   
# units = specified
# name 0 = prdM: Pressure, Strain Gauge [db]
# name 1 = tv290C: Temperature [ITS-90, deg C]
# name 2 = c0S/m: Conductivity [S/m]
# name 3 = sal00: Salinity, Practical [PSU]
# name 4 = sbeox0ML/L: Oxygen, SBE 43 [ml/l]
# name 5 = flECO-AFL: Fluorescence, WET Labs ECO-AFL/FL [mg/m^3]
# name 6 = nbf: Bottles Fired
# name 7 = timeS: Time, Elapsed [seconds]
# name 8 = timeJ: Julian Days
# name 9 = density00: Density [density, kg/m^3]
# name 10 = depSM: Depth [salt water, m], lat = 0.00
# name 11 = dz/dtM: Descent Rate [m/s]
# name 12 = flag:  0.000e+00
# span 0 =      0.198,      5.798                 
# span 1 =    29.2991,    30.3699                 
# span 2 =   0.013831,   0.284960                 
# span 3 =     0.0646,     1.3249                 
# span 4 =     1.6172,     3.8349                 
# span 5 =    -0.1471,     3.0245                 
# span 6 =          0,          0                 
# span 7 =      0.000,    102.250                 
# span 8 =  34.438588,  34.439771                 
# span 9 =   995.6454,   996.5974                 
# span 10 =      0.197,      5.766                
# span 11 =     -0.711,      0.533                
# span 12 = 0.0000e+00, 0.0000e+00                
# interval = seconds: 0.25
# start_time = Feb 03 2018 10:31:34 [Instrument's time stamp, header]
# bad_flag = -9.990e-29
*END*
[from data line 223]
      2.771    30.2335   0.222980     1.0233     1.9533     2.2753          0     55.750  34.439233   996.3567      2.756      0.422  0.000e+00
      2.901    30.2472   0.231835     1.0658     1.9500     2.2776          0     56.000  34.439236   996.3849      2.885      0.457  0.000e+00
      2.987    30.2564   0.235808     1.0848     1.9628     2.2516          0     56.250  34.439239   996.3966      2.971      0.469  0.000e+00
      3.117    30.2615   0.243221     1.1206     1.9674     2.2509          0     56.500  34.439242   996.4224      3.100      0.479  0.000e+00
      3.225    30.2630   0.246669     1.1373     1.9852     2.2509          0     56.750  34.439245   996.4349      3.207      0.471  0.000e+00
      3.344    30.2625   0.248633     1.1468     2.0090     2.2516          0     57.000  34.439248   996.4427      3.325      0.463  0.000e+00
      3.452    30.2623   0.254186     1.1738     2.0278     2.2501          0     57.250  34.439251   996.4634      3.433      0.460  0.000e+00
      3.582    30.2620   0.255174     1.1786     2.0474     2.2341          0     57.500  34.439253   996.4676      3.562      0.465  0.000e+00
      3.755    30.2619   0.258744     1.1960     2.0651     2.2341          0     57.750  34.439256   996.4814      3.734      0.476  0.000e+00
      3.906    30.2598   0.264504     1.2241     2.0785     2.2356          0     58.000  34.439259   996.5037      3.884      0.499  0.000e+00
      4.014    30.2565   0.266695     1.2349     2.0881     2.2417          0     58.250  34.439262   996.5132      3.992      0.518  0.000e+00
      4.133    30.2543   0.268781     1.2451     2.0809     2.2638          0     58.500  34.439265   996.5221      4.110      0.524  0.000e+00
      4.252    30.2520   0.270307     1.2526     2.0893     2.2616          0     58.750  34.439268   996.5289      4.228      0.528  0.000e+00
      4.403    30.2493   0.272929     1.2655     2.0848     2.2593          0     59.000  34.439271   996.5400      4.379      0.533  0.000e+00
      4.501    30.2460   0.274900     1.2752     2.0835     2.2669          0     59.250  34.439274   996.5487      4.476      0.525  0.000e+00
      4.576    30.2432   0.275020     1.2758     2.0703     2.2310          0     59.500  34.439277   996.5504      4.551      0.497  0.000e+00
      4.663    30.2418   0.275967     1.2805     2.0695     2.2333          0     59.750  34.439280   996.5547      4.637      0.459  0.000e+00
      4.771    30.2409   0.277090     1.2860     2.0579     2.2387          0     60.000  34.439282   996.5595      4.745      0.436  0.000e+00
      4.912    30.2401   0.277200     1.2866     2.0470     2.2387          0     60.250  34.439285   996.5608      4.884      0.433  0.000e+00
      5.030    30.2389   0.277690     1.2890     2.0422     2.2310          0     60.500  34.439288   996.5635      5.003      0.431  0.000e+00
      5.160    30.2381   0.276710     1.2842     2.0272     2.2333          0     60.750  34.439291   996.5608      5.132      0.435  0.000e+00
      5.203    30.2374   0.275710     1.2794     2.0168     2.2310          0     61.000  34.439294   996.5575      5.175      0.422  0.000e+00
      5.279    30.2372   0.277427     1.2878     2.0046     2.2371          0     61.250  34.439297   996.5642      5.250      0.417  0.000e+00
      5.366    30.2371   0.278614     1.2936     2.0053     2.2341          0     61.500  34.439300   996.5690      5.336      0.408  0.000e+00
      5.495    30.2366   0.279331     1.2971     2.0095     2.1921          0     61.750  34.439303   996.5723      5.465      0.401  0.000e+00
      5.603    30.2355   0.279945     1.3001     2.0073     2.1868          0     62.000  34.439306   996.5754      5.572      0.391  0.000e+00
      5.647    30.2344   0.278824     1.2947     2.0140     2.1860          0     62.250  34.439308   996.5719      5.615      0.366  0.000e+00
      5.647    30.2338   0.279482     1.2979     2.0034     2.1967          0     62.500  34.439311   996.5745      5.615      0.329  0.000e+00
      5.625    30.2334   0.280389     1.3024     2.0071     2.2181          0     62.750  34.439314   996.5778      5.594      0.277  0.000e+00
      5.657    30.2326   0.281074     1.3057     1.9975     2.2143          0     63.000  34.439317   996.5807      5.626      0.238  0.000e+00
      5.690    30.2318   0.281815     1.3094     1.9795     2.2143          0     63.250  34.439320   996.5839      5.658      0.188  0.000e+00
      5.700    30.2306   0.283145     1.3159     1.9315     2.2143          0     63.500  34.439323   996.5891      5.669      0.134  0.000e+00
      5.733    30.2296   0.283957     1.3199     1.9294     2.1990          0     63.750  34.439326   996.5926      5.701      0.089  0.000e+00
      5.733    30.2285   0.284402     1.3221     1.9419     2.2043          0     64.000  34.439329   996.5946      5.701      0.063  0.000e+00
      5.744    30.2278   0.284773     1.3240     1.9509     2.2005          0     64.250  34.439332   996.5962      5.712      0.060  0.000e+00
      5.787    30.2272   0.284890     1.3246     1.9640     2.2051          0     64.500  34.439334   996.5970      5.755      0.074  0.000e+00
      5.787    30.2268   0.284960     1.3249     1.9787     2.2112          0     64.750  34.439337   996.5974      5.755      0.079  0.000e+00
      5.798    30.2272   0.284485     1.3226     2.0131     2.2196          0     65.000  34.439340   996.5956      5.766      0.069  0.000e+00
      5.755    30.2275   0.284388     1.3221     2.0178     2.2097          0     65.250  34.439343   996.5950      5.723      0.048  0.000e+00
      5.755    30.2279   0.284602     1.3231     2.0400     2.2158          0     65.500  34.439346   996.5956      5.723      0.030  0.000e+00
      5.765    30.2280   0.284656     1.3234     1.9928     2.2036          0     65.750  34.439349   996.5958      5.734      0.015  0.000e+00
      5.766    30.2279   0.284643     1.3233     1.9894     2.2188          0     66.000  34.439352   996.5958      5.734      0.007  0.000e+00
      5.766    30.2280   0.284643     1.3233     2.0086     2.2303          0     66.250  34.439355   996.5958      5.734     -0.004  0.000e+00
      5.755    30.2282   0.284616     1.3232     2.0115     2.2219          0     66.500  34.439358   996.5955      5.723     -0.016  0.000e+00
      5.744    30.2283   0.284569     1.3230     2.0051     2.2257          0     66.750  34.439361   996.5953      5.712     -0.018  0.000e+00
      5.744    30.2283   0.284505     1.3227     2.0066     2.2349          0     67.000  34.439363   996.5951      5.712     -0.016  0.000e+00
      5.755    30.2285   0.284355     1.3219     2.0068     2.2310          0     67.250  34.439366   996.5945      5.723     -0.006  0.000e+00
      5.733    30.2283   0.284251     1.3214     2.0090     2.2356          0     67.500  34.439369   996.5941      5.702     -0.012  0.000e+00
      5.733    30.2286   0.284211     1.3212     2.0171     2.2410          0     67.750  34.439372   996.5939      5.702     -0.017  0.000e+00
      5.690    30.2282   0.284211     1.3212     2.0128     2.2257          0     68.000  34.439375   996.5938      5.659     -0.029  0.000e+00
      5.701    30.2281   0.284245     1.3214     2.0041     2.2280          0     68.250  34.439378   996.5940      5.670     -0.032  0.000e+00
      5.669    30.2282   0.284161     1.3210     2.0058     2.2196          0     68.500  34.439381   996.5935      5.637     -0.040  0.000e+00
      5.669    30.2280   0.283827     1.3193     2.0066     2.2257          0     68.750  34.439384   996.5923      5.637     -0.045  0.000e+00
      5.636    30.2287   0.283262     1.3165     1.9858     2.2410          0     69.000  34.439387   996.5899      5.605     -0.057  0.000e+00
      5.625    30.2297   0.283242     1.3164     1.9544     2.2501          0     69.250  34.439389   996.5895      5.594     -0.064  0.000e+00
      5.625    30.2304   0.283783     1.3191     1.9581     2.2516          0     69.500  34.439392   996.5912      5.594     -0.060  0.000e+00
      5.636    30.2289   0.284037     1.3203     1.9670     2.2600          0     69.750  34.439395   996.5927      5.605     -0.051  0.000e+00
      5.636    30.2260   0.284051     1.3205     1.9661     2.2440          0     70.000  34.439398   996.5937      5.605     -0.036  0.000e+00
      5.647    30.2238   0.283950     1.3201     1.9751     2.2371          0     70.250  34.439401   996.5941      5.616     -0.026  0.000e+00
      5.658    30.2221   0.283860     1.3197     1.9678     2.2318          0     70.500  34.439404   996.5944      5.626     -0.007  0.000e+00
      5.658    30.2210   0.283640     1.3186     1.9653     2.2371          0     70.750  34.439407   996.5939      5.626      0.005  0.000e+00
      5.657    30.2223   0.283325     1.3170     1.9542     2.2303          0     71.000  34.439410   996.5923      5.626      0.017  0.000e+00
      5.636    30.2244   0.283302     1.3169     1.9477     2.2463          0     71.250  34.439413   996.5915      5.605      0.014  0.000e+00
      5.625    30.2263   0.283235     1.3165     1.9327     2.2455          0     71.500  34.439416   996.5906      5.594      0.004  0.000e+00
      5.636    30.2277   0.283158     1.3161     1.9078     2.2509          0     71.750  34.439418   996.5899      5.605     -0.004  0.000e+00
      5.647    30.2286   0.283085     1.3157     1.9165     2.2486          0     72.000  34.439421   996.5894      5.615     -0.005  0.000e+00
      5.657    30.2292   0.282988     1.3152     1.9120     2.2501          0     72.250  34.439424   996.5889      5.626     -0.004  0.000e+00
      5.614    30.2297   0.282948     1.3150     1.9236     2.2547          0     72.500  34.439427   996.5883      5.583     -0.013  0.000e+00
      5.571    30.2300   0.283041     1.3154     1.9254     2.2478          0     72.750  34.439430   996.5884      5.540     -0.027  0.000e+00
      5.463    30.2293   0.283255     1.3165     1.9455     2.2440          0     73.000  34.439433   996.5889      5.433     -0.065  0.000e+00
      5.312    30.2264   0.283295     1.3168     1.9287     2.2455          0     73.250  34.439436   996.5894      5.282     -0.130  0.000e+00
      5.139    30.2233   0.283419     1.3175     1.9158     2.2242          0     73.500  34.439439   996.5900      5.110     -0.225  0.000e+00
      5.117    30.2209   0.283549     1.3182     1.9212     2.2303          0     73.750  34.439442   996.5912      5.089     -0.296  0.000e+00
      5.160    30.2189   0.283606     1.3185     1.9227     2.2280          0     74.000  34.439444   996.5922      5.132     -0.318  0.000e+00
      5.247    30.2172   0.283640     1.3187     1.9063     2.2242          0     74.250  34.439447   996.5933      5.218     -0.282  0.000e+00
      5.268    30.2156   0.283626     1.3187     1.9106     2.2410          0     74.500  34.439450   996.5939      5.239     -0.210  0.000e+00
      5.290    30.2144   0.283646     1.3188     1.8852     2.2478          0     74.750  34.439453   996.5944      5.261     -0.121  0.000e+00
      5.322    30.2135   0.283646     1.3188     1.8782     2.2539          0     75.000  34.439456   996.5949      5.293     -0.016  0.000e+00
      5.355    30.2128   0.283606     1.3187     1.8773     2.2486          0     75.250  34.439459   996.5951      5.325      0.078  0.000e+00
      5.398    30.2123   0.283543     1.3184     1.8686     2.2226          0     75.500  34.439462   996.5952      5.368      0.141  0.000e+00
      5.409    30.2120   0.283469     1.3180     1.8463     2.2173          0     75.750  34.439465   996.5951      5.379      0.143  0.000e+00
      5.355    30.2116   0.283399     1.3177     1.8281     2.2242          0     76.000  34.439468   996.5947      5.325      0.106  0.000e+00
      5.355    30.2115   0.283419     1.3178     1.8423     2.2242          0     76.250  34.439470   996.5948      5.325      0.067  0.000e+00
      5.333    30.2128   0.283456     1.3179     1.8436     2.2226          0     76.500  34.439473   996.5945      5.304      0.038  0.000e+00
      5.268    30.2149   0.283392     1.3176     1.8606     2.2226          0     76.750  34.439476   996.5933      5.239     -0.006  0.000e+00
      5.030    30.2172   0.283275     1.3169     1.8338     2.2234          0     77.000  34.439479   996.5910      5.003     -0.107  0.000e+00
      4.684    30.2194   0.283202     1.3165     1.8230     2.2234          0     77.250  34.439482   996.5885      4.659     -0.272  0.000e+00
      4.425    30.2208   0.283195     1.3164     1.8004     2.2310          0     77.500  34.439485   996.5869      4.401     -0.453  0.000e+00
      4.317    30.2218   0.283172     1.3163     1.7995     2.2394          0     77.750  34.439488   996.5860      4.293     -0.587  0.000e+00
      4.284    30.2227   0.283185     1.3163     1.7966     2.2364          0     78.000  34.439491   996.5856      4.261     -0.653  0.000e+00
      4.328    30.2242   0.282884     1.3148     1.7992     2.2310          0     78.250  34.439494   996.5842      4.304     -0.651  0.000e+00
      4.371    30.2265   0.282754     1.3141     1.7978     2.2303          0     78.500  34.439497   996.5832      4.347     -0.569  0.000e+00
      4.382    30.2283   0.282844     1.3145     1.7995     2.2188          0     78.750  34.439499   996.5829      4.358     -0.425  0.000e+00
      4.382    30.2302   0.282817     1.3143     1.8197     2.2066          0     79.000  34.439502   996.5822      4.358     -0.240  0.000e+00
      4.349    30.2317   0.282774     1.3141     1.8220     2.2112          0     79.250  34.439505   996.5814      4.325     -0.084  0.000e+00
      4.328    30.2325   0.282677     1.3136     1.8389     2.2143          0     79.500  34.439508   996.5807      4.304     -0.003  0.000e+00
      4.349    30.2327   0.282547     1.3130     1.8341     2.2219          0     79.750  34.439511   996.5803      4.325      0.021  0.000e+00
      4.414    30.2337   0.282336     1.3119     1.8282     2.2242          0     80.000  34.439514   996.5795      4.390      0.031  0.000e+00
      4.393    30.2345   0.282012     1.3103     1.8394     2.2211          0     80.250  34.439517   996.5779      4.368      0.018  0.000e+00
      4.425    30.2359   0.282006     1.3102     1.8430     2.2211          0     80.500  34.439520   996.5776      4.401      0.021  0.000e+00
      4.458    30.2365   0.282280     1.3115     1.8393     2.2089          0     80.750  34.439523   996.5786      4.433      0.040  0.000e+00
      4.468    30.2363   0.282266     1.3115     1.8382     2.1959          0     81.000  34.439525   996.5786      4.444      0.061  0.000e+00
      4.490    30.2360   0.282036     1.3104     1.8246     2.2043          0     81.250  34.439528   996.5780      4.465      0.081  0.000e+00
      4.511    30.2364   0.281628     1.3084     1.8212     2.1982          0     81.500  34.439531   996.5764      4.487      0.089  0.000e+00
      4.522    30.2370   0.281972     1.3100     1.8183     2.1937          0     81.750  34.439534   996.5775      4.497      0.081  0.000e+00
      4.393    30.2376   0.282540     1.3128     1.8134     2.1738          0     82.000  34.439537   996.5789      4.368      0.034  0.000e+00
      4.101    30.2378   0.282493     1.3126     1.7876     2.1761          0     82.250  34.439540   996.5773      4.078     -0.073  0.000e+00
      3.776    30.2361   0.282149     1.3109     1.7668     2.1807          0     82.500  34.439543   996.5752      3.756     -0.252  0.000e+00
      3.528    30.2335   0.281508     1.3079     1.7554     2.1753          0     82.750  34.439546   996.5726      3.508     -0.446  0.000e+00
      3.441    30.2325   0.280486     1.3029     1.7389     2.2699          0     83.000  34.439549   996.5688      3.422     -0.592  0.000e+00
