public/post/ctd_rufiji/SBE19plus_01906740_2018_02_13_0937.cnv
* Sea-Bird SBE19plus  Data File:
* FileName = C:\Users\all user\Desktop\CTD tafiri 2018\SBE19plus_01906740_2018_02_13_0937.hex
* Software version 2.6.3.104
* Temperature SN = 6740
* Conductivity SN = 6740
* System UpLoad Time = Feb 13 2018 14:06:28
* <ApplicationData>
* <Seaterm232>
# nquan = 13
# nvalues = 432                                   
# units = specified
# name 0 = prdM: Pressure, Strain Gauge [db]
# name 1 = tv290C: Temperature [ITS-90, deg C]
# name 2 = c0S/m: Conductivity [S/m]
# name 3 = sal00: Salinity, Practical [PSU]
# name 4 = sbeox0ML/L: Oxygen, SBE 43 [ml/l]
# name 5 = flECO-AFL: Fluorescence, WET Labs ECO-AFL/FL [mg/m^3]
# name 6 = nbf: Bottles Fired
# name 7 = timeS: Time, Elapsed [seconds]
# name 8 = timeJ: Julian Days
# name 9 = density00: Density [density, kg/m^3]
# name 10 = depSM: Depth [salt water, m], lat = 0.00
# name 11 = dz/dtM: Descent Rate [m/s]
# name 12 = flag:  0.000e+00
# span 0 =      0.156,      5.000                 
# span 1 =    29.6264,    30.1122                 
# span 2 =   0.051582,   0.453477                 
# span 3 =     0.2274,     2.1738                 
# span 4 =     1.5436,     3.8966                 
# span 5 =    -0.0319,     2.2661                 
# span 6 =          0,          0                 
# span 7 =      0.000,    107.750                 
# span 8 =  34.446400,  34.447648                 
# span 9 =   995.8481,   997.2783                 
# span 10 =      0.155,      4.972                
# span 11 =     -0.577,      0.698                
# span 12 = 0.0000e+00, 0.0000e+00                
# interval = seconds: 0.25
# start_time = Feb 03 2018 10:42:49 [Instrument's time stamp, header]
# bad_flag = -9.990e-29
*END*
[from data line 223]
      2.859    30.0864   0.367019     1.7360     1.8046     2.2104          0     55.750  34.447046   996.9340      2.843      0.275  0.000e+00
      2.946    30.0856   0.367664     1.7393     1.8016     2.2165          0     56.000  34.447049   996.9371      2.929      0.277  0.000e+00
      3.064    30.0855   0.369136     1.7467     1.8030     2.2471          0     56.250  34.447052   996.9431      3.048      0.285  0.000e+00
      3.194    30.0847   0.370592     1.7540     1.8019     2.2516          0     56.500  34.447054   996.9494      3.177      0.310  0.000e+00
      3.324    30.0820   0.371953     1.7609     1.8094     2.2509          0     56.750  34.447057   996.9560      3.306      0.355  0.000e+00
      3.486    30.0788   0.372726     1.7649     1.8221     2.2440          0     57.000  34.447060   996.9606      3.467      0.416  0.000e+00
      3.616    30.0769   0.373386     1.7683     1.8246     2.2455          0     57.250  34.447063   996.9643      3.596      0.465  0.000e+00
      3.789    30.0760   0.374623     1.7745     1.8307     2.2394          0     57.500  34.447066   996.9700      3.768      0.517  0.000e+00
      3.983    30.0754   0.375760     1.7802     1.8267     2.2394          0     57.750  34.447069   996.9753      3.961      0.561  0.000e+00
      4.167    30.0753   0.376120     1.7820     1.8331     2.2356          0     58.000  34.447072   996.9775      4.144      0.608  0.000e+00
      4.351    30.0762   0.376293     1.7829     1.8701     2.2387          0     58.250  34.447075   996.9787      4.327      0.646  0.000e+00
      4.535    30.0766   0.376902     1.7859     1.8612     2.2173          0     58.500  34.447078   996.9816      4.510      0.678  0.000e+00
      4.686    30.0759   0.378427     1.7936     1.8740     2.2150          0     58.750  34.447080   996.9883      4.660      0.696  0.000e+00
      4.837    30.0748   0.379906     1.8010     1.9030     2.2165          0     59.000  34.447083   996.9949      4.811      0.698  0.000e+00
      4.902    30.0735   0.379355     1.7983     1.9209     2.2097          0     59.250  34.447086   996.9935      4.875      0.671  0.000e+00
      4.913    30.0729   0.378922     1.7962     1.9385     2.2280          0     59.500  34.447089   996.9921      4.886      0.595  0.000e+00
      4.902    30.0723   0.377867     1.7909     1.9534     2.2364          0     59.750  34.447092   996.9883      4.875      0.488  0.000e+00
      4.892    30.0694   0.376888     1.7861     1.9529     2.2356          0     60.000  34.447095   996.9856      4.865      0.368  0.000e+00
      4.902    30.0610   0.376964     1.7868     1.9895     2.2379          0     60.250  34.447098   996.9887      4.875      0.252  0.000e+00
      4.924    30.0545   0.377355     1.7890     2.0308     2.2585          0     60.500  34.447101   996.9924      4.897      0.154  0.000e+00
      4.935    30.0514   0.377649     1.7905     2.0866     2.2524          0     60.750  34.447104   996.9946      4.908      0.082  0.000e+00
      4.956    30.0496   0.377832     1.7915     2.1141     2.2623          0     61.000  34.447106   996.9960      4.929      0.040  0.000e+00
      4.946    30.0486   0.378030     1.7926     2.0845     2.2646          0     61.250  34.447109   996.9970      4.918      0.027  0.000e+00
      4.935    30.0488   0.378012     1.7925     2.0945     2.2638          0     61.500  34.447112   996.9968      4.908      0.025  0.000e+00
      4.935    30.0491   0.378005     1.7924     2.1653     2.2600          0     61.750  34.447115   996.9967      4.908      0.025  0.000e+00
      4.956    30.0494   0.377943     1.7921     2.1702     2.2638          0     62.000  34.447118   996.9964      4.929      0.026  0.000e+00
      4.956    30.0498   0.377777     1.7912     2.1483     2.2539          0     62.250  34.447121   996.9957      4.929      0.019  0.000e+00
      4.957    30.0506   0.377521     1.7899     2.0962     2.2577          0     62.500  34.447124   996.9945      4.929      0.012  0.000e+00
      4.946    30.0515   0.377289     1.7887     2.0804     2.2455          0     62.750  34.447127   996.9933      4.918      0.006  0.000e+00
      4.956    30.0519   0.376832     1.7864     2.1107     2.2509          0     63.000  34.447130   996.9915      4.929      0.004  0.000e+00
      4.946    30.0504   0.376466     1.7846     2.1102     2.2509          0     63.250  34.447133   996.9905      4.918      0.006  0.000e+00
      4.967    30.0473   0.376348     1.7842     2.0161     2.2425          0     63.500  34.447135   996.9912      4.940      0.010  0.000e+00
      4.989    30.0433   0.376494     1.7850     2.0293     2.2280          0     63.750  34.447138   996.9932      4.961      0.015  0.000e+00
      5.000    30.0401   0.376788     1.7866     2.0050     2.2303          0     64.000  34.447141   996.9954      4.972      0.019  0.000e+00
      4.989    30.0385   0.377068     1.7881     1.9805     2.2326          0     64.250  34.447144   996.9969      4.961      0.024  0.000e+00
      4.967    30.0388   0.377504     1.7903     2.0033     2.2387          0     64.500  34.447147   996.9984      4.940      0.020  0.000e+00
      4.956    30.0400   0.378244     1.7939     1.8474     2.2303          0     64.750  34.447150   997.0007      4.929      0.013  0.000e+00
      4.957    30.0422   0.382851     1.8170     1.9623     2.2326          0     65.000  34.447153   997.0172      4.929      0.002  0.000e+00
      4.978    30.0453   0.390296     1.8544     2.0559     2.2394          0     65.250  34.447156   997.0442      4.951      0.000  0.000e+00
      4.967    30.0473   0.391659     1.8611     2.1574     2.2371          0     65.500  34.447159   997.0486      4.940     -0.010  0.000e+00
      4.967    30.0487   0.392931     1.8675     2.1347     2.2349          0     65.750  34.447161   997.0530      4.940     -0.014  0.000e+00
      4.967    30.0494   0.392681     1.8662     2.2176     2.2524          0     66.000  34.447164   997.0518      4.940     -0.012  0.000e+00
      4.946    30.0503   0.395775     1.8818     2.1045     2.2516          0     66.250  34.447167   997.0630      4.918     -0.009  0.000e+00
      4.956    30.0510   0.403519     1.9208     2.0802     2.2425          0     66.500  34.447170   997.0920      4.929     -0.004  0.000e+00
      4.946    30.0516   0.408251     1.9447     2.0495     2.2471          0     66.750  34.447173   997.1095      4.918     -0.007  0.000e+00
      4.967    30.0521   0.410217     1.9546     2.0217     2.2478          0     67.000  34.447176   997.1169      4.940     -0.007  0.000e+00
      4.956    30.0519   0.412363     1.9654     1.9645     2.2509          0     67.250  34.447179   997.1250      4.929     -0.009  0.000e+00
      4.935    30.0520   0.415507     1.9813     1.9828     2.2524          0     67.500  34.447182   997.1367      4.908     -0.011  0.000e+00
      4.935    30.0532   0.419422     2.0011     1.9638     2.2539          0     67.750  34.447185   997.1511      4.908     -0.013  0.000e+00
      4.924    30.0548   0.419075     1.9993     1.9616     2.2196          0     68.000  34.447187   997.1492      4.897     -0.016  0.000e+00
      4.956    30.0559   0.417015     1.9888     1.9818     2.2196          0     68.250  34.447190   997.1412      4.929     -0.007  0.000e+00
      4.946    30.0564   0.414378     1.9755     1.9976     2.2204          0     68.500  34.447193   997.1310      4.918     -0.008  0.000e+00
      4.967    30.0567   0.413677     1.9719     1.9854     2.2211          0     68.750  34.447196   997.1284      4.940      0.001  0.000e+00
      4.946    30.0568   0.412241     1.9646     1.9892     2.2234          0     69.000  34.447199   997.1228      4.918     -0.001  0.000e+00
      4.946    30.0580   0.411201     1.9593     1.9621     2.2341          0     69.250  34.447202   997.1185      4.918      0.005  0.000e+00
      4.946    30.0585   0.411411     1.9604     1.8819     2.2425          0     69.500  34.447205   997.1191      4.918      0.009  0.000e+00
      4.924    30.0595   0.410798     1.9572     1.8801     2.2394          0     69.750  34.447208   997.1164      4.897      0.000  0.000e+00
      4.946    30.0602   0.409241     1.9493     1.8696     2.2364          0     70.000  34.447211   997.1104      4.918     -0.002  0.000e+00
      4.924    30.0605   0.407258     1.9393     1.9702     2.2387          0     70.250  34.447214   997.1027      4.897     -0.014  0.000e+00
      4.956    30.0605   0.407195     1.9390     1.9717     2.2364          0     70.500  34.447216   997.1026      4.929     -0.007  0.000e+00
      4.946    30.0596   0.407384     1.9400     1.9997     2.2379          0     70.750  34.447219   997.1036      4.918     -0.006  0.000e+00
      4.924    30.0589   0.407272     1.9394     2.0138     2.2356          0     71.000  34.447222   997.1033      4.897     -0.004  0.000e+00
      4.902    30.0591   0.406325     1.9347     1.9784     2.2486          0     71.250  34.447225   997.0996      4.875     -0.012  0.000e+00
      4.935    30.0592   0.408342     1.9448     1.9820     2.2432          0     71.500  34.447228   997.1073      4.908     -0.009  0.000e+00
      4.935    30.0597   0.411947     1.9630     1.9535     2.2440          0     71.750  34.447231   997.1207      4.908     -0.004  0.000e+00
      4.967    30.0601   0.414823     1.9776     1.9707     2.2463          0     72.000  34.447234   997.1316      4.940      0.002  0.000e+00
      4.946    30.0608   0.415745     1.9822     1.9545     2.2120          0     72.250  34.447237   997.1347      4.918      0.007  0.000e+00
      4.967    30.0611   0.414595     1.9764     1.9537     2.2066          0     72.500  34.447240   997.1304      4.940      0.011  0.000e+00
      4.956    30.0615   0.414522     1.9760     1.9675     2.2143          0     72.750  34.447242   997.1299      4.929      0.019  0.000e+00
      4.924    30.0621   0.413569     1.9711     1.9950     2.2112          0     73.000  34.447245   997.1260      4.897      0.016  0.000e+00
      4.956    30.0619   0.414126     1.9740     2.0072     2.2120          0     73.250  34.447248   997.1283      4.929      0.015  0.000e+00
      4.924    30.0620   0.415300     1.9799     2.0116     2.2181          0     73.500  34.447251   997.1325      4.897     -0.004  0.000e+00
      4.935    30.0619   0.416275     1.9848     1.9863     2.2104          0     73.750  34.447254   997.1363      4.908     -0.010  0.000e+00
      4.956    30.0613   0.417471     1.9909     1.9786     2.2089          0     74.000  34.447257   997.1411      4.929     -0.011  0.000e+00
      4.935    30.0609   0.418247     1.9948     1.9680     2.2089          0     74.250  34.447260   997.1441      4.908     -0.008  0.000e+00
      4.902    30.0606   0.414665     1.9767     1.9761     2.2608          0     74.500  34.447263   997.1305      4.875     -0.019  0.000e+00
      4.935    30.0602   0.415928     1.9831     1.9597     2.2600          0     74.750  34.447266   997.1356      4.908     -0.011  0.000e+00
      4.946    30.0599   0.418787     1.9976     1.9648     2.2631          0     75.000  34.447269   997.1465      4.918     -0.001  0.000e+00
      4.913    30.0597   0.421695     2.0123     1.9569     2.2616          0     75.250  34.447271   997.1574      4.886     -0.011  0.000e+00
      4.935    30.0602   0.420768     2.0076     1.9599     2.2448          0     75.500  34.447274   997.1538      4.908     -0.003  0.000e+00
      4.924    30.0599   0.417229     1.9897     1.9407     2.2448          0     75.750  34.447277   997.1405      4.897     -0.007  0.000e+00
      4.946    30.0597   0.422574     2.0168     1.9213     2.2493          0     76.000  34.447280   997.1609      4.918     -0.002  0.000e+00
      4.946    30.0599   0.426587     2.0371     1.9234     2.2516          0     76.250  34.447283   997.1759      4.918      0.009  0.000e+00
      4.946    30.0597   0.430183     2.0554     1.9026     2.2638          0     76.500  34.447286   997.1896      4.918      0.014  0.000e+00
      4.967    30.0595   0.433127     2.0703     1.8929     2.2661          0     76.750  34.447289   997.2009      4.940      0.014  0.000e+00
      4.956    30.0593   0.435156     2.0806     1.8934     2.2646          0     77.000  34.447292   997.2086      4.929      0.017  0.000e+00
      4.956    30.0583   0.437511     2.0926     1.9110     2.2562          0     77.250  34.447295   997.2178      4.929      0.022  0.000e+00
      4.956    30.0581   0.439826     2.1044     1.9090     2.2623          0     77.500  34.447297   997.2267      4.929      0.015  0.000e+00
      4.924    30.0582   0.440604     2.1083     1.9377     2.1639          0     77.750  34.447300   997.2294      4.897      0.004  0.000e+00
      4.946    30.0589   0.439031     2.1003     1.9314     2.1647          0     78.000  34.447303   997.2234      4.918     -0.004  0.000e+00
      4.946    30.0587   0.438522     2.0977     1.9273     2.1654          0     78.250  34.447306   997.2215      4.918     -0.006  0.000e+00
      4.935    30.0579   0.437797     2.0941     1.9231     2.1700          0     78.500  34.447309   997.2190      4.908     -0.011  0.000e+00
      4.946    30.0571   0.435731     2.0836     1.9123     2.0990          0     78.750  34.447312   997.2115      4.918     -0.012  0.000e+00
      4.924    30.0557   0.435964     2.0849     1.9019     2.0975          0     79.000  34.447315   997.2127      4.897     -0.012  0.000e+00
      4.913    30.0544   0.436603     2.0882     1.8901     2.1151          0     79.250  34.447318   997.2155      4.886     -0.016  0.000e+00
      4.881    30.0530   0.440657     2.1088     1.8492     2.1120          0     79.500  34.447321   997.2312      4.854     -0.025  0.000e+00
      4.892    30.0520   0.448586     2.1492     1.8470     2.1105          0     79.750  34.447323   997.2617      4.865     -0.027  0.000e+00
      4.924    30.0515   0.451258     2.1628     1.8787     2.1105          0     80.000  34.447326   997.2721      4.897     -0.026  0.000e+00
      4.935    30.0519   0.448689     2.1497     1.8778     2.0952          0     80.250  34.447329   997.2623      4.908     -0.015  0.000e+00
      4.913    30.0525   0.448568     2.1490     1.8696     2.1013          0     80.500  34.447332   997.2615      4.886     -0.009  0.000e+00
      4.913    30.0538   0.448898     2.1507     1.8789     2.1738          0     80.750  34.447335   997.2623      4.886     -0.005  0.000e+00
      4.924    30.0550   0.449108     2.1517     1.8797     2.1723          0     81.000  34.447338   997.2628      4.897      0.007  0.000e+00
      4.913    30.0566   0.447377     2.1428     1.8804     2.1769          0     81.250  34.447341   997.2556      4.886      0.011  0.000e+00
      4.935    30.0569   0.446410     2.1379     1.8679     2.1685          0     81.500  34.447344   997.2519      4.908      0.017  0.000e+00
      4.902    30.0571   0.441991     2.1154     1.8393     2.1723          0     81.750  34.447347   997.2350      4.875      0.003  0.000e+00
      4.902    30.0576   0.439791     2.1042     1.8626     2.2371          0     82.000  34.447350   997.2265      4.875     -0.009  0.000e+00
      4.913    30.0571   0.440664     2.1087     1.8873     2.2364          0     82.250  34.447352   997.2300      4.886     -0.009  0.000e+00
      4.902    30.0569   0.439494     2.1027     1.8691     2.2341          0     82.500  34.447355   997.2256      4.875     -0.007  0.000e+00
      4.881    30.0572   0.439052     2.1005     1.9122     2.2394          0     82.750  34.447358   997.2237      4.854     -0.015  0.000e+00
      4.892    30.0573   0.438985     2.1001     1.9115     2.2631          0     83.000  34.447361   997.2235      4.865     -0.019  0.000e+00
