public/post/ctd_rufiji/SBE19plus_01906740_2018_02_13_0896.cnv
* Sea-Bird SBE19plus  Data File:
* FileName = C:\Users\all user\Desktop\CTD tafiri 2018\SBE19plus_01906740_2018_02_13_0896.hex
* Software version 2.6.3.104
* Temperature SN = 6740
* Conductivity SN = 6740
* System UpLoad Time = Feb 13 2018 13:59:49
* <ApplicationData>
* <Seaterm232>
# nquan = 13
# nvalues = 416                                   
# units = specified
# name 0 = prdM: Pressure, Strain Gauge [db]
# name 1 = tv290C: Temperature [ITS-90, deg C]
# name 2 = c0S/m: Conductivity [S/m]
# name 3 = sal00: Salinity, Practical [PSU]
# name 4 = sbeox0ML/L: Oxygen, SBE 43 [ml/l]
# name 5 = flECO-AFL: Fluorescence, WET Labs ECO-AFL/FL [mg/m^3]
# name 6 = nbf: Bottles Fired
# name 7 = timeS: Time, Elapsed [seconds]
# name 8 = timeJ: Julian Days
# name 9 = density00: Density [density, kg/m^3]
# name 10 = depSM: Depth [salt water, m], lat = 0.00
# name 11 = dz/dtM: Descent Rate [m/s]
# name 12 = flag:  0.000e+00
# span 0 =      0.042,      6.280                 
# span 1 =    30.2835,    31.0816                 
# span 2 =   0.002823,   2.572660                 
# span 3 =     0.0212,    13.8900                 
# span 4 =     1.2125,     8.0188                 
# span 5 =    -0.2531,     2.2753                 
# span 6 =          0,          0                 
# span 7 =      0.000,    103.750                 
# span 8 =  33.770035,  33.771236                 
# span 9 =   995.5366,  1005.7513                 
# span 10 =      0.041,      6.246                
# span 11 =     -0.708,      0.313                
# span 12 = 0.0000e+00, 0.0000e+00                
# interval = seconds: 0.25
# start_time = Feb 02 2018 18:28:51 [Instrument's time stamp, header]
# bad_flag = -9.990e-29
*END*
[from data line 112]
      0.983    30.9582   1.314841     6.6756     1.8247     1.1194          0     28.000  33.770359  1000.3274      0.977     -0.006  0.000e+00
      0.972    30.9547   1.316222     6.6836     1.8238     1.1141          0     28.250  33.770362  1000.3344      0.967     -0.010  0.000e+00
      0.983    30.9518   1.319553     6.7023     1.8193     1.1194          0     28.500  33.770365  1000.3493      0.977     -0.007  0.000e+00
      0.972    30.9499   1.321665     6.7141     1.8167     1.1057          0     28.750  33.770367  1000.3586      0.967     -0.007  0.000e+00
      0.961    30.9484   1.320582     6.7084     1.8139     1.1095          0     29.000  33.770370  1000.3548      0.956     -0.011  0.000e+00
      0.961    30.9463   1.317263     6.6904     1.8079     1.1118          0     29.250  33.770373  1000.3422      0.956     -0.010  0.000e+00
      0.961    30.9434   1.312915     6.6670     1.8083     1.1072          0     29.500  33.770376  1000.3257      0.956     -0.011  0.000e+00
      0.993    30.9398   1.312437     6.6648     1.8022     1.0935          0     29.750  33.770379  1000.3253      0.988     -0.002  0.000e+00
      1.004    30.9367   1.311057     6.6577     1.8041     1.0950          0     30.000  33.770382  1000.3211      0.999      0.006  0.000e+00
      1.048    30.9346   1.319643     6.7051     1.7986     1.0950          0     30.250  33.770385  1000.3571      1.042      0.027  0.000e+00
      1.026    30.9344   1.321898     6.7175     1.7935     1.0942          0     30.500  33.770388  1000.3663      1.020      0.035  0.000e+00
      1.026    30.9362   1.322077     6.7182     1.7891     1.1011          0     30.750  33.770391  1000.3662      1.020      0.042  0.000e+00
      1.047    30.9373   1.321052     6.7124     1.7869     1.1095          0     31.000  33.770394  1000.3617      1.042      0.048  0.000e+00
      1.048    30.9350   1.318238     6.6973     1.7775     1.1064          0     31.250  33.770396  1000.3512      1.042      0.046  0.000e+00
      1.004    30.9288   1.314962     6.6801     1.7708     1.1064          0     31.500  33.770399  1000.3403      0.999      0.027  0.000e+00
      1.026    30.9228   1.312576     6.6679     1.7669     1.1064          0     31.750  33.770402  1000.3331      1.020      0.010  0.000e+00
      1.037    30.9192   1.310964     6.6595     1.7601     1.1064          0     32.000  33.770405  1000.3281      1.031      0.003  0.000e+00
      1.037    30.9170   1.311129     6.6607     1.7567     1.1057          0     32.250  33.770408  1000.3297      1.031     -0.004  0.000e+00
      1.037    30.9145   1.313545     6.6743     1.7534     1.1095          0     32.500  33.770411  1000.3406      1.031      0.002  0.000e+00
      1.015    30.9121   1.316799     6.6925     1.7439     1.1080          0     32.750  33.770414  1000.3548      1.010     -0.004  0.000e+00
      1.015    30.9104   1.317268     6.6953     1.7415     1.0843          0     33.000  33.770417  1000.3574      1.010     -0.010  0.000e+00
      1.026    30.9082   1.314890     6.6825     1.7374     1.0813          0     33.250  33.770420  1000.3486      1.021     -0.005  0.000e+00
      1.015    30.9047   1.313885     6.6774     1.7323     1.0836          0     33.500  33.770422  1000.3460      1.010     -0.001  0.000e+00
      1.015    30.9006   1.311620     6.6656     1.7308     1.0820          0     33.750  33.770425  1000.3384      1.010     -0.010  0.000e+00
      1.048    30.8964   1.308960     6.6515     1.7235     1.1126          0     34.000  33.770428  1000.3295      1.042     -0.003  0.000e+00
      1.059    30.8929   1.310361     6.6597     1.7152     1.1126          0     34.250  33.770431  1000.3367      1.053      0.008  0.000e+00
      1.102    30.8896   1.310334     6.6600     1.7094     1.1064          0     34.500  33.770434  1000.3382      1.096      0.030  0.000e+00
      1.080    30.8862   1.315395     6.6882     1.7108     1.1118          0     34.750  33.770437  1000.3601      1.074      0.041  0.000e+00
      1.048    30.8835   1.319576     6.7115     1.7028     1.1049          0     35.000  33.770440  1000.3781      1.042      0.034  0.000e+00
      1.080    30.8831   1.318775     6.7072     1.6991     1.1034          0     35.250  33.770443  1000.3752      1.074      0.033  0.000e+00
      1.102    30.8821   1.313720     6.6796     1.6989     1.1049          0     35.500  33.770446  1000.3551      1.096      0.037  0.000e+00
      1.156    30.8780   1.311446     6.6676     1.6963     1.1064          0     35.750  33.770448  1000.3477      1.150      0.047  0.000e+00
      1.210    30.8743   1.313452     6.6791     1.6947     1.1095          0     36.000  33.770451  1000.3577      1.203      0.063  0.000e+00
      1.242    30.8711   1.317255     6.7004     1.6847     1.1118          0     36.250  33.770454  1000.3747      1.236      0.084  0.000e+00
      1.307    30.8680   1.319786     6.7148     1.6816     1.1110          0     36.500  33.770457  1000.3866      1.300      0.114  0.000e+00
      1.318    30.8691   1.320055     6.7161     1.6754     1.1064          0     36.750  33.770460  1000.3873      1.311      0.144  0.000e+00
      1.340    30.8734   1.320466     6.7178     1.6698     1.1049          0     37.000  33.770463  1000.3872      1.332      0.158  0.000e+00
      1.404    30.8772   1.318976     6.7091     1.6678     1.1248          0     37.250  33.770466  1000.3799      1.397      0.162  0.000e+00
      1.437    30.8787   1.320171     6.7154     1.6635     1.1248          0     37.500  33.770469  1000.3842      1.429      0.161  0.000e+00
      1.502    30.8799   1.322910     6.7303     1.6578     1.1148          0     37.750  33.770472  1000.3952      1.493      0.161  0.000e+00
      1.556    30.8882   1.323908     6.7347     1.6480     1.1148          0     38.000  33.770475  1000.3960      1.547      0.167  0.000e+00
      1.588    30.8967   1.326084     6.7455     1.6423     1.1164          0     38.250  33.770477  1000.4015      1.579      0.173  0.000e+00
      1.631    30.9073   1.327935     6.7542     1.6366     1.1232          0     38.500  33.770480  1000.4048      1.622      0.176  0.000e+00
      1.664    30.9190   1.329234     6.7598     1.6297     1.1187          0     38.750  33.770483  1000.4054      1.654      0.183  0.000e+00
      1.685    30.9292   1.326156     6.7415     1.6271     1.1194          0     39.000  33.770486  1000.3887      1.676      0.176  0.000e+00
      1.729    30.9315   1.327442     6.7482     1.6217     1.1362          0     39.250  33.770489  1000.3931      1.719      0.163  0.000e+00
      1.772    30.9322   1.326747     6.7443     1.6194     1.1270          0     39.500  33.770492  1000.3902      1.762      0.157  0.000e+00
      1.837    30.9317   1.329409     6.7590     1.6193     1.1278          0     39.750  33.770495  1000.4015      1.827      0.155  0.000e+00
      1.858    30.9322   1.330059     6.7625     1.6127     1.1316          0     40.000  33.770498  1000.4041      1.848      0.154  0.000e+00
      1.880    30.9355   1.330014     6.7618     1.6178     1.1690          0     40.250  33.770501  1000.4026      1.870      0.152  0.000e+00
      1.880    30.9384   1.327123     6.7455     1.6078     1.1682          0     40.500  33.770503  1000.3896      1.870      0.140  0.000e+00
      1.923    30.9375   1.325945     6.7392     1.6047     1.1667          0     40.750  33.770506  1000.3854      1.913      0.134  0.000e+00
      1.956    30.9340   1.327935     6.7506     1.5993     1.1621          0     41.000  33.770509  1000.3951      1.945      0.128  0.000e+00
      2.010    30.9331   1.332813     6.7775     1.5946     1.1690          0     41.250  33.770512  1000.4156      1.999      0.125  0.000e+00
      2.096    30.9408   1.341554     6.8245     1.5930     1.1492          0     41.500  33.770515  1000.4484      2.085      0.137  0.000e+00
      2.139    30.9533   1.355363     6.8987     1.5871     1.1583          0     41.750  33.770518  1000.4996      2.128      0.151  0.000e+00
      2.194    30.9622   1.373779     6.9988     1.5868     1.1515          0     42.000  33.770521  1000.5713      2.181      0.176  0.000e+00
      2.226    30.9638   1.394629     7.1135     1.5909     1.1499          0     42.250  33.770524  1000.6560      2.214      0.193  0.000e+00
      2.226    30.9648   1.418774     7.2466     1.6049     1.1408          0     42.500  33.770527  1000.7545      2.214      0.193  0.000e+00
      2.204    30.9681   1.443995     7.3855     1.6163     1.1377          0     42.750  33.770530  1000.8564      2.192      0.164  0.000e+00
      2.226    30.9712   1.460880     7.4785     1.6306     1.1438          0     43.000  33.770532  1000.9245      2.214      0.134  0.000e+00
      2.226    30.9721   1.473384     7.5477     1.6464     1.1469          0     43.250  33.770535  1000.9755      2.214      0.094  0.000e+00
      2.226    30.9708   1.482088     7.5961     1.6618     1.1553          0     43.500  33.770538  1001.0119      2.214      0.055  0.000e+00
      2.237    30.9701   1.489254     7.6360     1.6678     1.1560          0     43.750  33.770541  1001.0417      2.224      0.032  0.000e+00
      2.226    30.9699   1.499238     7.6915     1.6847     1.1621          0     44.000  33.770544  1001.0829      2.214      0.012  0.000e+00
      2.226    30.9704   1.505513     7.7263     1.6917     1.1591          0     44.250  33.770547  1001.1085      2.214      0.004  0.000e+00
      2.247    30.9712   1.511573     7.7598     1.7037     1.1522          0     44.500  33.770550  1001.1332      2.235      0.011  0.000e+00
      2.269    30.9714   1.515851     7.7836     1.7191     1.1690          0     44.750  33.770553  1001.1509      2.257      0.022  0.000e+00
      2.280    30.9710   1.497971     7.6843     1.7324     1.1614          0     45.000  33.770556  1001.0774      2.267      0.025  0.000e+00
      2.323    30.9694   1.497771     7.6834     1.7504     1.1690          0     45.250  33.770558  1001.0775      2.310      0.042  0.000e+00
      2.345    30.9677   1.490069     7.6409     1.7627     1.1705          0     45.500  33.770561  1001.0466      2.332      0.059  0.000e+00
      2.377    30.9658   1.518767     7.8006     1.7719     1.1652          0     45.750  33.770564  1001.1658      2.364      0.076  0.000e+00
      2.388    30.9647   1.516382     7.7875     1.7758     1.1751          0     46.000  33.770567  1001.1565      2.375      0.090  0.000e+00
      2.410    30.9638   1.526243     7.8425     1.7735     1.1705          0     46.250  33.770570  1001.1976      2.396      0.096  0.000e+00
      2.475    30.9627   1.519821     7.8070     1.7737     1.1629          0     46.500  33.770573  1001.1719      2.461      0.107  0.000e+00
      2.539    30.9615   1.505462     7.7273     1.7703     1.1568          0     46.750  33.770576  1001.1135      2.525      0.125  0.000e+00
      2.615    30.9599   1.501820     7.7073     1.7613     1.1522          0     47.000  33.770579  1001.0995      2.601      0.152  0.000e+00
      2.658    30.9581   1.499275     7.6935     1.7526     1.1553          0     47.250  33.770582  1001.0900      2.644      0.171  0.000e+00
      2.723    30.9561   1.490028     7.6424     1.7446     1.1576          0     47.500  33.770584  1001.0531      2.708      0.196  0.000e+00
      2.777    30.9548   1.465531     7.5067     1.7394     1.2056          0     47.750  33.770587  1000.9530      2.762      0.216  0.000e+00
      2.886    30.9541   1.452541     7.4349     1.7328     1.2049          0     48.000  33.770590  1000.9005      2.870      0.247  0.000e+00
      2.907    30.9533   1.448730     7.4139     1.7230     1.2026          0     48.250  33.770593  1000.8852      2.891      0.254  0.000e+00
      2.961    30.9523   1.445726     7.3974     1.7121     1.2026          0     48.500  33.770596  1000.8736      2.945      0.247  0.000e+00
      3.048    30.9514   1.438040     7.3550     1.7162     1.1995          0     48.750  33.770599  1000.8428      3.031      0.249  0.000e+00
      3.102    30.9449   1.426654     7.2930     1.7062     1.3117          0     49.000  33.770602  1000.7991      3.085      0.248  0.000e+00
      3.134    30.9264   1.414022     7.2258     1.7043     1.3163          0     49.250  33.770605  1000.7553      3.117      0.244  0.000e+00
      3.145    30.9034   1.402224     7.1639     1.7009     1.3208          0     49.500  33.770608  1000.7167      3.128      0.222  0.000e+00
      3.199    30.8772   1.390900     7.1051     1.6928     1.3132          0     49.750  33.770611  1000.6817      3.182      0.204  0.000e+00
      3.221    30.8471   1.381074     7.0551     1.6799     1.3422          0     50.000  33.770613  1000.6542      3.203      0.178  0.000e+00
      3.286    30.8165   1.370713     7.0022     1.6796     1.3437          0     50.250  33.770616  1000.6249      3.268      0.176  0.000e+00
      3.351    30.7744   1.364581     6.9743     1.6845     1.3391          0     50.500  33.770619  1000.6178      3.332      0.172  0.000e+00
      3.383    30.7238   1.361326     6.9633     1.6856     1.3353          0     50.750  33.770622  1000.6258      3.365      0.165  0.000e+00
      3.448    30.6741   1.360893     6.9679     1.6892     1.4948          0     51.000  33.770625  1000.6451      3.429      0.175  0.000e+00
      3.481    30.6308   1.361051     6.9748     1.6954     1.4971          0     51.250  33.770628  1000.6641      3.462      0.186  0.000e+00
      3.556    30.5994   1.359319     6.9696     1.6986     1.5017          0     51.500  33.770631  1000.6704      3.537      0.203  0.000e+00
      3.632    30.5765   1.358647     6.9691     1.6999     1.5009          0     51.750  33.770634  1000.6776      3.612      0.215  0.000e+00
      3.697    30.5521   1.354612     6.9501     1.7049     1.6443          0     52.000  33.770637  1000.6715      3.677      0.230  0.000e+00
      3.783    30.5366   1.352801     6.9422     1.7081     1.6474          0     52.250  33.770639  1000.6709      3.763      0.242  0.000e+00
      3.848    30.5353   1.355320     6.9564     1.7046     1.6443          0     52.500  33.770642  1000.6821      3.827      0.256  0.000e+00
      3.881    30.5330   1.358187     6.9726     1.7003     1.6489          0     52.750  33.770645  1000.6950      3.859      0.262  0.000e+00
      3.924    30.5283   1.354900     6.9550     1.7021     1.6375          0     53.000  33.770648  1000.6836      3.902      0.256  0.000e+00
      3.978    30.5254   1.357227     6.9683     1.6951     1.7000          0     53.250  33.770651  1000.6947      3.956      0.249  0.000e+00
      4.032    30.5242   1.372505     7.0533     1.6892     1.7099          0     53.500  33.770654  1000.7584      4.010      0.233  0.000e+00
      4.086    30.5245   1.383673     7.1153     1.6835     1.7031          0     53.750  33.770657  1000.8045      4.063      0.219  0.000e+00
      4.172    30.5250   1.391537     7.1590     1.6786     1.7016          0     54.000  33.770660  1000.8372      4.150      0.218  0.000e+00
      4.291    30.5261   1.399646     7.2039     1.6707     1.7298          0     54.250  33.770663  1000.8707      4.268      0.235  0.000e+00
      4.367    30.5281   1.406438     7.2414     1.6691     1.7283          0     54.500  33.770666  1000.8983      4.343      0.261  0.000e+00
      4.421    30.5310   1.418064     7.3058     1.6622     1.7214          0     54.750  33.770668  1000.9454      4.397      0.284  0.000e+00
      4.497    30.5522   1.421161     7.3199     1.6578     1.7214          0     55.000  33.770671  1000.9495      4.472      0.300  0.000e+00
      4.550    30.6016   1.421535     7.3147     1.6601     1.5932          0     55.250  33.770674  1000.9303      4.525      0.303  0.000e+00
