public/post/ctd_rufiji/SBE19plus_01906740_2018_02_13_0886.cnv
* Sea-Bird SBE19plus  Data File:
* FileName = C:\Users\all user\Desktop\CTD tafiri 2018\SBE19plus_01906740_2018_02_13_0886.hex
* Software version 2.6.3.104
* Temperature SN = 6740
* Conductivity SN = 6740
* System UpLoad Time = Feb 13 2018 13:57:59
* <ApplicationData>
* <Seaterm232>
# nquan = 13
# nvalues = 514                                   
# units = specified
# name 0 = prdM: Pressure, Strain Gauge [db]
# name 1 = tv290C: Temperature [ITS-90, deg C]
# name 2 = c0S/m: Conductivity [S/m]
# name 3 = sal00: Salinity, Practical [PSU]
# name 4 = sbeox0ML/L: Oxygen, SBE 43 [ml/l]
# name 5 = flECO-AFL: Fluorescence, WET Labs ECO-AFL/FL [mg/m^3]
# name 6 = nbf: Bottles Fired
# name 7 = timeS: Time, Elapsed [seconds]
# name 8 = timeJ: Julian Days
# name 9 = density00: Density [density, kg/m^3]
# name 10 = depSM: Depth [salt water, m], lat = 0.00
# name 11 = dz/dtM: Descent Rate [m/s]
# name 12 = flag:  0.000e+00
# span 0 =      0.066,      8.705                 
# span 1 =    29.1025,    30.5848                 
# span 2 =   0.004421,   3.636003                 
# span 3 =     0.0270,    20.5087                 
# span 4 =     1.7087,     4.8417                 
# span 5 =    -0.0693,     3.2099                 
# span 6 =          0,          0                 
# span 7 =      0.000,    128.250                 
# span 8 =  33.725116,  33.726600                 
# span 9 =   995.7021,  1010.8327                 
# span 10 =      0.066,      8.657                
# span 11 =     -0.554,      0.429                
# span 12 = 0.0000e+00, 0.0000e+00                
# interval = seconds: 0.25
# start_time = Feb 02 2018 17:24:10 [Instrument's time stamp, header]
# bad_flag = -9.990e-29
*END*
      0.079    29.1249   0.005172     0.0299     3.7333     2.4958          0      0.000  33.725116   995.9327      0.079 2.6316e-17  0.000e+00
      0.068    29.1284   0.004783     0.0284     3.6595     2.4981          0      0.250  33.725119   995.9305      0.068     -0.003  0.000e+00
      0.068    29.1322   0.004555     0.0275     3.6548     2.5004          0      0.500  33.725122   995.9287      0.068     -0.005  0.000e+00
      0.068    29.1348   0.004481     0.0273     4.8417     2.5042          0      0.750  33.725124   995.9278      0.068     -0.006  0.000e+00
      0.079    29.1374   0.004561     0.0276     3.8878    -0.0281          0      1.000  33.725127   995.9273      0.079     -0.004  0.000e+00
      0.079    29.1401   0.004718     0.0282     3.8619    -0.0273          0      1.250  33.725130   995.9269      0.079     -0.002  0.000e+00
      0.068    29.1419   0.004798     0.0285     3.8602    -0.0357          0      1.500  33.725133   995.9266      0.068     -0.003  0.000e+00
      0.101    29.1428   0.004911     0.0289     3.8177    -0.0281          0      1.750  33.725136   995.9268      0.100      0.006  0.000e+00
      0.079    29.1427   0.005344     0.0306     3.7060     0.3542          0      2.000  33.725139   995.9280      0.079      0.007  0.000e+00
      0.079    29.1412   0.006080     0.0334     3.7846     0.3504          0      2.250  33.725142   995.9306      0.079      0.009  0.000e+00
      0.079    29.1394   0.005899     0.0327     3.2591     0.3565          0      2.500  33.725145   995.9305      0.079      0.007  0.000e+00
      0.090    29.1379   0.005469     0.0310     3.1226     0.3481          0      2.750  33.725148   995.9298      0.090      0.007  0.000e+00
      0.101    29.1347   0.005671     0.0318     3.4604    -0.0296          0      3.000  33.725150   995.9314      0.100      0.008  0.000e+00
      0.068    29.1192   0.006045     0.0333     3.4522    -0.0296          0      3.250  33.725153   995.9369      0.068      0.002  0.000e+00
      0.079    29.1085   0.006552     0.0353     3.3913    -0.0281          0      3.500  33.725156   995.9416      0.079      0.000  0.000e+00
      0.101    29.1037   0.006110     0.0335     3.3577    -0.0288          0      3.750  33.725159   995.9418      0.100      0.000  0.000e+00
      0.069    29.1025   0.005445     0.0310     3.3856    -0.0334          0      4.000  33.725162   995.9401      0.068      0.000  0.000e+00
      0.090    29.1044   0.004688     0.0281     3.4128    -0.0670          0      4.250  33.725165   995.9374      0.090      0.001  0.000e+00
      0.155    29.1818   0.004421     0.0270     3.4962    -0.0647          0      4.500  33.725168   995.9141      0.154      0.018  0.000e+00
      0.198    29.4791   0.005012     0.0292     3.4375    -0.0662          0      4.750  33.725171   995.8280      0.197      0.042  0.000e+00
      0.188    29.7803   0.006686     0.0356     3.4117    -0.0693          0      5.000  33.725174   995.7427      0.187      0.059  0.000e+00
      0.188    29.8930   0.006935     0.0365     3.4470     0.0109          0      5.250  33.725177   995.7095      0.187      0.072  0.000e+00
      0.188    29.9190   0.007063     0.0370     3.4929     0.0070          0      5.500  33.725179   995.7021      0.186      0.069  0.000e+00
      0.263    29.9229   0.011053     0.0528     3.5553     0.0086          0      5.750  33.725182   995.7131      0.262      0.082  0.000e+00
      0.382    29.9972   0.990994     5.0182     3.4608     0.0086          0      6.000  33.725185   999.3942      0.380      0.122  0.000e+00
      0.425    30.1659   0.096574     0.4284     3.5499     0.1924          0      6.250  33.725188   995.9219      0.423      0.143  0.000e+00
      0.447    30.2453   0.388437     1.8377     3.4762     0.1879          0      6.500  33.725191   996.9506      0.445      0.154  0.000e+00
      0.480    30.2768   0.091901     0.4061     3.5334     0.1917          0      6.750  33.725194   995.8717      0.477      0.172  0.000e+00
      0.555    30.3044   0.094825     0.4192     3.4966     0.1901          0      7.000  33.725197   995.8735      0.552      0.202  0.000e+00
      0.588    30.3180   0.174377     0.7895     3.4874     1.4025          0      7.250  33.725200   996.1465      0.585      0.214  0.000e+00
      0.620    30.3240   0.164639     0.7434     3.4898     1.4025          0      7.500  33.725203   996.1103      0.617      0.207  0.000e+00
      0.653    30.3284   0.102186     0.4527     3.4989     1.3956          0      7.750  33.725205   995.8916      0.649      0.180  0.000e+00
      0.674    30.3309   1.550927     8.0822     3.4058     1.4048          0      8.000  33.725208  1001.5681      0.671      0.154  0.000e+00
      0.707    30.3381   1.498865     7.7877     3.4377     1.4040          0      8.250  33.725211  1001.3473      0.703      0.148  0.000e+00
      0.739    30.3449   1.548414     8.0657     3.4595     1.3620          0      8.500  33.725214  1001.5518      0.735      0.144  0.000e+00
      0.783    30.3540   2.675988    14.6327     3.3587     1.3666          0      8.750  33.725217  1006.4242      0.778      0.137  0.000e+00
      0.804    30.3641   1.570336     8.1863     3.4910     1.3651          0      9.000  33.725220  1001.6356      0.800      0.125  0.000e+00
      0.847    30.3764   2.000302    10.6444     3.4547     1.3666          0      9.250  33.725223  1003.4564      0.843      0.128  0.000e+00
      0.858    30.3845   3.213824    17.8813     3.4307     1.3628          0      9.500  33.725226  1008.8281      0.854      0.125  0.000e+00
      0.848    30.3930   3.169010    17.6040     3.5649     1.3666          0      9.750  33.725229  1008.6192      0.843      0.112  0.000e+00
      0.858    30.3981   3.086863    17.1009     3.4506     1.3674          0     10.000  33.725231  1008.2438      0.854      0.097  0.000e+00
      0.912    30.4005   3.060275    16.9382     3.3343     1.3643          0     10.250  33.725234  1008.1223      0.907      0.091  0.000e+00
      0.934    30.4014   3.141658    17.4339     3.2938     1.3391          0     10.500  33.725237  1008.4905      0.929      0.085  0.000e+00
      0.956    30.4039   3.206781    17.8311     3.2685     1.3399          0     10.750  33.725240  1008.7849      0.950      0.081  0.000e+00
      0.967    30.4024   3.168165    17.5955     3.2633     1.3369          0     11.000  33.725243  1008.6103      0.961      0.079  0.000e+00
      0.934    30.3978   3.099617    17.1787     3.2469     1.3422          0     11.250  33.725246  1008.3020      0.929      0.064  0.000e+00
      0.977    30.3945   3.130987    17.3712     3.2268     1.3231          0     11.500  33.725249  1008.4463      0.972      0.066  0.000e+00
      1.042    30.3934   3.287608    18.3305     3.2172     1.3300          0     11.750  33.725252  1009.1599      1.036      0.081  0.000e+00
      1.074    30.3961   3.363054    18.7935     3.2798     1.3292          0     12.000  33.725255  1009.5034      1.069      0.088  0.000e+00
      1.085    30.4110   3.384144    18.9178     3.2840     1.3323          0     12.250  33.725258  1009.5909      1.079      0.086  0.000e+00
      1.020    30.4327   3.406615    19.0479     3.2780     1.3308          0     12.500  33.725260  1009.6803      1.015      0.071  0.000e+00
      0.999    30.4537   3.420898    19.1279     3.3105     1.3086          0     12.750  33.725263  1009.7328      0.993      0.049  0.000e+00
      0.988    30.4657   3.424733    19.1469     3.3199     1.3086          0     13.000  33.725266  1009.7429      0.983      0.027  0.000e+00
      0.999    30.4697   3.414151    19.0801     3.3357     1.3048          0     13.250  33.725269  1009.6920      0.993      0.010  0.000e+00
      1.031    30.4694   3.373960    18.8327     3.3474     1.3079          0     13.500  33.725272  1009.5083      1.025     -0.012  0.000e+00
      1.031    30.4706   3.354035    18.7097     3.3368     1.3224          0     13.750  33.725275  1009.4165      1.026     -0.025  0.000e+00
      1.020    30.4738   3.364716    18.7741     3.3212     1.3178          0     14.000  33.725278  1009.4633      1.015     -0.024  0.000e+00
      1.031    30.4751   3.418644    19.1057     3.3064     1.3193          0     14.250  33.725281  1009.7094      1.025     -0.007  0.000e+00
      1.053    30.4755   3.433200    19.1953     3.2925     1.3170          0     14.500  33.725284  1009.7760      1.047      0.022  0.000e+00
      1.053    30.4753   3.435983    19.2125     3.2877     1.2903          0     14.750  33.725286  1009.7888      1.047      0.031  0.000e+00
      1.074    30.4728   3.434078    19.2017     3.2883     1.2918          0     15.000  33.725289  1009.7818      1.069      0.037  0.000e+00
      1.085    30.4709   3.439534    19.2361     3.2886     1.2926          0     15.250  33.725292  1009.8080      1.079      0.037  0.000e+00
      1.075    30.4745   3.446591    19.2783     3.2946     1.2987          0     15.500  33.725295  1009.8381      1.069      0.031  0.000e+00
      1.085    30.4794   3.450655    19.3014     3.3078     1.3292          0     15.750  33.725298  1009.8537      1.079      0.034  0.000e+00
      1.042    30.4847   3.452173    19.3087     3.3111     1.3300          0     16.000  33.725301  1009.8572      1.036      0.022  0.000e+00
      1.031    30.4906   3.452303    19.3072     3.3275     1.3285          0     16.250  33.725304  1009.8541      1.025      0.002  0.000e+00
      1.020    30.4949   3.452191    19.3048     3.3381     1.3277          0     16.500  33.725307  1009.8509      1.015     -0.017  0.000e+00
      1.053    30.4982   3.452259    19.3039     3.3460     1.3300          0     16.750  33.725310  1009.8493      1.047     -0.020  0.000e+00
      1.139    30.5012   3.451218    19.2963     3.3410     1.3185          0     17.000  33.725313  1009.8431      1.133     -0.000  0.000e+00
      1.215    30.5027   3.449205    19.2833     3.3493     1.3170          0     17.250  33.725315  1009.8333      1.208      0.042  0.000e+00
      1.237    30.5040   3.449985    19.2876     3.3259     1.3132          0     17.500  33.725318  1009.8361      1.230      0.084  0.000e+00
      1.215    30.5077   3.448102    19.2746     3.3208     1.3124          0     17.750  33.725321  1009.8251      1.208      0.106  0.000e+00
      1.183    30.5118   3.452538    19.3003     3.3147     1.3079          0     18.000  33.725324  1009.8427      1.176      0.114  0.000e+00
      1.161    30.5163   3.457980    19.3321     3.3187     1.3002          0     18.250  33.725327  1009.8648      1.155      0.095  0.000e+00
      1.172    30.5201   3.462713    19.3598     3.3399     1.3002          0     18.500  33.725330  1009.8842      1.165      0.068  0.000e+00
      1.183    30.5209   3.464630    19.3713     3.3543     1.3063          0     18.750  33.725333  1009.8925      1.176      0.030  0.000e+00
      1.215    30.5202   3.463538    19.3649     3.3938     1.3018          0     19.000  33.725336  1009.8881      1.208      0.001  0.000e+00
      1.258    30.5209   3.461317    19.3509     3.4051     1.3132          0     19.250  33.725339  1009.8777      1.251      0.002  0.000e+00
      1.269    30.5241   3.460132    19.3423     3.4077     1.3071          0     19.500  33.725341  1009.8703      1.262      0.023  0.000e+00
      1.301    30.5274   3.462452    19.3553     3.3874     1.3079          0     19.750  33.725344  1009.8791      1.294      0.056  0.000e+00
      1.280    30.5285   3.466039    19.3770     3.3702     1.2995          0     20.000  33.725347  1009.8947      1.273      0.072  0.000e+00
      1.280    30.5294   3.465803    19.3752     3.3634     1.3025          0     20.250  33.725350  1009.8931      1.273      0.073  0.000e+00
      1.226    30.5282   3.465685    19.3750     3.3587     1.3025          0     20.500  33.725353  1009.8930      1.219      0.046  0.000e+00
      1.215    30.5259   3.465387    19.3740     3.3560     1.3041          0     20.750  33.725356  1009.8931      1.209      0.015  0.000e+00
      1.183    30.5254   3.462886    19.3588     3.3760     1.3063          0     21.000  33.725359  1009.8818      1.176     -0.024  0.000e+00
      1.183    30.5226   3.460585    19.3457     3.3644     1.2964          0     21.250  33.725362  1009.8729      1.176     -0.052  0.000e+00
      1.183    30.5170   3.461931    19.3562     3.3968     1.2911          0     21.500  33.725365  1009.8826      1.176     -0.064  0.000e+00
      1.194    30.5137   3.463017    19.3642     3.4157     1.2964          0     21.750  33.725367  1009.8896      1.187     -0.064  0.000e+00
      1.194    30.5125   3.463060    19.3650     3.4243     1.2857          0     22.000  33.725370  1009.8906      1.187     -0.048  0.000e+00
      1.237    30.5110   3.466889    19.3891     3.4062     1.2896          0     22.250  33.725373  1009.9093      1.230     -0.021  0.000e+00
      1.258    30.5122   3.469981    19.4078     3.3689     1.2903          0     22.500  33.725376  1009.9228      1.251      0.015  0.000e+00
      1.291    30.5144   3.469937    19.4066     3.3512     1.2903          0     22.750  33.725379  1009.9214      1.284      0.043  0.000e+00
      1.291    30.5173   3.468156    19.3945     3.3321     1.2957          0     23.000  33.725382  1009.9114      1.284      0.063  0.000e+00
      1.280    30.5215   3.459456    19.3392     3.3258     1.3071          0     23.250  33.725385  1009.8689      1.273      0.065  0.000e+00
      1.291    30.5238   3.452494    19.2953     3.3273     1.2987          0     23.500  33.725388  1009.8356      1.284      0.063  0.000e+00
      1.258    30.5268   3.453517    19.3005     3.3328     1.3079          0     23.750  33.725391  1009.8382      1.251      0.044  0.000e+00
      1.182    30.5281   3.459543    19.3371     3.3482     1.3018          0     24.000  33.725394  1009.8648      1.176      0.005  0.000e+00
      1.128    30.5284   3.466976    19.3828     3.3961     1.3025          0     24.250  33.725396  1009.8984      1.122     -0.048  0.000e+00
      1.053    30.5294   3.472241    19.4150     3.4268     1.3338          0     24.500  33.725399  1009.9216      1.047     -0.103  0.000e+00
      1.064    30.5296   3.472272    19.4151     3.4566     1.3315          0     24.750  33.725402  1009.9217      1.058     -0.136  0.000e+00
      1.139    30.5287   3.471918    19.4132     3.5097     1.3262          0     25.000  33.725405  1009.9209      1.133     -0.124  0.000e+00
      1.225    30.5306   3.473577    19.4227     3.5068     1.3285          0     25.250  33.725408  1009.9277      1.219     -0.079  0.000e+00
      1.269    30.5338   3.474421    19.4266     3.4562     1.3254          0     25.500  33.725411  1009.9298      1.262     -0.022  0.000e+00
      1.258    30.5353   3.473819    19.4223     3.3787     1.3292          0     25.750  33.725414  1009.9261      1.251      0.036  0.000e+00
      1.236    30.5351   3.470024    19.3990     3.3146     1.3315          0     26.000  33.725417  1009.9087      1.229      0.080  0.000e+00
      1.193    30.5350   3.461826    19.3485     3.2808     1.3269          0     26.250  33.725420  1009.8710      1.186      0.088  0.000e+00
      1.215    30.5342   3.457397    19.3215     3.2423     1.3079          0     26.500  33.725422  1009.8513      1.208      0.084  0.000e+00
      1.215    30.5170   3.455315    19.3154     3.2043     1.3010          0     26.750  33.725425  1009.8524      1.208      0.049  0.000e+00
      1.258    30.4713   3.453635    19.3229     3.1602     1.3071          0     27.000  33.725428  1009.8732      1.251      0.018  0.000e+00
      1.269    30.4251   3.453301    19.3390     3.1254     1.3025          0     27.250  33.725431  1009.9003      1.262      0.002  0.000e+00
      1.301    30.3988   3.454901    19.3592     3.1175     1.2819          0     27.500  33.725434  1009.9240      1.294      0.015  0.000e+00
