public/post/ctd_rufiji/SBE19plus_01906740_2018_02_13_0914.cnv
* Sea-Bird SBE19plus  Data File:
* FileName = C:\Users\all user\Desktop\CTD tafiri 2018\SBE19plus_01906740_2018_02_13_0914.hex
* Software version 2.6.3.104
* Temperature SN = 6740
* Conductivity SN = 6740
* System UpLoad Time = Feb 13 2018 14:02:54
* <ApplicationData>
* <Seaterm232>
# nquan = 13
# nvalues = 358                                   
# units = specified
# name 0 = prdM: Pressure, Strain Gauge [db]
# name 1 = tv290C: Temperature [ITS-90, deg C]
# name 2 = c0S/m: Conductivity [S/m]
# name 3 = sal00: Salinity, Practical [PSU]
# name 4 = sbeox0ML/L: Oxygen, SBE 43 [ml/l]
# name 5 = flECO-AFL: Fluorescence, WET Labs ECO-AFL/FL [mg/m^3]
# name 6 = nbf: Bottles Fired
# name 7 = timeS: Time, Elapsed [seconds]
# name 8 = timeJ: Julian Days
# name 9 = density00: Density [density, kg/m^3]
# name 10 = depSM: Depth [salt water, m], lat = 0.00
# name 11 = dz/dtM: Descent Rate [m/s]
# name 12 = flag:  0.000e+00
# span 0 =      0.133,      2.500                 
# span 1 =    29.3604,    30.7451                 
# span 2 =   0.000773,   0.013968                 
# span 3 =     0.0147,     0.0640                 
# span 4 =     0.4695,     7.2516                 
# span 5 =    -0.0700,     1.7984                 
# span 6 =          0,          0                 
# span 7 =      0.000,     89.250                 
# span 8 =  34.286910,  34.287943                 
# span 9 =   995.4748,   995.8552                 
# span 10 =      0.132,      2.486                
# span 11 =     -0.507,      0.316                
# span 12 = 0.0000e+00, 0.0000e+00                
# interval = seconds: 0.25
# start_time = Feb 03 2018 06:53:09 [Instrument's time stamp, header]
# bad_flag = -9.990e-29
*END*
[from data line 334]
      1.041    30.7386   0.013926     0.0637     4.5629     1.4421          0     83.500  34.287876   995.4761      1.035     -0.407  0.000e+00
      0.976    30.7254   0.013935     0.0638     4.4668     1.4513          0     83.750  34.287879   995.4799      0.970     -0.478  0.000e+00
      0.943    30.7143   0.013926     0.0638     7.1297     1.4338          0     84.000  34.287882   995.4831      0.938     -0.507  0.000e+00
      0.879    30.7096   0.013935     0.0638     3.1069     1.4414          0     84.250  34.287885   995.4843      0.874     -0.505  0.000e+00
      0.781    30.7083   0.013926     0.0638     7.2516     1.4360          0     84.500  34.287888   995.4843      0.777     -0.471  0.000e+00
      0.705    30.7089   0.013908     0.0637     2.8330     1.4353          0     84.750  34.287891   995.4837      0.702     -0.412  0.000e+00
      0.662    30.7016   0.013902     0.0637     2.0127     1.4292          0     85.000  34.287894   995.4857      0.659     -0.339  0.000e+00
      0.662    30.6825   0.013896     0.0637     1.3118     1.4208          0     85.250  34.287896   995.4916      0.659     -0.267  0.000e+00
      0.705    30.6629   0.013896     0.0637     0.6097     1.4154          0     85.500  34.287899   995.4979      0.702     -0.201  0.000e+00
      0.716    30.6503   0.013914     0.0638     0.5173     1.4208          0     85.750  34.287902   995.5018      0.712     -0.154  0.000e+00
      0.760    30.6397   0.013923     0.0638     0.4695     1.4284          0     86.000  34.287905   995.5053      0.755     -0.094  0.000e+00
      0.770    30.6293   0.013929     0.0639     1.2191     1.4391          0     86.250  34.287908   995.5086      0.766     -0.029  0.000e+00
      0.662    30.6335   0.013935     0.0639     1.0253     1.4391          0     86.500  34.287911   995.5069      0.659     -0.002  0.000e+00
      0.565    30.6523   0.013929     0.0638     4.3218     1.4322          0     86.750  34.287914   995.5006      0.562     -0.019  0.000e+00
      0.392    30.6689   0.013926     0.0638     2.5772     1.4238          0     87.000  34.287917   995.4947      0.390     -0.094  0.000e+00
      0.230    30.6820   0.013914     0.0638     3.5535     1.7931          0     87.250  34.287920   995.4899      0.229     -0.205  0.000e+00
      0.143    30.6710   0.013914     0.0638     2.3444     1.7954          0     87.500  34.287922   995.4929      0.143     -0.310  0.000e+00
      0.143    30.6427   0.010800     0.0513     2.1824     1.7954          0     87.750  34.287925   995.4923      0.143     -0.366  0.000e+00
      0.133    30.6246   0.002657     0.0207     2.0041     1.7984          0     88.000  34.287928   995.4748      0.132     -0.384  0.000e+00
      0.165    30.5722   0.001641     0.0173     3.1300    -0.0097          0     88.250  34.287931   995.4885      0.164     -0.340  0.000e+00
      0.154    30.4731   0.001365     0.0165     4.0113    -0.0052          0     88.500  34.287934   995.5182      0.153     -0.256  0.000e+00
      0.154    30.3530   0.001158     0.0158     3.2843    -0.0059          0     88.750  34.287937   995.5544      0.153     -0.166  0.000e+00
      0.154    30.2242   0.001052     0.0155     4.1098    -0.0143          0     89.000  34.287940   995.5934      0.153     -0.076  0.000e+00
      0.154    30.0915   0.000773     0.0147     4.4787    -0.0303          0     89.250  34.287943   995.6330      0.153     -0.015  0.000e+00
