public/post/ctd_rufiji/SBE19plus_01906740_2018_02_13_0899.cnv
* Sea-Bird SBE19plus  Data File:
* FileName = C:\Users\all user\Desktop\CTD tafiri 2018\SBE19plus_01906740_2018_02_13_0899.hex
* Software version 2.6.3.104
* Temperature SN = 6740
* Conductivity SN = 6740
* System UpLoad Time = Feb 13 2018 14:00:23
* <ApplicationData>
* <Seaterm232>
# nquan = 13
# nvalues = 471                                   
# units = specified
# name 0 = prdM: Pressure, Strain Gauge [db]
# name 1 = tv290C: Temperature [ITS-90, deg C]
# name 2 = c0S/m: Conductivity [S/m]
# name 3 = sal00: Salinity, Practical [PSU]
# name 4 = sbeox0ML/L: Oxygen, SBE 43 [ml/l]
# name 5 = flECO-AFL: Fluorescence, WET Labs ECO-AFL/FL [mg/m^3]
# name 6 = nbf: Bottles Fired
# name 7 = timeS: Time, Elapsed [seconds]
# name 8 = timeJ: Julian Days
# name 9 = density00: Density [density, kg/m^3]
# name 10 = depSM: Depth [salt water, m], lat = 0.00
# name 11 = dz/dtM: Descent Rate [m/s]
# name 12 = flag:  0.000e+00
# span 0 =      0.083,      8.981                 
# span 1 =    30.1928,    30.9699                 
# span 2 =   0.128314,   1.347370                 
# span 3 =     0.5741,     6.8554                 
# span 4 =     0.5487,     5.6045                 
# span 5 =    -0.0471,     2.2356                 
# span 6 =          0,          0                 
# span 7 =      0.000,    117.500                 
# span 8 =  33.781528,  33.782888                 
# span 9 =   995.8784,  1000.4992                 
# span 10 =      0.083,      8.932                
# span 11 =     -0.603,      0.406                
# span 12 = 0.0000e+00, 0.0000e+00                
# interval = seconds: 0.25
# start_time = Feb 02 2018 18:45:24 [Instrument's time stamp, header]
# bad_flag = -9.990e-29
*END*
[from data line 223]
      1.316    30.5074   0.323040     1.5041     1.5238     1.4597          0     55.750  33.782173   996.6252      1.309      0.101  0.000e+00
      1.370    30.5070   0.323559     1.5067     1.5261     1.4643          0     56.000  33.782176   996.6275      1.363      0.138  0.000e+00
      1.435    30.5100   0.323515     1.5064     1.5259     1.2781          0     56.250  33.782179   996.6266      1.427      0.174  0.000e+00
      1.511    30.5186   0.323298     1.5051     1.5243     1.2766          0     56.500  33.782182   996.6233      1.502      0.206  0.000e+00
      1.586    30.5377   0.323098     1.5035     1.5260     1.2712          0     56.750  33.782185   996.6166      1.578      0.234  0.000e+00
      1.630    30.5562   0.323254     1.5037     1.5254     1.2720          0     57.000  33.782187   996.6112      1.621      0.242  0.000e+00
      1.684    30.5742   0.323925     1.5065     1.5316     1.2712          0     57.250  33.782190   996.6080      1.674      0.248  0.000e+00
      1.716    30.6072   0.325303     1.5123     1.5285     1.2003          0     57.500  33.782193   996.6023      1.707      0.242  0.000e+00
      1.803    30.6514   0.327552     1.5220     1.5315     1.2094          0     57.750  33.782196   996.5962      1.793      0.240  0.000e+00
      1.857    30.6898   0.328558     1.5258     1.5330     1.2064          0     58.000  33.782199   996.5874      1.846      0.237  0.000e+00
      1.911    30.7138   0.324461     1.5050     1.5537     1.2079          0     58.250  33.782202   996.5647      1.900      0.231  0.000e+00
      1.954    30.7221   0.323199     1.4985     1.5637     1.1522          0     58.500  33.782205   996.5575      1.943      0.221  0.000e+00
      2.019    30.7362   0.324716     1.5055     1.5882     1.1522          0     58.750  33.782208   996.5586      2.008      0.220  0.000e+00
      2.095    30.7501   0.326111     1.5120     1.6054     1.1553          0     59.000  33.782211   996.5595      2.083      0.230  0.000e+00
      2.170    30.7577   0.328571     1.5238     1.6176     1.1530          0     59.250  33.782214   996.5663      2.158      0.241  0.000e+00
      2.246    30.7629   0.330196     1.5316     1.6358     1.1156          0     59.500  33.782216   996.5708      2.234      0.254  0.000e+00
      2.311    30.7685   0.329697     1.5290     1.6518     1.1255          0     59.750  33.782219   996.5674      2.298      0.257  0.000e+00
      2.386    30.7737   0.327847     1.5198     1.6590     1.1187          0     60.000  33.782222   996.5592      2.373      0.270  0.000e+00
      2.441    30.7758   0.326607     1.5136     1.6664     1.1202          0     60.250  33.782225   996.5543      2.427      0.277  0.000e+00
      2.484    30.7761   0.325605     1.5087     1.6672     1.1507          0     60.500  33.782228   996.5507      2.470      0.274  0.000e+00
      2.538    30.7750   0.325860     1.5100     1.6630     1.1538          0     60.750  33.782231   996.5522      2.524      0.262  0.000e+00
      2.592    30.7734   0.327545     1.5183     1.6727     1.1583          0     61.000  33.782234   996.5592      2.578      0.247  0.000e+00
      2.657    30.7722   0.329251     1.5267     1.6704     1.1522          0     61.250  33.782237   996.5661      2.642      0.236  0.000e+00
      2.722    30.7720   0.330758     1.5341     1.6668     1.1606          0     61.500  33.782240   996.5719      2.707      0.230  0.000e+00
      2.787    30.7732   0.330401     1.5323     1.6721     1.2438          0     61.750  33.782242   996.5705      2.771      0.230  0.000e+00
      2.884    30.7746   0.329125     1.5260     1.6613     1.2377          0     62.000  33.782245   996.5658      2.868      0.241  0.000e+00
      2.992    30.7746   0.328187     1.5214     1.6666     1.2423          0     62.250  33.782248   996.5629      2.976      0.269  0.000e+00
      3.068    30.7738   0.330285     1.5317     1.6649     1.2453          0     62.500  33.782251   996.5711      3.051      0.294  0.000e+00
      3.111    30.7731   0.333436     1.5472     1.6606     1.2560          0     62.750  33.782254   996.5831      3.094      0.304  0.000e+00
      3.133    30.7732   0.334622     1.5530     1.6534     1.2506          0     63.000  33.782257   996.5875      3.116      0.295  0.000e+00
      3.230    30.7744   0.335691     1.5582     1.6539     1.2552          0     63.250  33.782260   996.5914      3.212      0.291  0.000e+00
      3.306    30.7779   0.338320     1.5710     1.6486     1.2491          0     63.500  33.782263   996.6002      3.288      0.286  0.000e+00
      3.338    30.7821   0.352243     1.6393     1.6428     1.5009          0     63.750  33.782266   996.6500      3.320      0.268  0.000e+00
      3.392    30.7931   0.364576     1.6997     1.6442     1.4933          0     64.000  33.782269   996.6918      3.374      0.244  0.000e+00
      3.479    30.8090   0.379534     1.7731     1.6380     1.4963          0     64.250  33.782271   996.7420      3.460      0.236  0.000e+00
      3.598    30.8263   0.390980     1.8292     1.6436     1.5017          0     64.500  33.782274   996.7789      3.578      0.257  0.000e+00
      3.673    30.8398   0.408372     1.9150     1.6516     1.7962          0     64.750  33.782277   996.8390      3.653      0.282  0.000e+00
      3.727    30.8515   0.445129     2.0979     1.6569     1.8015          0     65.000  33.782280   996.9718      3.707      0.295  0.000e+00
      3.792    30.8663   0.493698     2.3412     1.6591     1.8007          0     65.250  33.782283   997.1487      3.771      0.293  0.000e+00
      3.857    30.8799   0.559237     2.6727     1.6622     1.7962          0     65.500  33.782286   997.3914      3.836      0.296  0.000e+00
      3.900    30.8914   0.637024     3.0702     1.6723     1.8007          0     65.750  33.782289   997.6837      3.879      0.293  0.000e+00
      3.965    30.9009   0.743912     3.6231     1.6762     1.8335          0     66.000  33.782292   998.0921      3.943      0.280  0.000e+00
      4.052    30.9098   0.852699     4.1928     1.6793     1.8389          0     66.250  33.782295   998.5130      4.029      0.265  0.000e+00
      4.171    30.9192   0.933924     4.6219     1.6856     1.8366          0     66.500  33.782297   998.8294      4.148      0.267  0.000e+00
      4.235    30.9287   0.991526     4.9280     1.7004     1.8351          0     66.750  33.782300   999.0540      4.212      0.280  0.000e+00
      4.322    30.9376   1.023211     5.0966     1.7214     1.8976          0     67.000  33.782303   999.1768      4.298      0.299  0.000e+00
      4.354    30.9452   1.064328     5.3165     1.7448     1.8961          0     67.250  33.782306   999.3377      4.330      0.301  0.000e+00
      4.387    30.9507   1.096276     5.4878     1.7691     1.8908          0     67.500  33.782309   999.4634      4.363      0.292  0.000e+00
      4.462    30.9538   1.113532     5.5806     1.8023     1.8961          0     67.750  33.782312   999.5316      4.438      0.285  0.000e+00
      4.538    30.9560   1.134725     5.6948     1.8249     2.0075          0     68.000  33.782315   999.6160      4.513      0.272  0.000e+00
      4.614    30.9576   1.157701     5.8189     1.8558     2.0037          0     68.250  33.782318   999.7080      4.588      0.258  0.000e+00
      4.689    30.9585   1.168901     5.8795     1.8852     2.0052          0     68.500  33.782321   999.7530      4.664      0.250  0.000e+00
      4.797    30.9589   1.178547     5.9318     1.8938     2.0090          0     68.750  33.782323   999.7921      4.771      0.268  0.000e+00
      4.873    30.9585   1.175630     5.9160     1.9092     2.0083          0     69.000  33.782326   999.7809      4.846      0.286  0.000e+00
      4.949    30.9591   1.177221     5.9246     1.9198     2.1235          0     69.250  33.782329   999.7873      4.921      0.311  0.000e+00
      5.024    30.9600   1.182699     5.9542     1.9331     2.1296          0     69.500  33.782332   999.8094      4.997      0.324  0.000e+00
      5.089    30.9599   1.181892     5.9498     1.9389     2.1265          0     69.750  33.782335   999.8065      5.061      0.321  0.000e+00
      5.198    30.9598   1.178213     5.9299     1.9369     2.1250          0     70.000  33.782338   999.7922      5.169      0.326  0.000e+00
      5.262    30.9591   1.183207     5.9570     1.9455     2.1662          0     70.250  33.782341   999.8128      5.233      0.324  0.000e+00
      5.338    30.9588   1.188132     5.9838     1.9516     2.1753          0     70.500  33.782344   999.8331      5.309      0.319  0.000e+00
      5.403    30.9591   1.200927     6.0533     1.9491     2.1830          0     70.750  33.782347   999.8849      5.373      0.308  0.000e+00
      5.489    30.9606   1.220153     6.1577     1.9510     2.1753          0     71.000  33.782350   999.9623      5.459      0.309  0.000e+00
      5.565    30.9621   1.238798     6.2590     1.9461     2.1502          0     71.250  33.782352  1000.0373      5.535      0.309  0.000e+00
      5.630    30.9638   1.245713     6.2965     1.9438     2.1502          0     71.500  33.782355  1000.0649      5.599      0.305  0.000e+00
      5.727    30.9653   1.252471     6.3332     1.9429     2.1517          0     71.750  33.782358  1000.0921      5.696      0.307  0.000e+00
      5.814    30.9663   1.258241     6.3646     1.9520     2.1547          0     72.000  33.782361  1000.1154      5.782      0.307  0.000e+00
      5.879    30.9670   1.262869     6.3897     1.9519     2.1883          0     72.250  33.782364  1000.1342      5.846      0.312  0.000e+00
      5.922    30.9677   1.269435     6.4255     1.9507     2.1944          0     72.500  33.782367  1000.1607      5.889      0.305  0.000e+00
      5.987    30.9685   1.273238     6.4462     1.9608     2.1914          0     72.750  33.782370  1000.1761      5.954      0.296  0.000e+00
      6.073    30.9691   1.275984     6.4611     1.9629     2.1822          0     73.000  33.782373  1000.1873      6.040      0.289  0.000e+00
      6.171    30.9699   1.281181     6.4894     1.9683     2.1837          0     73.250  33.782376  1000.2085      6.137      0.292  0.000e+00
      6.268    30.9699   1.287476     6.5238     1.9693     2.1509          0     73.500  33.782378  1000.2345      6.233      0.301  0.000e+00
      6.333    30.9690   1.292819     6.5532     1.9591     2.1509          0     73.750  33.782381  1000.2568      6.298      0.301  0.000e+00
      6.397    30.9684   1.300586     6.5958     1.9546     2.1547          0     74.000  33.782384  1000.2889      6.362      0.305  0.000e+00
      6.441    30.9674   1.310897     6.6524     1.9541     2.1456          0     74.250  33.782387  1000.3314      6.405      0.304  0.000e+00
      6.462    30.9662   1.318744     6.6956     1.9538     2.1784          0     74.500  33.782390  1000.3639      6.427      0.289  0.000e+00
      6.473    30.9652   1.324002     6.7245     1.9554     2.1761          0     74.750  33.782393  1000.3858      6.437      0.252  0.000e+00
      6.549    30.9646   1.323872     6.7239     1.9587     2.1738          0     75.000  33.782396  1000.3858      6.513      0.221  0.000e+00
      6.668    30.9640   1.332414     6.7709     1.9629     2.1776          0     75.250  33.782399  1000.4214      6.631      0.212  0.000e+00
      6.765    30.9627   1.322655     6.7175     1.9647     2.1265          0     75.500  33.782402  1000.3826      6.728      0.222  0.000e+00
      6.873    30.9600   1.311237     6.6552     1.9666     2.1387          0     75.750  33.782405  1000.3378      6.835      0.254  0.000e+00
      6.927    30.9578   1.303960     6.6156     1.9631     2.1380          0     76.000  33.782407  1000.3093      6.889      0.281  0.000e+00
      6.981    30.9557   1.281789     6.4945     1.9561     2.1364          0     76.250  33.782410  1000.2204      6.943      0.305  0.000e+00
      7.014    30.9532   1.241208     6.2732     1.9626     2.2165          0     76.500  33.782413  1000.0571      6.975      0.313  0.000e+00
      7.079    30.9515   1.209351     6.0999     1.9660     2.2287          0     76.750  33.782416   999.9293      7.040      0.307  0.000e+00
      7.155    30.9502   1.204306     6.0726     1.9681     2.2196          0     77.000  33.782419   999.9098      7.115      0.284  0.000e+00
      7.252    30.9495   1.225194     6.1864     1.9703     2.2234          0     77.250  33.782422   999.9949      7.212      0.267  0.000e+00
      7.349    30.9488   1.249271     6.3177     1.9765     2.2219          0     77.500  33.782425  1000.0930      7.309      0.268  0.000e+00
      7.468    30.9485   1.283693     6.5059     1.9789     2.1807          0     77.750  33.782428  1000.2332      7.427      0.288  0.000e+00
      7.587    30.9479   1.299032     6.5899     1.9796     2.1853          0     78.000  33.782431  1000.2963      7.545      0.329  0.000e+00
      7.641    30.9479   1.305761     6.6268     1.9789     2.1868          0     78.250  33.782433  1000.3239      7.599      0.355  0.000e+00
      7.684    30.9486   1.306377     6.6300     1.9796     2.1837          0     78.500  33.782436  1000.3263      7.642      0.363  0.000e+00
      7.728    30.9486   1.306390     6.6301     1.9835     1.9808          0     78.750  33.782439  1000.3265      7.685      0.347  0.000e+00
      7.771    30.9483   1.306636     6.6315     1.9869     1.9892          0     79.000  33.782442  1000.3278      7.728      0.316  0.000e+00
      7.846    30.9481   1.308541     6.6420     1.9915     1.9838          0     79.250  33.782445  1000.3360      7.803      0.284  0.000e+00
      7.933    30.9479   1.310125     6.6507     1.9970     1.9808          0     79.500  33.782448  1000.3429      7.889      0.262  0.000e+00
      8.041    30.9475   1.311304     6.6572     1.9983     1.9365          0     79.750  33.782451  1000.3483      7.997      0.255  0.000e+00
      8.171    30.9468   1.313653     6.6702     1.9987     1.9266          0     80.000  33.782454  1000.3588      8.126      0.277  0.000e+00
      8.290    30.9457   1.315195     6.6787     1.9951     1.9350          0     80.250  33.782457  1000.3660      8.244      0.323  0.000e+00
      8.376    30.9450   1.320256     6.7066     1.9906     1.9373          0     80.500  33.782459  1000.3873      8.330      0.363  0.000e+00
      8.463    30.9450   1.325006     6.7327     1.9826     1.8206          0     80.750  33.782462  1000.4070      8.416      0.392  0.000e+00
      8.549    30.9455   1.329625     6.7579     1.9783     1.8190          0     81.000  33.782465  1000.4260      8.502      0.406  0.000e+00
      8.646    30.9458   1.338312     6.8056     1.9785     1.8206          0     81.250  33.782468  1000.4616      8.599      0.406  0.000e+00
      8.744    30.9457   1.343830     6.8359     1.9815     1.8267          0     81.500  33.782471  1000.4846      8.695      0.399  0.000e+00
      8.808    30.9459   1.347370     6.8554     1.9818     1.8198          0     81.750  33.782474  1000.4992      8.760      0.378  0.000e+00
      8.895    30.9461   1.333325     6.7781     1.9814     1.7618          0     82.000  33.782477  1000.4423      8.846      0.358  0.000e+00
      8.927    30.9460   1.293789     6.5614     1.9880     1.7588          0     82.250  33.782480  1000.2816      8.878      0.333  0.000e+00
      8.949    30.9463   1.259875     6.3759     1.9894     1.7641          0     82.500  33.782483  1000.1440      8.900      0.303  0.000e+00
      8.960    30.9457   1.241147     6.2737     1.9900     1.7618          0     82.750  33.782486  1000.0684      8.910      0.260  0.000e+00
      8.960    30.9450   1.233910     6.2344     1.9895     1.6794          0     83.000  33.782488  1000.0394      8.910      0.208  0.000e+00
