public/post/ctd_rufiji/SBE19plus_01906740_2018_02_13_0888.cnv
* Sea-Bird SBE19plus  Data File:
* FileName = C:\Users\all user\Desktop\CTD tafiri 2018\SBE19plus_01906740_2018_02_13_0888.hex
* Software version 2.6.3.104
* Temperature SN = 6740
* Conductivity SN = 6740
* System UpLoad Time = Feb 13 2018 13:58:20
* <ApplicationData>
* <Seaterm232>
# nquan = 13
# nvalues = 368                                   
# units = specified
# name 0 = prdM: Pressure, Strain Gauge [db]
# name 1 = tv290C: Temperature [ITS-90, deg C]
# name 2 = c0S/m: Conductivity [S/m]
# name 3 = sal00: Salinity, Practical [PSU]
# name 4 = sbeox0ML/L: Oxygen, SBE 43 [ml/l]
# name 5 = flECO-AFL: Fluorescence, WET Labs ECO-AFL/FL [mg/m^3]
# name 6 = nbf: Bottles Fired
# name 7 = timeS: Time, Elapsed [seconds]
# name 8 = timeJ: Julian Days
# name 9 = density00: Density [density, kg/m^3]
# name 10 = depSM: Depth [salt water, m], lat = 0.00
# name 11 = dz/dtM: Descent Rate [m/s]
# name 12 = flag:  0.000e+00
# span 0 =      0.071,      2.471                 
# span 1 =    30.1673,    31.0026                 
# span 2 =   0.073070,   2.049203                 
# span 3 =     0.3171,    10.8340                 
# span 4 =     1.6611,     3.7322                 
# span 5 =    -0.1776,     1.7839                 
# span 6 =          0,          0                 
# span 7 =      0.000,     91.750                 
# span 8 =  33.736377,  33.737439                 
# span 9 =   995.6029,  1003.4676                 
# span 10 =      0.070,      2.457                
# span 11 =     -0.417,      0.245                
# span 12 = 0.0000e+00, 0.0000e+00                
# interval = seconds: 0.25
# start_time = Feb 02 2018 17:40:23 [Instrument's time stamp, header]
# bad_flag = -9.990e-29
*END*
[from data line 223]
      1.282    30.1930   0.490403     2.3561     2.3209     1.7275          0     55.750  33.737023   997.3568      1.275      0.170  0.000e+00
      1.315    30.1896   0.489814     2.3532     2.1185     1.7336          0     56.000  33.737025   997.3558      1.307      0.155  0.000e+00
      1.347    30.1853   0.489627     2.3525     1.8374     1.7221          0     56.250  33.737028   997.3567      1.340      0.139  0.000e+00
      1.401    30.1810   0.488300     2.3459     2.0520     1.7145          0     56.500  33.737031   997.3534      1.394      0.133  0.000e+00
      1.466    30.1784   0.488185     2.3454     1.9256     1.7183          0     56.750  33.737034   997.3541      1.458      0.138  0.000e+00
      1.488    30.1770   0.487779     2.3434     1.7720     1.7244          0     57.000  33.737037   997.3531      1.479      0.144  0.000e+00
      1.531    30.1723   0.486813     2.3387     1.6611     1.7183          0     57.250  33.737040   997.3512      1.522      0.151  0.000e+00
      1.574    30.1681   0.485635     2.3329     2.2797     1.6626          0     57.500  33.737043   997.3484      1.565      0.164  0.000e+00
      1.617    30.1673   0.484142     2.3253     1.9564     1.6672          0     57.750  33.737046   997.3432      1.608      0.171  0.000e+00
      1.682    30.1701   0.481319     2.3108     1.9854     1.6588          0     58.000  33.737049   997.3318      1.673      0.179  0.000e+00
      1.747    30.1756   0.479466     2.3010     2.0792     1.6604          0     58.250  33.737052   997.3231      1.737      0.189  0.000e+00
      1.801    30.1782   0.478835     2.2977     2.1050     1.5619          0     58.500  33.737054   997.3201      1.791      0.195  0.000e+00
      1.834    30.1753   0.477593     2.2915     2.1213     1.5589          0     58.750  33.737057   997.3165      1.823      0.197  0.000e+00
      1.877    30.1699   0.475989     2.2836     2.0156     1.5642          0     59.000  33.737060   997.3124      1.867      0.203  0.000e+00
      1.920    30.1677   0.475001     2.2786     1.8750     1.5703          0     59.250  33.737063   997.3096      1.909      0.201  0.000e+00
      1.974    30.1679   0.481176     2.3101     1.9839     1.3552          0     59.500  33.737066   997.3333      1.963      0.199  0.000e+00
      2.050    30.1700   0.487183     2.3407     2.0280     1.3559          0     59.750  33.737069   997.3557      2.039      0.202  0.000e+00
      2.104    30.1728   0.487891     2.3442     2.1301     1.3559          0     60.000  33.737072   997.3577      2.092      0.202  0.000e+00
      2.169    30.1926   0.489533     2.3516     2.0494     1.3552          0     60.250  33.737075   997.3575      2.157      0.208  0.000e+00
      2.244    30.2279   0.525212     2.5326     2.0168     1.2308          0     60.500  33.737078   997.4819      2.232      0.224  0.000e+00
      2.320    30.2754   1.108023     5.6269     2.3508     1.2339          0     60.750  33.737080   999.7692      2.308      0.245  0.000e+00
      2.331    30.3992   1.764550     9.2833     2.5710     1.2354          0     61.000  33.737083  1002.4456      2.318      0.245  0.000e+00
      2.320    30.5582   1.828038     9.6158     2.5236     1.2377          0     61.250  33.737086  1002.6419      2.307      0.223  0.000e+00
      2.353    30.6693   1.798319     9.4250     2.4066     1.2369          0     61.500  33.737089  1002.4652      2.340      0.195  0.000e+00
      2.374    30.7330   1.852902     9.7238     2.3572     1.2918          0     61.750  33.737092  1002.6666      2.361      0.162  0.000e+00
      2.363    30.7661   1.890088     9.9295     2.5691     1.2926          0     62.000  33.737095  1002.8086      2.350      0.125  0.000e+00
      2.353    30.7825   1.884945     9.8969     2.3838     1.2911          0     62.250  33.737098  1002.7792      2.340      0.081  0.000e+00
      2.342    30.7902   1.913634    10.0592     2.3516     1.2957          0     62.500  33.737101  1002.8970      2.329      0.040  0.000e+00
      2.364    30.7938   1.890073     9.9239     2.3501     1.3056          0     62.750  33.737104  1002.7956      2.351      0.019  0.000e+00
      2.342    30.7958   1.936596    10.1894     2.3456     1.3025          0     63.000  33.737106  1002.9918      2.329      0.009  0.000e+00
      2.342    30.7965   1.900266     9.9816     2.3847     1.3079          0     63.250  33.737109  1002.8374      2.329      0.001  0.000e+00
      2.353    30.7967   1.857569     9.7380     2.2839     1.3048          0     63.500  33.737112  1002.6567      2.340     -0.009  0.000e+00
      2.374    30.7983   1.752403     9.1403     2.2352     1.3521          0     63.750  33.737115  1002.2129      2.361     -0.004  0.000e+00
      2.385    30.8013   1.760006     9.1828     2.1359     1.3590          0     64.000  33.737118  1002.2436      2.372      0.010  0.000e+00
      2.396    30.8033   1.760757     9.1867     2.3111     1.3582          0     64.250  33.737121  1002.2459      2.383      0.022  0.000e+00
      2.428    30.8039   1.791203     9.3592     2.3420     1.3506          0     64.500  33.737124  1002.3738      2.415      0.037  0.000e+00
      2.428    30.8038   1.854062     9.7166     2.3350     1.3033          0     64.750  33.737127  1002.6389      2.415      0.044  0.000e+00
      2.428    30.8028   1.847564     9.6798     2.3313     1.3033          0     65.000  33.737130  1002.6119      2.415      0.052  0.000e+00
      2.396    30.8017   1.826699     9.5613     2.3351     1.3079          0     65.250  33.737133  1002.5243      2.383      0.040  0.000e+00
      2.385    30.8010   1.803069     9.4271     2.3543     1.3025          0     65.500  33.737135  1002.4249      2.372      0.021  0.000e+00
      2.374    30.8013   1.800824     9.4143     2.3411     1.3063          0     65.750  33.737138  1002.4152      2.361     -0.000  0.000e+00
      2.363    30.8018   1.820371     9.5253     2.3046     1.3208          0     66.000  33.737141  1002.4974      2.350     -0.018  0.000e+00
      2.374    30.8017   1.813330     9.4853     2.2446     1.3208          0     66.250  33.737144  1002.4678      2.361     -0.029  0.000e+00
      2.396    30.8017   1.855450     9.7249     2.2356     1.3254          0     66.500  33.737147  1002.6456      2.383     -0.030  0.000e+00
      2.385    30.8009   1.882946     9.8818     2.2106     1.3163          0     66.750  33.737150  1002.7622      2.372     -0.022  0.000e+00
      2.417    30.8002   1.913979    10.0592     2.2263     1.3147          0     67.000  33.737153  1002.8942      2.404     -0.004  0.000e+00
      2.417    30.7993   1.861247     9.7584     2.2505     1.3201          0     67.250  33.737156  1002.6713      2.404      0.016  0.000e+00
      2.417    30.7992   1.892119     9.9345     2.2402     1.3155          0     67.500  33.737159  1002.8020      2.404      0.025  0.000e+00
      2.417    30.7976   1.831829     9.5912     2.2514     1.3193          0     67.750  33.737161  1002.5479      2.404      0.029  0.000e+00
      2.385    30.7956   1.824336     9.5490     2.2479     1.3628          0     68.000  33.737164  1002.5170      2.372      0.019  0.000e+00
      2.406    30.7967   1.809349     9.4636     2.2246     1.3674          0     68.250  33.737167  1002.4534      2.393      0.011  0.000e+00
      2.396    30.7994   1.799934     9.4096     2.2206     1.3727          0     68.500  33.737170  1002.4125      2.382     -0.000  0.000e+00
      2.417    30.8014   1.816364     9.5026     2.1796     1.3643          0     68.750  33.737173  1002.4809      2.404      0.001  0.000e+00
      2.461    30.8027   1.833524     9.5999     2.1613     1.3636          0     69.000  33.737176  1002.5528      2.447      0.008  0.000e+00
      2.428    30.8024   1.931176    10.1571     2.0006     1.4544          0     69.250  33.737179  1002.9661      2.415      0.012  0.000e+00
      2.450    30.8008   1.876963     9.8477     2.0161     1.4528          0     69.500  33.737182  1002.7372      2.436      0.022  0.000e+00
      2.450    30.8003   1.859539     9.7485     2.0350     1.4589          0     69.750  33.737185  1002.6638      2.436      0.029  0.000e+00
      2.450    30.8006   1.859524     9.7483     2.0430     1.4528          0     70.000  33.737187  1002.6636      2.436      0.034  0.000e+00
      2.450    30.8008   1.895569     9.9539     2.0942     1.5299          0     70.250  33.737190  1002.8160      2.436      0.026  0.000e+00
      2.460    30.8001   1.921380    10.1015     2.1417     1.5215          0     70.500  33.737193  1002.9258      2.447      0.024  0.000e+00
      2.460    30.7991   1.929578    10.1486     2.1555     1.5314          0     70.750  33.737196  1002.9610      2.447      0.014  0.000e+00
      2.450    30.7992   1.881571     9.8743     2.1804     1.5329          0     71.000  33.737199  1002.7575      2.436      0.005  0.000e+00
      2.374    30.7998   1.841287     9.6446     2.1961     1.4513          0     71.250  33.737202  1002.5866      2.361     -0.012  0.000e+00
      2.374    30.8008   1.809550     9.4640     2.1651     1.4566          0     71.500  33.737205  1002.4522      2.361     -0.035  0.000e+00
      2.395    30.8054   1.831814     9.5897     2.1267     1.4528          0     71.750  33.737208  1002.5441      2.382     -0.040  0.000e+00
      2.417    30.8225   1.844395     9.6579     2.1759     1.4528          0     72.000  33.737211  1002.5894      2.404     -0.037  0.000e+00
      2.439    30.8339   1.889903     9.9150     2.1607     1.3681          0     72.250  33.737214  1002.7765      2.425     -0.025  0.000e+00
      2.471    30.8328   1.941849    10.2119     2.1598     1.3712          0     72.500  33.737216  1002.9972      2.457     -0.004  0.000e+00
      2.428    30.8272   1.894815     9.9443     2.1869     1.3636          0     72.750  33.737219  1002.8004      2.414      0.007  0.000e+00
      2.428    30.8200   1.889389     9.9148     2.1487     1.3704          0     73.000  33.737222  1002.7807      2.414      0.021  0.000e+00
      2.395    30.8139   1.981148    10.4409     2.1545     1.3681          0     73.250  33.737225  1003.1728      2.382      0.024  0.000e+00
      2.417    30.8102   2.033724    10.7437     2.1239     1.3689          0     73.500  33.737228  1003.3987      2.404      0.012  0.000e+00
      2.406    30.8082   1.989952    10.4926     2.1130     1.3666          0     73.750  33.737231  1003.2131      2.393     -0.006  0.000e+00
      2.374    30.8069   1.958325    10.3116     2.0739     1.3697          0     74.000  33.737234  1003.0790      2.361     -0.027  0.000e+00
      2.406    30.8060   1.934036    10.1727     2.0653     1.3712          0     74.250  33.737237  1002.9764      2.393     -0.032  0.000e+00
      2.406    30.8055   1.968097    10.3679     2.0771     1.4414          0     74.500  33.737240  1003.1214      2.393     -0.028  0.000e+00
      2.417    30.8060   1.971562    10.3876     2.0830     1.4391          0     74.750  33.737242  1003.1359      2.404     -0.009  0.000e+00
      2.417    30.8083   1.964730    10.3480     2.0821     1.4391          0     75.000  33.737245  1003.1058      2.404      0.000  0.000e+00
      2.406    30.8105   1.961552    10.3293     2.0838     1.4467          0     75.250  33.737248  1003.0912      2.393      0.007  0.000e+00
      2.396    30.8105   1.935253    10.1787     2.1190     1.3941          0     75.500  33.737251  1002.9794      2.382      0.001  0.000e+00
      2.385    30.8101   1.905683    10.0098     2.1356     1.3941          0     75.750  33.737254  1002.8542      2.372     -0.001  0.000e+00
      2.374    30.8093   1.876396     9.8428     2.1654     1.3933          0     76.000  33.737257  1002.7305      2.361     -0.006  0.000e+00
      2.385    30.8079   1.875027     9.8353     2.1525     1.3956          0     76.250  33.737260  1002.7254      2.371     -0.018  0.000e+00
      2.385    30.8062   1.926750    10.1310     2.1534     1.3422          0     76.500  33.737263  1002.9453      2.372     -0.019  0.000e+00
      2.417    30.8053   2.026530    10.7034     2.1487     1.3399          0     76.750  33.737266  1003.3704      2.404     -0.011  0.000e+00
      2.439    30.8044   2.049203    10.8340     2.1418     1.3460          0     77.000  33.737269  1003.4676      2.425      0.006  0.000e+00
      2.449    30.8050   2.040921    10.7862     2.1034     1.3453          0     77.250  33.737271  1003.4321      2.436      0.025  0.000e+00
      2.439    30.8117   2.009616    10.6048     2.1090     1.3430          0     77.500  33.737274  1003.2953      2.425      0.035  0.000e+00
      2.417    30.8186   2.015857    10.6392     2.0896     1.3742          0     77.750  33.737277  1003.3185      2.404      0.034  0.000e+00
      2.374    30.8200   2.003443    10.5676     2.0788     1.3666          0     78.000  33.737280  1003.2647      2.361      0.016  0.000e+00
      2.374    30.8179   1.970039    10.3764     2.0976     1.3697          0     78.250  33.737283  1003.1236      2.361     -0.005  0.000e+00
      2.352    30.8142   1.985366    10.4651     2.0808     1.3613          0     78.500  33.737286  1003.1904      2.339     -0.028  0.000e+00
      2.352    30.8118   2.002451    10.5636     1.9485     1.3399          0     78.750  33.737289  1003.2643      2.339     -0.049  0.000e+00
      2.352    30.8094   1.989445    10.4895     1.8924     1.3498          0     79.000  33.737292  1003.2101      2.339     -0.057  0.000e+00
      2.341    30.8065   1.966085    10.3561     1.9212     1.3460          0     79.250  33.737295  1003.1121      2.329     -0.056  0.000e+00
      2.309    30.8045   1.954399    10.2896     1.9071     1.3453          0     79.500  33.737297  1003.0632      2.296     -0.054  0.000e+00
      2.331    30.8027   1.949220    10.2603     1.9300     1.3025          0     79.750  33.737300  1003.0421      2.318     -0.040  0.000e+00
      2.331    30.8014   1.945501    10.2393     1.9569     1.2995          0     80.000  33.737303  1003.0269      2.318     -0.027  0.000e+00
      2.309    30.8006   1.943325    10.2270     1.9205     1.2972          0     80.250  33.737306  1003.0180      2.297     -0.027  0.000e+00
      2.331    30.8001   1.937909    10.1961     1.9234     1.2926          0     80.500  33.737309  1002.9954      2.318     -0.018  0.000e+00
      2.309    30.7998   1.930754    10.1552     1.9240     1.2682          0     80.750  33.737312  1002.9650      2.296     -0.019  0.000e+00
      2.277    30.7997   1.922524    10.1081     1.9291     1.2705          0     81.000  33.737315  1002.9300      2.264     -0.025  0.000e+00
      2.255    30.7999   1.910743    10.0408     1.9256     1.2728          0     81.250  33.737318  1002.8798      2.243     -0.032  0.000e+00
      2.234    30.8004   1.908175    10.0260     1.9503     1.2667          0     81.500  33.737321  1002.8687      2.221     -0.042  0.000e+00
      2.255    30.8010   1.908475    10.0276     2.0382     1.2720          0     81.750  33.737323  1002.8697      2.243     -0.050  0.000e+00
      2.266    30.8013   1.895140     9.9513     2.0914     1.3140          0     82.000  33.737326  1002.8131      2.254     -0.045  0.000e+00
      2.331    30.8018   1.888935     9.9158     2.1142     1.3224          0     82.250  33.737329  1002.7869      2.318     -0.017  0.000e+00
      2.385    30.8024   1.901381     9.9868     2.1552     1.3224          0     82.500  33.737332  1002.8396      2.372      0.017  0.000e+00
      2.418    30.8026   1.948705    10.2574     2.1398     1.3109          0     82.750  33.737335  1003.0404      2.404      0.063  0.000e+00
      2.331    30.8019   1.954384    10.2900     2.1343     1.3651          0     83.000  33.737338  1003.0645      2.318      0.072  0.000e+00
