public/post/ctd_rufiji/SBE19plus_01906740_2018_02_13_0931.cnv
* Sea-Bird SBE19plus  Data File:
* FileName = C:\Users\all user\Desktop\CTD tafiri 2018\SBE19plus_01906740_2018_02_13_0931.hex
* Software version 2.6.3.104
* Temperature SN = 6740
* Conductivity SN = 6740
* System UpLoad Time = Feb 13 2018 14:05:31
* <ApplicationData>
* <Seaterm232>
# nquan = 13
# nvalues = 379                                   
# units = specified
# name 0 = prdM: Pressure, Strain Gauge [db]
# name 1 = tv290C: Temperature [ITS-90, deg C]
# name 2 = c0S/m: Conductivity [S/m]
# name 3 = sal00: Salinity, Practical [PSU]
# name 4 = sbeox0ML/L: Oxygen, SBE 43 [ml/l]
# name 5 = flECO-AFL: Fluorescence, WET Labs ECO-AFL/FL [mg/m^3]
# name 6 = nbf: Bottles Fired
# name 7 = timeS: Time, Elapsed [seconds]
# name 8 = timeJ: Julian Days
# name 9 = density00: Density [density, kg/m^3]
# name 10 = depSM: Depth [salt water, m], lat = 0.00
# name 11 = dz/dtM: Descent Rate [m/s]
# name 12 = flag:  0.000e+00
# span 0 =      0.135,      4.449                 
# span 1 =    29.7786,    30.2362                 
# span 2 =   0.009209,   0.208508                 
# span 3 =     0.0455,     0.9549                 
# span 4 =     1.4811,     5.9359                 
# span 5 =    -0.0342,     2.5019                 
# span 6 =          0,          0                 
# span 7 =      0.000,     94.500                 
# span 8 =  34.430694,  34.431788                 
# span 9 =   995.6635,   996.3248                 
# span 10 =      0.134,      4.424                
# span 11 =     -0.466,      0.497                
# span 12 = 0.0000e+00, 0.0000e+00                
# interval = seconds: 0.25
# start_time = Feb 03 2018 10:20:12 [Instrument's time stamp, header]
# bad_flag = -9.990e-29
*END*
[from data line 334]
      2.967    30.1721   0.205168     0.9388     1.9206     2.2570          0     83.500  34.431661   996.3132      2.951     -0.410  0.000e+00
      2.827    30.1716   0.207240     0.9488     1.9056     2.2600          0     83.750  34.431664   996.3202      2.811     -0.394  0.000e+00
      2.697    30.1717   0.208508     0.9549     1.8566     2.2738          0     84.000  34.431667   996.3241      2.682     -0.383  0.000e+00
      2.600    30.1718   0.205366     0.9398     1.8483     2.2738          0     84.250  34.431670   996.3124      2.585     -0.386  0.000e+00
      2.481    30.1716   0.205058     0.9383     1.8569     2.2730          0     84.500  34.431672   996.3108      2.467     -0.405  0.000e+00
      2.416    30.1695   0.206004     0.9429     1.8284     2.2783          0     84.750  34.431675   996.3146      2.403     -0.417  0.000e+00
      2.329    30.1650   0.205165     0.9390     1.8082     2.2654          0     85.000  34.431678   996.3126      2.317     -0.427  0.000e+00
      2.221    30.1616   0.203298     0.9301     1.8242     2.2669          0     85.250  34.431681   996.3065      2.209     -0.427  0.000e+00
      2.092    30.1593   0.203237     0.9298     1.8444     2.2684          0     85.500  34.431684   996.3065      2.080     -0.416  0.000e+00
      1.919    30.1574   0.205541     0.9409     1.8655     2.2646          0     85.750  34.431687   996.3145      1.908     -0.424  0.000e+00
      1.843    30.1558   0.205641     0.9414     1.8570     2.2646          0     86.000  34.431690   996.3151      1.833     -0.429  0.000e+00
      1.746    30.1548   0.202308     0.9254     1.8439     2.2440          0     86.250  34.431693   996.3030      1.736     -0.437  0.000e+00
      1.692    30.1534   0.200379     0.9162     1.8421     2.2509          0     86.500  34.431696   996.2963      1.682     -0.430  0.000e+00
      1.648    30.1522   0.199732     0.9131     1.8450     2.2532          0     86.750  34.431698   996.2942      1.639     -0.412  0.000e+00
      1.584    30.1505   0.199399     0.9116     1.8439     2.2471          0     87.000  34.431701   996.2932      1.575     -0.378  0.000e+00
      1.454    30.1489   0.199441     0.9118     1.7671     2.2646          0     87.250  34.431704   996.2933      1.446     -0.352  0.000e+00
      1.270    30.1473   0.200573     0.9173     1.7105     2.2616          0     87.500  34.431707   996.2971      1.263     -0.353  0.000e+00
      1.151    30.1469   0.201731     0.9228     1.7076     2.2562          0     87.750  34.431710   996.3008      1.145     -0.365  0.000e+00
      1.065    30.1489   0.202356     0.9258     1.7643     2.2669          0     88.000  34.431713   996.3020      1.059     -0.396  0.000e+00
      0.978    30.1595   0.201945     0.9236     1.7596     2.2455          0     88.250  34.431716   996.2968      0.973     -0.417  0.000e+00
      0.957    30.1737   0.199422     0.9113     1.7713     2.2524          0     88.500  34.431719   996.2832      0.951     -0.419  0.000e+00
      0.913    30.1880   0.194195     0.8860     1.7943     2.2509          0     88.750  34.431722   996.2597      0.908     -0.399  0.000e+00
      0.848    30.2007   0.189064     0.8613     1.6917     2.2463          0     89.000  34.431725   996.2371      0.844     -0.357  0.000e+00
      0.805    30.2109   0.185637     0.8448     1.7741     2.2555          0     89.250  34.431727   996.2214      0.801     -0.296  0.000e+00
      0.783    30.2181   0.183259     0.8333     1.8353     2.2471          0     89.500  34.431730   996.2106      0.779     -0.232  0.000e+00
      0.794    30.2237   0.182873     0.8314     1.8788     2.2440          0     89.750  34.431733   996.2075      0.790     -0.182  0.000e+00
      0.805    30.2279   0.182379     0.8290     1.8772     2.2425          0     90.000  34.431736   996.2044      0.801     -0.136  0.000e+00
      0.816    30.2300   0.181621     0.8253     1.9352     2.2455          0     90.250  34.431739   996.2011      0.812     -0.094  0.000e+00
      0.784    30.2312   0.181060     0.8226     1.9563     2.2295          0     90.500  34.431742   996.1986      0.779     -0.072  0.000e+00
      0.686    30.2317   0.180999     0.8223     1.9704     2.2379          0     90.750  34.431745   996.1978      0.682     -0.071  0.000e+00
      0.556    30.2323   0.181393     0.8242     1.9752     2.2410          0     91.000  34.431748   996.1984      0.553     -0.100  0.000e+00
      0.384    30.2324   0.182941     0.8316     1.9647     2.2417          0     91.250  34.431751   996.2031      0.381     -0.174  0.000e+00
      0.254    30.2312   0.183105     0.8324     2.0099     1.9991          0     91.500  34.431753   996.2035      0.252     -0.265  0.000e+00
      0.211    30.2288   0.182967     0.8317     2.4569     1.9953          0     91.750  34.431756   996.2036      0.209     -0.339  0.000e+00
      0.200    30.2256   0.182263     0.8285     2.0733     1.9991          0     92.000  34.431759   996.2021      0.199     -0.373  0.000e+00
      0.178    30.2244   0.181971     0.8271     2.1739     2.0067          0     92.250  34.431762   996.2013      0.177     -0.371  0.000e+00
      0.146    30.2250   0.179872     0.8171     2.1178    -0.0242          0     92.500  34.431765   996.1935      0.145     -0.331  0.000e+00
      0.146    30.2314   0.044934     0.1961     2.1248    -0.0342          0     92.750  34.431768   995.7267      0.145     -0.257  0.000e+00
      0.146    30.2256   0.028689     0.1259     2.0299    -0.0235          0     93.000  34.431771   995.6758      0.145     -0.174  0.000e+00
      0.135    30.1827   0.021823     0.0969     1.9781    -0.0242          0     93.250  34.431774   995.6671      0.134     -0.100  0.000e+00
      0.167    30.1135   0.013870     0.0641     1.9697    -0.0326          0     93.500  34.431777   995.6635      0.166     -0.048  0.000e+00
      0.156    30.0364   0.014466     0.0666     1.9668    -0.0258          0     93.750  34.431780   995.6887      0.156     -0.027  0.000e+00
      0.156    29.9477   0.011398     0.0542     2.0645    -0.0258          0     94.000  34.431782   995.7062      0.156     -0.014  0.000e+00
      0.156    29.8565   0.009209     0.0455     2.0778    -0.0303          0     94.250  34.431785   995.7271      0.156     -0.001  0.000e+00
      0.156    29.7786   0.009827     0.0480     2.1311    -0.0273          0     94.500  34.431788   995.7524      0.156      0.008  0.000e+00
