public/post/ctd_rufiji/SBE19plus_01906740_2018_02_13_0909.cnv
* Sea-Bird SBE19plus  Data File:
* FileName = C:\Users\all user\Desktop\CTD tafiri 2018\SBE19plus_01906740_2018_02_13_0909.hex
* Software version 2.6.3.104
* Temperature SN = 6740
* Conductivity SN = 6740
* System UpLoad Time = Feb 13 2018 14:02:04
* <ApplicationData>
* <Seaterm232>
# nquan = 13
# nvalues = 400                                   
# units = specified
# name 0 = prdM: Pressure, Strain Gauge [db]
# name 1 = tv290C: Temperature [ITS-90, deg C]
# name 2 = c0S/m: Conductivity [S/m]
# name 3 = sal00: Salinity, Practical [PSU]
# name 4 = sbeox0ML/L: Oxygen, SBE 43 [ml/l]
# name 5 = flECO-AFL: Fluorescence, WET Labs ECO-AFL/FL [mg/m^3]
# name 6 = nbf: Bottles Fired
# name 7 = timeS: Time, Elapsed [seconds]
# name 8 = timeJ: Julian Days
# name 9 = density00: Density [density, kg/m^3]
# name 10 = depSM: Depth [salt water, m], lat = 0.00
# name 11 = dz/dtM: Descent Rate [m/s]
# name 12 = flag:  0.000e+00
# span 0 =      0.119,      6.519                 
# span 1 =    29.7234,    30.3323                 
# span 2 =   0.002850,   0.025577                 
# span 3 =     0.0213,     0.1126                 
# span 4 =     0.8491,     6.2410                 
# span 5 =    -0.0296,     1.8663                 
# span 6 =          0,          0                 
# span 7 =      0.000,     99.750                 
# span 8 =  34.272269,  34.273423                 
# span 9 =   995.5727,   995.8187                 
# span 10 =      0.118,      6.484                
# span 11 =     -0.448,      0.561                
# span 12 = 0.0000e+00, 0.0000e+00                
# interval = seconds: 0.25
# start_time = Feb 03 2018 06:32:04 [Instrument's time stamp, header]
# bad_flag = -9.990e-29
*END*
[from data line 112]
      1.493    30.1109   0.024157     0.1069     2.5362     1.6947          0     28.000  34.272593   995.7024      1.485     -0.003  0.000e+00
      1.471    30.1044   0.024172     0.1070     2.5619     1.6985          0     28.250  34.272595   995.7043      1.463     -0.012  0.000e+00
      1.504    30.0985   0.024190     0.1070     2.5237     1.6939          0     28.500  34.272598   995.7063      1.496     -0.012  0.000e+00
      1.472    30.0932   0.024181     0.1070     2.5019     1.6802          0     28.750  34.272601   995.7077      1.463     -0.012  0.000e+00
      1.493    30.0878   0.024175     0.1070     2.4250     1.6871          0     29.000  34.272604   995.7095      1.485     -0.002  0.000e+00
      1.482    30.0824   0.024154     0.1069     2.3127     1.6832          0     29.250  34.272607   995.7110      1.474     -0.001  0.000e+00
      1.493    30.0766   0.024154     0.1069     2.4165     1.6886          0     29.500  34.272610   995.7128      1.485      0.003  0.000e+00
      1.482    30.0708   0.024142     0.1069     2.5224     1.6886          0     29.750  34.272613   995.7145      1.474      0.001  0.000e+00
      1.482    30.0650   0.024157     0.1070     2.4724     1.6993          0     30.000  34.272616   995.7163      1.474     -0.002  0.000e+00
      1.482    30.0596   0.024187     0.1071     2.4215     1.6947          0     30.250  34.272619   995.7180      1.474     -0.000  0.000e+00
      1.493    30.0552   0.024166     0.1070     2.4759     1.6909          0     30.500  34.272622   995.7193      1.485     -0.002  0.000e+00
      1.471    30.0516   0.024181     0.1071     3.0002     1.6848          0     30.750  34.272624   995.7204      1.463     -0.001  0.000e+00
      1.482    30.0477   0.024136     0.1069     2.7125     1.6871          0     31.000  34.272627   995.7215      1.474     -0.005  0.000e+00
      1.482    30.0431   0.024130     0.1069     2.8653     1.6817          0     31.250  34.272630   995.7229      1.474     -0.003  0.000e+00
      1.493    30.0375   0.024115     0.1068     1.9611     1.6764          0     31.500  34.272633   995.7245      1.485     -0.001  0.000e+00
      1.504    30.0319   0.024124     0.1069     2.1540     1.6687          0     31.750  34.272636   995.7263      1.495      0.007  0.000e+00
      1.493    30.0266   0.024124     0.1069     2.1659     1.6665          0     32.000  34.272639   995.7279      1.485      0.008  0.000e+00
      1.493    30.0218   0.024103     0.1068     1.9908     1.6756          0     32.250  34.272642   995.7293      1.485      0.008  0.000e+00
      1.504    30.0169   0.024115     0.1069     1.6635     1.6771          0     32.500  34.272645   995.7309      1.495      0.010  0.000e+00
      1.482    30.0121   0.024097     0.1068     0.8491     1.6672          0     32.750  34.272648   995.7322      1.474      0.009  0.000e+00
      1.471    30.0071   0.024097     0.1068     0.9434     1.6695          0     33.000  34.272650   995.7336      1.463     -0.002  0.000e+00
      1.482    30.0022   0.024088     0.1068     1.0062     1.6718          0     33.250  34.272653   995.7351      1.474     -0.007  0.000e+00
      1.471    29.9974   0.024115     0.1069     1.1860     1.6718          0     33.500  34.272656   995.7366      1.463     -0.014  0.000e+00
      1.493    29.9933   0.024130     0.1070     1.2046     1.6687          0     33.750  34.272659   995.7380      1.485     -0.011  0.000e+00
      1.493    29.9907   0.024130     0.1070     1.3489     1.6771          0     34.000  34.272662   995.7388      1.485     -0.004  0.000e+00
      1.482    29.9882   0.024136     0.1070     1.5521     1.6871          0     34.250  34.272665   995.7395      1.474     -0.004  0.000e+00
      1.482    29.9863   0.024121     0.1070     1.7535     1.6733          0     34.500  34.272668   995.7401      1.474     -0.002  0.000e+00
      1.471    29.9831   0.024115     0.1069     1.9224     1.6901          0     34.750  34.272671   995.7410      1.463      0.001  0.000e+00
      1.493    29.9797   0.024103     0.1069     1.8984     1.6390          0     35.000  34.272674   995.7421      1.485      0.004  0.000e+00
      1.504    29.9755   0.024103     0.1069     1.8884     1.6481          0     35.250  34.272677   995.7434      1.495      0.006  0.000e+00
      1.493    29.9713   0.024091     0.1069     1.8785     1.6436          0     35.500  34.272679   995.7446      1.485      0.007  0.000e+00
      1.460    29.9668   0.024097     0.1069     1.8670     1.6527          0     35.750  34.272682   995.7458      1.452     -0.005  0.000e+00
      1.493    29.9627   0.024085     0.1068     1.8990     1.6581          0     36.000  34.272685   995.7471      1.485     -0.001  0.000e+00
      1.493    29.9586   0.024076     0.1068     1.9037     1.6565          0     36.250  34.272688   995.7484      1.485      0.004  0.000e+00
      1.471    29.9542   0.024076     0.1068     1.9052     1.6527          0     36.500  34.272691   995.7496      1.463     -0.001  0.000e+00
      1.460    29.9503   0.024043     0.1067     1.9056     1.6565          0     36.750  34.272694   995.7506      1.452     -0.009  0.000e+00
      1.471    29.9456   0.024061     0.1068     1.9072     1.6565          0     37.000  34.272697   995.7522      1.463     -0.015  0.000e+00
      1.482    29.9415   0.024070     0.1068     1.9061     1.6932          0     37.250  34.272700   995.7535      1.474     -0.012  0.000e+00
      1.493    29.9384   0.024187     0.1073     1.9132     1.6932          0     37.500  34.272703   995.7549      1.485     -0.001  0.000e+00
      1.504    29.9393   0.024295     0.1078     1.9001     1.6871          0     37.750  34.272705   995.7550      1.496      0.010  0.000e+00
      1.482    29.9483   0.024313     0.1078     1.9202     1.6932          0     38.000  34.272708   995.7522      1.474      0.004  0.000e+00
      1.471    29.9578   0.024289     0.1077     1.9145     1.6695          0     38.250  34.272711   995.7492      1.463      0.004  0.000e+00
      1.482    29.9605   0.024220     0.1074     1.9009     1.6748          0     38.500  34.272714   995.7482      1.474      0.008  0.000e+00
      1.493    29.9542   0.024130     0.1070     4.4096     1.6756          0     38.750  34.272717   995.7499      1.485      0.009  0.000e+00
      1.493    29.9450   0.024103     0.1070     4.1784     1.6718          0     39.000  34.272720   995.7526      1.485      0.004  0.000e+00
      1.493    29.9375   0.024115     0.1070     2.9102     1.6443          0     39.250  34.272723   995.7549      1.485      0.001  0.000e+00
      1.493    29.9321   0.024157     0.1072     2.3052     1.6413          0     39.500  34.272726   995.7567      1.485      0.001  0.000e+00
      1.504    29.9282   0.024214     0.1075     1.8240     1.6428          0     39.750  34.272729   995.7581      1.495      0.006  0.000e+00
      1.482    29.9272   0.024223     0.1075     1.6089     1.6375          0     40.000  34.272731   995.7583      1.474      0.008  0.000e+00
      1.493    29.9259   0.024184     0.1073     1.7421     1.6359          0     40.250  34.272734   995.7586      1.485      0.007  0.000e+00
      1.493    29.9219   0.024124     0.1071     1.7068     1.6230          0     40.500  34.272737   995.7596      1.485      0.002  0.000e+00
      1.504    29.9156   0.024097     0.1070     1.5471     1.6344          0     40.750  34.272740   995.7615      1.495      0.002  0.000e+00
      1.482    29.9096   0.024088     0.1070     2.0224     1.6359          0     41.000  34.272743   995.7632      1.474     -0.001  0.000e+00
      1.493    29.9045   0.024097     0.1070     2.1144     1.6359          0     41.250  34.272746   995.7648      1.485     -0.001  0.000e+00
      1.504    29.8998   0.024130     0.1071     2.3985     1.6542          0     41.500  34.272749   995.7664      1.495      0.001  0.000e+00
      1.493    29.8957   0.024157     0.1073     1.9883     1.6565          0     41.750  34.272752   995.7677      1.485      0.001  0.000e+00
      1.504    29.8924   0.024169     0.1073     2.0256     1.6550          0     42.000  34.272755   995.7688      1.495      0.006  0.000e+00
      1.504    29.8898   0.024142     0.1072     2.1040     1.6550          0     42.250  34.272758   995.7694      1.495      0.005  0.000e+00
      1.514    29.8864   0.024136     0.1072     1.8311     1.7023          0     42.500  34.272760   995.7705      1.506      0.009  0.000e+00
      1.514    29.8821   0.024223     0.1076     1.6885     1.6886          0     42.750  34.272763   995.7721      1.506      0.011  0.000e+00
      1.439    29.8824   0.024340     0.1081     1.9013     1.6863          0     43.000  34.272766   995.7720      1.431     -0.005  0.000e+00
      1.298    29.8989   0.024274     0.1078     1.9460     1.6871          0     43.250  34.272769   995.7662      1.291     -0.061  0.000e+00
      1.114    29.9144   0.024073     0.1069     1.9758     1.6375          0     43.500  34.272772   995.7601      1.108     -0.151  0.000e+00
      0.985    29.9158   0.023989     0.1065     2.0774     1.6321          0     43.750  34.272775   995.7588      0.979     -0.246  0.000e+00
      0.909    29.8732   0.023944     0.1064     2.1526     1.6390          0     44.000  34.272778   995.7712      0.904     -0.330  0.000e+00
      0.941    29.7896   0.024016     0.1069     1.9190     1.6298          0     44.250  34.272781   995.7968      0.936     -0.363  0.000e+00
      0.985    29.7446   0.024262     0.1080     1.9421     1.6298          0     44.500  34.272784   995.8114      0.979     -0.347  0.000e+00
      1.049    29.7234   0.024463     0.1089     1.9545     1.6779          0     44.750  34.272786   995.8187      1.044     -0.276  0.000e+00
      1.104    29.7297   0.024504     0.1091     2.0056     1.6817          0     45.000  34.272789   995.8171      1.097     -0.159  0.000e+00
      1.114    29.8044   0.024564     0.1092     2.0427     1.6848          0     45.250  34.272792   995.7949      1.108     -0.037  0.000e+00
      1.136    29.8951   0.024597     0.1091     1.9803     1.6787          0     45.500  34.272795   995.7677      1.130      0.065  0.000e+00
      1.147    29.9685   0.024603     0.1090     2.0389     1.7138          0     45.750  34.272798   995.7455      1.140      0.120  0.000e+00
      1.158    30.0200   0.024558     0.1087     2.0229     1.7138          0     46.000  34.272801   995.7298      1.151      0.132  0.000e+00
      1.168    30.0458   0.024460     0.1083     2.0438     1.7153          0     46.250  34.272804   995.7217      1.162      0.110  0.000e+00
      1.190    30.0564   0.024361     0.1078     2.0810     1.7160          0     46.500  34.272807   995.7183      1.183      0.088  0.000e+00
      1.190    30.0657   0.024286     0.1075     2.1056     1.6237          0     46.750  34.272810   995.7152      1.184      0.063  0.000e+00
      1.233    30.0789   0.024241     0.1073     2.0506     1.6214          0     47.000  34.272813   995.7112      1.227      0.058  0.000e+00
      1.277    30.0932   0.024262     0.1074     2.0438     1.6298          0     47.250  34.272815   995.7071      1.270      0.071  0.000e+00
      1.287    30.1022   0.024301     0.1075     2.0496     1.6161          0     47.500  34.272818   995.7046      1.280      0.078  0.000e+00
      1.287    30.1050   0.024367     0.1078     2.1186     1.7328          0     47.750  34.272821   995.7039      1.280      0.081  0.000e+00
      1.309    30.1043   0.024364     0.1078     2.1355     1.7450          0     48.000  34.272824   995.7042      1.302      0.083  0.000e+00
      1.320    30.1029   0.024406     0.1079     2.1861     1.7435          0     48.250  34.272827   995.7048      1.313      0.081  0.000e+00
      1.341    30.1013   0.024471     0.1082     2.3208     1.7458          0     48.500  34.272830   995.7056      1.334      0.077  0.000e+00
      1.363    30.1004   0.024498     0.1083     1.7158     1.7275          0     48.750  34.272833   995.7061      1.355      0.075  0.000e+00
      1.385    30.1004   0.024561     0.1086     1.9418     1.6840          0     49.000  34.272836   995.7064      1.377      0.067  0.000e+00
      1.385    30.1025   0.024591     0.1087     2.0798     1.6886          0     49.250  34.272839   995.7058      1.377      0.061  0.000e+00
      1.385    30.1089   0.024609     0.1088     2.0483     1.6840          0     49.500  34.272841   995.7039      1.377      0.058  0.000e+00
      1.439    30.1183   0.024624     0.1088     2.1924     1.6893          0     49.750  34.272844   995.7014      1.431      0.067  0.000e+00
      1.460    30.1278   0.024609     0.1088     1.9354     1.7389          0     50.000  34.272847   995.6985      1.452      0.071  0.000e+00
      1.536    30.1335   0.024585     0.1087     2.0843     1.7344          0     50.250  34.272850   995.6970      1.527      0.092  0.000e+00
      1.579    30.1351   0.024609     0.1087     1.5932     1.7412          0     50.500  34.272853   995.6968      1.571      0.112  0.000e+00
      1.590    30.1354   0.024657     0.1090     1.6969     1.7405          0     50.750  34.272856   995.6969      1.581      0.125  0.000e+00
      1.612    30.1403   0.024684     0.1091     1.5986     1.8389          0     51.000  34.272859   995.6956      1.603      0.134  0.000e+00
      1.601    30.1490   0.024717     0.1092     1.6681     1.8526          0     51.250  34.272862   995.6930      1.592      0.131  0.000e+00
      1.612    30.1588   0.024729     0.1092     1.8250     1.8541          0     51.500  34.272865   995.6901      1.603      0.117  0.000e+00
      1.633    30.1668   0.024750     0.1093     1.9520     1.8503          0     51.750  34.272867   995.6878      1.624      0.093  0.000e+00
      1.622    30.1726   0.024768     0.1094     2.2206     1.7145          0     52.000  34.272870   995.6861      1.614      0.068  0.000e+00
      1.676    30.1776   0.024801     0.1095     2.5240     1.7199          0     52.250  34.272873   995.6849      1.667      0.052  0.000e+00
      1.720    30.1837   0.024801     0.1095     2.4014     1.7145          0     52.500  34.272876   995.6832      1.710      0.058  0.000e+00
      1.763    30.1891   0.024813     0.1095     3.3775     1.7145          0     52.750  34.272879   995.6818      1.753      0.079  0.000e+00
      1.785    30.1921   0.024906     0.1099     2.5265     1.7145          0     53.000  34.272882   995.6813      1.775      0.096  0.000e+00
      1.817    30.1981   0.024873     0.1097     1.8403     1.7733          0     53.250  34.272885   995.6795      1.807      0.116  0.000e+00
      1.871    30.2006   0.024906     0.1099     2.8079     1.7786          0     53.500  34.272888   995.6791      1.861      0.133  0.000e+00
      1.947    30.2008   0.024960     0.1101     4.0799     1.7717          0     53.750  34.272891   995.6795      1.936      0.156  0.000e+00
      2.012    30.2043   0.024993     0.1102     2.1753     1.7855          0     54.000  34.272894   995.6789      2.001      0.182  0.000e+00
      2.066    30.2112   0.025071     0.1106     1.6067     1.8557          0     54.250  34.272896   995.6772      2.054      0.192  0.000e+00
      2.076    30.2188   0.025154     0.1109     1.4233     1.8618          0     54.500  34.272899   995.6752      2.065      0.195  0.000e+00
      2.076    30.2266   0.025223     0.1112     1.2307     1.8580          0     54.750  34.272902   995.6731      2.065      0.184  0.000e+00
      2.076    30.2334   0.025268     0.1114     1.3519     1.8663          0     55.000  34.272905   995.6711      2.065      0.165  0.000e+00
      2.087    30.2385   0.025268     0.1113     1.3027     1.6367          0     55.250  34.272908   995.6696      2.076      0.135  0.000e+00
