public/post/ctd_rufiji/SBE19plus_01906740_2018_02_13_0926.cnv
* Sea-Bird SBE19plus  Data File:
* FileName = C:\Users\all user\Desktop\CTD tafiri 2018\SBE19plus_01906740_2018_02_13_0926.hex
* Software version 2.6.3.104
* Temperature SN = 6740
* Conductivity SN = 6740
* System UpLoad Time = Feb 13 2018 14:04:48
* <ApplicationData>
* <Seaterm232>
# nquan = 13
# nvalues = 445                                   
# units = specified
# name 0 = prdM: Pressure, Strain Gauge [db]
# name 1 = tv290C: Temperature [ITS-90, deg C]
# name 2 = c0S/m: Conductivity [S/m]
# name 3 = sal00: Salinity, Practical [PSU]
# name 4 = sbeox0ML/L: Oxygen, SBE 43 [ml/l]
# name 5 = flECO-AFL: Fluorescence, WET Labs ECO-AFL/FL [mg/m^3]
# name 6 = nbf: Bottles Fired
# name 7 = timeS: Time, Elapsed [seconds]
# name 8 = timeJ: Julian Days
# name 9 = density00: Density [density, kg/m^3]
# name 10 = depSM: Depth [salt water, m], lat = 0.00
# name 11 = dz/dtM: Descent Rate [m/s]
# name 12 = flag:  0.000e+00
# span 0 =      0.184,      4.498                 
# span 1 =    29.2832,    30.2730                 
# span 2 =   0.004475,   0.115656                 
# span 3 =     0.0272,     0.5154                 
# span 4 =     0.2185,     7.3611                 
# span 5 =    -0.3561,     2.3386                 
# span 6 =          0,          0                 
# span 7 =      0.000,    111.000                 
# span 8 =  34.415868,  34.417153                 
# span 9 =   995.6516,   995.9591                 
# span 10 =      0.183,      4.473                
# span 11 =     -0.783,      0.576                
# span 12 = 0.0000e+00, 0.0000e+00                
# interval = seconds: 0.25
# start_time = Feb 03 2018 09:58:51 [Instrument's time stamp, header]
# bad_flag = -9.990e-29
*END*
[from data line 223]
      1.189    30.1526   0.094164     0.4174     2.1796     2.0617          0     55.750  34.416513   995.9212      1.183      0.033  0.000e+00
      1.168    30.1531   0.094182     0.4175     2.1813     2.0609          0     56.000  34.416516   995.9210      1.161      0.029  0.000e+00
      1.178    30.1537   0.094244     0.4178     2.1839     2.0800          0     56.250  34.416519   995.9211      1.172      0.019  0.000e+00
      1.200    30.1541   0.094287     0.4180     2.1856     2.0685          0     56.500  34.416522   995.9212      1.193      0.019  0.000e+00
      1.168    30.1551   0.094309     0.4181     2.1858     2.0754          0     56.750  34.416525   995.9208      1.161      0.011  0.000e+00
      1.168    30.1562   0.094315     0.4181     2.1858     2.0662          0     57.000  34.416528   995.9205      1.161     -0.002  0.000e+00
      1.157    30.1572   0.094315     0.4181     2.1845     2.0640          0     57.250  34.416531   995.9201      1.151     -0.016  0.000e+00
      1.168    30.1585   0.094346     0.4182     2.1835     2.0662          0     57.500  34.416534   995.9199      1.161     -0.016  0.000e+00
      1.168    30.1587   0.094358     0.4183     2.1820     2.0723          0     57.750  34.416536   995.9199      1.161     -0.011  0.000e+00
      1.146    30.1590   0.094389     0.4184     2.1797     2.0693          0     58.000  34.416539   995.9198      1.140     -0.013  0.000e+00
      1.135    30.1596   0.094433     0.4186     2.1701     2.0693          0     58.250  34.416542   995.9197      1.129     -0.022  0.000e+00
      1.146    30.1602   0.094467     0.4188     2.1622     2.0495          0     58.500  34.416545   995.9197      1.140     -0.023  0.000e+00
      1.146    30.1600   0.094485     0.4189     2.1595     2.0578          0     58.750  34.416548   995.9198      1.140     -0.015  0.000e+00
      1.157    30.1597   0.094504     0.4189     2.1578     2.0594          0     59.000  34.416551   995.9200      1.150     -0.010  0.000e+00
      1.168    30.1611   0.094522     0.4190     2.1556     2.0578          0     59.250  34.416554   995.9197      1.161     -0.002  0.000e+00
      1.178    30.1616   0.094556     0.4192     2.1483     2.0548          0     59.500  34.416557   995.9197      1.172      0.005  0.000e+00
      1.178    30.1619   0.094587     0.4193     2.1440     2.0578          0     59.750  34.416560   995.9197      1.172      0.014  0.000e+00
      1.157    30.1638   0.094631     0.4195     2.1361     2.0571          0     60.000  34.416562   995.9192      1.151      0.017  0.000e+00
      1.168    30.1666   0.094640     0.4195     2.1324     2.0609          0     60.250  34.416565   995.9184      1.161      0.017  0.000e+00
      1.178    30.1688   0.094643     0.4195     2.1360     2.0792          0     60.500  34.416568   995.9178      1.172      0.014  0.000e+00
      1.168    30.1701   0.094661     0.4196     2.1372     2.0807          0     60.750  34.416571   995.9173      1.161      0.009  0.000e+00
      1.157    30.1694   0.094668     0.4196     2.1409     2.0830          0     61.000  34.416574   995.9175      1.150     -0.001  0.000e+00
      1.168    30.1685   0.094702     0.4198     2.1443     2.0777          0     61.250  34.416577   995.9180      1.161     -0.004  0.000e+00
      1.168    30.1677   0.094745     0.4200     2.1481     2.0754          0     61.500  34.416580   995.9184      1.161     -0.005  0.000e+00
      1.168    30.1681   0.094782     0.4202     2.1485     2.0609          0     61.750  34.416583   995.9184      1.161     -0.002  0.000e+00
      1.189    30.1696   0.094807     0.4203     2.1482     2.0632          0     62.000  34.416586   995.9181      1.183      0.007  0.000e+00
      1.178    30.1712   0.094829     0.4203     2.1448     2.0548          0     62.250  34.416589   995.9176      1.172      0.006  0.000e+00
      1.178    30.1731   0.094853     0.4204     2.1410     2.0571          0     62.500  34.416591   995.9171      1.172      0.006  0.000e+00
      1.200    30.1748   0.094872     0.4205     2.1370     2.0624          0     62.750  34.416594   995.9168      1.193      0.016  0.000e+00
      1.200    30.1771   0.094878     0.4205     2.1338     2.0731          0     63.000  34.416597   995.9161      1.193      0.020  0.000e+00
      1.178    30.1790   0.094878     0.4205     2.1312     2.0693          0     63.250  34.416600   995.9154      1.172      0.013  0.000e+00
      1.178    30.1786   0.094909     0.4206     2.1303     2.0670          0     63.500  34.416603   995.9156      1.172      0.008  0.000e+00
      1.178    30.1783   0.094934     0.4208     2.1336     2.0510          0     63.750  34.416606   995.9158      1.172      0.002  0.000e+00
      1.189    30.1788   0.094974     0.4209     2.1355     2.0617          0     64.000  34.416609   995.9158      1.182     -0.002  0.000e+00
      1.167    30.1793   0.094980     0.4210     2.1366     2.0563          0     64.250  34.416612   995.9156      1.161     -0.005  0.000e+00
      1.167    30.1804   0.094996     0.4210     2.1374     2.0632          0     64.500  34.416615   995.9153      1.161     -0.011  0.000e+00
      1.167    30.1811   0.095017     0.4211     2.1418     2.0678          0     64.750  34.416617   995.9152      1.161     -0.016  0.000e+00
      1.167    30.1816   0.095036     0.4212     2.1392     2.0723          0     65.000  34.416620   995.9151      1.161     -0.013  0.000e+00
      1.156    30.1812   0.095042     0.4212     2.1358     2.0693          0     65.250  34.416623   995.9152      1.150     -0.011  0.000e+00
      1.178    30.1815   0.095054     0.4213     2.1340     2.0693          0     65.500  34.416626   995.9152      1.172     -0.007  0.000e+00
      1.167    30.1817   0.095067     0.4213     2.1299     2.0640          0     65.750  34.416629   995.9151      1.161     -0.007  0.000e+00
      1.178    30.1824   0.095073     0.4214     2.1264     2.0739          0     66.000  34.416632   995.9150      1.172     -0.002  0.000e+00
      1.189    30.1835   0.095082     0.4214     2.1249     2.0792          0     66.250  34.416635   995.9147      1.183      0.009  0.000e+00
      1.200    30.1853   0.095107     0.4215     2.1229     2.0777          0     66.500  34.416638   995.9143      1.193      0.015  0.000e+00
      1.189    30.1859   0.095144     0.4217     2.1165     2.0784          0     66.750  34.416641   995.9142      1.183      0.017  0.000e+00
      1.178    30.1866   0.095175     0.4218     2.1094     2.0578          0     67.000  34.416644   995.9140      1.172      0.014  0.000e+00
      1.189    30.1861   0.095181     0.4218     2.1111     2.0578          0     67.250  34.416646   995.9143      1.183      0.013  0.000e+00
      1.157    30.1859   0.095200     0.4219     2.1089     2.0563          0     67.500  34.416649   995.9143      1.150     -0.001  0.000e+00
      1.168    30.1871   0.095246     0.4221     2.1021     2.0548          0     67.750  34.416652   995.9141      1.161     -0.006  0.000e+00
      1.168    30.1895   0.095277     0.4222     2.0961     2.0601          0     68.000  34.416655   995.9135      1.161     -0.013  0.000e+00
      1.189    30.1919   0.095311     0.4224     2.0928     2.0578          0     68.250  34.416658   995.9129      1.183     -0.011  0.000e+00
      1.157    30.1940   0.095339     0.4225     2.0943     2.0525          0     68.500  34.416661   995.9122      1.151     -0.014  0.000e+00
      1.168    30.1955   0.095339     0.4225     2.0950     2.0517          0     68.750  34.416664   995.9118      1.162     -0.009  0.000e+00
      1.168    30.1961   0.095370     0.4226     2.1002     2.0678          0     69.000  34.416667   995.9117      1.161     -0.006  0.000e+00
      1.146    30.1970   0.095416     0.4228     2.1058     2.0769          0     69.250  34.416670   995.9115      1.140     -0.010  0.000e+00
      1.168    30.1968   0.095466     0.4230     2.1129     2.0716          0     69.500  34.416672   995.9118      1.161     -0.003  0.000e+00
      1.168    30.1971   0.095503     0.4232     2.1203     2.0571          0     69.750  34.416675   995.9119      1.161     -0.005  0.000e+00
      1.168    30.1969   0.095537     0.4234     2.1272     2.0777          0     70.000  34.416678   995.9121      1.161     -0.004  0.000e+00
      1.157    30.1973   0.095583     0.4236     2.1358     2.0517          0     70.250  34.416681   995.9120      1.150     -0.007  0.000e+00
      1.168    30.1987   0.095617     0.4237     2.1356     2.0586          0     70.500  34.416684   995.9118      1.161      0.002  0.000e+00
      1.168    30.1997   0.095676     0.4240     2.1415     2.0617          0     70.750  34.416687   995.9117      1.161      0.001  0.000e+00
      1.179    30.2016   0.095713     0.4241     2.1407     2.0556          0     71.000  34.416690   995.9112      1.172      0.006  0.000e+00
      1.157    30.2037   0.095744     0.4243     2.1409     2.0495          0     71.250  34.416693   995.9106      1.151      0.005  0.000e+00
      1.157    30.2048   0.095794     0.4245     2.1401     2.0594          0     71.500  34.416696   995.9104      1.150     -0.003  0.000e+00
      1.168    30.2049   0.095846     0.4247     2.1332     2.0510          0     71.750  34.416698   995.9106      1.161     -0.001  0.000e+00
      1.178    30.2047   0.095902     0.4250     2.1314     2.0624          0     72.000  34.416701   995.9109      1.172      0.003  0.000e+00
      1.189    30.2060   0.095927     0.4251     2.1298     2.0548          0     72.250  34.416704   995.9107      1.183      0.009  0.000e+00
      1.178    30.2074   0.095939     0.4251     2.1239     2.0586          0     72.500  34.416707   995.9102      1.172      0.008  0.000e+00
      1.178    30.2076   0.095945     0.4251     2.1235     2.0571          0     72.750  34.416710   995.9102      1.172      0.009  0.000e+00
      1.189    30.2082   0.095967     0.4252     2.1201     2.0578          0     73.000  34.416713   995.9101      1.183      0.012  0.000e+00
      1.189    30.2094   0.095998     0.4254     2.1189     2.0586          0     73.250  34.416716   995.9098      1.183      0.017  0.000e+00
      1.200    30.2102   0.096029     0.4255     2.1176     2.0708          0     73.500  34.416719   995.9098      1.194      0.017  0.000e+00
      1.200    30.2105   0.096094     0.4258     2.1143     2.0525          0     73.750  34.416722   995.9099      1.194      0.014  0.000e+00
      1.179    30.2106   0.096156     0.4261     2.1102     2.0502          0     74.000  34.416725   995.9100      1.172      0.006  0.000e+00
      1.179    30.2105   0.096215     0.4264     2.1038     2.0510          0     74.250  34.416727   995.9102      1.172      0.001  0.000e+00
      1.179    30.2115   0.096258     0.4265     2.1000     2.0884          0     74.500  34.416730   995.9100      1.172     -0.001  0.000e+00
      1.157    30.2138   0.096301     0.4267     2.0978     2.0891          0     74.750  34.416733   995.9094      1.151     -0.011  0.000e+00
      1.179    30.2158   0.096379     0.4271     2.0962     2.0853          0     75.000  34.416736   995.9091      1.172     -0.014  0.000e+00
      1.168    30.2173   0.096453     0.4274     2.0944     2.0823          0     75.250  34.416739   995.9089      1.161     -0.016  0.000e+00
      1.189    30.2186   0.096496     0.4276     2.0916     2.0533          0     75.500  34.416742   995.9087      1.183     -0.011  0.000e+00
      1.179    30.2186   0.096515     0.4277     2.0913     2.0601          0     75.750  34.416745   995.9087      1.172     -0.005  0.000e+00
      1.168    30.2189   0.096530     0.4277     2.0942     2.0563          0     76.000  34.416748   995.9086      1.162     -0.001  0.000e+00
      1.135    30.2183   0.096549     0.4278     2.0989     2.0502          0     76.250  34.416751   995.9087      1.129     -0.010  0.000e+00
      1.179    30.2176   0.096567     0.4279     2.1028     2.0777          0     76.500  34.416753   995.9092      1.172     -0.005  0.000e+00
      1.179    30.2183   0.096642     0.4282     2.1101     2.0823          0     76.750  34.416756   995.9092      1.172      0.000  0.000e+00
      1.200    30.2199   0.096682     0.4284     2.1082     2.0907          0     77.000  34.416759   995.9090      1.194      0.004  0.000e+00
      1.189    30.2223   0.096688     0.4284     2.1072     2.0891          0     77.250  34.416762   995.9082      1.183      0.009  0.000e+00
      1.200    30.2240   0.096713     0.4285     2.0906     2.0731          0     77.500  34.416765   995.9078      1.194      0.012  0.000e+00
      1.222    30.2240   0.096756     0.4287     2.0982     2.0945          0     77.750  34.416768   995.9081      1.215      0.027  0.000e+00
      1.243    30.2235   0.096806     0.4290     2.0993     2.0998          0     78.000  34.416771   995.9085      1.237      0.041  0.000e+00
      1.276    30.2235   0.096834     0.4291     2.0944     2.0922          0     78.250  34.416774   995.9087      1.269      0.056  0.000e+00
      1.276    30.2229   0.096877     0.4293     2.0932     2.0846          0     78.500  34.416777   995.9090      1.269      0.053  0.000e+00
      1.265    30.2232   0.096902     0.4294     2.0867     2.0601          0     78.750  34.416780   995.9090      1.258      0.053  0.000e+00
      1.276    30.2241   0.096927     0.4295     2.0834     2.0578          0     79.000  34.416782   995.9089      1.269      0.049  0.000e+00
      1.265    30.2251   0.096927     0.4295     2.0843     2.0533          0     79.250  34.416785   995.9085      1.258      0.043  0.000e+00
      1.287    30.2248   0.096945     0.4296     2.0848     2.0533          0     79.500  34.416788   995.9087      1.280      0.035  0.000e+00
      1.308    30.2235   0.097013     0.4299     2.0890     2.0769          0     79.750  34.416791   995.9095      1.301      0.030  0.000e+00
      1.362    30.2238   0.097047     0.4301     2.0870     2.0784          0     80.000  34.416794   995.9097      1.355      0.040  0.000e+00
      1.395    30.2256   0.097035     0.4300     2.0785     2.0762          0     80.250  34.416797   995.9093      1.387      0.056  0.000e+00
      1.460    30.2280   0.097078     0.4302     2.0755     2.0731          0     80.500  34.416800   995.9090      1.452      0.089  0.000e+00
      1.600    30.2293   0.097078     0.4302     2.0972     2.1135          0     80.750  34.416803   995.9092      1.591      0.149  0.000e+00
      1.654    30.2296   0.096992     0.4298     2.0882     2.1166          0     81.000  34.416806   995.9090      1.645      0.197  0.000e+00
      1.698    30.2287   0.096998     0.4298     2.0812     2.1258          0     81.250  34.416808   995.9095      1.688      0.234  0.000e+00
      1.708    30.2278   0.097038     0.4300     2.0790     2.1120          0     81.500  34.416811   995.9100      1.699      0.243  0.000e+00
      1.773    30.2272   0.097109     0.4303     2.0696     2.1151          0     81.750  34.416814   995.9107      1.763      0.247  0.000e+00
      1.871    30.2265   0.097205     0.4308     2.0780     2.0960          0     82.000  34.416817   995.9117      1.860      0.251  0.000e+00
      1.979    30.2263   0.097236     0.4309     2.0760     2.0922          0     82.250  34.416820   995.9124      1.968      0.265  0.000e+00
      2.087    30.2277   0.097249     0.4309     2.0656     2.1052          0     82.500  34.416823   995.9124      2.075      0.277  0.000e+00
      2.292    30.2306   0.097224     0.4308     2.0692     2.0937          0     82.750  34.416826   995.9124      2.280      0.319  0.000e+00
      2.465    30.2324   0.097060     0.4300     2.0840     2.2486          0     83.000  34.416829   995.9120      2.452      0.399  0.000e+00
