public/post/ctd_rufiji/SBE19plus_01906740_2018_02_13_0904.cnv
* Sea-Bird SBE19plus  Data File:
* FileName = C:\Users\all user\Desktop\CTD tafiri 2018\SBE19plus_01906740_2018_02_13_0904.hex
* Software version 2.6.3.104
* Temperature SN = 6740
* Conductivity SN = 6740
* System UpLoad Time = Feb 13 2018 14:01:11
* <ApplicationData>
* <Seaterm232>
# nquan = 13
# nvalues = 354                                   
# units = specified
# name 0 = prdM: Pressure, Strain Gauge [db]
# name 1 = tv290C: Temperature [ITS-90, deg C]
# name 2 = c0S/m: Conductivity [S/m]
# name 3 = sal00: Salinity, Practical [PSU]
# name 4 = sbeox0ML/L: Oxygen, SBE 43 [ml/l]
# name 5 = flECO-AFL: Fluorescence, WET Labs ECO-AFL/FL [mg/m^3]
# name 6 = nbf: Bottles Fired
# name 7 = timeS: Time, Elapsed [seconds]
# name 8 = timeJ: Julian Days
# name 9 = density00: Density [density, kg/m^3]
# name 10 = depSM: Depth [salt water, m], lat = 0.00
# name 11 = dz/dtM: Descent Rate [m/s]
# name 12 = flag:  0.000e+00
# span 0 =      0.129,      3.610                 
# span 1 =    26.4857,    30.4678                 
# span 2 =   0.000732,   0.054310                 
# span 3 =     0.0137,     0.2369                 
# span 4 =     1.4636,     4.2086                 
# span 5 =    -0.0662,     2.1479                 
# span 6 =          0,          0                 
# span 7 =      0.000,     88.250                 
# span 8 =  34.254873,  34.255894                 
# span 9 =   995.6918,   996.6706                 
# span 10 =      0.128,      3.590                
# span 11 =     -0.473,      0.566                
# span 12 = 0.0000e+00, 0.0000e+00                
# interval = seconds: 0.25
# start_time = Feb 03 2018 06:07:01 [Instrument's time stamp, header]
# bad_flag = -9.990e-29
*END*
      0.279    26.4857   0.000732     0.0137     3.7203    -0.0601          0      0.000  34.254873   996.6667      0.277 1.0527e-16  0.000e+00
      0.387    26.5906   0.011193     0.0558     4.2086    -0.0639          0      0.250  34.254876   996.6706      0.385      0.029  0.000e+00
      0.474    27.5607   0.024235     0.1120     3.8839    -0.0601          0      0.500  34.254878   996.4458      0.471      0.073  0.000e+00
      0.538    28.6035   0.014895     0.0698     3.9716    -0.0662          0      0.750  34.254881   996.1171      0.535      0.122  0.000e+00
      0.592    29.2106   0.045670     0.2032     3.9444     1.6336          0      1.000  34.254884   996.0400      0.589      0.169  0.000e+00
      0.625    29.5565   0.050414     0.2230     4.0202     1.6321          0      1.250  34.254887   995.9524      0.621      0.202  0.000e+00
      0.592    29.7648   0.031236     0.1379     4.0899     1.6283          0      1.500  34.254890   995.8260      0.589      0.205  0.000e+00
      0.592    29.8415   0.026101     0.1157     4.0712     1.6382          0      1.750  34.254893   995.7863      0.589      0.186  0.000e+00
      0.625    29.7387   0.049914     0.2200     3.9008     1.9487          0      2.000  34.254896   995.8956      0.621      0.155  0.000e+00
      0.668    29.7209   0.050675     0.2235     3.8792     1.9487          0      2.250  34.254899   995.9037      0.664      0.112  0.000e+00
      0.679    29.8103   0.049720     0.2188     4.0947     1.9381          0      2.500  34.254902   995.8735      0.675      0.083  0.000e+00
      0.711    29.9066   0.049332     0.2167     4.0680     1.9495          0      2.750  34.254905   995.8431      0.707      0.071  0.000e+00
      0.744    29.9635   0.049033     0.2152     4.0863     1.9564          0      3.000  34.254907   995.8249      0.740      0.074  0.000e+00
      0.798    30.0059   0.051200     0.2246     4.0261     1.9594          0      3.250  34.254910   995.8194      0.793      0.096  0.000e+00
      0.884    30.0533   0.053090     0.2328     3.9219     1.9495          0      3.500  34.254913   995.8115      0.879      0.138  0.000e+00
      0.971    30.1057   0.053366     0.2338     3.9248     1.9426          0      3.750  34.254916   995.7968      0.965      0.174  0.000e+00
      1.025    30.1651   0.053685     0.2349     3.7828     1.9381          0      4.000  34.254919   995.7799      1.019      0.200  0.000e+00
      1.090    30.2203   0.053794     0.2351     3.8394     2.0395          0      4.250  34.254922   995.7636      1.084      0.226  0.000e+00
      1.133    30.2694   0.054055     0.2361     3.8559     2.0434          0      4.500  34.254925   995.7495      1.127      0.246  0.000e+00
      1.198    30.3046   0.054177     0.2365     3.9439     2.0350          0      4.750  34.254928   995.7394      1.191      0.256  0.000e+00
      1.230    30.3282   0.054252     0.2367     4.0593     2.0273          0      5.000  34.254931   995.7325      1.223      0.251  0.000e+00
      1.230    30.3458   0.054310     0.2369     4.0686     1.9877          0      5.250  34.254933   995.7272      1.223      0.222  0.000e+00
      1.263    30.3618   0.054304     0.2368     4.1215     1.9861          0      5.500  34.254936   995.7224      1.256      0.187  0.000e+00
      1.274    30.3759   0.054155     0.2361     4.1744     1.9869          0      5.750  34.254939   995.7176      1.267      0.154  0.000e+00
      1.263    30.3871   0.054000     0.2353     4.2040     1.9861          0      6.000  34.254942   995.7136      1.256      0.120  0.000e+00
      1.263    30.3948   0.053873     0.2347     4.1519     1.9404          0      6.250  34.254945   995.7108      1.256      0.084  0.000e+00
      1.263    30.4003   0.053754     0.2342     4.0837     1.9350          0      6.500  34.254948   995.7087      1.256      0.055  0.000e+00
      1.284    30.4021   0.053657     0.2337     4.0285     1.9304          0      6.750  34.254951   995.7079      1.277      0.034  0.000e+00
      1.306    30.4066   0.053606     0.2335     4.0274     1.9404          0      7.000  34.254954   995.7065      1.299      0.030  0.000e+00
      1.284    30.4073   0.053560     0.2333     4.0379     1.9793          0      7.250  34.254957   995.7060      1.277      0.025  0.000e+00
      1.295    30.4060   0.053530     0.2332     4.0127     1.9823          0      7.500  34.254959   995.7064      1.288      0.018  0.000e+00
      1.284    30.4065   0.053560     0.2333     4.0523     1.9724          0      7.750  34.254962   995.7063      1.277      0.015  0.000e+00
      1.295    30.4096   0.053566     0.2333     4.0505     1.9762          0      8.000  34.254965   995.7054      1.288      0.017  0.000e+00
      1.295    30.4138   0.053575     0.2333     4.0726     1.9739          0      8.250  34.254968   995.7041      1.288      0.014  0.000e+00
      1.295    30.4132   0.053560     0.2333     4.0623     1.9564          0      8.500  34.254971   995.7042      1.288      0.009  0.000e+00
      1.295    30.4095   0.053542     0.2332     4.0508     1.9541          0      8.750  34.254974   995.7053      1.288      0.002  0.000e+00
      1.295    30.4070   0.053524     0.2331     4.0800     1.9457          0      9.000  34.254977   995.7060      1.288     -0.000  0.000e+00
      1.295    30.4070   0.053515     0.2331     4.0841     1.9465          0      9.250  34.254980   995.7060      1.288      0.004  0.000e+00
      1.317    30.4076   0.053530     0.2332     4.0741     1.9396          0      9.500  34.254983   995.7060      1.310      0.008  0.000e+00
      1.284    30.4064   0.053542     0.2332     4.0304     1.9335          0      9.750  34.254986   995.7062      1.277      0.004  0.000e+00
      1.295    30.4069   0.053560     0.2333     4.0513     1.9442          0     10.000  34.254988   995.7062      1.288      0.001  0.000e+00
      1.328    30.4077   0.053554     0.2333     4.1356     1.9434          0     10.250  34.254991   995.7061      1.320      0.009  0.000e+00
      1.317    30.4070   0.053536     0.2332     4.1276     1.9579          0     10.500  34.254994   995.7062      1.310      0.011  0.000e+00
      1.317    30.4075   0.053560     0.2333     4.1752     1.9480          0     10.750  34.254997   995.7061      1.310      0.013  0.000e+00
      1.328    30.4096   0.053569     0.2333     4.1750     1.9533          0     11.000  34.255000   995.7055      1.320      0.016  0.000e+00
      1.317    30.4112   0.053542     0.2332     4.1502     1.9526          0     11.250  34.255003   995.7049      1.310      0.014  0.000e+00
      1.328    30.4113   0.053515     0.2331     4.0562     1.9434          0     11.500  34.255006   995.7048      1.320      0.013  0.000e+00
      1.306    30.4087   0.053472     0.2329     3.9379     1.9533          0     11.750  34.255009   995.7054      1.299      0.012  0.000e+00
      1.317    30.4044   0.053472     0.2329     3.7454     1.9533          0     12.000  34.255012   995.7068      1.310      0.003  0.000e+00
      1.306    30.4047   0.053581     0.2334     3.5518     1.9510          0     12.250  34.255014   995.7070      1.299     -0.007  0.000e+00
      1.317    30.4090   0.053672     0.2338     3.3672     1.9533          0     12.500  34.255017   995.7060      1.310     -0.004  0.000e+00
      1.306    30.4083   0.053697     0.2339     3.1886     1.9854          0     12.750  34.255020   995.7063      1.299     -0.007  0.000e+00
      1.306    30.4050   0.053697     0.2339     3.0873     1.9846          0     13.000  34.255023   995.7073      1.299     -0.009  0.000e+00
      1.328    30.4097   0.053679     0.2338     2.9862     1.9892          0     13.250  34.255026   995.7059      1.321     -0.001  0.000e+00
      1.306    30.4165   0.053657     0.2337     2.9184     1.9930          0     13.500  34.255029   995.7036      1.299     -0.003  0.000e+00
      1.328    30.4207   0.053600     0.2334     2.8915     1.9747          0     13.750  34.255032   995.7022      1.321      0.006  0.000e+00
      1.306    30.4217   0.053521     0.2331     2.8657     1.9663          0     14.000  34.255035   995.7015      1.299      0.001  0.000e+00
      1.339    30.4212   0.053445     0.2327     2.8348     1.9785          0     14.250  34.255038   995.7016      1.331      0.009  0.000e+00
      1.317    30.4216   0.053445     0.2327     2.7936     1.9693          0     14.500  34.255041   995.7014      1.310      0.007  0.000e+00
      1.317    30.4225   0.053411     0.2326     2.7598     1.9808          0     14.750  34.255043   995.7010      1.310      0.007  0.000e+00
      1.317    30.4248   0.053469     0.2328     2.6973     1.9693          0     15.000  34.255046   995.7004      1.310      0.003  0.000e+00
      1.328    30.4283   0.053484     0.2329     2.7046     1.9709          0     15.250  34.255049   995.6995      1.321      0.002  0.000e+00
      1.328    30.4297   0.053457     0.2327     2.6742     1.9754          0     15.500  34.255052   995.6990      1.321      0.006  0.000e+00
      1.317    30.4291   0.053427     0.2326     2.6891     1.9632          0     15.750  34.255055   995.6990      1.310      0.000  0.000e+00
      1.317    30.4277   0.053393     0.2325     2.6659     1.9564          0     16.000  34.255058   995.6993      1.310      0.001  0.000e+00
      1.328    30.4271   0.053375     0.2324     2.6780     1.9556          0     16.250  34.255061   995.6995      1.321     -0.002  0.000e+00
      1.328    30.4265   0.053348     0.2323     2.6546     1.9625          0     16.500  34.255064   995.6996      1.321      0.004  0.000e+00
      1.306    30.4256   0.053329     0.2322     2.6127     1.9686          0     16.750  34.255067   995.6997      1.299     -0.001  0.000e+00
      1.317    30.4261   0.053323     0.2322     2.6196     1.9892          0     17.000  34.255069   995.6996      1.310     -0.004  0.000e+00
      1.306    30.4286   0.053342     0.2322     2.5279     1.9854          0     17.250  34.255072   995.6988      1.299     -0.009  0.000e+00
      1.306    30.4316   0.053360     0.2323     2.5273     1.9892          0     17.500  34.255075   995.6980      1.299     -0.009  0.000e+00
      1.306    30.4335   0.053375     0.2324     2.5208     1.9892          0     17.750  34.255078   995.6974      1.299     -0.009  0.000e+00
      1.306    30.4318   0.053375     0.2324     2.5159     1.9579          0     18.000  34.255081   995.6979      1.299     -0.010  0.000e+00
      1.296    30.4265   0.053366     0.2324     2.5186     1.9610          0     18.250  34.255084   995.6995      1.289     -0.014  0.000e+00
      1.317    30.4223   0.053348     0.2323     2.4881     1.9632          0     18.500  34.255087   995.7008      1.310     -0.006  0.000e+00
      1.328    30.4217   0.053354     0.2323     2.4892     1.9663          0     18.750  34.255090   995.7011      1.321      0.004  0.000e+00
      1.317    30.4228   0.053381     0.2324     2.4821     1.9610          0     19.000  34.255093   995.7008      1.310      0.005  0.000e+00
      1.328    30.4239   0.053417     0.2326     2.4866     1.9602          0     19.250  34.255095   995.7006      1.321      0.012  0.000e+00
      1.339    30.4259   0.053439     0.2327     2.4605     1.9526          0     19.500  34.255098   995.7001      1.332      0.017  0.000e+00
      1.328    30.4266   0.053433     0.2326     2.4443     1.9579          0     19.750  34.255101   995.6998      1.321      0.017  0.000e+00
      1.317    30.4258   0.053433     0.2327     2.4288     1.9594          0     20.000  34.255104   995.7000      1.310      0.012  0.000e+00
      1.306    30.4255   0.053427     0.2326     2.4097     2.0044          0     20.250  34.255107   995.7001      1.299      0.004  0.000e+00
      1.328    30.4251   0.053411     0.2326     2.4167     1.9907          0     20.500  34.255110   995.7002      1.321     -0.001  0.000e+00
      1.317    30.4251   0.053399     0.2325     2.4150     1.9991          0     20.750  34.255113   995.7001      1.310     -0.005  0.000e+00
      1.317    30.4251   0.053375     0.2324     2.4028     2.0029          0     21.000  34.255116   995.7000      1.310     -0.005  0.000e+00
      1.339    30.4257   0.053375     0.2324     2.3992     1.9747          0     21.250  34.255119   995.7000      1.331     -0.002  0.000e+00
      1.339    30.4272   0.053411     0.2326     2.3846     1.9777          0     21.500  34.255122   995.6996      1.331      0.003  0.000e+00
      1.382    30.4306   0.053469     0.2328     2.3815     1.9709          0     21.750  34.255124   995.6989      1.374      0.022  0.000e+00
      1.339    30.4345   0.053502     0.2329     2.3735     1.9747          0     22.000  34.255127   995.6977      1.331      0.024  0.000e+00
      1.339    30.4362   0.053509     0.2329     2.3673     2.0014          0     22.250  34.255130   995.6972      1.331      0.021  0.000e+00
      1.350    30.4349   0.053502     0.2329     2.3356     1.9907          0     22.500  34.255133   995.6976      1.342      0.016  0.000e+00
      1.339    30.4309   0.053478     0.2328     2.3132     1.9999          0     22.750  34.255136   995.6987      1.331      0.012  0.000e+00
      1.349    30.4263   0.053451     0.2327     2.3047     1.9884          0     23.000  34.255139   995.7001      1.342      0.007  0.000e+00
      1.349    30.4223   0.053417     0.2326     2.2888     2.0105          0     23.250  34.255142   995.7012      1.342     -0.000  0.000e+00
      1.349    30.4179   0.053387     0.2325     2.3002     2.0136          0     23.500  34.255145   995.7025      1.342     -0.002  0.000e+00
      1.349    30.4133   0.053366     0.2324     2.2667     2.0067          0     23.750  34.255148   995.7038      1.342     -0.005  0.000e+00
      1.350    30.4124   0.053336     0.2323     2.2375     2.0166          0     24.000  34.255150   995.7040      1.342      0.006  0.000e+00
      1.360    30.4151   0.053308     0.2321     2.2435     2.0121          0     24.250  34.255153   995.7031      1.353      0.007  0.000e+00
      1.328    30.4196   0.053314     0.2322     2.2276     1.9838          0     24.500  34.255156   995.7016      1.321     -0.001  0.000e+00
      1.339    30.4241   0.053323     0.2322     2.2172     1.9922          0     24.750  34.255159   995.7003      1.331     -0.003  0.000e+00
      1.360    30.4283   0.053323     0.2322     2.2434     1.9892          0     25.000  34.255162   995.6991      1.353     -0.001  0.000e+00
      1.339    30.4322   0.053314     0.2321     2.2299     1.9793          0     25.250  34.255165   995.6977      1.331     -0.004  0.000e+00
      1.360    30.4347   0.053308     0.2321     2.2467     1.9938          0     25.500  34.255168   995.6970      1.353      0.001  0.000e+00
      1.360    30.4372   0.053296     0.2320     2.2499     1.9793          0     25.750  34.255171   995.6963      1.353      0.004  0.000e+00
      1.339    30.4386   0.053284     0.2319     2.2216     1.9823          0     26.000  34.255174   995.6957      1.331      0.002  0.000e+00
      1.350    30.4389   0.053278     0.2319     2.2114     1.9892          0     26.250  34.255177   995.6956      1.342      0.002  0.000e+00
      1.317    30.4392   0.053263     0.2318     2.2319     1.9968          0     26.500  34.255179   995.6953      1.310     -0.002  0.000e+00
      1.350    30.4388   0.053244     0.2318     2.2322     1.9999          0     26.750  34.255182   995.6955      1.342     -0.006  0.000e+00
      1.339    30.4372   0.053211     0.2316     2.1864     1.9999          0     27.000  34.255185   995.6959      1.331     -0.010  0.000e+00
      1.350    30.4335   0.053147     0.2314     2.1712     1.9938          0     27.250  34.255188   995.6969      1.342     -0.004  0.000e+00
      1.339    30.4265   0.053108     0.2312     2.1300     1.9861          0     27.500  34.255191   995.6988      1.331     -0.008  0.000e+00
