public/post/ctd_rufiji/SBE19plus_01906740_2018_02_13_0905.cnv
* Sea-Bird SBE19plus  Data File:
* FileName = C:\Users\all user\Desktop\CTD tafiri 2018\SBE19plus_01906740_2018_02_13_0905.hex
* Software version 2.6.3.104
* Temperature SN = 6740
* Conductivity SN = 6740
* System UpLoad Time = Feb 13 2018 14:01:23
* <ApplicationData>
* <Seaterm232>
# nquan = 13
# nvalues = 460                                   
# units = specified
# name 0 = prdM: Pressure, Strain Gauge [db]
# name 1 = tv290C: Temperature [ITS-90, deg C]
# name 2 = c0S/m: Conductivity [S/m]
# name 3 = sal00: Salinity, Practical [PSU]
# name 4 = sbeox0ML/L: Oxygen, SBE 43 [ml/l]
# name 5 = flECO-AFL: Fluorescence, WET Labs ECO-AFL/FL [mg/m^3]
# name 6 = nbf: Bottles Fired
# name 7 = timeS: Time, Elapsed [seconds]
# name 8 = timeJ: Julian Days
# name 9 = density00: Density [density, kg/m^3]
# name 10 = depSM: Depth [salt water, m], lat = 0.00
# name 11 = dz/dtM: Descent Rate [m/s]
# name 12 = flag:  0.000e+00
# span 0 =      0.126,      8.168                 
# span 1 =    29.4049,    30.5648                 
# span 2 =   0.001182,   0.065856                 
# span 3 =     0.0157,     0.2871                 
# span 4 =     1.1283,     4.8994                 
# span 5 =    -0.0586,     2.2440                 
# span 6 =          0,          0                 
# span 7 =      0.000,    114.750                 
# span 8 =  34.257014,  34.258342                 
# span 9 =   995.5317,   995.8409                 
# span 10 =      0.126,      8.123                
# span 11 =     -0.478,      0.497                
# span 12 = 0.0000e+00, 0.0000e+00                
# interval = seconds: 0.25
# start_time = Feb 03 2018 06:10:06 [Instrument's time stamp, header]
# bad_flag = -9.990e-29
*END*
[from data line 334]
      8.157    30.5636   0.061075     0.2657     2.0011     1.9953          0     83.500  34.257980   995.7130      8.112      0.071  0.000e+00
      8.146    30.5641   0.061062     0.2657     1.9919     2.0014          0     83.750  34.257983   995.7128      8.101      0.048  0.000e+00
      8.146    30.5639   0.061038     0.2656     1.9919     2.0121          0     84.000  34.257986   995.7127      8.101      0.034  0.000e+00
      8.146    30.5644   0.061029     0.2655     1.9911     2.0182          0     84.250  34.257989   995.7126      8.101      0.021  0.000e+00
      8.146    30.5646   0.061011     0.2654     1.9825     2.0243          0     84.500  34.257992   995.7124      8.101      0.011  0.000e+00
      8.168    30.5646   0.060998     0.2654     1.9723     2.0182          0     84.750  34.257995   995.7125      8.123      0.004  0.000e+00
      8.168    30.5645   0.060980     0.2653     1.9576     2.0296          0     85.000  34.257998   995.7125      8.123      0.007  0.000e+00
      8.146    30.5644   0.060974     0.2653     1.9485     2.0350          0     85.250  34.258001   995.7124      8.101      0.002  0.000e+00
      8.146    30.5646   0.060971     0.2653     1.9333     2.0334          0     85.500  34.258003   995.7123      8.101      0.002  0.000e+00
      8.157    30.5645   0.060974     0.2653     1.9322     2.0350          0     85.750  34.258006   995.7124      8.112      0.004  0.000e+00
      8.157    30.5647   0.060965     0.2652     1.9134     2.0434          0     86.000  34.258009   995.7123      8.112      0.004  0.000e+00
      8.157    30.5648   0.060974     0.2653     1.9113     1.9800          0     86.250  34.258012   995.7123      8.112      0.002  0.000e+00
      8.157    30.5648   0.060980     0.2653     1.9072     1.9960          0     86.500  34.258015   995.7123      8.112      0.000  0.000e+00
      8.146    30.5643   0.061172     0.2661     1.9026     1.9915          0     86.750  34.258018   995.7131      8.101     -0.006  0.000e+00
      8.146    30.5628   0.061443     0.2674     1.8994     1.9945          0     87.000  34.258021   995.7144      8.101     -0.004  0.000e+00
      8.146    30.5610   0.061474     0.2675     1.9000     2.0411          0     87.250  34.258024   995.7151      8.101     -0.001  0.000e+00
      8.060    30.5538   0.061263     0.2666     1.8994     2.0434          0     87.500  34.258027   995.7162      8.015     -0.027  0.000e+00
      8.006    30.5480   0.061206     0.2664     1.8980     2.0479          0     87.750  34.258030   995.7176      7.962     -0.062  0.000e+00
      8.017    30.5467   0.061196     0.2663     1.9036     2.0464          0     88.000  34.258032   995.7180      7.972     -0.081  0.000e+00
      8.038    30.5474   0.061190     0.2663     1.9203     1.9770          0     88.250  34.258035   995.7179      7.994     -0.084  0.000e+00
      7.963    30.5489   0.061199     0.2663     1.9213     1.9816          0     88.500  34.258038   995.7171      7.919     -0.100  0.000e+00
      7.898    30.5502   0.061242     0.2665     1.9325     1.9808          0     88.750  34.258041   995.7166      7.854     -0.120  0.000e+00
      7.844    30.5504   0.061294     0.2668     1.9392     1.9770          0     89.000  34.258044   995.7164      7.800     -0.141  0.000e+00
      7.811    30.5508   0.061346     0.2670     1.9430     1.9861          0     89.250  34.258047   995.7163      7.768     -0.151  0.000e+00
      7.779    30.5513   0.061373     0.2671     1.9484     1.9861          0     89.500  34.258050   995.7161      7.736     -0.146  0.000e+00
      7.725    30.5480   0.061410     0.2673     1.9498     1.9884          0     89.750  34.258053   995.7170      7.682     -0.161  0.000e+00
      7.638    30.5337   0.061425     0.2674     1.9389     1.9869          0     90.000  34.258056   995.7211      7.596     -0.194  0.000e+00
      7.606    30.5149   0.061437     0.2676     1.9330     1.9838          0     90.250  34.258058   995.7269      7.564     -0.208  0.000e+00
      7.573    30.4989   0.061446     0.2677     1.9219     1.9793          0     90.500  34.258061   995.7318      7.532     -0.195  0.000e+00
      7.487    30.4868   0.061449     0.2678     1.9109     1.9663          0     90.750  34.258064   995.7351      7.446     -0.200  0.000e+00
      7.390    30.4832   0.061462     0.2678     1.9091     1.9678          0     91.000  34.258067   995.7358      7.349     -0.221  0.000e+00
      7.238    30.4821   0.061455     0.2678     1.9107     1.9686          0     91.250  34.258070   995.7355      7.199     -0.267  0.000e+00
      7.184    30.4828   0.061455     0.2678     1.9121     2.0250          0     91.500  34.258073   995.7350      7.145     -0.297  0.000e+00
      7.141    30.4797   0.061462     0.2679     1.9094     2.0189          0     91.750  34.258076   995.7358      7.102     -0.308  0.000e+00
      7.098    30.4713   0.061519     0.2682     1.9119     2.0235          0     92.000  34.258079   995.7384      7.059     -0.305  0.000e+00
      7.033    30.4639   0.061565     0.2684     1.9113     2.0250          0     92.250  34.258082   995.7406      6.994     -0.308  0.000e+00
      6.968    30.4568   0.061669     0.2689     1.9106     1.9854          0     92.500  34.258084   995.7429      6.930     -0.298  0.000e+00
      6.936    30.4514   0.061739     0.2692     1.9059     1.9846          0     92.750  34.258087   995.7446      6.898     -0.264  0.000e+00
      6.838    30.4471   0.061745     0.2693     1.8956     1.9877          0     93.000  34.258090   995.7455      6.801     -0.244  0.000e+00
      6.666    30.4439   0.061772     0.2694     1.8832     1.9861          0     93.250  34.258093   995.7458      6.629     -0.258  0.000e+00
      6.568    30.4422   0.061842     0.2697     1.8751     2.0205          0     93.500  34.258096   995.7462      6.532     -0.301  0.000e+00
      6.525    30.4413   0.061970     0.2703     1.8646     2.0182          0     93.750  34.258099   995.7467      6.489     -0.328  0.000e+00
      6.439    30.4393   0.061989     0.2704     1.8554     2.0144          0     94.000  34.258102   995.7470      6.403     -0.349  0.000e+00
      6.352    30.4354   0.061970     0.2703     1.8488     2.0128          0     94.250  34.258105   995.7478      6.317     -0.360  0.000e+00
      6.309    30.4318   0.061946     0.2703     1.8356     2.0121          0     94.500  34.258108   995.7486      6.274     -0.355  0.000e+00
      6.244    30.4299   0.061919     0.2701     1.8297     2.0243          0     94.750  34.258111   995.7488      6.210     -0.341  0.000e+00
      6.158    30.4290   0.061855     0.2699     1.8187     2.0136          0     95.000  34.258113   995.7485      6.124     -0.312  0.000e+00
      5.995    30.4289   0.061824     0.2697     1.8047     2.0258          0     95.250  34.258116   995.7477      5.962     -0.307  0.000e+00
      5.909    30.4283   0.061830     0.2698     1.8013     2.0235          0     95.500  34.258119   995.7475      5.876     -0.326  0.000e+00
      5.833    30.4275   0.061824     0.2697     1.8003     2.0220          0     95.750  34.258122   995.7474      5.801     -0.348  0.000e+00
      5.769    30.4275   0.061803     0.2696     1.7973     2.0182          0     96.000  34.258125   995.7471      5.737     -0.352  0.000e+00
      5.693    30.4281   0.061785     0.2696     1.7959     2.0136          0     96.250  34.258128   995.7465      5.662     -0.355  0.000e+00
      5.650    30.4301   0.061785     0.2695     1.7961     2.0174          0     96.500  34.258131   995.7456      5.619     -0.349  0.000e+00
      5.563    30.4315   0.061733     0.2693     1.7951     2.0006          0     96.750  34.258134   995.7447      5.533     -0.333  0.000e+00
      5.444    30.4354   0.061693     0.2691     1.7972     2.0075          0     97.000  34.258137   995.7428      5.414     -0.321  0.000e+00
      5.304    30.4447   0.061669     0.2690     1.7994     2.0006          0     97.250  34.258139   995.7392      5.275     -0.321  0.000e+00
      5.228    30.4562   0.061657     0.2688     1.7974     2.0006          0     97.500  34.258142   995.7352      5.199     -0.339  0.000e+00
      5.142    30.4678   0.061641     0.2687     1.7948     2.0105          0     97.750  34.258145   995.7312      5.113     -0.358  0.000e+00
      5.044    30.4785   0.061623     0.2686     1.7980     2.0014          0     98.000  34.258148   995.7274      5.017     -0.377  0.000e+00
      5.012    30.4860   0.061641     0.2686     1.7996     1.9877          0     98.250  34.258151   995.7250      4.984     -0.373  0.000e+00
      4.936    30.4885   0.061629     0.2686     1.7942     1.9991          0     98.500  34.258154   995.7238      4.909     -0.365  0.000e+00
      4.839    30.4888   0.061605     0.2685     1.7936     1.9976          0     98.750  34.258157   995.7232      4.812     -0.346  0.000e+00
      4.677    30.4923   0.061596     0.2684     1.7869     2.0235          0     99.000  34.258160   995.7214      4.651     -0.345  0.000e+00
      4.579    30.4994   0.061596     0.2684     1.7766     2.0281          0     99.250  34.258163   995.7188      4.554     -0.351  0.000e+00
      4.493    30.5054   0.061596     0.2683     1.7772     2.0273          0     99.500  34.258166   995.7165      4.468     -0.369  0.000e+00
      4.417    30.5090   0.061596     0.2683     1.7775     2.0136          0     99.750  34.258168   995.7151      4.393     -0.378  0.000e+00
      4.309    30.5141   0.061623     0.2684     1.7802     1.9999          0    100.000  34.258171   995.7131      4.285     -0.391  0.000e+00
      4.234    30.5186   0.061647     0.2685     1.7866     1.9922          0    100.250  34.258174   995.7114      4.210     -0.401  0.000e+00
      4.147    30.5225   0.061675     0.2686     1.7827     2.0029          0    100.500  34.258177   995.7099      4.124     -0.391  0.000e+00
      4.039    30.5265   0.061791     0.2691     1.7882     1.9968          0    100.750  34.258180   995.7086      4.017     -0.378  0.000e+00
      3.877    30.5317   0.061894     0.2695     1.7977     2.0022          0    101.000  34.258183   995.7066      3.856     -0.380  0.000e+00
      3.769    30.5355   0.061919     0.2696     1.8099     2.0037          0    101.250  34.258186   995.7050      3.748     -0.401  0.000e+00
      3.682    30.5372   0.061900     0.2695     1.8144     2.0166          0    101.500  34.258189   995.7040      3.662     -0.416  0.000e+00
      3.596    30.5375   0.061976     0.2699     1.8164     2.0151          0    101.750  34.258192   995.7038      3.576     -0.424  0.000e+00
      3.520    30.5394   0.062022     0.2700     1.8251     2.0006          0    102.000  34.258194   995.7030      3.501     -0.418  0.000e+00
      3.466    30.5417   0.061983     0.2699     1.8295     1.9991          0    102.250  34.258197   995.7019      3.447     -0.402  0.000e+00
      3.390    30.5427   0.062108     0.2704     1.8301     2.0151          0    102.500  34.258200   995.7017      3.372     -0.375  0.000e+00
      3.239    30.5434   0.062236     0.2710     1.8255     2.0067          0    102.750  34.258203   995.7012      3.221     -0.362  0.000e+00
      3.099    30.5449   0.062364     0.2715     1.8326     2.0052          0    103.000  34.258206   995.7006      3.082     -0.361  0.000e+00
      3.012    30.5463   0.062321     0.2713     1.8352     1.9938          0    103.250  34.258209   995.6996      2.996     -0.375  0.000e+00
      2.947    30.5464   0.062202     0.2708     1.8427     2.0006          0    103.500  34.258212   995.6989      2.931     -0.384  0.000e+00
      2.828    30.5459   0.062452     0.2719     1.8460     1.9915          0    103.750  34.258215   995.6994      2.813     -0.399  0.000e+00
      2.720    30.5460   0.062504     0.2722     1.8537     1.9983          0    104.000  34.258218   995.6990      2.705     -0.415  0.000e+00
      2.612    30.5467   0.062370     0.2716     1.8624     2.0212          0    104.250  34.258220   995.6979      2.598     -0.427  0.000e+00
      2.493    30.5467   0.062440     0.2719     1.8566     2.0235          0    104.500  34.258223   995.6976      2.480     -0.427  0.000e+00
      2.320    30.5468   0.062492     0.2721     1.8555     2.0189          0    104.750  34.258226   995.6969      2.308     -0.435  0.000e+00
      2.169    30.5468   0.062421     0.2718     1.8510     2.0258          0    105.000  34.258229   995.6960      2.157     -0.461  0.000e+00
      2.115    30.5469   0.062223     0.2709     1.8445     2.0228          0    105.250  34.258232   995.6951      2.103     -0.478  0.000e+00
      2.039    30.5468   0.062324     0.2714     1.8385     2.0273          0    105.500  34.258235   995.6951      2.028     -0.478  0.000e+00
      1.931    30.5465   0.062455     0.2719     1.8313     2.0281          0    105.750  34.258238   995.6952      1.921     -0.463  0.000e+00
      1.877    30.5465   0.062415     0.2718     1.8207     2.0266          0    106.000  34.258241   995.6948      1.867     -0.435  0.000e+00
      1.812    30.5464   0.062394     0.2717     1.8154     2.0105          0    106.250  34.258244   995.6945      1.802     -0.397  0.000e+00
      1.661    30.5462   0.062543     0.2723     1.8114     1.9953          0    106.500  34.258247   995.6944      1.652     -0.375  0.000e+00
      1.499    30.5467   0.062693     0.2730     1.8051     1.9953          0    106.750  34.258249   995.6940      1.491     -0.372  0.000e+00
      1.423    30.5476   0.062513     0.2722     1.8029     1.9938          0    107.000  34.258252   995.6928      1.415     -0.380  0.000e+00
      1.304    30.5475   0.062601     0.2726     1.8042     1.9930          0    107.250  34.258255   995.6926      1.297     -0.411  0.000e+00
      1.185    30.5479   0.062860     0.2737     1.8019     1.9991          0    107.500  34.258258   995.6928      1.179     -0.435  0.000e+00
      1.077    30.5483   0.063147     0.2750     1.8005     2.0121          0    107.750  34.258261   995.6931      1.071     -0.450  0.000e+00
      0.991    30.5495   0.062973     0.2742     1.7925     2.0067          0    108.000  34.258264   995.6918      0.985     -0.460  0.000e+00
      0.904    30.5494   0.063315     0.2757     1.9171     2.0174          0    108.250  34.258267   995.6926      0.899     -0.448  0.000e+00
      0.829    30.5496   0.062973     0.2742     1.8043     2.0350          0    108.500  34.258270   995.6911      0.824     -0.414  0.000e+00
      0.818    30.5498   0.062775     0.2733     1.8157     2.0266          0    108.750  34.258273   995.6903      0.813     -0.367  0.000e+00
      0.829    30.5493   0.062723     0.2731     1.8124     2.0319          0    109.000  34.258275   995.6903      0.824     -0.315  0.000e+00
      0.850    30.5485   0.062729     0.2731     1.7996     2.0182          0    109.250  34.258278   995.6907      0.846     -0.238  0.000e+00
      0.861    30.5481   0.062897     0.2739     1.7854     2.0083          0    109.500  34.258281   995.6914      0.856     -0.159  0.000e+00
      0.883    30.5472   0.063001     0.2744     1.7769     2.0037          0    109.750  34.258284   995.6921      0.878     -0.085  0.000e+00
      0.872    30.5469   0.063059     0.2746     1.7651     2.0144          0    110.000  34.258287   995.6924      0.867     -0.030  0.000e+00
      0.894    30.5469   0.063193     0.2752     1.7534     2.0090          0    110.250  34.258290   995.6929      0.889      0.017  0.000e+00
      0.894    30.5467   0.063284     0.2756     1.7707     2.0022          0    110.500  34.258293   995.6933      0.889      0.040  0.000e+00
      0.894    30.5468   0.063354     0.2759     1.7586     1.9892          0    110.750  34.258296   995.6935      0.889      0.040  0.000e+00
