public/post/ctd_rufiji/SBE19plus_01906740_2018_02_13_0893.cnv
* Sea-Bird SBE19plus  Data File:
* FileName = C:\Users\all user\Desktop\CTD tafiri 2018\SBE19plus_01906740_2018_02_13_0893.hex
* Software version 2.6.3.104
* Temperature SN = 6740
* Conductivity SN = 6740
* System UpLoad Time = Feb 13 2018 13:59:16
* <ApplicationData>
* <Seaterm232>
# nquan = 13
# nvalues = 320                                   
# units = specified
# name 0 = prdM: Pressure, Strain Gauge [db]
# name 1 = tv290C: Temperature [ITS-90, deg C]
# name 2 = c0S/m: Conductivity [S/m]
# name 3 = sal00: Salinity, Practical [PSU]
# name 4 = sbeox0ML/L: Oxygen, SBE 43 [ml/l]
# name 5 = flECO-AFL: Fluorescence, WET Labs ECO-AFL/FL [mg/m^3]
# name 6 = nbf: Bottles Fired
# name 7 = timeS: Time, Elapsed [seconds]
# name 8 = timeJ: Julian Days
# name 9 = density00: Density [density, kg/m^3]
# name 10 = depSM: Depth [salt water, m], lat = 0.00
# name 11 = dz/dtM: Descent Rate [m/s]
# name 12 = flag:  0.000e+00
# span 0 =      0.094,      5.575                 
# span 1 =    29.9003,    30.7048                 
# span 2 =   0.001715,   2.633362                 
# span 3 =     0.0175,    14.2804                 
# span 4 =     3.0871,     4.4783                 
# span 5 =    -0.1929,     2.3127                 
# span 6 =          0,          0                 
# span 7 =      0.000,     79.750                 
# span 8 =  33.757234,  33.758157                 
# span 9 =   995.5855,  1006.0758                 
# span 10 =      0.093,      5.545                
# span 11 =     -0.616,      0.610                
# span 12 = 0.0000e+00, 0.0000e+00                
# interval = seconds: 0.25
# start_time = Feb 02 2018 18:10:25 [Instrument's time stamp, header]
# bad_flag = -9.990e-29
*END*
      0.711    30.2633   0.001715     0.0175     3.4521     1.2339          0      0.000  33.757234   995.5855      0.707      0.000  0.000e+00
      0.776    30.2605   0.002145     0.0189     3.4546     1.2346          0      0.250  33.757237   995.5877      0.772      0.017  0.000e+00
      0.830    30.2545   0.002921     0.0216     3.3730     1.2270          0      0.500  33.757240   995.5917      0.825      0.045  0.000e+00
      0.830    30.2505   0.003025     0.0219     3.3952     1.2293          0      0.750  33.757242   995.5932      0.825      0.064  0.000e+00
      0.819    30.2494   0.002592     0.0204     3.3729     1.2186          0      1.000  33.757245   995.5924      0.815      0.073  0.000e+00
      0.830    30.2398   0.002939     0.0216     3.2992     1.2323          0      1.250  33.757248   995.5963      0.825      0.077  0.000e+00
      0.851    30.2322   0.003701     0.0243     3.3815     1.2293          0      1.500  33.757251   995.6007      0.847      0.079  0.000e+00
      0.916    30.2289   0.040690     0.1776     3.3133     1.2278          0      1.750  33.757254   995.7170      0.911      0.089  0.000e+00
      0.970    30.2248   0.009253     0.0455     3.2204     1.2468          0      2.000  33.757257   995.6194      0.965      0.100  0.000e+00
      1.003    30.2248   0.010276     0.0495     3.1747     1.2392          0      2.250  33.757260   995.6225      0.997      0.102  0.000e+00
      1.035    30.2275   0.007431     0.0383     3.2826     1.2400          0      2.500  33.757263   995.6135      1.030      0.115  0.000e+00
      1.057    30.2248   0.006045     0.0330     3.3034     1.2407          0      2.750  33.757266   995.6104      1.051      0.135  0.000e+00
      1.068    30.2176   0.006579     0.0351     3.3545     1.1179          0      3.000  33.757269   995.6142      1.062      0.142  0.000e+00
      1.133    30.2081   0.005543     0.0311     3.3562     1.1202          0      3.250  33.757271   995.6144      1.126      0.147  0.000e+00
      1.176    30.1972   0.016037     0.0729     3.4546     1.1209          0      3.500  33.757274   995.6492      1.169      0.146  0.000e+00
      1.187    30.1852   0.010583     0.0508     3.5693     1.1133          0      3.750  33.757277   995.6363      1.180      0.133  0.000e+00
      1.219    30.1721   0.008644     0.0431     3.6226     1.1171          0      4.000  33.757280   995.6347      1.212      0.127  0.000e+00
      1.208    30.1590   0.008843     0.0439     3.6333     1.0820          0      4.250  33.757283   995.6392      1.202      0.116  0.000e+00
      1.197    30.1499   0.010425     0.0502     3.6046     1.0836          0      4.500  33.757286   995.6466      1.191      0.097  0.000e+00
      1.197    30.1435   0.008213     0.0414     3.5855     1.0805          0      4.750  33.757289   995.6420      1.191      0.076  0.000e+00
      1.197    30.1381   0.008751     0.0435     3.5646     1.0820          0      5.000  33.757292   995.6452      1.191      0.052  0.000e+00
      1.208    30.1329   0.011922     0.0562     3.5626     1.0843          0      5.250  33.757295   995.6564      1.201      0.024  0.000e+00
      1.219    30.1297   0.012184     0.0572     3.5520     1.0851          0      5.500  33.757297   995.6582      1.212      0.012  0.000e+00
      1.230    30.1264   0.011193     0.0532     3.5546     1.0836          0      5.750  33.757300   995.6562      1.223      0.011  0.000e+00
      1.230    30.1235   0.009128     0.0450     3.5377     1.0797          0      6.000  33.757303   995.6509      1.223      0.011  0.000e+00
      1.230    30.1203   0.007188     0.0374     3.5480     1.0782          0      6.250  33.757306   995.6462      1.223      0.018  0.000e+00
      1.208    30.1164   0.006193     0.0336     3.5565     1.0805          0      6.500  33.757309   995.6444      1.201      0.015  0.000e+00
      1.208    30.1123   0.007773     0.0397     3.5725     1.0858          0      6.750  33.757312   995.6502      1.201      0.009  0.000e+00
      1.208    30.1082   0.007954     0.0404     3.5664     1.0836          0      7.000  33.757315   995.6520      1.202      0.001  0.000e+00
      1.230    30.1054   0.007313     0.0379     3.5593     1.0920          0      7.250  33.757318   995.6511      1.223     -0.001  0.000e+00
      1.241    30.1019   0.006739     0.0357     3.5414     1.0950          0      7.500  33.757321   995.6505      1.234      0.001  0.000e+00
      1.251    30.0982   0.009283     0.0456     3.5298     1.0935          0      7.750  33.757323   995.6592      1.245      0.008  0.000e+00
      1.241    30.0952   0.007779     0.0397     3.5210     1.0988          0      8.000  33.757326   995.6556      1.234      0.013  0.000e+00
      1.241    30.0929   0.007613     0.0391     3.4860     1.0950          0      8.250  33.757329   995.6558      1.234      0.017  0.000e+00
      1.241    30.0904   0.009366     0.0460     3.4790     1.0874          0      8.500  33.757332   995.6617      1.234      0.021  0.000e+00
      1.230    30.0884   0.009018     0.0446     3.4832     1.0866          0      8.750  33.757335   995.6612      1.223      0.014  0.000e+00
      1.251    30.0866   0.012741     0.0595     3.4975     1.0820          0      9.000  33.757338   995.6731      1.245      0.011  0.000e+00
      1.230    30.0853   0.007865     0.0401     3.5371     1.0775          0      9.250  33.757341   995.6588      1.223     -0.001  0.000e+00
      1.252    30.0837   0.007452     0.0385     3.5508     1.0775          0      9.500  33.757344   995.6581      1.245     -0.001  0.000e+00
      1.262    30.0817   0.011916     0.0562     3.5475     1.0820          0      9.750  33.757347   995.6721      1.255      0.004  0.000e+00
      1.219    30.0803   0.009717     0.0474     3.5968     1.0805          0     10.000  33.757350   995.6657      1.212      0.000  0.000e+00
      1.230    30.0794   0.006724     0.0357     3.6202     1.0828          0     10.250  33.757352   995.6573      1.223     -0.003  0.000e+00
      1.230    30.0772   0.015196     0.0695     3.6209     1.1141          0     10.500  33.757355   995.6834      1.223     -0.005  0.000e+00
      1.219    30.0759   0.018735     0.0842     3.6228     1.1011          0     10.750  33.757358   995.6947      1.213     -0.009  0.000e+00
      1.230    30.0751   0.022951     0.1018     3.6111     1.1080          0     11.000  33.757361   995.7083      1.223     -0.013  0.000e+00
      1.262    30.0747   0.021515     0.0958     3.6254     1.1133          0     11.250  33.757364   995.7040      1.255     -0.001  0.000e+00
      1.252    30.0740   0.017075     0.0773     3.6139     1.0973          0     11.500  33.757367   995.6902      1.245      0.001  0.000e+00
      1.241    30.0727   0.010342     0.0499     3.6137     1.0958          0     11.750  33.757370   995.6700      1.234      0.005  0.000e+00
      1.219    30.0703   0.025148     0.1112     3.5940     1.0988          0     12.000  33.757373   995.7167      1.213      0.008  0.000e+00
      1.241    30.0679   0.024055     0.1065     3.5968     1.0965          0     12.250  33.757376   995.7140      1.234      0.005  0.000e+00
      1.241    30.0673   0.061236     0.2690     3.6119     1.0973          0     12.500  33.757378   995.8360      1.234      0.004  0.000e+00
      1.263    30.0661   0.022092     0.0982     3.6201     1.0912          0     12.750  33.757381   995.7084      1.256      0.009  0.000e+00
      1.241    30.0648   0.012839     0.0599     3.6237     1.0958          0     13.000  33.757384   995.6800      1.234      0.002  0.000e+00
      1.241    30.0625   0.074918     0.3305     3.6253     1.0920          0     13.250  33.757387   995.8836      1.234     -0.003  0.000e+00
      1.252    30.0607   0.042378     0.1855     3.6306     1.0920          0     13.500  33.757390   995.7755      1.245      0.004  0.000e+00
      1.252    30.0590   0.114711     0.5130     3.6267     1.0858          0     13.750  33.757393   996.0214      1.245      0.009  0.000e+00
      1.241    30.0565   0.115376     0.5161     3.6351     1.0843          0     14.000  33.757396   996.0244      1.234      0.008  0.000e+00
      1.252    30.0547   0.126413     0.5675     3.6271     1.0813          0     14.250  33.757399   996.0635      1.245      0.002  0.000e+00
      1.230    30.0520   0.186042     0.8494     3.6280     1.0836          0     14.500  33.757402   996.2751      1.223     -0.004  0.000e+00
      1.252    30.0497   0.156376     0.7083     3.6203     1.0927          0     14.750  33.757405   996.1704      1.245     -0.004  0.000e+00
      1.252    30.0473   0.124980     0.5609     3.6345     1.0904          0     15.000  33.757407   996.0608      1.245      0.002  0.000e+00
      1.241    30.0442   0.215802     0.9925     3.6282     1.0881          0     15.250  33.757410   996.3845      1.234     -0.001  0.000e+00
      1.263    30.0412   0.252402     1.1703     3.6172     1.0973          0     15.500  33.757413   996.5183      1.256      0.002  0.000e+00
      1.273    30.0392   0.188916     0.8633     3.6271     1.0927          0     15.750  33.757416   996.2896      1.266      0.010  0.000e+00
      1.273    30.0363   0.248574     1.1517     3.6287     1.0935          0     16.000  33.757419   996.5060      1.266      0.016  0.000e+00
      1.241    30.0335   0.296778     1.3884     3.6099     1.0973          0     16.250  33.757422   996.6834      1.234      0.009  0.000e+00
      1.230    30.0314   0.173501     0.7898     3.6223     1.0935          0     16.500  33.757425   996.2368      1.223      0.003  0.000e+00
      1.230    30.0286   0.199092     0.9123     3.6278     1.1011          0     16.750  33.757428   996.3292      1.224     -0.009  0.000e+00
      1.230    30.0254   0.328137     1.5440     3.6220     1.0851          0     17.000  33.757431   996.8020      1.224     -0.014  0.000e+00
      1.241    30.0249   0.321328     1.5102     3.6172     1.0790          0     17.250  33.757433   996.7770      1.234     -0.015  0.000e+00
      1.252    30.0240   0.309901     1.4535     3.6271     1.0820          0     17.500  33.757436   996.7350      1.245     -0.016  0.000e+00
      1.252    30.0211   0.318936     1.4984     3.6234     1.0805          0     17.750  33.757439   996.7694      1.245     -0.010  0.000e+00
      1.263    30.0194   0.320711     1.5073     3.6257     1.0691          0     18.000  33.757442   996.7766      1.256      0.003  0.000e+00
      1.241    30.0187   0.321599     1.5117     3.6222     1.0675          0     18.250  33.757445   996.7800      1.234      0.011  0.000e+00
      1.263    30.0177   0.329721     1.5521     3.6264     1.0637          0     18.500  33.757448   996.8106      1.256      0.016  0.000e+00
      1.263    30.0151   0.337421     1.5905     3.6278     1.0660          0     18.750  33.757451   996.8401      1.256      0.016  0.000e+00
      1.263    30.0125   0.328912     1.5482     3.6452     1.1034          0     19.000  33.757454   996.8093      1.256      0.014  0.000e+00
      1.274    30.0095   0.333692     1.5721     3.6502     1.1049          0     19.250  33.757457   996.8281      1.267      0.012  0.000e+00
      1.252    30.0065   0.340963     1.6085     3.6439     1.1026          0     19.500  33.757459   996.8560      1.245      0.006  0.000e+00
      1.263    30.0052   0.342964     1.6185     3.6484     1.1049          0     19.750  33.757462   996.8639      1.256      0.005  0.000e+00
      1.263    30.0056   0.348735     1.6473     3.6365     1.1034          0     20.000  33.757465   996.8853      1.256      0.004  0.000e+00
      1.241    30.0077   0.351843     1.6628     3.6301     1.1064          0     20.250  33.757468   996.8961      1.234     -0.001  0.000e+00
      1.263    30.0144   0.347349     1.6401     3.6309     1.1118          0     20.500  33.757471   996.8773      1.256     -0.005  0.000e+00
      1.263    30.0208   0.339624     1.6013     3.6399     1.1019          0     20.750  33.757474   996.8464      1.256     -0.004  0.000e+00
      1.306    30.0232   0.337513     1.5907     3.6463     1.1087          0     21.000  33.757477   996.8379      1.299      0.009  0.000e+00
      1.284    30.0220   0.346883     1.6375     3.6376     1.1171          0     21.250  33.757480   996.8731      1.277      0.013  0.000e+00
      1.273    30.0238   0.356464     1.6854     3.6392     1.1217          0     21.500  33.757483   996.9082      1.266      0.017  0.000e+00
      1.262    30.0325   0.346828     1.6369     3.6331     1.1164          0     21.750  33.757486   996.8694      1.255      0.011  0.000e+00
      1.230    30.0388   0.335801     1.5817     3.6298     1.1194          0     22.000  33.757488   996.8261      1.223     -0.002  0.000e+00
      1.230    30.0381   0.349653     1.6508     3.6207     1.0965          0     22.250  33.757491   996.8779      1.223     -0.012  0.000e+00
      1.273    30.0421   0.360319     1.7040     3.6167     1.0927          0     22.500  33.757494   996.9166      1.266     -0.015  0.000e+00
      1.295    30.0522   0.360326     1.7037     3.6052     1.0965          0     22.750  33.757497   996.9134      1.287     -0.008  0.000e+00
      1.294    30.0567   0.360515     1.7045     3.6041     1.0866          0     23.000  33.757500   996.9126      1.287     -0.003  0.000e+00
      1.284    30.0604   0.355194     1.6778     3.6100     1.0744          0     23.250  33.757503   996.8915      1.277      0.011  0.000e+00
      1.262    30.0607   0.355159     1.6776     3.6157     1.0714          0     23.500  33.757506   996.8911      1.255      0.014  0.000e+00
      1.240    30.0607   0.349762     1.6506     3.6165     1.0652          0     23.750  33.757509   996.8709      1.234      0.009  0.000e+00
      1.230    30.0587   0.359838     1.7011     3.6172     1.0729          0     24.000  33.757512   996.9091      1.223     -0.000  0.000e+00
      1.230    30.0601   0.361743     1.7105     3.6242     1.0706          0     24.250  33.757514   996.9158      1.223     -0.018  0.000e+00
      1.273    30.0672   0.366375     1.7335     3.6236     1.0622          0     24.500  33.757517   996.9309      1.266     -0.025  0.000e+00
      1.294    30.0756   0.360395     1.7033     3.6271     1.0729          0     24.750  33.757520   996.9059      1.287     -0.014  0.000e+00
      1.294    30.0831   0.355925     1.6807     3.6136     1.0645          0     25.000  33.757523   996.8868      1.287      0.003  0.000e+00
      1.273    30.0847   0.358711     1.6945     3.6187     1.0675          0     25.250  33.757526   996.8965      1.266      0.014  0.000e+00
      1.262    30.0860   0.353965     1.6708     3.6136     1.1057          0     25.500  33.757529   996.8784      1.255      0.020  0.000e+00
      1.241    30.0864   0.357893     1.6904     3.6253     1.1095          0     25.750  33.757532   996.8928      1.234      0.014  0.000e+00
      1.251    30.0870   0.367402     1.7379     3.6288     1.1072          0     26.000  33.757535   996.9281      1.244      0.005  0.000e+00
      1.251    30.0917   0.360643     1.7040     3.6320     1.1126          0     26.250  33.757538   996.9013      1.244     -0.008  0.000e+00
      1.273    30.0942   0.366450     1.7329     3.6314     1.0782          0     26.500  33.757541   996.9223      1.266     -0.016  0.000e+00
      1.273    30.0973   0.367950     1.7403     3.6399     1.0775          0     26.750  33.757543   996.9269      1.266     -0.014  0.000e+00
      1.273    30.1028   0.365434     1.7275     3.6386     1.0851          0     27.000  33.757546   996.9157      1.266     -0.003  0.000e+00
      1.273    30.1052   0.368767     1.7442     3.6172     1.0790          0     27.250  33.757549   996.9273      1.266      0.008  0.000e+00
      1.273    30.1083   0.368440     1.7424     3.6259     1.0805          0     27.500  33.757552   996.9251      1.266      0.014  0.000e+00
