public/post/ctd_rufiji/SBE19plus_01906740_2018_02_13_0918.cnv
* Sea-Bird SBE19plus  Data File:
* FileName = C:\Users\all user\Desktop\CTD tafiri 2018\SBE19plus_01906740_2018_02_13_0918.hex
* Software version 2.6.3.104
* Temperature SN = 6740
* Conductivity SN = 6740
* System UpLoad Time = Feb 13 2018 14:03:31
* <ApplicationData>
* <Seaterm232>
# nquan = 13
# nvalues = 384                                   
# units = specified
# name 0 = prdM: Pressure, Strain Gauge [db]
# name 1 = tv290C: Temperature [ITS-90, deg C]
# name 2 = c0S/m: Conductivity [S/m]
# name 3 = sal00: Salinity, Practical [PSU]
# name 4 = sbeox0ML/L: Oxygen, SBE 43 [ml/l]
# name 5 = flECO-AFL: Fluorescence, WET Labs ECO-AFL/FL [mg/m^3]
# name 6 = nbf: Bottles Fired
# name 7 = timeS: Time, Elapsed [seconds]
# name 8 = timeJ: Julian Days
# name 9 = density00: Density [density, kg/m^3]
# name 10 = depSM: Depth [salt water, m], lat = 0.00
# name 11 = dz/dtM: Descent Rate [m/s]
# name 12 = flag:  0.000e+00
# span 0 =      0.143,      5.051                 
# span 1 =    28.0758,    30.2309                 
# span 2 =   0.001582,   0.031115                 
# span 3 =     0.0169,     0.1363                 
# span 4 =     0.8597,     4.1407                 
# span 5 =    -0.1112,     1.9320                 
# span 6 =          0,          0                 
# span 7 =      0.000,     95.750                 
# span 8 =  34.388322,  34.389430                 
# span 9 =   995.6107,   996.2532                 
# span 10 =      0.143,      5.023                
# span 11 =     -0.445,      0.495                
# span 12 = 0.0000e+00, 0.0000e+00                
# interval = seconds: 0.25
# start_time = Feb 03 2018 09:19:11 [Instrument's time stamp, header]
# bad_flag = -9.990e-29
*END*
[from data line 334]
      3.170    30.2230   0.031016     0.1358     2.5298     1.7527          0     83.500  34.389288   995.6975      3.153     -0.442  0.000e+00
      3.127    30.2233   0.031013     0.1358     2.0960     1.7542          0     83.750  34.389291   995.6972      3.110     -0.445  0.000e+00
      3.105    30.2234   0.031013     0.1358     1.9521     1.7221          0     84.000  34.389294   995.6971      3.088     -0.412  0.000e+00
      2.986    30.2232   0.031010     0.1358     1.9320     1.7160          0     84.250  34.389297   995.6966      2.970     -0.373  0.000e+00
      2.824    30.2230   0.031010     0.1358     1.8573     1.7176          0     84.500  34.389300   995.6960      2.809     -0.358  0.000e+00
      2.738    30.2231   0.030998     0.1358     1.8974     1.7183          0     84.750  34.389303   995.6955      2.723     -0.361  0.000e+00
      2.662    30.2231   0.030998     0.1358     2.0699     1.7298          0     85.000  34.389306   995.6952      2.647     -0.366  0.000e+00
      2.511    30.2223   0.030992     0.1357     2.2940     1.7298          0     85.250  34.389308   995.6947      2.497     -0.386  0.000e+00
      2.392    30.2222   0.030998     0.1358     2.3782     1.7237          0     85.500  34.389311   995.6943      2.379     -0.406  0.000e+00
      2.381    30.2221   0.031010     0.1358     2.1156     1.7328          0     85.750  34.389314   995.6943      2.368     -0.416  0.000e+00
      2.295    30.2223   0.030998     0.1358     2.0640     1.7321          0     86.000  34.389317   995.6938      2.282     -0.410  0.000e+00
      2.132    30.2225   0.030992     0.1357     2.0303     1.7435          0     86.250  34.389320   995.6930      2.121     -0.399  0.000e+00
      2.013    30.2225   0.030992     0.1357     2.0373     1.7374          0     86.500  34.389323   995.6925      2.002     -0.395  0.000e+00
      1.938    30.2218   0.030992     0.1357     2.1546     1.7366          0     86.750  34.389326   995.6924      1.927     -0.400  0.000e+00
      1.862    30.2206   0.030992     0.1357     2.0776     1.7382          0     87.000  34.389329   995.6924      1.852     -0.395  0.000e+00
      1.722    30.2202   0.030986     0.1357     2.0840     1.7321          0     87.250  34.389332   995.6919      1.712     -0.394  0.000e+00
      1.592    30.2210   0.030986     0.1357     2.4805     1.7313          0     87.500  34.389334   995.6910      1.583     -0.416  0.000e+00
      1.559    30.2212   0.030980     0.1357     2.1437     1.7305          0     87.750  34.389337   995.6908      1.551     -0.425  0.000e+00
      1.451    30.2207   0.030974     0.1357     2.2685     1.7328          0     88.000  34.389340   995.6905      1.443     -0.410  0.000e+00
      1.289    30.2218   0.030947     0.1356     2.3444     1.7351          0     88.250  34.389343   995.6893      1.282     -0.406  0.000e+00
      1.159    30.2218   0.030941     0.1355     2.4899     1.7237          0     88.500  34.389346   995.6887      1.153     -0.423  0.000e+00
      1.073    30.2212   0.030938     0.1355     2.3011     1.7290          0     88.750  34.389349   995.6885      1.067     -0.438  0.000e+00
      0.987    30.2205   0.030941     0.1355     1.8475     1.7290          0     89.000  34.389352   995.6883      0.981     -0.439  0.000e+00
      0.889    30.2209   0.030938     0.1355     1.3530     1.7427          0     89.250  34.389355   995.6878      0.884     -0.427  0.000e+00
      0.878    30.2215   0.030938     0.1355     1.1620     1.7473          0     89.500  34.389358   995.6875      0.874     -0.401  0.000e+00
      0.846    30.2223   0.030935     0.1355     1.5813     1.7405          0     89.750  34.389361   995.6872      0.841     -0.370  0.000e+00
      0.760    30.2224   0.030938     0.1355     1.1519     1.7405          0     90.000  34.389363   995.6867      0.755     -0.323  0.000e+00
      0.759    30.2225   0.030938     0.1355     1.1586     1.7405          0     90.250  34.389366   995.6867      0.755     -0.259  0.000e+00
      0.781    30.2227   0.030932     0.1355     1.2339     1.7550          0     90.500  34.389369   995.6867      0.777     -0.197  0.000e+00
      0.803    30.2228   0.030926     0.1355     1.4118     1.7588          0     90.750  34.389372   995.6868      0.798     -0.138  0.000e+00
      0.814    30.2229   0.030941     0.1355     1.5847     1.7595          0     91.000  34.389375   995.6868      0.809     -0.082  0.000e+00
      0.824    30.2229   0.030947     0.1355     1.6842     1.7550          0     91.250  34.389378   995.6869      0.820     -0.035  0.000e+00
      0.824    30.2207   0.030953     0.1356     1.6896     1.7366          0     91.500  34.389381   995.6876      0.820     -0.009  0.000e+00
      0.803    30.2158   0.030959     0.1356     1.6814     1.7313          0     91.750  34.389384   995.6890      0.798      0.012  0.000e+00
      0.716    30.2115   0.030959     0.1356     2.3999     1.7260          0     92.000  34.389387   995.6899      0.712      0.004  0.000e+00
      0.619    30.2083   0.030953     0.1356     1.9620     1.7336          0     92.250  34.389389   995.6905      0.616     -0.050  0.000e+00
      0.489    30.2052   0.030941     0.1356     2.0976     1.2506          0     92.500  34.389392   995.6908      0.487     -0.129  0.000e+00
      0.392    30.2040   0.030953     0.1356     1.8548     1.2453          0     92.750  34.389395   995.6908      0.390     -0.209  0.000e+00
      0.284    30.2043   0.030938     0.1356     1.8065     1.2484          0     93.000  34.389398   995.6902      0.282     -0.285  0.000e+00
      0.165    30.2049   0.030947     0.1356     1.7878     1.2407          0     93.250  34.389401   995.6895      0.164     -0.354  0.000e+00
      0.143    30.2069   0.030932     0.1355     1.7408    -0.0258          0     93.500  34.389404   995.6887      0.143     -0.382  0.000e+00
      0.143    30.2106   0.025352     0.1118     1.6803    -0.0166          0     93.750  34.389407   995.6698      0.143     -0.365  0.000e+00
      0.143    30.2102   0.006006     0.0329     1.6370    -0.0242          0     94.000  34.389410   995.6107      0.143     -0.309  0.000e+00
      0.143    30.1979   0.004932     0.0288     1.7579    -0.0197          0     94.250  34.389413   995.6113      0.143     -0.239  0.000e+00
      0.165    30.1729   0.004318     0.0266     1.7717    -0.0250          0     94.500  34.389416   995.6174      0.164     -0.156  0.000e+00
      0.165    30.1544   0.006745     0.0357     1.8499    -0.0174          0     94.750  34.389418   995.6298      0.164     -0.087  0.000e+00
      0.143    30.1515   0.013834     0.0639     1.8829    -0.0281          0     95.000  34.389421   995.6518      0.143     -0.035  0.000e+00
      0.165    30.1551   0.022451     0.0996     1.9261    -0.0204          0     95.250  34.389424   995.6776      0.164      0.004  0.000e+00
      0.154    30.1598   0.030941     0.1357     1.9670    -0.0227          0     95.500  34.389427   995.7032      0.153      0.009  0.000e+00
      0.143    30.1645   0.030938     0.1357     2.0011    -0.0242          0     95.750  34.389430   995.7017      0.143      0.004  0.000e+00
