public/post/ctd_rufiji/SBE19plus_01906740_2018_02_13_0892.cnv
* Sea-Bird SBE19plus  Data File:
* FileName = C:\Users\all user\Desktop\CTD tafiri 2018\SBE19plus_01906740_2018_02_13_0892.hex
* Software version 2.6.3.104
* Temperature SN = 6740
* Conductivity SN = 6740
* System UpLoad Time = Feb 13 2018 13:59:07
* <ApplicationData>
* <Seaterm232>
# nquan = 13
# nvalues = 458                                   
# units = specified
# name 0 = prdM: Pressure, Strain Gauge [db]
# name 1 = tv290C: Temperature [ITS-90, deg C]
# name 2 = c0S/m: Conductivity [S/m]
# name 3 = sal00: Salinity, Practical [PSU]
# name 4 = sbeox0ML/L: Oxygen, SBE 43 [ml/l]
# name 5 = flECO-AFL: Fluorescence, WET Labs ECO-AFL/FL [mg/m^3]
# name 6 = nbf: Bottles Fired
# name 7 = timeS: Time, Elapsed [seconds]
# name 8 = timeJ: Julian Days
# name 9 = density00: Density [density, kg/m^3]
# name 10 = depSM: Depth [salt water, m], lat = 0.00
# name 11 = dz/dtM: Descent Rate [m/s]
# name 12 = flag:  0.000e+00
# span 0 =      0.039,      7.305                 
# span 1 =    29.8177,    30.7365                 
# span 2 =   0.384102,   3.042387                 
# span 3 =     1.8316,    16.7349                 
# span 4 =     1.7303,     3.1624                 
# span 5 =    -0.1097,     2.4340                 
# span 6 =          0,          0                 
# span 7 =      0.000,    114.250                 
# span 8 =  33.753391,  33.754714                 
# span 9 =   997.0765,  1007.9081                 
# span 10 =      0.039,      7.265                
# span 11 =     -0.487,      0.533                
# span 12 = 0.0000e+00, 0.0000e+00                
# interval = seconds: 0.25
# start_time = Feb 02 2018 18:04:53 [Instrument's time stamp, header]
# bad_flag = -9.990e-29
*END*
[from data line 223]
      1.489    30.1287   1.926031    10.2663     2.0692     1.1538          0     55.750  33.754036  1003.2568      1.480      0.230  0.000e+00
      1.510    30.1218   1.928914    10.2844     2.0076     1.1568          0     56.000  33.754039  1003.2726      1.502      0.246  0.000e+00
      1.532    30.1162   1.936997    10.3325     1.9855     1.1507          0     56.250  33.754042  1003.3101      1.523      0.237  0.000e+00
      1.662    30.1133   1.939357    10.3468     2.5990     1.1522          0     56.500  33.754045  1003.3222      1.652      0.232  0.000e+00
      1.726    30.1118   1.937621    10.3370     2.0161     1.1507          0     56.750  33.754048  1003.3157      1.717      0.231  0.000e+00
      1.791    30.1112   1.948271    10.3990     1.9772     1.1576          0     57.000  33.754051  1003.3622      1.781      0.230  0.000e+00
      1.813    30.1124   1.955902    10.4431     1.9756     1.1553          0     57.250  33.754054  1003.3947      1.803      0.226  0.000e+00
      1.867    30.1184   1.958466    10.4567     1.9418     1.1728          0     57.500  33.754057  1003.4031      1.857      0.231  0.000e+00
      1.910    30.1259   1.952688    10.4215     1.9084     1.1705          0     57.750  33.754060  1003.3748      1.900      0.230  0.000e+00
      1.986    30.1303   1.940887    10.3521     1.8715     1.1667          0     58.000  33.754063  1003.3222      1.975      0.236  0.000e+00
      2.061    30.1325   1.929829    10.2875     1.7802     1.1667          0     58.250  33.754065  1003.2739      2.050      0.236  0.000e+00
      2.105    30.1339   1.928638    10.2803     1.7318     1.2423          0     58.500  33.754068  1003.2683      2.093      0.218  0.000e+00
      2.191    30.1351   1.927332    10.2724     1.8661     1.2407          0     58.750  33.754071  1003.2625      2.179      0.228  0.000e+00
      2.288    30.1352   1.928191    10.2774     1.8632     1.2415          0     59.000  33.754074  1003.2666      2.276      0.250  0.000e+00
      2.364    30.1349   1.939810    10.3448     1.9435     1.2445          0     59.250  33.754077  1003.3171      2.351      0.277  0.000e+00
      2.429    30.1351   1.954363    10.4293     1.8413     1.2827          0     59.500  33.754080  1003.3800      2.416      0.290  0.000e+00
      2.472    30.1404   1.958304    10.4510     1.9395     1.2796          0     59.750  33.754083  1003.3947      2.459      0.291  0.000e+00
      2.548    30.1615   1.961486    10.4650     1.9066     1.2812          0     60.000  33.754086  1003.3987      2.534      0.287  0.000e+00
      2.591    30.2087   1.974071    10.5280     1.8803     1.2735          0     60.250  33.754089  1003.4308      2.577      0.277  0.000e+00
      2.656    30.2726   2.435067    13.2189     1.8524     1.3521          0     60.500  33.754091  1005.4087      2.641      0.269  0.000e+00
      2.721    30.3879   2.848848    15.6612     1.7922     1.3536          0     60.750  33.754094  1007.1856      2.706      0.253  0.000e+00
      2.764    30.5234   2.917146    16.0297     1.7663     1.3483          0     61.000  33.754097  1007.4157      2.749      0.236  0.000e+00
      2.840    30.6149   2.939552    16.1351     1.7477     1.3498          0     61.250  33.754100  1007.4645      2.824      0.234  0.000e+00
      2.905    30.6658   2.948857    16.1745     1.7816     1.3567          0     61.500  33.754103  1007.4775      2.889      0.238  0.000e+00
      3.013    30.6926   2.957560    16.2182     1.8330     1.3536          0     61.750  33.754106  1007.5017      2.996      0.256  0.000e+00
      3.121    30.7077   2.970881    16.2934     1.9047     1.3514          0     62.000  33.754109  1007.5531      3.104      0.278  0.000e+00
      3.229    30.7190   2.983421    16.3652     1.9911     1.3544          0     62.250  33.754112  1007.6033      3.211      0.311  0.000e+00
      3.326    30.7278   2.987114    16.3846     2.0443     1.3536          0     62.500  33.754115  1007.6151      3.308      0.340  0.000e+00
      3.424    30.7329   2.989494    16.3972     2.0969     1.4025          0     62.750  33.754117  1007.6233      3.405      0.366  0.000e+00
      3.521    30.7357   2.991582    16.4088     2.1488     1.3994          0     63.000  33.754120  1007.6315      3.502      0.389  0.000e+00
      3.629    30.7365   2.993617    16.4208     2.2030     1.4017          0     63.250  33.754123  1007.6405      3.609      0.402  0.000e+00
      3.791    30.7365   3.007375    16.5037     2.2324     1.3971          0     63.500  33.754126  1007.7028      3.771      0.426  0.000e+00
      3.954    30.7344   3.013108    16.5390     2.2546     1.5329          0     63.750  33.754129  1007.7304      3.932      0.451  0.000e+00
      4.083    30.7314   3.016996    16.5634     2.2993     1.5383          0     64.000  33.754132  1007.7501      4.061      0.477  0.000e+00
      4.213    30.7274   3.018597    16.5744     2.2942     1.5398          0     64.250  33.754135  1007.7601      4.190      0.502  0.000e+00
      4.332    30.7238   3.019403    16.5805     2.3240     1.5360          0     64.500  33.754138  1007.7663      4.308      0.523  0.000e+00
      4.451    30.7201   3.019109    16.5799     2.3041     1.6321          0     64.750  33.754141  1007.7676      4.427      0.533  0.000e+00
      4.570    30.7145   3.018538    16.5783     2.3325     1.6329          0     65.000  33.754144  1007.7688      4.545      0.533  0.000e+00
      4.700    30.7080   3.017679    16.5753     2.3406     1.6344          0     65.250  33.754146  1007.7692      4.674      0.524  0.000e+00
      4.797    30.7014   3.017326    16.5753     2.3494     1.6298          0     65.500  33.754149  1007.7718      4.771      0.498  0.000e+00
      4.905    30.6962   3.017309    16.5770     2.3516     1.6344          0     65.750  33.754152  1007.7752      4.878      0.477  0.000e+00
      4.970    30.6930   3.017503    16.5792     2.3837     1.7252          0     66.000  33.754155  1007.7782      4.942      0.453  0.000e+00
      5.078    30.6905   3.017656    16.5810     2.3862     1.7283          0     66.250  33.754158  1007.7808      5.050      0.434  0.000e+00
      5.197    30.6891   3.018033    16.5837     2.3861     1.7267          0     66.500  33.754161  1007.7838      5.168      0.423  0.000e+00
      5.316    30.6878   3.018521    16.5870     2.4399     1.7298          0     66.750  33.754164  1007.7872      5.286      0.418  0.000e+00
      5.413    30.6868   3.020187    16.5974     2.4077     1.8465          0     67.000  33.754167  1007.7957      5.383      0.413  0.000e+00
      5.532    30.6864   3.025139    16.6274     2.3967     1.8450          0     67.250  33.754170  1007.8186      5.502      0.415  0.000e+00
      5.597    30.6852   3.030501    16.6602     2.3853     1.8496          0     67.500  33.754172  1007.8437      5.566      0.414  0.000e+00
      5.727    30.6829   3.034180    16.6832     2.3807     1.8519          0     67.750  33.754175  1007.8620      5.695      0.419  0.000e+00
      5.856    30.6801   3.037842    16.7063     2.3890     1.9655          0     68.000  33.754178  1007.8807      5.824      0.434  0.000e+00
      5.997    30.6771   3.038627    16.7120     2.3565     1.9709          0     68.250  33.754181  1007.8865      5.964      0.444  0.000e+00
      6.159    30.6754   3.038409    16.7113     2.3629     1.9709          0     68.500  33.754184  1007.8872      6.125      0.465  0.000e+00
      6.300    30.6746   3.038391    16.7114     2.3730     1.9686          0     68.750  33.754187  1007.8881      6.265      0.491  0.000e+00
      6.408    30.6746   3.038374    16.7113     2.3684     1.9648          0     69.000  33.754190  1007.8885      6.372      0.512  0.000e+00
      6.516    30.6745   3.038291    16.7108     2.3783     1.9915          0     69.250  33.754193  1007.8887      6.480      0.521  0.000e+00
      6.624    30.6750   3.037742    16.7073     2.3768     1.9960          0     69.500  33.754196  1007.8864      6.587      0.525  0.000e+00
      6.743    30.6754   3.037365    16.7049     2.3673     1.9953          0     69.750  33.754198  1007.8850      6.706      0.510  0.000e+00
      6.829    30.6759   3.037388    16.7048     2.3598     1.9922          0     70.000  33.754201  1007.8852      6.792      0.485  0.000e+00
      6.862    30.6763   3.037843    16.7074     2.3836     2.0548          0     70.250  33.754204  1007.8871      6.824      0.438  0.000e+00
      6.937    30.6763   3.039713    16.7187     2.4095     2.0578          0     70.500  33.754207  1007.8958      6.899      0.391  0.000e+00
      7.002    30.6763   3.042387    16.7349     2.4119     2.0563          0     70.750  33.754210  1007.9081      6.964      0.353  0.000e+00
      7.013    30.6759   3.041944    16.7323     2.4570     2.0586          0     71.000  33.754213  1007.9064      6.974      0.308  0.000e+00
      7.024    30.6755   3.041312    16.7286     2.4874     2.0823          0     71.250  33.754216  1007.9038      6.985      0.255  0.000e+00
      7.056    30.6753   3.041153    16.7278     2.4393     2.0792          0     71.500  33.754219  1007.9034      7.017      0.205  0.000e+00
      7.132    30.6754   3.032918    16.6779     2.3779     2.0754          0     71.750  33.754222  1007.8667      7.093      0.176  0.000e+00
      7.175    30.6765   2.987789    16.4051     2.3900     2.0746          0     72.000  33.754225  1007.6639      7.136      0.164  0.000e+00
      7.207    30.6806   2.778907    15.1494     2.3960     2.1654          0     72.250  33.754227  1006.7305      7.168      0.160  0.000e+00
      7.229    30.6867   2.655732    14.4134     2.4113     2.1631          0     72.500  33.754230  1006.1823      7.189      0.148  0.000e+00
      7.218    30.6889   2.676550    14.5365     2.4307     2.1670          0     72.750  33.754233  1006.2729      7.178      0.133  0.000e+00
      7.240    30.6901   2.696123    14.6527     2.4063     2.1647          0     73.000  33.754236  1006.3588      7.200      0.127  0.000e+00
      7.262    30.6905   2.605274    14.1127     2.3973     2.1662          0     73.250  33.754239  1005.9580      7.222      0.115  0.000e+00
      7.272    30.6878   2.515547    13.5824     2.4619     2.2982          0     73.500  33.754242  1005.5654      7.232      0.093  0.000e+00
      7.294    30.6844   2.496323    13.4698     2.3944     2.2967          0     73.750  33.754245  1005.4830      7.254      0.071  0.000e+00
      7.283    30.6817   2.474941    13.3444     2.3906     2.2951          0     74.000  33.754248  1005.3908      7.243      0.055  0.000e+00
      7.272    30.6802   2.467886    13.3032     2.3500     2.2997          0     74.250  33.754251  1005.3607      7.232      0.040  0.000e+00
      7.305    30.6793   2.469083    13.3105     2.2999     2.2852          0     74.500  33.754253  1005.3665      7.265      0.039  0.000e+00
      7.272    30.6784   2.467902    13.3038     2.2721     2.2829          0     74.750  33.754256  1005.3617      7.232      0.030  0.000e+00
      7.272    30.6769   2.468416    13.3072     2.1957     2.2783          0     75.000  33.754259  1005.3647      7.232      0.014  0.000e+00
      7.262    30.6732   2.465017    13.2882     2.1303     2.2898          0     75.250  33.754262  1005.3518      7.222     -0.001  0.000e+00
      7.240    30.6646   2.462952    13.2783     2.0871     2.1013          0     75.500  33.754265  1005.3471      7.200     -0.017  0.000e+00
      7.261    30.6539   2.457629    13.2498     2.0035     2.1044          0     75.750  33.754268  1005.3295      7.221     -0.021  0.000e+00
      7.294    30.6433   2.459414    13.2632     1.9032     2.1059          0     76.000  33.754271  1005.3429      7.254     -0.009  0.000e+00
      7.283    30.6326   2.458431    13.2602     1.8874     2.1067          0     76.250  33.754274  1005.3442      7.243     -0.003  0.000e+00
      7.283    30.6224   2.459463    13.2690     1.8719     2.1372          0     76.500  33.754277  1005.3540      7.243     -0.001  0.000e+00
      7.283    30.6134   2.459114    13.2694     1.8626     2.1402          0     76.750  33.754280  1005.3571      7.243      0.012  0.000e+00
      7.272    30.6057   2.458060    13.2653     1.8576     2.1380          0     77.000  33.754282  1005.3565      7.232      0.012  0.000e+00
      7.294    30.5987   2.457597    13.2644     1.8696     2.1464          0     77.250  33.754285  1005.3582      7.254      0.017  0.000e+00
      7.283    30.5934   2.459518    13.2771     1.8882     2.1372          0     77.500  33.754288  1005.3693      7.243      0.015  0.000e+00
      7.305    30.5885   2.459611    13.2790     1.9105     2.3058          0     77.750  33.754291  1005.3724      7.265      0.010  0.000e+00
      7.294    30.5847   2.459726    13.2807     1.9095     2.3111          0     78.000  33.754294  1005.3748      7.254      0.005  0.000e+00
      7.283    30.5812   2.459114    13.2780     1.8933     2.3111          0     78.250  33.754297  1005.3739      7.243      0.006  0.000e+00
      7.283    30.5783   2.457520    13.2694     1.8795     2.3142          0     78.500  33.754300  1005.3685      7.243      0.004  0.000e+00
      7.272    30.5751   2.456756    13.2657     1.8704     2.4309          0     78.750  33.754303  1005.3667      7.232     -0.002  0.000e+00
      7.240    30.5726   2.456369    13.2641     1.8857     2.4340          0     79.000  33.754306  1005.3662      7.200     -0.014  0.000e+00
      7.186    30.5708   2.455769    13.2611     1.9320     2.4286          0     79.250  33.754308  1005.3642      7.146     -0.043  0.000e+00
      7.099    30.5686   2.455736    13.2615     1.9639     2.4256          0     79.500  33.754311  1005.3649      7.060     -0.081  0.000e+00
      7.013    30.5664   2.455201    13.2589     1.9489     2.4203          0     79.750  33.754314  1005.3633      6.974     -0.133  0.000e+00
      6.970    30.5644   2.455567    13.2616     1.9692     2.4187          0     80.000  33.754317  1005.3658      6.931     -0.171  0.000e+00
      7.024    30.5624   2.456036    13.2649     1.9781     2.4210          0     80.250  33.754320  1005.3691      6.985     -0.176  0.000e+00
      7.088    30.5606   2.458918    13.2824     1.9537     2.4134          0     80.500  33.754323  1005.3830      7.049     -0.149  0.000e+00
      7.067    30.5590   2.459622    13.2870     1.9629     2.2455          0     80.750  33.754326  1005.3868      7.028     -0.115  0.000e+00
      7.034    30.5571   2.459611    13.2875     1.9793     2.2501          0     81.000  33.754329  1005.3876      6.996     -0.079  0.000e+00
      7.013    30.5554   2.459496    13.2872     1.9828     2.2501          0     81.250  33.754332  1005.3879      6.974     -0.044  0.000e+00
      7.013    30.5542   2.459447    13.2873     1.9471     2.2440          0     81.500  33.754334  1005.3883      6.974     -0.012  0.000e+00
      7.045    30.5531   2.459480    13.2878     1.9450     2.2471          0     81.750  33.754337  1005.3891      7.006      0.012  0.000e+00
      7.056    30.5521   2.459622    13.2888     1.9609     2.2768          0     82.000  33.754340  1005.3903      7.017      0.014  0.000e+00
      7.067    30.5515   2.459677    13.2893     1.9633     2.2722          0     82.250  33.754343  1005.3909      7.028      0.001  0.000e+00
      7.078    30.5507   2.459622    13.2892     1.9317     2.2783          0     82.500  33.754346  1005.3911      7.039      0.002  0.000e+00
      7.099    30.5501   2.459595    13.2892     1.9315     2.2738          0     82.750  33.754349  1005.3914      7.060      0.027  0.000e+00
      7.089    30.5496   2.459562    13.2892     1.9103     2.2143          0     83.000  33.754352  1005.3915      7.050      0.042  0.000e+00
