public/post/ctd_rufiji/SBE19plus_01906740_2018_02_13_0885.cnv
* Sea-Bird SBE19plus  Data File:
* FileName = C:\Users\all user\Desktop\CTD tafiri 2018\SBE19plus_01906740_2018_02_13_0885.hex
* Software version 2.6.3.104
* Temperature SN = 6740
* Conductivity SN = 6740
* System UpLoad Time = Feb 13 2018 13:57:46
* <ApplicationData>
* <Seaterm232>
# nquan = 13
# nvalues = 616                                   
# units = specified
# name 0 = prdM: Pressure, Strain Gauge [db]
# name 1 = tv290C: Temperature [ITS-90, deg C]
# name 2 = c0S/m: Conductivity [S/m]
# name 3 = sal00: Salinity, Practical [PSU]
# name 4 = sbeox0ML/L: Oxygen, SBE 43 [ml/l]
# name 5 = flECO-AFL: Fluorescence, WET Labs ECO-AFL/FL [mg/m^3]
# name 6 = nbf: Bottles Fired
# name 7 = timeS: Time, Elapsed [seconds]
# name 8 = timeJ: Julian Days
# name 9 = density00: Density [density, kg/m^3]
# name 10 = depSM: Depth [salt water, m], lat = 0.00
# name 11 = dz/dtM: Descent Rate [m/s]
# name 12 = flag:  0.000e+00
# span 0 =      0.042,      5.987                 
# span 1 =    29.1546,    31.9237                 
# span 2 =   0.008290,   3.870001                 
# span 3 =     0.0419,    21.9279                 
# span 4 =     2.0832,    12.9704                 
# span 5 =    -0.0746,     3.4571                 
# span 6 =          0,          0                 
# span 7 =      0.000,    153.750                 
# span 8 =  33.720394,  33.722173                 
# span 9 =   995.7729,  1011.8449                 
# span 10 =      0.042,      5.954                
# span 11 =     -0.448,      0.339                
# span 12 = 0.0000e+00, 0.0000e+00                
# interval = seconds: 0.25
# start_time = Feb 02 2018 17:17:22 [Instrument's time stamp, header]
# bad_flag = -9.990e-29
*END*
      0.074    29.6868   0.008290     0.0419     3.6746     0.5136          0      0.000  33.720394   995.7750      0.074 -2.632e-17  0.000e+00
      0.074    29.6889   0.008492     0.0427     3.5385     0.5091          0      0.250  33.720396   995.7749      0.074      0.000  0.000e+00
      0.063    29.6911   0.008459     0.0426     3.9256     0.5068          0      0.500  33.720399   995.7741      0.063     -0.003  0.000e+00
      0.074    29.6922   0.008810     0.0440     3.5252     0.5144          0      0.750  33.720402   995.7749      0.074     -0.002  0.000e+00
      0.074    29.6925   0.008703     0.0435     3.4002    -0.0227          0      1.000  33.720405   995.7745      0.074     -0.001  0.000e+00
      0.074    29.6932   0.008908     0.0444     3.3936    -0.0166          0      1.250  33.720408   995.7749      0.074     -0.001  0.000e+00
      0.064    29.6943   0.008519     0.0428     3.4052    -0.0189          0      1.500  33.720411   995.7734      0.063     -0.003  0.000e+00
      0.074    29.6936   0.008290     0.0419     3.4316    -0.0273          0      1.750  33.720414   995.7729      0.074     -0.001  0.000e+00
      0.085    29.6686   0.009119     0.0452     4.3578    -0.0685          0      2.000  33.720417   995.7829      0.085      0.003  0.000e+00
      0.064    29.6143   0.010672     0.0515     3.6427    -0.0693          0      2.250  33.720420   995.8038      0.063      0.001  0.000e+00
      0.064    29.5582   0.011085     0.0532     4.0212    -0.0723          0      2.500  33.720422   995.8218      0.063     -0.000  0.000e+00
      0.075    29.5036   0.012633     0.0595     3.8050    -0.0746          0      2.750  33.720425   995.8429      0.074     -0.002  0.000e+00
      0.086    29.4437   0.013065     0.0614     3.7849    -0.0502          0      3.000  33.720428   995.8621      0.085      0.002  0.000e+00
      0.042    29.3883   0.013298     0.0624     3.7388    -0.0509          0      3.250  33.720431   995.8792      0.042     -0.006  0.000e+00
      0.086    29.3483   0.013876     0.0648     3.6950    -0.0502          0      3.500  33.720434   995.8930      0.085      0.000  0.000e+00
      0.053    29.3158   0.013959     0.0652     3.6444    -0.0555          0      3.750  33.720437   995.9028      0.053     -0.007  0.000e+00
      0.064    29.2939   0.014093     0.0658     3.5997    -0.0471          0      4.000  33.720440   995.9097      0.064     -0.007  0.000e+00
      0.097    29.2733   0.014797     0.0687     3.7907    -0.0326          0      4.250  33.720443   995.9182      0.096      0.006  0.000e+00
      0.053    29.2444   0.015962     0.0736     3.7754    -0.0418          0      4.500  33.720446   995.9302      0.053     -0.000  0.000e+00
      0.064    29.2076   0.016434     0.0756     3.8617    -0.0403          0      4.750  33.720448   995.9427      0.064     -0.003  0.000e+00
      0.086    29.1738   0.015500     0.0717     5.7310    -0.0426          0      5.000  33.720451   995.9498      0.085      0.003  0.000e+00
      0.086    29.1546   0.015312     0.0710     5.0383    -0.0281          0      5.250  33.720454   995.9549      0.085      0.012  0.000e+00
      0.194    29.1783   0.192319     0.8949     7.9216    -0.0258          0      5.500  33.720457   996.5663      0.193      0.036  0.000e+00
      0.345    29.7361   1.114408     5.7240     4.2751    -0.0326          0      5.750  33.720460   999.9990      0.344      0.105  0.000e+00
      0.464    30.5276   1.165818     5.9138     3.8493    -0.0227          0      6.000  33.720463   999.8955      0.462      0.177  0.000e+00
      0.551    30.9947   1.157152     5.8119     3.6828     1.3628          0      6.250  33.720466   999.6730      0.548      0.248  0.000e+00
      0.616    31.2500   1.101225     5.4819     3.1379     1.3582          0      6.500  33.720469   999.3473      0.612      0.315  0.000e+00
      0.637    31.3902   1.131607     5.6293     2.8398     1.3727          0      6.750  33.720472   999.4120      0.634      0.339  0.000e+00
      0.670    31.4635   1.117594     5.5462     2.7723     1.3643          0      7.000  33.720475   999.3270      0.666      0.336  0.000e+00
      0.659    31.5023   1.125511     5.5843     2.9560     2.6392          0      7.250  33.720477   999.3428      0.656      0.297  0.000e+00
      0.713    31.5248   1.129265     5.6018     3.1706     2.6385          0      7.500  33.720480   999.3488      0.709      0.234  0.000e+00
      0.746    31.5420   1.132847     5.6190     4.1220     2.6316          0      7.750  33.720483   999.3562      0.742      0.175  0.000e+00
      0.789    31.5537   1.144740     5.6813     4.3192     2.6316          0      8.000  33.720486   999.3988      0.785      0.140  0.000e+00
      0.800    31.5577   1.852783     9.5644     3.9599     2.6377          0      8.250  33.720489  1002.2757      0.795      0.118  0.000e+00
      0.811    31.5610   2.185990    11.4501     4.0162     2.5988          0      8.500  33.720492  1003.6719      0.806      0.106  0.000e+00
      0.843    31.5593   2.332262    12.2889     3.8938     2.5980          0      8.750  33.720495  1004.2943      0.838      0.107  0.000e+00
      0.821    31.5684   2.397429    12.6622     3.5959     2.5988          0      9.000  33.720498  1004.5677      0.817      0.094  0.000e+00
      0.854    31.5963   2.427754    12.8301     3.2384     2.6034          0      9.250  33.720501  1004.6832      0.849      0.088  0.000e+00
      0.865    31.6330   2.460759    13.0114     3.1834     2.5370          0      9.500  33.720503  1004.8055      0.860      0.069  0.000e+00
      0.930    31.6790   2.470041    13.0531     4.1722     2.5454          0      9.750  33.720506  1004.8215      0.925      0.072  0.000e+00
      0.984    31.7323   2.484293    13.1216     4.7455     2.5324          0     10.000  33.720509  1004.8548      0.978      0.086  0.000e+00
      0.995    31.7775   2.494804    13.1704     4.6363     2.5362          0     10.250  33.720512  1004.8761      0.989      0.101  0.000e+00
      1.016    31.8122   2.509337    13.2453     4.1610     2.5179          0     10.500  33.720515  1004.9202      1.011      0.112  0.000e+00
      1.027    31.8393   2.529634    13.3553     4.2224     2.5072          0     10.750  33.720518  1004.9927      1.021      0.115  0.000e+00
      1.005    31.8599   2.559574    13.5228     3.7750     2.5103          0     11.000  33.720521  1005.1099      1.000      0.108  0.000e+00
      1.049    31.8775   2.581437    13.6444     3.6130     2.5210          0     11.250  33.720524  1005.1943      1.043      0.095  0.000e+00
      1.059    31.8950   2.591721    13.6992     3.4530     2.5042          0     11.500  33.720527  1005.2291      1.053      0.081  0.000e+00
      1.113    31.9130   2.600226    13.7435     3.3845     2.5004          0     11.750  33.720530  1005.2562      1.107      0.071  0.000e+00
      1.124    31.9237   2.613867    13.8195     3.3255     2.5072          0     12.000  33.720532  1005.3090      1.118      0.068  0.000e+00
      1.146    31.9182   2.636412    13.9515     3.4978     2.5026          0     12.250  33.720535  1005.4088      1.140      0.077  0.000e+00
      1.113    31.8832   2.670484    14.1589     3.6660     2.5110          0     12.500  33.720538  1005.5739      1.107      0.070  0.000e+00
      1.092    31.8386   2.701418    14.3514     3.7610     2.4401          0     12.750  33.720541  1005.7313      1.086      0.056  0.000e+00
      1.103    31.7925   2.720106    14.4734     3.9634     2.4546          0     13.000  33.720544  1005.8371      1.097      0.044  0.000e+00
      1.070    31.7472   2.734615    14.5712     4.0487     2.4431          0     13.250  33.720547  1005.9244      1.064      0.011  0.000e+00
      1.092    31.7107   2.739376    14.6095     4.0332     2.4454          0     13.500  33.720550  1005.9651      1.086     -0.006  0.000e+00
      1.092    31.6838   2.744424    14.6469     3.9852     2.4607          0     13.750  33.720553  1006.0017      1.086     -0.023  0.000e+00
      1.092    31.6648   2.754314    14.7103     3.9448     2.4576          0     14.000  33.720556  1006.0550      1.086     -0.024  0.000e+00
      1.103    31.6480   2.769248    14.8027     3.7993     2.4599          0     14.250  33.720558  1006.1291      1.097     -0.017  0.000e+00
      1.081    31.6335   2.778452    14.8609     3.7630     2.4569          0     14.500  33.720561  1006.1770      1.075     -0.007  0.000e+00
      1.059    31.6193   2.779873    14.8735     3.6940     2.4683          0     14.750  33.720564  1006.1909      1.054     -0.009  0.000e+00
      1.049    31.6067   2.783532    14.8987     3.8468     2.4645          0     15.000  33.720567  1006.2137      1.043     -0.017  0.000e+00
      1.103    31.5984   2.783098    14.8986     3.8598     2.4714          0     15.250  33.720570  1006.2167      1.097     -0.005  0.000e+00
      1.146    31.5969   2.783327    14.9004     3.9099     2.4630          0     15.500  33.720573  1006.2187      1.140      0.008  0.000e+00
      1.146    31.5967   2.788107    14.9285     3.9539     2.4439          0     15.750  33.720576  1006.2395      1.140      0.023  0.000e+00
      1.124    31.6005   2.794657    14.9658     4.0556     2.4401          0     16.000  33.720579  1006.2659      1.118      0.029  0.000e+00
      1.103    31.6100   2.801127    15.0010     3.9309     2.4424          0     16.250  33.720582  1006.2887      1.097      0.027  0.000e+00
      1.038    31.6269   2.802575    15.0044     3.5899     2.4470          0     16.500  33.720584  1006.2854      1.032      0.010  0.000e+00
      1.038    31.6393   2.799056    14.9801     3.5197     2.4462          0     16.750  33.720587  1006.2632      1.032     -0.009  0.000e+00
      1.070    31.6403   2.791376    14.9347     3.5310     2.4866          0     17.000  33.720590  1006.2294      1.064     -0.025  0.000e+00
      1.113    31.6366   2.783007    14.8867     3.4852     2.4889          0     17.250  33.720593  1006.1952      1.107     -0.032  0.000e+00
      1.146    31.6319   2.770394    14.8142     3.5253     2.4882          0     17.500  33.720596  1006.1432      1.140     -0.018  0.000e+00
      1.135    31.6309   2.766861    14.7938     3.6001     2.4859          0     17.750  33.720599  1006.1283      1.129      0.005  0.000e+00
      1.103    31.6315   2.789393    14.9257     3.7012     2.4485          0     18.000  33.720602  1006.2257      1.097      0.020  0.000e+00
      1.070    31.6307   2.795012    14.9589     3.8277     2.4416          0     18.250  33.720605  1006.2505      1.064      0.022  0.000e+00
      1.059    31.6322   2.797351    14.9722     3.9316     2.4447          0     18.500  33.720608  1006.2598      1.054      0.018  0.000e+00
      1.070    31.6142   2.802621    15.0085     3.8818     2.4462          0     18.750  33.720611  1006.2928      1.064     -0.002  0.000e+00
      1.092    31.5818   2.808188    15.0509     3.6051     2.4576          0     19.000  33.720613  1006.3350      1.086     -0.019  0.000e+00
      1.146    31.5619   2.811104    15.0740     3.4144     2.4546          0     19.250  33.720616  1006.3590      1.140     -0.014  0.000e+00
      1.124    31.5640   2.813987    15.0903     3.3000     2.4630          0     19.500  33.720619  1006.3703      1.118     -0.005  0.000e+00
      1.103    31.5695   2.815770    15.0992     3.1875     2.4630          0     19.750  33.720622  1006.3750      1.097      0.008  0.000e+00
      1.081    31.5584   2.816912    15.1092     3.1875     2.4614          0     20.000  33.720625  1006.3860      1.075      0.014  0.000e+00
      1.070    31.5338   2.817784    15.1218     3.0913     2.4325          0     20.250  33.720628  1006.4034      1.064      0.011  0.000e+00
      1.070    31.5100   2.811735    15.0933     3.1798     2.4340          0     20.500  33.720631  1006.3902      1.064     -0.002  0.000e+00
      1.092    31.4918   2.799618    15.0275     3.2506     2.4355          0     20.750  33.720634  1006.3475      1.086     -0.012  0.000e+00
      1.113    31.4802   2.788674    14.9666     3.2752     2.4347          0     21.000  33.720637  1006.3062      1.107     -0.014  0.000e+00
      1.124    31.4728   2.791640    14.9862     3.3431     2.4599          0     21.250  33.720639  1006.3233      1.118     -0.010  0.000e+00
      1.102    31.4668   2.810876    15.1013     3.4181     2.4676          0     21.500  33.720642  1006.4105      1.096      0.004  0.000e+00
      1.092    31.4611   2.820176    15.1578     3.4719     2.4660          0     21.750  33.720645  1006.4543      1.086      0.011  0.000e+00
      1.102    31.4584   2.824670    15.1852     3.3559     2.4698          0     22.000  33.720648  1006.4755      1.096      0.016  0.000e+00
      1.135    31.4645   2.823826    15.1783     3.1082     2.4851          0     22.250  33.720651  1006.4685      1.129      0.023  0.000e+00
      1.124    31.4708   2.820721    15.1581     2.9401     2.4935          0     22.500  33.720654  1006.4514      1.118      0.019  0.000e+00
      1.124    31.4752   2.818438    15.1433     2.8282     2.4935          0     22.750  33.720657  1006.4390      1.118      0.012  0.000e+00
      1.070    31.4802   2.820320    15.1529     2.6599     2.4973          0     23.000  33.720660  1006.4442      1.064     -0.006  0.000e+00
      1.070    31.4859   2.819763    15.1479     2.5710     2.4981          0     23.250  33.720663  1006.4386      1.064     -0.015  0.000e+00
      1.070    31.4971   2.822139    15.1585     2.6804     2.5034          0     23.500  33.720666  1006.4427      1.064     -0.018  0.000e+00
      1.070    31.5105   2.820951    15.1475     2.8706     2.5004          0     23.750  33.720668  1006.4302      1.064     -0.025  0.000e+00
      1.092    31.5236   2.816843    15.1193     2.9433     2.4981          0     24.000  33.720671  1006.4050      1.086     -0.027  0.000e+00
      1.135    31.5296   2.810743    15.0816     3.2568     2.5019          0     24.250  33.720674  1006.3753      1.129     -0.014  0.000e+00
      1.146    31.5354   2.804443    15.0428     3.2951     2.4599          0     24.500  33.720677  1006.3446      1.139      0.011  0.000e+00
      1.135    31.5431   2.803183    15.0331     3.3216     2.4660          0     24.750  33.720680  1006.3348      1.129      0.028  0.000e+00
      1.124    31.5479   2.807472    15.0569     3.1007     2.4645          0     25.000  33.720683  1006.3508      1.118      0.042  0.000e+00
      1.124    31.5475   2.815077    15.1017     2.9796     2.4683          0     25.250  33.720686  1006.3842      1.118      0.038  0.000e+00
      1.113    31.5481   2.816711    15.1112     2.7279     2.4531          0     25.500  33.720689  1006.3909      1.107      0.027  0.000e+00
      1.113    31.5659   2.814045    15.0901     2.6543     2.4553          0     25.750  33.720692  1006.3694      1.107      0.013  0.000e+00
      1.113    31.6134   2.803434    15.0135     2.6166     2.4584          0     26.000  33.720694  1006.2969      1.107     -0.004  0.000e+00
      1.124    31.6590   2.792267    14.9344     2.4811     2.4592          0     26.250  33.720697  1006.2232      1.118     -0.013  0.000e+00
      1.124    31.6934   2.785364    14.8837     2.4315     2.4759          0     26.500  33.720700  1006.1742      1.118     -0.010  0.000e+00
      1.146    31.7161   2.779701    14.8438     2.5589     2.4775          0     26.750  33.720703  1006.1372      1.140      0.003  0.000e+00
      1.135    31.7310   2.775205    14.8131     2.6279     2.4759          0     27.000  33.720706  1006.1094      1.129      0.009  0.000e+00
      1.135    31.7375   2.774338    14.8062     2.7296     2.4721          0     27.250  33.720709  1006.1021      1.129      0.012  0.000e+00
      1.113    31.7326   2.776272    14.8189     2.7952     2.4782          0     27.500  33.720712  1006.1131      1.107      0.009  0.000e+00
