public/post/ctd_rufiji/SBE19plus_01906740_2018_02_13_0924.cnv
* Sea-Bird SBE19plus  Data File:
* FileName = C:\Users\all user\Desktop\CTD tafiri 2018\SBE19plus_01906740_2018_02_13_0924.hex
* Software version 2.6.3.104
* Temperature SN = 6740
* Conductivity SN = 6740
* System UpLoad Time = Feb 13 2018 14:04:27
* <ApplicationData>
* <Seaterm232>
# nquan = 13
# nvalues = 377                                   
# units = specified
# name 0 = prdM: Pressure, Strain Gauge [db]
# name 1 = tv290C: Temperature [ITS-90, deg C]
# name 2 = c0S/m: Conductivity [S/m]
# name 3 = sal00: Salinity, Practical [PSU]
# name 4 = sbeox0ML/L: Oxygen, SBE 43 [ml/l]
# name 5 = flECO-AFL: Fluorescence, WET Labs ECO-AFL/FL [mg/m^3]
# name 6 = nbf: Bottles Fired
# name 7 = timeS: Time, Elapsed [seconds]
# name 8 = timeJ: Julian Days
# name 9 = density00: Density [density, kg/m^3]
# name 10 = depSM: Depth [salt water, m], lat = 0.00
# name 11 = dz/dtM: Descent Rate [m/s]
# name 12 = flag:  0.000e+00
# span 0 =      0.168,      7.887                 
# span 1 =    29.3752,    30.4224                 
# span 2 =   0.003760,   0.083497                 
# span 3 =     0.0246,     0.3693                 
# span 4 =     0.5962,    12.2683                 
# span 5 =    -0.0326,     2.4233                 
# span 6 =          0,          0                 
# span 7 =      0.000,     94.000                 
# span 8 =  34.410532,  34.411620                 
# span 9 =   995.6863,   995.9358                 
# span 10 =      0.167,      7.844                
# span 11 =     -0.667,      0.968                
# span 12 = 0.0000e+00, 0.0000e+00                
# interval = seconds: 0.25
# start_time = Feb 03 2018 09:51:10 [Instrument's time stamp, header]
# bad_flag = -9.990e-29
*END*
[from data line 112]
      0.763    29.9286   0.063504     0.2799     2.1302     2.0426          0     28.000  34.410856   995.8840      0.759      0.169  0.000e+00
      0.774    30.0909   0.063373     0.2784     2.1245     2.0426          0     28.250  34.410859   995.8339      0.769      0.142  0.000e+00
      0.806    30.2053   0.063272     0.2774     2.1189     2.0434          0     28.500  34.410862   995.7985      0.802      0.117  0.000e+00
      0.860    30.2831   0.063083     0.2761     2.1564     2.0479          0     28.750  34.410865   995.7741      0.855      0.103  0.000e+00
      0.925    30.3398   0.063007     0.2755     2.1783     2.0434          0     29.000  34.410868   995.7567      0.920      0.107  0.000e+00
      1.022    30.3759   0.063092     0.2757     2.2118     2.0441          0     29.250  34.410871   995.7462      1.017      0.138  0.000e+00
      1.109    30.3332   0.063046     0.2757     2.2276     2.0449          0     29.500  34.410874   995.7596      1.103      0.180  0.000e+00
      1.109    30.2557   0.063040     0.2761     2.2429     2.0395          0     29.750  34.410877   995.7835      1.103      0.203  0.000e+00
      1.141    30.2083   0.063013     0.2762     2.2560     2.0372          0     30.000  34.410880   995.7982      1.135      0.219  0.000e+00
      1.163    30.2089   0.063001     0.2761     2.2607     2.0403          0     30.250  34.410883   995.7981      1.156      0.216  0.000e+00
      1.195    30.2444   0.062995     0.2759     2.2591     2.0296          0     30.500  34.410885   995.7873      1.189      0.199  0.000e+00
      1.217    30.2774   0.062937     0.2755     2.2580     2.0380          0     30.750  34.410888   995.7770      1.210      0.170  0.000e+00
      1.260    30.3002   0.062909     0.2752     2.2611     2.0418          0     31.000  34.410891   995.7700      1.253      0.143  0.000e+00
      1.336    30.2964   0.062903     0.2752     2.2491     2.0487          0     31.250  34.410894   995.7715      1.328      0.132  0.000e+00
      1.390    30.2783   0.062918     0.2754     2.2442     2.0510          0     31.500  34.410897   995.7774      1.382      0.140  0.000e+00
      1.465    30.2698   0.062909     0.2754     2.2365     2.0525          0     31.750  34.410900   995.7803      1.457      0.172  0.000e+00
      1.498    30.2713   0.062909     0.2754     2.2229     2.0395          0     32.000  34.410903   995.7800      1.490      0.189  0.000e+00
      1.530    30.2772   0.063046     0.2760     2.2123     2.0418          0     32.250  34.410906   995.7788      1.522      0.200  0.000e+00
      1.563    30.2895   0.063394     0.2774     2.1926     2.0472          0     32.500  34.410909   995.7763      1.554      0.201  0.000e+00
      1.617    30.3091   0.063720     0.2788     2.1748     2.0464          0     32.750  34.410911   995.7716      1.608      0.200  0.000e+00
      1.682    30.3298   0.063690     0.2786     2.1644     2.0823          0     33.000  34.410914   995.7654      1.672      0.196  0.000e+00
      1.714    30.3438   0.063400     0.2772     2.1511     2.0792          0     33.250  34.410917   995.7602      1.705      0.184  0.000e+00
      1.757    30.3538   0.063726     0.2786     2.1491     2.0800          0     33.500  34.410920   995.7584      1.748      0.178  0.000e+00
      1.865    30.3565   0.064080     0.2802     2.1500     2.0861          0     33.750  34.410923   995.7593      1.855      0.191  0.000e+00
      1.876    30.3596   0.063644     0.2782     2.1422     2.0380          0     34.000  34.410926   995.7569      1.866      0.200  0.000e+00
      1.887    30.3639   0.063702     0.2784     2.1355     2.0380          0     34.250  34.410929   995.7558      1.877      0.196  0.000e+00
      1.930    30.3657   0.063946     0.2795     2.1415     2.0388          0     34.500  34.410932   995.7562      1.920      0.188  0.000e+00
      1.930    30.3681   0.064230     0.2808     2.1450     2.0510          0     34.750  34.410935   995.7564      1.920      0.164  0.000e+00
      1.974    30.3725   0.064474     0.2818     2.1473     2.0563          0     35.000  34.410938   995.7561      1.963      0.146  0.000e+00
      1.984    30.3784   0.064578     0.2823     2.1528     2.0594          0     35.250  34.410940   995.7546      1.973      0.128  0.000e+00
      2.060    30.3804   0.064571     0.2822     2.1571     2.0594          0     35.500  34.410943   995.7543      2.049      0.120  0.000e+00
      2.125    30.3776   0.064590     0.2823     2.1657     2.0548          0     35.750  34.410946   995.7556      2.113      0.122  0.000e+00
      2.211    30.3783   0.064446     0.2817     2.1623     2.0815          0     36.000  34.410949   995.7553      2.199      0.158  0.000e+00
      2.255    30.3793   0.064272     0.2809     2.1598     2.0807          0     36.250  34.410952   995.7546      2.242      0.186  0.000e+00
      2.287    30.3791   0.064584     0.2823     2.1554     2.0830          0     36.500  34.410955   995.7558      2.275      0.201  0.000e+00
      2.363    30.3799   0.064596     0.2823     2.1431     2.0853          0     36.750  34.410958   995.7559      2.350      0.224  0.000e+00
      2.438    30.3812   0.064404     0.2815     2.1473     2.0823          0     37.000  34.410961   995.7552      2.425      0.239  0.000e+00
      2.482    30.3816   0.064294     0.2810     2.1521     2.0907          0     37.250  34.410964   995.7549      2.468      0.245  0.000e+00
      2.568    30.3841   0.064312     0.2810     2.1576     2.0739          0     37.500  34.410966   995.7546      2.554      0.244  0.000e+00
      2.622    30.3837   0.064388     0.2814     2.1627     2.0830          0     37.750  34.410969   995.7552      2.608      0.244  0.000e+00
      2.687    30.3822   0.064446     0.2816     2.1625     2.0830          0     38.000  34.410972   995.7562      2.672      0.246  0.000e+00
      2.730    30.3809   0.064480     0.2818     2.1620     2.0975          0     38.250  34.410975   995.7569      2.715      0.250  0.000e+00
      2.784    30.3817   0.064568     0.2822     2.1596     2.0968          0     38.500  34.410978   995.7572      2.769      0.249  0.000e+00
      2.838    30.3767   0.064544     0.2821     2.1666     2.1021          0     38.750  34.410981   995.7589      2.823      0.237  0.000e+00
      2.892    30.3641   0.064526     0.2821     2.1624     2.0968          0     39.000  34.410984   995.7629      2.877      0.228  0.000e+00
      2.947    30.3556   0.064602     0.2825     2.1589     2.0838          0     39.250  34.410987   995.7661      2.930      0.224  0.000e+00
      3.011    30.3505   0.064446     0.2818     2.1644     2.0792          0     39.500  34.410990   995.7674      2.995      0.218  0.000e+00
      3.044    30.3467   0.064266     0.2810     2.1583     2.0800          0     39.750  34.410992   995.7681      3.027      0.213  0.000e+00
      3.109    30.3436   0.064340     0.2814     2.1503     2.0800          0     40.000  34.410995   995.7696      3.092      0.213  0.000e+00
      3.163    30.3383   0.064578     0.2825     2.1466     2.1151          0     40.250  34.410998   995.7723      3.145      0.215  0.000e+00
      3.228    30.3335   0.064608     0.2826     2.1382     2.1196          0     40.500  34.411001   995.7742      3.210      0.218  0.000e+00
      3.292    30.3323   0.064416     0.2818     2.1238     2.1174          0     40.750  34.411004   995.7742      3.274      0.223  0.000e+00
      3.357    30.3300   0.064358     0.2815     2.1143     2.1181          0     41.000  34.411007   995.7750      3.339      0.230  0.000e+00
      3.401    30.3295   0.064660     0.2829     2.1115     2.1250          0     41.250  34.411010   995.7764      3.382      0.231  0.000e+00
      3.455    30.3265   0.065240     0.2855     2.1025     2.1105          0     41.500  34.411013   995.7795      3.436      0.231  0.000e+00
      3.530    30.3184   0.065295     0.2858     2.1031     2.1082          0     41.750  34.411016   995.7825      3.511      0.239  0.000e+00
      3.541    30.3041   0.064968     0.2844     2.0932     2.1097          0     42.000  34.411019   995.7859      3.522      0.226  0.000e+00
      3.552    30.2938   0.065771     0.2880     2.0909     2.1059          0     42.250  34.411021   995.7918      3.532      0.205  0.000e+00
      3.584    30.2865   0.067487     0.2957     2.0946     2.0922          0     42.500  34.411024   995.7999      3.565      0.180  0.000e+00
      3.573    30.2789   0.068759     0.3015     2.0856     2.0929          0     42.750  34.411027   995.8065      3.554      0.146  0.000e+00
      3.584    30.2712   0.069609     0.3053     2.0826     2.0968          0     43.000  34.411030   995.8118      3.565      0.114  0.000e+00
      3.627    30.2640   0.067069     0.2940     2.0812     2.0952          0     43.250  34.411033   995.8057      3.607      0.095  0.000e+00
      3.627    30.2589   0.065863     0.2886     2.0774     2.0846          0     43.500  34.411036   995.8032      3.607      0.073  0.000e+00
      3.617    30.2506   0.065560     0.2873     2.0741     2.0899          0     43.750  34.411039   995.8047      3.597      0.050  0.000e+00
      3.627    30.2244   0.066143     0.2901     2.0771     2.0853          0     44.000  34.411042   995.8148      3.608      0.045  0.000e+00
      3.627    30.2034   0.066363     0.2912     2.0795     2.0807          0     44.250  34.411045   995.8220      3.608      0.037  0.000e+00
      3.671    30.1949   0.067466     0.2962     2.0858     2.0792          0     44.500  34.411047   995.8285      3.651      0.039  0.000e+00
      3.692    30.1944   0.067878     0.2980     2.0979     2.0922          0     44.750  34.411050   995.8302      3.672      0.049  0.000e+00
      3.768    30.1983   0.068077     0.2989     2.1055     2.0937          0     45.000  34.411053   995.8299      3.747      0.068  0.000e+00
      3.800    30.2030   0.068025     0.2986     2.1075     2.0945          0     45.250  34.411056   995.8285      3.780      0.087  0.000e+00
      3.919    30.2085   0.068627     0.3013     2.1064     2.0922          0     45.500  34.411059   995.8293      3.898      0.138  0.000e+00
      4.114    30.2162   0.071007     0.3119     2.1101     2.1235          0     45.750  34.411062   995.8358      4.091      0.221  0.000e+00
      4.395    30.2176   0.076565     0.3370     2.1092     2.1319          0     46.000  34.411065   995.8554      4.371      0.342  0.000e+00
      4.676    30.1915   0.080305     0.3540     2.1085     2.1357          0     46.250  34.411068   995.8774      4.650      0.491  0.000e+00
      4.947    30.1568   0.081433     0.3594     2.1199     2.1341          0     46.500  34.411071   995.8932      4.919      0.642  0.000e+00
      5.184    30.1308   0.082161     0.3629     2.1303     2.4157          0     46.750  34.411073   995.9047      5.156      0.782  0.000e+00
      5.455    30.1148   0.082447     0.3643     2.1506     2.4172          0     47.000  34.411076   995.9119      5.425      0.901  0.000e+00
      5.606    30.1035   0.081556     0.3603     2.1755     2.4233          0     47.250  34.411079   995.9130      5.575      0.968  0.000e+00
      5.757    30.0960   0.082097     0.3628     2.1862     2.4157          0     47.500  34.411082   995.9178      5.726      0.964  0.000e+00
      5.898    30.0926   0.081965     0.3623     2.1923     2.3256          0     47.750  34.411085   995.9190      5.865      0.906  0.000e+00
      6.038    30.0898   0.082352     0.3640     2.1832     2.3249          0     48.000  34.411088   995.9218      6.005      0.819  0.000e+00
      6.179    30.0879   0.083143     0.3676     2.1815     2.3241          0     48.250  34.411091   995.9257      6.145      0.734  0.000e+00
      6.374    30.0861   0.083401     0.3688     2.1768     2.3234          0     48.500  34.411094   995.9280      6.338      0.677  0.000e+00
      6.482    30.0840   0.083180     0.3678     2.1723     2.3287          0     48.750  34.411097   995.9284      6.446      0.625  0.000e+00
      6.547    30.0827   0.082810     0.3662     2.1580     2.2371          0     49.000  34.411100   995.9278      6.511      0.567  0.000e+00
      6.590    30.0819   0.082727     0.3658     2.1472     2.2379          0     49.250  34.411102   995.9280      6.553      0.520  0.000e+00
      6.655    30.0812   0.083020     0.3671     2.1421     2.2425          0     49.500  34.411105   995.9295      6.618      0.466  0.000e+00
      6.806    30.0812   0.083377     0.3688     2.1443     2.2432          0     49.750  34.411108   995.9314      6.768      0.432  0.000e+00
      6.979    30.0812   0.083497     0.3693     2.1458     2.2402          0     50.000  34.411111   995.9326      6.940      0.421  0.000e+00
      7.206    30.0847   0.082555     0.3650     2.1409     2.2356          0     50.250  34.411114   995.9293      7.166      0.445  0.000e+00
      7.519    30.0975   0.080852     0.3572     2.1343     2.2410          0     50.500  34.411117   995.9209      7.478      0.522  0.000e+00
      7.746    30.1163   0.080707     0.3564     2.1401     2.2371          0     50.750  34.411120   995.9157      7.704      0.636  0.000e+00
      7.800    30.1299   0.081626     0.3605     2.1566     2.3585          0     51.000  34.411123   995.9148      7.757      0.708  0.000e+00
      7.800    30.1347   0.081122     0.3581     2.1621     2.3615          0     51.250  34.411126   995.9116      7.757      0.713  0.000e+00
      7.822    30.1345   0.080535     0.3555     2.1672     2.3554          0     51.500  34.411128   995.9098      7.779      0.656  0.000e+00
      7.854    30.1377   0.079976     0.3529     2.1735     2.3607          0     51.750  34.411131   995.9071      7.811      0.546  0.000e+00
      7.876    30.1448   0.079509     0.3508     2.1699     2.1952          0     52.000  34.411134   995.9034      7.833      0.413  0.000e+00
      7.854    30.1517   0.079463     0.3505     2.1780     2.1898          0     52.250  34.411137   995.9010      7.811      0.260  0.000e+00
      7.865    30.1565   0.079306     0.3498     2.1757     2.1914          0     52.500  34.411140   995.8990      7.822      0.127  0.000e+00
      7.844    30.1597   0.079278     0.3496     2.1627     2.1998          0     52.750  34.411143   995.8978      7.800      0.050  0.000e+00
      7.854    30.1620   0.079278     0.3496     2.1608     2.1868          0     53.000  34.411146   995.8972      7.811      0.029  0.000e+00
      7.833    30.1629   0.079278     0.3496     2.1525     2.2036          0     53.250  34.411149   995.8968      7.790      0.013  0.000e+00
      7.833    30.1633   0.079248     0.3494     2.1503     2.2020          0     53.500  34.411152   995.8966      7.790     -0.005  0.000e+00
      7.844    30.1636   0.079159     0.3490     2.1428     2.2089          0     53.750  34.411155   995.8962      7.800     -0.015  0.000e+00
      7.854    30.1641   0.079119     0.3489     2.1371     2.2081          0     54.000  34.411157   995.8960      7.811     -0.013  0.000e+00
      7.854    30.1640   0.079125     0.3489     2.1295     2.2837          0     54.250  34.411160   995.8960      7.811     -0.004  0.000e+00
      7.865    30.1628   0.079202     0.3492     2.1204     2.2783          0     54.500  34.411163   995.8967      7.822      0.003  0.000e+00
      7.844    30.1609   0.079318     0.3498     2.1127     2.2715          0     54.750  34.411166   995.8976      7.800      0.006  0.000e+00
      7.855    30.1576   0.079515     0.3507     2.1024     2.2776          0     55.000  34.411169   995.8993      7.811      0.007  0.000e+00
      7.876    30.1543   0.079868     0.3523     2.0970     2.2471          0     55.250  34.411172   995.9017      7.833      0.017  0.000e+00
