public/post/ctd_rufiji/SBE19plus_01906740_2018_02_13_0908.cnv
* Sea-Bird SBE19plus  Data File:
* FileName = C:\Users\all user\Desktop\CTD tafiri 2018\SBE19plus_01906740_2018_02_13_0908.hex
* Software version 2.6.3.104
* Temperature SN = 6740
* Conductivity SN = 6740
* System UpLoad Time = Feb 13 2018 14:01:53
* <ApplicationData>
* <Seaterm232>
# nquan = 13
# nvalues = 306                                   
# units = specified
# name 0 = prdM: Pressure, Strain Gauge [db]
# name 1 = tv290C: Temperature [ITS-90, deg C]
# name 2 = c0S/m: Conductivity [S/m]
# name 3 = sal00: Salinity, Practical [PSU]
# name 4 = sbeox0ML/L: Oxygen, SBE 43 [ml/l]
# name 5 = flECO-AFL: Fluorescence, WET Labs ECO-AFL/FL [mg/m^3]
# name 6 = nbf: Bottles Fired
# name 7 = timeS: Time, Elapsed [seconds]
# name 8 = timeJ: Julian Days
# name 9 = density00: Density [density, kg/m^3]
# name 10 = depSM: Depth [salt water, m], lat = 0.00
# name 11 = dz/dtM: Descent Rate [m/s]
# name 12 = flag:  0.000e+00
# span 0 =      0.150,      3.706                 
# span 1 =    29.5642,    30.2478                 
# span 2 =   0.002382,   0.043529                 
# span 3 =     0.0197,     0.1907                 
# span 4 =     0.4697,     7.6991                 
# span 5 =    -0.0799,     2.1715                 
# span 6 =          0,          0                 
# span 7 =      0.000,     76.250                 
# span 8 =  34.268623,  34.269505                 
# span 9 =   995.6757,   995.8408                 
# span 10 =      0.149,      3.686                
# span 11 =     -0.461,      0.510                
# span 12 = 0.0000e+00, 0.0000e+00                
# interval = seconds: 0.25
# start_time = Feb 03 2018 06:26:49 [Instrument's time stamp, header]
# bad_flag = -9.990e-29
*END*
[from data line 112]
      1.187    30.2347   0.043326     0.1891     2.1737     1.8091          0     28.000  34.268947   995.7251      1.180      0.005  0.000e+00
      1.165    30.2335   0.043314     0.1890     2.1640     1.8160          0     28.250  34.268950   995.7253      1.159     -0.003  0.000e+00
      1.187    30.2326   0.043308     0.1890     2.1409     1.8053          0     28.500  34.268953   995.7257      1.180     -0.004  0.000e+00
      1.176    30.2316   0.043296     0.1890     2.1257     1.8572          0     28.750  34.268955   995.7259      1.170     -0.006  0.000e+00
      1.176    30.2305   0.043302     0.1890     2.1153     1.8427          0     29.000  34.268958   995.7262      1.170     -0.006  0.000e+00
      1.187    30.2293   0.043302     0.1890     2.1323     1.8473          0     29.250  34.268961   995.7267      1.180     -0.007  0.000e+00
      1.187    30.2281   0.043287     0.1889     2.1281     1.8503          0     29.500  34.268964   995.7270      1.180     -0.001  0.000e+00
      1.176    30.2270   0.043290     0.1889     2.1249     1.8580          0     29.750  34.268967   995.7273      1.170      0.002  0.000e+00
      1.176    30.2257   0.043290     0.1890     2.1309     1.8412          0     30.000  34.268970   995.7277      1.170      0.000  0.000e+00
      1.176    30.2248   0.043284     0.1889     2.1007     1.8488          0     30.250  34.268973   995.7279      1.170      0.001  0.000e+00
      1.165    30.2236   0.043275     0.1889     2.0704     1.8427          0     30.500  34.268976   995.7282      1.159     -0.006  0.000e+00
      1.176    30.2225   0.043275     0.1889     2.0367     1.8328          0     30.750  34.268979   995.7286      1.170     -0.004  0.000e+00
      1.187    30.2211   0.043275     0.1889     2.0224     1.8305          0     31.000  34.268981   995.7291      1.180     -0.002  0.000e+00
      1.176    30.2203   0.043269     0.1889     2.0299     1.8343          0     31.250  34.268984   995.7293      1.170     -0.004  0.000e+00
      1.187    30.2187   0.043263     0.1889     2.0313     1.8419          0     31.500  34.268987   995.7298      1.180      0.001  0.000e+00
      1.187    30.2176   0.043257     0.1888     2.0242     1.8602          0     31.750  34.268990   995.7301      1.180      0.006  0.000e+00
      1.165    30.2162   0.043257     0.1888     2.0287     1.8503          0     32.000  34.268993   995.7304      1.159      0.002  0.000e+00
      1.176    30.2151   0.043257     0.1888     2.0243     1.8389          0     32.250  34.268996   995.7308      1.170      0.001  0.000e+00
      1.198    30.2138   0.043257     0.1888     2.0207     1.8534          0     32.500  34.268999   995.7313      1.191      0.006  0.000e+00
      1.187    30.2127   0.043263     0.1889     1.9791     1.8526          0     32.750  34.269002   995.7316      1.180      0.004  0.000e+00
      1.176    30.2115   0.043251     0.1888     1.9646     1.8747          0     33.000  34.269005   995.7319      1.170     -0.000  0.000e+00
      1.165    30.2105   0.043254     0.1888     1.9594     1.8717          0     33.250  34.269008   995.7322      1.159     -0.003  0.000e+00
      1.176    30.2091   0.043242     0.1888     1.9516     1.8633          0     33.500  34.269010   995.7326      1.170     -0.005  0.000e+00
      1.165    30.2081   0.043236     0.1888     1.9489     1.8717          0     33.750  34.269013   995.7329      1.159     -0.007  0.000e+00
      1.187    30.2066   0.043236     0.1888     1.9435     1.8442          0     34.000  34.269016   995.7334      1.180     -0.001  0.000e+00
      1.176    30.2054   0.043224     0.1887     1.9374     1.8503          0     34.250  34.269019   995.7337      1.170     -0.005  0.000e+00
      1.187    30.2042   0.043224     0.1887     1.9331     1.8534          0     34.500  34.269022   995.7341      1.180     -0.004  0.000e+00
      1.165    30.2027   0.043224     0.1887     1.9276     1.8419          0     34.750  34.269025   995.7345      1.159     -0.001  0.000e+00
      1.176    30.2014   0.043218     0.1887     1.9206     1.8190          0     35.000  34.269028   995.7349      1.170      0.002  0.000e+00
      1.176    30.2003   0.043218     0.1887     1.9138     1.8290          0     35.250  34.269031   995.7352      1.170      0.003  0.000e+00
      1.176    30.1990   0.043224     0.1888     1.9180     1.8259          0     35.500  34.269034   995.7357      1.170      0.000  0.000e+00
      1.154    30.1976   0.043224     0.1888     1.9080     1.8328          0     35.750  34.269036   995.7360      1.148     -0.006  0.000e+00
      1.165    30.1964   0.043206     0.1887     1.9086     1.8198          0     36.000  34.269039   995.7363      1.159     -0.011  0.000e+00
      1.176    30.1953   0.043206     0.1887     1.9047     1.8107          0     36.250  34.269042   995.7367      1.170     -0.006  0.000e+00
      1.155    30.1940   0.043200     0.1887     1.8825     1.8129          0     36.500  34.269045   995.7370      1.148     -0.009  0.000e+00
      1.155    30.1929   0.043206     0.1887     1.8815     1.8183          0     36.750  34.269048   995.7374      1.148     -0.008  0.000e+00
      1.166    30.1918   0.043224     0.1888     1.8769     1.8107          0     37.000  34.269051   995.7378      1.159     -0.008  0.000e+00
      1.155    30.1905   0.043236     0.1888     1.8670     1.8206          0     37.250  34.269054   995.7382      1.149     -0.008  0.000e+00
      1.155    30.1897   0.043206     0.1887     1.8571     1.8282          0     37.500  34.269057   995.7384      1.149     -0.007  0.000e+00
      1.166    30.1888   0.043200     0.1887     1.8455     1.8335          0     37.750  34.269060   995.7386      1.159     -0.001  0.000e+00
      1.176    30.1878   0.043200     0.1887     1.8447     1.8305          0     38.000  34.269062   995.7390      1.170      0.001  0.000e+00
      1.166    30.1863   0.043191     0.1887     1.8472     1.8213          0     38.250  34.269065   995.7394      1.159      0.002  0.000e+00
      1.166    30.1852   0.043191     0.1887     1.8490     1.8236          0     38.500  34.269068   995.7397      1.159      0.007  0.000e+00
      1.187    30.1840   0.043212     0.1888     1.8485     1.8175          0     38.750  34.269071   995.7402      1.181      0.012  0.000e+00
      1.177    30.1829   0.043251     0.1889     1.8371     1.8236          0     39.000  34.269074   995.7407      1.170      0.011  0.000e+00
      1.155    30.1826   0.043269     0.1890     1.8388     1.8374          0     39.250  34.269077   995.7407      1.149      0.006  0.000e+00
      1.133    30.1832   0.043263     0.1890     1.8436     1.8404          0     39.500  34.269080   995.7404      1.127     -0.006  0.000e+00
      1.133    30.1835   0.043218     0.1888     1.8180     1.8374          0     39.750  34.269083   995.7402      1.127     -0.018  0.000e+00
      1.122    30.1829   0.043166     0.1886     1.8210     1.8351          0     40.000  34.269086   995.7402      1.116     -0.027  0.000e+00
      1.122    30.1819   0.043145     0.1885     1.8156     1.8091          0     40.250  34.269089   995.7404      1.116     -0.030  0.000e+00
      1.122    30.1819   0.043139     0.1884     1.8159     1.7969          0     40.500  34.269091   995.7404      1.116     -0.033  0.000e+00
      1.133    30.1716   0.043127     0.1884     1.8083     1.8045          0     40.750  34.269094   995.7435      1.127     -0.030  0.000e+00
      1.111    30.1300   0.043133     0.1886     1.8031     1.7923          0     41.000  34.269097   995.7562      1.105     -0.024  0.000e+00
      1.144    30.0946   0.043151     0.1888     1.7664     1.7969          0     41.250  34.269100   995.7672      1.138     -0.007  0.000e+00
      1.144    30.0786   0.043160     0.1889     1.7638     1.8061          0     41.500  34.269103   995.7721      1.138      0.004  0.000e+00
      1.155    30.0698   0.043133     0.1888     1.7515     1.8015          0     41.750  34.269106   995.7748      1.148      0.012  0.000e+00
      1.144    30.0574   0.043115     0.1888     1.7444     1.8030          0     42.000  34.269109   995.7785      1.138      0.016  0.000e+00
      1.155    30.0439   0.043127     0.1889     1.7587     1.8023          0     42.250  34.269112   995.7827      1.148      0.018  0.000e+00
      1.144    30.0358   0.043172     0.1891     1.7540     1.8206          0     42.500  34.269115   995.7852      1.138      0.015  0.000e+00
      1.133    30.0381   0.043224     0.1893     1.7525     1.8122          0     42.750  34.269117   995.7847      1.127      0.008  0.000e+00
      1.122    30.0430   0.043257     0.1894     1.7731     1.8259          0     43.000  34.269120   995.7832      1.116      0.001  0.000e+00
      1.144    30.0503   0.043281     0.1895     1.7775     1.8351          0     43.250  34.269123   995.7812      1.138     -0.007  0.000e+00
      1.133    30.0615   0.043263     0.1894     1.7727     1.8488          0     43.500  34.269126   995.7777      1.127     -0.009  0.000e+00
      1.155    30.0712   0.043206     0.1891     1.7631     1.8450          0     43.750  34.269129   995.7746      1.148     -0.005  0.000e+00
      1.144    30.0766   0.043157     0.1889     1.7378     1.8419          0     44.000  34.269132   995.7727      1.138     -0.001  0.000e+00
      1.176    30.0795   0.043133     0.1888     1.7439     1.8488          0     44.250  34.269135   995.7719      1.170      0.009  0.000e+00
      1.144    30.0696   0.043121     0.1888     1.7579     1.8473          0     44.500  34.269138   995.7748      1.138      0.012  0.000e+00
      1.133    30.0501   0.043145     0.1889     1.7699     1.8580          0     44.750  34.269141   995.7807      1.127      0.009  0.000e+00
      1.155    30.0377   0.043197     0.1892     1.7724     1.8587          0     45.000  34.269144   995.7848      1.148      0.009  0.000e+00
      1.155    30.0263   0.043224     0.1894     1.7817     1.8488          0     45.250  34.269146   995.7883      1.149      0.004  0.000e+00
      1.144    30.0235   0.043236     0.1894     1.7925     1.8587          0     45.500  34.269149   995.7892      1.138      0.002  0.000e+00
      1.144    30.0288   0.043212     0.1893     1.7970     1.8404          0     45.750  34.269152   995.7875      1.138     -0.005  0.000e+00
      1.144    30.0317   0.043191     0.1892     1.7904     1.8358          0     46.000  34.269155   995.7865      1.138     -0.005  0.000e+00
      1.155    30.0297   0.043185     0.1892     1.7954     1.8351          0     46.250  34.269158   995.7872      1.149     -0.005  0.000e+00
      1.166    30.0273   0.043197     0.1892     1.8027     1.8328          0     46.500  34.269161   995.7880      1.159      0.008  0.000e+00
      1.177    30.0277   0.043236     0.1894     1.8226     1.8000          0     46.750  34.269164   995.7881      1.170      0.014  0.000e+00
      1.198    30.0330   0.043245     0.1894     1.8219     1.8045          0     47.000  34.269167   995.7866      1.192      0.020  0.000e+00
      1.209    30.0380   0.043236     0.1894     1.8156     1.8076          0     47.250  34.269170   995.7851      1.203      0.031  0.000e+00
      1.209    30.0410   0.043212     0.1893     1.8271     1.7969          0     47.500  34.269172   995.7841      1.203      0.039  0.000e+00
      1.101    30.0425   0.043224     0.1893     1.8332     1.8778          0     47.750  34.269175   995.7832      1.095      0.011  0.000e+00
      0.972    30.0447   0.043269     0.1895     7.6991     1.8694          0     48.000  34.269178   995.7821      0.966     -0.049  0.000e+00
      0.864    30.0528   0.043311     0.1896     2.7781     1.8663          0     48.250  34.269181   995.7793      0.859     -0.126  0.000e+00
      0.853    30.0809   0.043290     0.1895     2.3525     1.8747          0     48.500  34.269184   995.7706      0.848     -0.184  0.000e+00
      0.918    30.1197   0.043275     0.1893     1.9147     1.8694          0     48.750  34.269187   995.7590      0.913     -0.200  0.000e+00
      1.015    30.1481   0.043236     0.1890     1.5525     1.8473          0     49.000  34.269190   995.7506      1.009     -0.171  0.000e+00
      1.134    30.1635   0.043245     0.1890     1.2245     1.8541          0     49.250  34.269193   995.7464      1.128     -0.091  0.000e+00
      1.253    30.1729   0.043281     0.1891     1.0177     1.8465          0     49.500  34.269196   995.7442      1.246      0.027  0.000e+00
      1.350    30.1764   0.043251     0.1890     0.7304     1.8480          0     49.750  34.269198   995.7434      1.343      0.169  0.000e+00
      1.404    30.1753   0.043218     0.1888     0.4697     1.9198          0     50.000  34.269201   995.7439      1.396      0.280  0.000e+00
      1.491    30.1720   0.043191     0.1887     1.8378     1.9228          0     50.250  34.269204   995.7452      1.482      0.351  0.000e+00
      1.599    30.1571   0.043166     0.1886     1.9085     1.9220          0     50.500  34.269207   995.7502      1.590      0.380  0.000e+00
      1.653    30.1221   0.043145     0.1887     1.9581     1.9205          0     50.750  34.269210   995.7611      1.644      0.370  0.000e+00
      1.739    30.0679   0.043133     0.1888     1.9317     1.9632          0     51.000  34.269213   995.7780      1.730      0.352  0.000e+00
      1.782    30.0092   0.043145     0.1891     1.9076     1.9564          0     51.250  34.269216   995.7961      1.773      0.324  0.000e+00
      1.836    29.9583   0.043151     0.1893     1.9281     1.9625          0     51.500  34.269219   995.8119      1.826      0.298  0.000e+00
      1.945    29.9178   0.043151     0.1894     1.9202     1.9579          0     51.750  34.269222   995.8247      1.934      0.293  0.000e+00
      2.031    29.8954   0.043185     0.1896     1.9012     2.0144          0     52.000  34.269225   995.8320      2.020      0.298  0.000e+00
      2.074    29.8853   0.043224     0.1899     1.8999     2.0197          0     52.250  34.269227   995.8354      2.063      0.287  0.000e+00
      2.161    29.8853   0.043236     0.1899     1.8915     2.0121          0     52.500  34.269230   995.8358      2.149      0.284  0.000e+00
      2.236    29.9037   0.043236     0.1898     1.8956     2.0205          0     52.750  34.269233   995.8306      2.224      0.292  0.000e+00
      2.312    29.9270   0.043139     0.1893     1.9320     2.0144          0     53.000  34.269236   995.8235      2.299      0.295  0.000e+00
      2.366    29.9425   0.043049     0.1889     1.9667     1.8694          0     53.250  34.269239   995.8187      2.353      0.298  0.000e+00
      2.442    29.9503   0.043027     0.1888     2.0025     1.8671          0     53.500  34.269242   995.8166      2.428      0.294  0.000e+00
      2.528    29.9327   0.043021     0.1888     2.0461     1.8725          0     53.750  34.269245   995.8223      2.514      0.287  0.000e+00
      2.625    29.9048   0.043015     0.1889     2.0555     1.8778          0     54.000  34.269248   995.8312      2.611      0.295  0.000e+00
      2.755    29.8866   0.043049     0.1891     2.1152     1.8648          0     54.250  34.269251   995.8374      2.740      0.322  0.000e+00
      2.874    29.8793   0.043133     0.1895     2.0951     1.8602          0     54.500  34.269253   995.8405      2.858      0.347  0.000e+00
      2.971    29.8801   0.043172     0.1896     2.1139     1.8663          0     54.750  34.269256   995.8408      2.955      0.373  0.000e+00
      3.123    29.9014   0.043245     0.1899     2.1148     1.8656          0     55.000  34.269259   995.8352      3.106      0.410  0.000e+00
      3.263    29.9644   0.043472     0.1907     2.0981     2.0205          0     55.250  34.269262   995.8174      3.245      0.451  0.000e+00
