public/post/ctd_rufiji/SBE19plus_01906740_2018_02_13_0901.cnv
* Sea-Bird SBE19plus  Data File:
* FileName = C:\Users\all user\Desktop\CTD tafiri 2018\SBE19plus_01906740_2018_02_13_0901.hex
* Software version 2.6.3.104
* Temperature SN = 6740
* Conductivity SN = 6740
* System UpLoad Time = Feb 13 2018 14:00:43
* <ApplicationData>
* <Seaterm232>
# nquan = 13
# nvalues = 373                                   
# units = specified
# name 0 = prdM: Pressure, Strain Gauge [db]
# name 1 = tv290C: Temperature [ITS-90, deg C]
# name 2 = c0S/m: Conductivity [S/m]
# name 3 = sal00: Salinity, Practical [PSU]
# name 4 = sbeox0ML/L: Oxygen, SBE 43 [ml/l]
# name 5 = flECO-AFL: Fluorescence, WET Labs ECO-AFL/FL [mg/m^3]
# name 6 = nbf: Bottles Fired
# name 7 = timeS: Time, Elapsed [seconds]
# name 8 = timeJ: Julian Days
# name 9 = density00: Density [density, kg/m^3]
# name 10 = depSM: Depth [salt water, m], lat = 0.00
# name 11 = dz/dtM: Descent Rate [m/s]
# name 12 = flag:  0.000e+00
# span 0 =      0.083,      6.710                 
# span 1 =    30.0253,    30.8899                 
# span 2 =   0.020839,   0.330377                 
# span 3 =     0.0930,     1.5290                 
# span 4 =     0.2946,     7.8415                 
# span 5 =    -0.0487,     1.8755                 
# span 6 =          0,          0                 
# span 7 =      0.000,     93.000                 
# span 8 =  33.788935,  33.790012                 
# span 9 =   995.5722,   996.5508                 
# span 10 =      0.082,      6.673                
# span 11 =     -0.685,      0.618                
# span 12 = 0.0000e+00, 0.0000e+00                
# interval = seconds: 0.25
# start_time = Feb 02 2018 18:56:04 [Instrument's time stamp, header]
# bad_flag = -9.990e-29
*END*
[from data line 112]
      1.121    30.4249   0.279151     1.2914     1.9095     1.7351          0     28.000  33.789259   996.4910      1.115      0.003  0.000e+00
      1.132    30.4337   0.279344     1.2921     1.9004     1.7389          0     28.250  33.789262   996.4889      1.126     -0.004  0.000e+00
      1.164    30.4427   0.279378     1.2921     1.8904     1.7359          0     28.500  33.789265   996.4862      1.158     -0.005  0.000e+00
      1.153    30.4564   0.279611     1.2929     1.8686     1.7275          0     28.750  33.789268   996.4825      1.147     -0.001  0.000e+00
      1.153    30.4861   0.279958     1.2938     1.8522     1.7252          0     29.000  33.789271   996.4741      1.147      0.002  0.000e+00
      1.186    30.5300   0.279912     1.2924     1.8400     1.7221          0     29.250  33.789274   996.4597      1.179      0.011  0.000e+00
      1.164    30.5621   0.279281     1.2885     1.8298     1.7199          0     29.500  33.789277   996.4468      1.158      0.014  0.000e+00
      1.153    30.5868   0.278947     1.2863     1.8289     1.7138          0     29.750  33.789280   996.4375      1.147      0.018  0.000e+00
      1.132    30.5846   0.278790     1.2856     1.8228     1.7130          0     30.000  33.789282   996.4375      1.125      0.009  0.000e+00
      1.132    30.5267   0.278974     1.2880     1.8281     1.7183          0     30.250  33.789285   996.4571      1.125     -0.006  0.000e+00
      1.153    30.4690   0.279521     1.2921     1.8349     1.7122          0     30.500  33.789288   996.4781      1.147     -0.012  0.000e+00
      1.153    30.4446   0.279952     1.2948     1.8437     1.7023          0     30.750  33.789291   996.4876      1.147     -0.009  0.000e+00
      1.175    30.4527   0.279999     1.2948     1.8560     1.7023          0     31.000  33.789294   996.4852      1.168     -0.004  0.000e+00
      1.175    30.4790   0.279855     1.2935     1.8580     1.6970          0     31.250  33.789297   996.4761      1.168      0.001  0.000e+00
      1.164    30.5006   0.279878     1.2930     1.8655     1.6985          0     31.500  33.789300   996.4691      1.158      0.012  0.000e+00
      1.153    30.5200   0.279905     1.2927     1.8786     1.7267          0     31.750  33.789303   996.4628      1.147      0.014  0.000e+00
      1.142    30.5434   0.279905     1.2921     1.8665     1.7275          0     32.000  33.789306   996.4551      1.136      0.010  0.000e+00
      1.175    30.5683   0.279992     1.2918     1.8686     1.7244          0     32.250  33.789308   996.4474      1.168      0.009  0.000e+00
      1.175    30.5946   0.280042     1.2914     1.8576     1.7275          0     32.500  33.789311   996.4390      1.168      0.004  0.000e+00
      1.175    30.6130   0.279835     1.2899     1.8490     1.7290          0     32.750  33.789314   996.4322      1.168      0.004  0.000e+00
      1.186    30.6217   0.279534     1.2883     1.8392     1.7473          0     33.000  33.789317   996.4283      1.179      0.006  0.000e+00
      1.142    30.6305   0.279438     1.2876     1.8393     1.7489          0     33.250  33.789320   996.4249      1.136      0.001  0.000e+00
      1.153    30.6382   0.279391     1.2871     1.8331     1.7473          0     33.500  33.789323   996.4222      1.147      0.001  0.000e+00
      1.164    30.6286   0.279318     1.2870     1.8243     1.7443          0     33.750  33.789326   996.4252      1.158      0.001  0.000e+00
      1.164    30.5917   0.279261     1.2877     1.8197     1.7229          0     34.000  33.789329   996.4370      1.158     -0.001  0.000e+00
      1.175    30.5525   0.279254     1.2887     1.8112     1.7290          0     34.250  33.789332   996.4499      1.168     -0.006  0.000e+00
      1.175    30.5282   0.279294     1.2895     1.8057     1.7275          0     34.500  33.789334   996.4580      1.169     -0.001  0.000e+00
      1.175    30.5194   0.279318     1.2898     1.7990     1.7313          0     34.750  33.789337   996.4609      1.169      0.003  0.000e+00
      1.186    30.5191   0.279351     1.2900     1.7942     1.7145          0     35.000  33.789340   996.4612      1.179      0.010  0.000e+00
      1.164    30.5239   0.279431     1.2902     1.7847     1.7099          0     35.250  33.789343   996.4599      1.158      0.014  0.000e+00
      1.175    30.5340   0.279221     1.2890     1.7770     1.7168          0     35.500  33.789346   996.4558      1.169      0.009  0.000e+00
      1.164    30.5305   0.278987     1.2879     1.8899     1.7099          0     35.750  33.789349   996.4561      1.158      0.001  0.000e+00
      1.164    30.5137   0.278894     1.2879     1.7841     1.7138          0     36.000  33.789352   996.4612      1.158     -0.003  0.000e+00
      1.164    30.4778   0.279214     1.2904     1.7725     1.7130          0     36.250  33.789355   996.4741      1.158     -0.007  0.000e+00
      1.164    30.4350   0.279678     1.2937     1.7668     1.7077          0     36.500  33.789358   996.4898      1.158     -0.008  0.000e+00
      1.164    30.4187   0.279999     1.2957     1.7517     1.7107          0     36.750  33.789361   996.4963      1.158     -0.008  0.000e+00
      1.175    30.4338   0.279795     1.2943     1.7434     1.7191          0     37.000  33.789363   996.4907      1.169     -0.004  0.000e+00
      1.175    30.4557   0.279234     1.2910     1.7369     1.7458          0     37.250  33.789366   996.4815      1.169      0.003  0.000e+00
      1.175    30.4837   0.278947     1.2889     1.7353     1.7344          0     37.500  33.789369   996.4713      1.169      0.004  0.000e+00
      1.164    30.4759   0.278804     1.2884     1.7335     1.7382          0     37.750  33.789372   996.4732      1.158      0.004  0.000e+00
      1.175    30.4287   0.278934     1.2903     1.7651     1.7374          0     38.000  33.789375   996.4892      1.168      0.005  0.000e+00
      1.186    30.3854   0.279188     1.2926     1.7685     1.7244          0     38.250  33.789378   996.5043      1.179      0.008  0.000e+00
      1.197    30.3632   0.279241     1.2934     1.7683     1.7191          0     38.500  33.789381   996.5118      1.190      0.012  0.000e+00
      1.164    30.3532   0.279091     1.2930     1.7766     1.7260          0     38.750  33.789384   996.5143      1.158      0.006  0.000e+00
      1.164    30.3470   0.279024     1.2928     1.7851     1.7260          0     39.000  33.789387   996.5161      1.158     -0.001  0.000e+00
      1.153    30.3477   0.279118     1.2932     1.7930     1.7412          0     39.250  33.789389   996.5162      1.147     -0.007  0.000e+00
      1.153    30.3539   0.279301     1.2940     1.7992     1.7397          0     39.500  33.789392   996.5148      1.147     -0.011  0.000e+00
      1.175    30.3621   0.279698     1.2957     1.8001     1.7443          0     39.750  33.789395   996.5137      1.168     -0.008  0.000e+00
      1.197    30.3731   0.280102     1.2974     1.8076     1.7344          0     40.000  33.789398   996.5117      1.190     -0.003  0.000e+00
      1.186    30.3897   0.280022     1.2966     1.8071     1.7099          0     40.250  33.789401   996.5059      1.179      0.001  0.000e+00
      1.186    30.4017   0.279535     1.2939     1.8075     1.7115          0     40.500  33.789404   996.5002      1.179      0.007  0.000e+00
      1.186    30.4174   0.279254     1.2921     1.8004     1.7153          0     40.750  33.789407   996.4941      1.179      0.017  0.000e+00
      1.175    30.4399   0.279188     1.2912     1.7994     1.7115          0     41.000  33.789410   996.4865      1.168      0.014  0.000e+00
      1.175    30.4468   0.279064     1.2904     1.7908     1.7099          0     41.250  33.789413   996.4837      1.168      0.011  0.000e+00
      1.175    30.4199   0.279168     1.2916     1.7877     1.7099          0     41.500  33.789416   996.4929      1.168      0.003  0.000e+00
      1.175    30.4035   0.279495     1.2936     1.7843     1.7130          0     41.750  33.789418   996.4995      1.168     -0.007  0.000e+00
      1.186    30.4007   0.279651     1.2945     1.7720     1.7115          0     42.000  33.789421   996.5010      1.179     -0.007  0.000e+00
      1.186    30.3926   0.279445     1.2937     1.7715     1.7130          0     42.250  33.789424   996.5029      1.179     -0.002  0.000e+00
      1.175    30.3854   0.279098     1.2922     1.7669     1.7099          0     42.500  33.789427   996.5039      1.168     -0.002  0.000e+00
      1.196    30.3839   0.279014     1.2918     1.7695     1.7168          0     42.750  33.789430   996.5042      1.190      0.005  0.000e+00
      1.207    30.3882   0.279124     1.2922     1.7574     1.7176          0     43.000  33.789433   996.5032      1.201      0.014  0.000e+00
      1.186    30.3887   0.279398     1.2935     1.7565     1.7145          0     43.250  33.789436   996.5040      1.179      0.011  0.000e+00
      1.196    30.3882   0.279692     1.2950     1.7479     1.7244          0     43.500  33.789439   996.5053      1.190      0.011  0.000e+00
      1.186    30.3848   0.279775     1.2955     1.7467     1.7244          0     43.750  33.789442   996.5066      1.179      0.007  0.000e+00
      1.229    30.3800   0.279508     1.2943     1.7459     1.7221          0     44.000  33.789444   996.5074      1.222      0.014  0.000e+00
      1.196    30.3745   0.279188     1.2929     1.7366     1.7260          0     44.250  33.789447   996.5079      1.190      0.012  0.000e+00
      1.164    30.3693   0.279111     1.2926     1.7365     1.7191          0     44.500  33.789450   996.5092      1.157     -0.000  0.000e+00
      1.175    30.3658   0.279144     1.2929     1.7363     1.7389          0     44.750  33.789453   996.5105      1.168     -0.011  0.000e+00
      1.175    30.3622   0.279311     1.2938     1.7373     1.7328          0     45.000  33.789456   996.5122      1.168     -0.015  0.000e+00
      1.196    30.3591   0.279575     1.2952     1.7365     1.7420          0     45.250  33.789459   996.5143      1.190     -0.007  0.000e+00
      1.196    30.3572   0.279952     1.2971     1.7301     1.7389          0     45.500  33.789462   996.5163      1.190     -0.007  0.000e+00
      1.196    30.3560   0.279862     1.2967     1.7228     1.7046          0     45.750  33.789465   996.5164      1.190     -0.003  0.000e+00
      1.175    30.3567   0.279468     1.2947     1.7244     1.6993          0     46.000  33.789468   996.5146      1.168     -0.009  0.000e+00
      1.196    30.3611   0.279338     1.2940     1.7244     1.7031          0     46.250  33.789470   996.5128      1.190      0.006  0.000e+00
      1.207    30.3669   0.279365     1.2939     1.7235     1.7000          0     46.500  33.789473   996.5111      1.200      0.016  0.000e+00
      1.175    30.3727   0.279118     1.2926     1.7237     1.6977          0     46.750  33.789476   996.5081      1.168      0.005  0.000e+00
      1.088    30.3732   0.278634     1.2902     1.7278     1.6954          0     47.000  33.789479   996.5058      1.082     -0.026  0.000e+00
      0.915    30.3235   0.278374     1.2902     1.7240     1.6985          0     47.250  33.789482   996.5203      0.910     -0.097  0.000e+00
      0.699    30.2503   0.278184     1.2912     1.7386     1.7000          0     47.500  33.789485   996.5424      0.695     -0.202  0.000e+00
      0.558    30.2127   0.277297     1.2878     1.7500     1.6985          0     47.750  33.789488   996.5508      0.555     -0.311  0.000e+00
      0.515    30.2065   0.275797     1.2806     2.5465     1.7023          0     48.000  33.789491   996.5471      0.512     -0.388  0.000e+00
      0.472    30.2162   0.275157     1.2772     6.2726     1.7054          0     48.250  33.789494   996.5414      0.469     -0.440  0.000e+00
      0.526    30.2237   0.275547     1.2790     6.4205     1.7031          0     48.500  33.789497   996.5406      0.523     -0.422  0.000e+00
      0.612    30.2273   0.276226     1.2822     3.4959     1.7031          0     48.750  33.789499   996.5423      0.609     -0.334  0.000e+00
      0.753    30.2767   0.280897     1.3038     2.3728     1.8755          0     49.000  33.789502   996.5440      0.749     -0.179  0.000e+00
      0.861    30.4395   0.282426     1.3070     1.8472     1.8747          0     49.250  33.789505   996.4970      0.856      0.004  0.000e+00
      0.948    30.5778   0.282807     1.3053     1.3300     1.8702          0     49.500  33.789508   996.4535      0.942      0.168  0.000e+00
      1.034    30.6642   0.281861     1.2985     1.7250     1.8671          0     49.750  33.789511   996.4221      1.029      0.280  0.000e+00
      1.077    30.7149   0.281621     1.2960     3.2384     1.7626          0     50.000  33.789514   996.4048      1.071      0.335  0.000e+00
      1.142    30.7465   0.281651     1.2953     2.8016     1.7725          0     50.250  33.789517   996.3948      1.136      0.358  0.000e+00
      1.207    30.7655   0.282349     1.2982     3.5765     1.7679          0     50.500  33.789520   996.3914      1.200      0.342  0.000e+00
      1.283    30.7789   0.282864     1.3004     3.5435     1.7626          0     50.750  33.789523   996.3891      1.276      0.316  0.000e+00
      1.326    30.7876   0.281938     1.2957     3.0519     1.7862          0     51.000  33.789525   996.3831      1.319      0.279  0.000e+00
      1.391    30.7889   0.282817     1.2999     2.7113     1.7832          0     51.250  33.789528   996.3862      1.383      0.259  0.000e+00
      1.467    30.7855   0.283529     1.3034     1.6374     1.7832          0     51.500  33.789531   996.3902      1.458      0.252  0.000e+00
      1.596    30.7865   0.284127     1.3063     1.1089     1.7901          0     51.750  33.789534   996.3926      1.587      0.269  0.000e+00
      1.748    30.7909   0.284939     1.3101     0.4143     1.7977          0     52.000  33.789537   996.3948      1.738      0.311  0.000e+00
      1.877    30.7946   0.284699     1.3089     2.6212     1.7992          0     52.250  33.789540   996.3932      1.867      0.355  0.000e+00
      2.007    30.7980   0.283398     1.3025     2.2945     1.7984          0     52.500  33.789543   996.3880      1.996      0.402  0.000e+00
      2.094    30.8002   0.283047     1.3007     3.4174     1.7992          0     52.750  33.789546   996.3864      2.082      0.436  0.000e+00
      2.180    30.7964   0.282824     1.2997     3.0657     1.7931          0     53.000  33.789549   996.3872      2.168      0.459  0.000e+00
      2.256    30.7760   0.283054     1.3014     2.4517     1.7962          0     53.250  33.789552   996.3951      2.243      0.457  0.000e+00
      2.342    30.7555   0.283906     1.3060     2.5908     1.7984          0     53.500  33.789554   996.4053      2.329      0.438  0.000e+00
      2.472    30.7453   0.284505     1.3092     3.0103     1.7954          0     53.750  33.789557   996.4114      2.459      0.415  0.000e+00
      2.623    30.7502   0.285612     1.3144     2.2808     1.7962          0     54.000  33.789560   996.4145      2.609      0.408  0.000e+00
      2.764    30.7642   0.286482     1.3183     2.5767     1.7901          0     54.250  33.789563   996.4136      2.749      0.421  0.000e+00
      2.872    30.7769   0.285351     1.3125     1.3192     1.7893          0     54.500  33.789566   996.4058      2.856      0.438  0.000e+00
      2.959    30.7857   0.284348     1.3074     1.6170     1.7832          0     54.750  33.789569   996.3997      2.942      0.456  0.000e+00
      3.067    30.7825   0.285324     1.3122     2.1018     1.7878          0     55.000  33.789572   996.4048      3.050      0.467  0.000e+00
      3.229    30.7746   0.287184     1.3214     2.2470     1.7786          0     55.250  33.789575   996.4148      3.211      0.486  0.000e+00
