public/post/ctd_rufiji/SBE19plus_01906740_2018_02_13_0928.cnv
* Sea-Bird SBE19plus  Data File:
* FileName = C:\Users\all user\Desktop\CTD tafiri 2018\SBE19plus_01906740_2018_02_13_0928.hex
* Software version 2.6.3.104
* Temperature SN = 6740
* Conductivity SN = 6740
* System UpLoad Time = Feb 13 2018 14:05:05
* <ApplicationData>
* <Seaterm232>
# nquan = 13
# nvalues = 349                                   
# units = specified
# name 0 = prdM: Pressure, Strain Gauge [db]
# name 1 = tv290C: Temperature [ITS-90, deg C]
# name 2 = c0S/m: Conductivity [S/m]
# name 3 = sal00: Salinity, Practical [PSU]
# name 4 = sbeox0ML/L: Oxygen, SBE 43 [ml/l]
# name 5 = flECO-AFL: Fluorescence, WET Labs ECO-AFL/FL [mg/m^3]
# name 6 = nbf: Bottles Fired
# name 7 = timeS: Time, Elapsed [seconds]
# name 8 = timeJ: Julian Days
# name 9 = density00: Density [density, kg/m^3]
# name 10 = depSM: Depth [salt water, m], lat = 0.00
# name 11 = dz/dtM: Descent Rate [m/s]
# name 12 = flag:  0.000e+00
# span 0 =      0.157,      3.357                 
# span 1 =    28.9393,    30.5162                 
# span 2 =   0.007904,   0.088037                 
# span 3 =     0.0402,     0.3883                 
# span 4 =     1.6196,     4.1635                 
# span 5 =    -0.0342,     2.2425                 
# span 6 =          0,          0                 
# span 7 =      0.000,     87.000                 
# span 8 =  34.422326,  34.423333                 
# span 9 =   995.5405,   996.0137                 
# span 10 =      0.156,      3.339                
# span 11 =     -0.496,      0.538                
# span 12 = 0.0000e+00, 0.0000e+00                
# interval = seconds: 0.25
# start_time = Feb 03 2018 10:08:09 [Instrument's time stamp, header]
# bad_flag = -9.990e-29
*END*
      0.157    28.9393   0.013765     0.0647     3.8457    -0.0303          0      0.000  34.422326   996.0137      0.156 -5.263e-17  0.000e+00
      0.167    28.9433   0.011922     0.0571     3.8925    -0.0227          0      0.250  34.422329   996.0068      0.167      0.003  0.000e+00
      0.157    28.9473   0.010461     0.0510     3.9051    -0.0281          0      0.500  34.422332   996.0011      0.156      0.002  0.000e+00
      0.157    28.9522   0.009705     0.0480     3.9201    -0.0273          0      0.750  34.422335   995.9973      0.156      0.001  0.000e+00
      0.178    28.9592   0.009771     0.0482     3.9174    -0.0288          0      1.000  34.422338   995.9956      0.177      0.006  0.000e+00
      0.167    28.9677   0.009637     0.0477     3.9051    -0.0242          0      1.250  34.422341   995.9926      0.166      0.007  0.000e+00
      0.178    28.9779   0.009220     0.0460     4.0031    -0.0258          0      1.500  34.422344   995.9884      0.177      0.010  0.000e+00
      0.243    28.9891   0.008709     0.0439     4.0088    -0.0235          0      1.750  34.422347   995.9839      0.242      0.029  0.000e+00
      0.297    29.1457   0.009854     0.0484     4.0017    -0.0265          0      2.000  34.422350   995.9415      0.295      0.056  0.000e+00
      0.362    29.5707   0.036663     0.1621     3.9543    -0.0273          0      2.250  34.422352   995.9012      0.360      0.091  0.000e+00
      0.470    29.8793   0.051949     0.2285     3.8877    -0.0311          0      2.500  34.422355   995.8590      0.467      0.145  0.000e+00
      0.589    30.0671   0.040926     0.1792     3.8983    -0.0342          0      2.750  34.422358   995.7658      0.585      0.207  0.000e+00
      0.632    30.1814   0.033406     0.1462     3.8349     1.5818          0      3.000  34.422361   995.7067      0.628      0.252  0.000e+00
      0.599    30.2253   0.050336     0.2199     4.0835     1.5802          0      3.250  34.422364   995.7484      0.596      0.264  0.000e+00
      0.621    30.2501   0.049651     0.2167     4.0889     1.5841          0      3.500  34.422367   995.7386      0.618      0.249  0.000e+00
      0.642    30.2683   0.054113     0.2363     4.1148     1.5841          0      3.750  34.422370   995.7479      0.639      0.214  0.000e+00
      0.675    30.2814   0.082592     0.3638     4.1034     1.5886          0      4.000  34.422373   995.8395      0.671      0.178  0.000e+00
      0.696    30.2920   0.083340     0.3671     4.1028     2.2303          0      4.250  34.422376   995.8388      0.693      0.137  0.000e+00
      0.718    30.3071   0.088037     0.3883     4.0633     2.2265          0      4.500  34.422378   995.8502      0.714      0.096  0.000e+00
      0.729    30.3175   0.053290     0.2325     4.0300     2.2211          0      4.750  34.422381   995.7304      0.725      0.071  0.000e+00
      0.772    30.3242   0.084383     0.3716     4.0600     2.2326          0      5.000  34.422384   995.8327      0.768      0.080  0.000e+00
      0.815    30.3287   0.077154     0.3389     3.9342     2.2219          0      5.250  34.422387   995.8071      0.811      0.102  0.000e+00
      0.880    30.3473   0.075626     0.3319     3.9091     2.2295          0      5.500  34.422390   995.7964      0.876      0.119  0.000e+00
      0.967    30.3797   0.076304     0.3348     3.9071     2.2181          0      5.750  34.422393   995.7891      0.962      0.147  0.000e+00
      0.978    30.4025   0.075500     0.3310     3.9272     2.2257          0      6.000  34.422396   995.7793      0.972      0.162  0.000e+00
      0.999    30.4197   0.074590     0.3268     3.9626     2.2104          0      6.250  34.422399   995.7710      0.994      0.172  0.000e+00
      0.999    30.4360   0.074017     0.3241     3.9965     2.2181          0      6.500  34.422402   995.7640      0.994      0.167  0.000e+00
      1.010    30.4501   0.073857     0.3233     3.9921     2.2158          0      6.750  34.422405   995.7591      1.005      0.151  0.000e+00
      0.999    30.4591   0.073959     0.3237     4.0139     2.2104          0      7.000  34.422407   995.7566      0.994      0.118  0.000e+00
      1.043    30.4626   0.073940     0.3236     4.0503     2.2112          0      7.250  34.422410   995.7557      1.037      0.092  0.000e+00
      1.043    30.4658   0.073959     0.3237     4.0710     2.2097          0      7.500  34.422413   995.7547      1.037      0.062  0.000e+00
      1.043    30.4701   0.073766     0.3228     4.0639     2.2165          0      7.750  34.422416   995.7527      1.037      0.039  0.000e+00
      1.064    30.4745   0.073542     0.3218     4.0827     2.2165          0      8.000  34.422419   995.7507      1.059      0.040  0.000e+00
      1.108    30.4755   0.073462     0.3214     4.0844     2.2097          0      8.250  34.422422   995.7503      1.102      0.049  0.000e+00
      1.086    30.4743   0.073511     0.3216     4.0816     2.2043          0      8.500  34.422425   995.7508      1.080      0.051  0.000e+00
      1.119    30.4750   0.073569     0.3219     4.0696     2.1990          0      8.750  34.422428   995.7509      1.112      0.056  0.000e+00
      1.108    30.4786   0.073582     0.3219     4.0870     2.2066          0      9.000  34.422431   995.7498      1.102      0.054  0.000e+00
      1.118    30.4826   0.073631     0.3221     4.0812     2.2013          0      9.250  34.422433   995.7488      1.112      0.045  0.000e+00
      1.118    30.4859   0.073766     0.3227     4.0849     2.2066          0      9.500  34.422436   995.7482      1.112      0.042  0.000e+00
      1.129    30.4873   0.073894     0.3233     4.1073     2.2143          0      9.750  34.422439   995.7482      1.123      0.037  0.000e+00
      1.108    30.4875   0.073946     0.3235     4.1082     2.2173          0     10.000  34.422442   995.7483      1.102      0.020  0.000e+00
      1.108    30.4875   0.073940     0.3235     4.0649     2.2074          0     10.250  34.422445   995.7482      1.102      0.006  0.000e+00
      1.119    30.4854   0.073876     0.3232     4.0691     2.2242          0     10.500  34.422448   995.7487      1.112      0.007  0.000e+00
      1.151    30.4823   0.073876     0.3232     4.0715     2.2242          0     10.750  34.422451   995.7498      1.144      0.009  0.000e+00
      1.129    30.4796   0.073848     0.3231     4.0725     2.2196          0     11.000  34.422454   995.7505      1.123      0.011  0.000e+00
      1.108    30.4774   0.073805     0.3229     4.0763     2.2219          0     11.250  34.422457   995.7509      1.102      0.003  0.000e+00
      1.108    30.4771   0.073830     0.3230     4.0862     2.2204          0     11.500  34.422459   995.7511      1.102     -0.001  0.000e+00
      1.119    30.4792   0.073824     0.3230     4.0933     2.2257          0     11.750  34.422462   995.7505      1.112     -0.002  0.000e+00
      1.108    30.4818   0.073842     0.3231     4.0887     2.2249          0     12.000  34.422465   995.7497      1.102     -0.002  0.000e+00
      1.108    30.4841   0.073857     0.3231     4.1063     2.2249          0     12.250  34.422468   995.7490      1.102     -0.008  0.000e+00
      1.097    30.4865   0.073906     0.3233     4.1003     2.2242          0     12.500  34.422471   995.7484      1.091     -0.016  0.000e+00
      1.108    30.4883   0.073919     0.3234     4.1066     2.2020          0     12.750  34.422474   995.7479      1.102     -0.018  0.000e+00
      1.108    30.4895   0.073913     0.3233     4.1070     2.2051          0     13.000  34.422477   995.7475      1.102     -0.008  0.000e+00
      1.119    30.4904   0.073842     0.3230     4.0919     2.2066          0     13.250  34.422480   995.7470      1.112      0.001  0.000e+00
      1.108    30.4912   0.073784     0.3227     4.0888     2.2005          0     13.500  34.422483   995.7465      1.102      0.000  0.000e+00
      1.108    30.4920   0.073716     0.3224     4.1045     2.2173          0     13.750  34.422486   995.7461      1.102     -0.001  0.000e+00
      1.097    30.4923   0.073664     0.3222     4.1372     2.2135          0     14.000  34.422488   995.7458      1.091     -0.001  0.000e+00
      1.129    30.4933   0.073631     0.3220     4.1635     2.2127          0     14.250  34.422491   995.7455      1.123      0.006  0.000e+00
      1.130    30.4948   0.073606     0.3219     4.1414     2.2196          0     14.500  34.422494   995.7449      1.123      0.011  0.000e+00
      1.140    30.4960   0.073600     0.3219     3.9992     2.2165          0     14.750  34.422497   995.7446      1.134      0.014  0.000e+00
      1.130    30.4966   0.073612     0.3219     3.8757     2.2097          0     15.000  34.422500   995.7444      1.123      0.015  0.000e+00
      1.130    30.4968   0.073631     0.3220     3.6668     2.2112          0     15.250  34.422503   995.7444      1.123      0.014  0.000e+00
      1.108    30.4966   0.073625     0.3220     3.4718     2.2211          0     15.500  34.422506   995.7443      1.102      0.009  0.000e+00
      1.129    30.4965   0.073606     0.3219     3.2977     2.2425          0     15.750  34.422509   995.7444      1.123      0.008  0.000e+00
      1.097    30.4966   0.073600     0.3219     3.1435     2.2394          0     16.000  34.422512   995.7442      1.091     -0.004  0.000e+00
      1.108    30.4973   0.073588     0.3218     3.0304     2.2379          0     16.250  34.422514   995.7440      1.102     -0.015  0.000e+00
      1.097    30.4974   0.073576     0.3218     2.9908     2.2341          0     16.500  34.422517   995.7439      1.091     -0.020  0.000e+00
      1.118    30.4967   0.073542     0.3216     2.9533     2.2364          0     16.750  34.422520   995.7441      1.112     -0.016  0.000e+00
      1.129    30.4958   0.073517     0.3215     2.9455     2.2097          0     17.000  34.422523   995.7443      1.123     -0.005  0.000e+00
      1.119    30.4946   0.073511     0.3215     2.9470     2.2127          0     17.250  34.422526   995.7446      1.112     -0.000  0.000e+00
      1.140    30.4946   0.073523     0.3215     2.9295     2.2188          0     17.500  34.422529   995.7448      1.134      0.011  0.000e+00
      1.129    30.4946   0.073499     0.3214     2.8679     2.2173          0     17.750  34.422532   995.7446      1.123      0.012  0.000e+00
      1.118    30.4941   0.073499     0.3214     2.8288     2.2349          0     18.000  34.422535   995.7447      1.112      0.016  0.000e+00
      1.119    30.4938   0.073499     0.3214     2.7764     2.2394          0     18.250  34.422538   995.7448      1.112      0.009  0.000e+00
      1.108    30.4939   0.073499     0.3214     2.7463     2.2394          0     18.500  34.422541   995.7448      1.102      0.002  0.000e+00
      1.097    30.4935   0.073511     0.3215     2.6919     2.2356          0     18.750  34.422543   995.7449      1.091     -0.012  0.000e+00
      1.097    30.4923   0.073484     0.3214     2.6689     2.2402          0     19.000  34.422546   995.7451      1.091     -0.018  0.000e+00
      1.108    30.4914   0.073471     0.3213     2.6294     2.2387          0     19.250  34.422549   995.7455      1.102     -0.017  0.000e+00
      1.108    30.4914   0.073471     0.3213     2.5973     2.2341          0     19.500  34.422552   995.7455      1.102     -0.017  0.000e+00
      1.129    30.4919   0.073471     0.3213     2.5658     2.2310          0     19.750  34.422555   995.7454      1.123     -0.004  0.000e+00
      1.129    30.4922   0.073471     0.3213     2.5652     2.2333          0     20.000  34.422558   995.7453      1.123      0.006  0.000e+00
      1.119    30.4923   0.073465     0.3213     2.5294     2.2097          0     20.250  34.422561   995.7452      1.113      0.009  0.000e+00
      1.151    30.4934   0.073459     0.3213     2.5075     2.2165          0     20.500  34.422564   995.7450      1.145      0.022  0.000e+00
      1.151    30.4951   0.073478     0.3213     2.4679     2.2165          0     20.750  34.422567   995.7445      1.145      0.028  0.000e+00
      1.130    30.4968   0.073478     0.3213     2.4534     2.2120          0     21.000  34.422569   995.7439      1.123      0.023  0.000e+00
      1.151    30.4986   0.073471     0.3213     2.4579     2.1868          0     21.250  34.422572   995.7434      1.145      0.020  0.000e+00
      1.130    30.4990   0.073459     0.3212     2.4585     2.1898          0     21.500  34.422575   995.7431      1.124      0.012  0.000e+00
      1.151    30.4995   0.073441     0.3211     2.4301     2.1906          0     21.750  34.422578   995.7430      1.145      0.009  0.000e+00
      1.141    30.4998   0.073422     0.3211     2.4320     2.1906          0     22.000  34.422581   995.7428      1.134      0.007  0.000e+00
      1.151    30.4998   0.073395     0.3209     2.4439     2.2143          0     22.250  34.422584   995.7428      1.145      0.007  0.000e+00
      1.141    30.4997   0.073395     0.3209     2.4492     2.2143          0     22.500  34.422587   995.7427      1.134     -0.001  0.000e+00
      1.141    30.4995   0.073401     0.3210     2.4488     2.2204          0     22.750  34.422590   995.7428      1.134      0.000  0.000e+00
      1.152    30.4990   0.073395     0.3209     2.4406     2.2165          0     23.000  34.422593   995.7430      1.145      0.005  0.000e+00
      1.162    30.4979   0.073370     0.3208     2.4295     2.2219          0     23.250  34.422595   995.7433      1.156      0.006  0.000e+00
      1.173    30.4962   0.073358     0.3208     2.4377     2.2204          0     23.500  34.422598   995.7438      1.167      0.014  0.000e+00
      1.184    30.4946   0.073352     0.3208     2.4299     2.2257          0     23.750  34.422601   995.7444      1.177      0.017  0.000e+00
      1.184    30.4943   0.073358     0.3208     2.4159     2.2272          0     24.000  34.422604   995.7445      1.177      0.024  0.000e+00
      1.173    30.4948   0.073389     0.3209     2.3973     2.2234          0     24.250  34.422607   995.7444      1.166      0.022  0.000e+00
      1.184    30.4958   0.073401     0.3210     2.3847     2.2020          0     24.500  34.422610   995.7442      1.177      0.024  0.000e+00
      1.195    30.4972   0.073435     0.3211     2.3686     2.1982          0     24.750  34.422613   995.7439      1.188      0.023  0.000e+00
      1.173    30.4978   0.073453     0.3212     2.3666     2.1959          0     25.000  34.422616   995.7437      1.167      0.013  0.000e+00
      1.162    30.4974   0.073471     0.3213     2.3840     2.2051          0     25.250  34.422619   995.7438      1.156      0.001  0.000e+00
      1.184    30.4958   0.073484     0.3214     2.3343     2.2127          0     25.500  34.422622   995.7445      1.177     -0.001  0.000e+00
      1.195    30.4951   0.073517     0.3215     2.3220     2.2127          0     25.750  34.422624   995.7448      1.188      0.001  0.000e+00
      1.184    30.4948   0.073536     0.3216     2.3328     2.2158          0     26.000  34.422627   995.7449      1.177      0.002  0.000e+00
      1.194    30.4946   0.073554     0.3217     2.3050     2.2181          0     26.250  34.422630   995.7451      1.188      0.006  0.000e+00
      1.184    30.4946   0.073582     0.3218     2.2950     2.1998          0     26.500  34.422633   995.7451      1.177      0.004  0.000e+00
      1.173    30.4952   0.073618     0.3220     2.2968     2.1982          0     26.750  34.422636   995.7451      1.166      0.001  0.000e+00
      1.184    30.4957   0.073637     0.3220     2.2897     2.2013          0     27.000  34.422639   995.7450      1.177      0.005  0.000e+00
      1.184    30.4947   0.073612     0.3219     2.2879     2.2005          0     27.250  34.422642   995.7452      1.177      0.003  0.000e+00
      1.206    30.4918   0.073569     0.3218     2.3016     2.2097          0     27.500  34.422645   995.7461      1.199      0.002  0.000e+00
