public/post/ctd_rufiji/SBE19plus_01906740_2018_02_13_0908.cnv
* Sea-Bird SBE19plus  Data File:
* FileName = C:\Users\all user\Desktop\CTD tafiri 2018\SBE19plus_01906740_2018_02_13_0908.hex
* Software version 2.6.3.104
* Temperature SN = 6740
* Conductivity SN = 6740
* System UpLoad Time = Feb 13 2018 14:01:53
* <ApplicationData>
* <Seaterm232>
# nquan = 13
# nvalues = 306                                   
# units = specified
# name 0 = prdM: Pressure, Strain Gauge [db]
# name 1 = tv290C: Temperature [ITS-90, deg C]
# name 2 = c0S/m: Conductivity [S/m]
# name 3 = sal00: Salinity, Practical [PSU]
# name 4 = sbeox0ML/L: Oxygen, SBE 43 [ml/l]
# name 5 = flECO-AFL: Fluorescence, WET Labs ECO-AFL/FL [mg/m^3]
# name 6 = nbf: Bottles Fired
# name 7 = timeS: Time, Elapsed [seconds]
# name 8 = timeJ: Julian Days
# name 9 = density00: Density [density, kg/m^3]
# name 10 = depSM: Depth [salt water, m], lat = 0.00
# name 11 = dz/dtM: Descent Rate [m/s]
# name 12 = flag:  0.000e+00
# span 0 =      0.150,      3.706                 
# span 1 =    29.5642,    30.2478                 
# span 2 =   0.002382,   0.043529                 
# span 3 =     0.0197,     0.1907                 
# span 4 =     0.4697,     7.6991                 
# span 5 =    -0.0799,     2.1715                 
# span 6 =          0,          0                 
# span 7 =      0.000,     76.250                 
# span 8 =  34.268623,  34.269505                 
# span 9 =   995.6757,   995.8408                 
# span 10 =      0.149,      3.686                
# span 11 =     -0.461,      0.510                
# span 12 = 0.0000e+00, 0.0000e+00                
# interval = seconds: 0.25
# start_time = Feb 03 2018 06:26:49 [Instrument's time stamp, header]
# bad_flag = -9.990e-29
*END*
[from data line 223]
      3.523    30.1175   0.043160     0.1888     2.0905     2.0205          0     55.750  34.269268   995.7709      3.503      0.499  0.000e+00
      3.642    30.1634   0.042749     0.1868     2.0727     2.0182          0     56.000  34.269271   995.7560      3.622      0.510  0.000e+00
      3.685    30.1940   0.042677     0.1864     1.9859     1.9693          0     56.250  34.269274   995.7466      3.665      0.492  0.000e+00
      3.696    30.2129   0.042592     0.1859     2.0639     1.9663          0     56.500  34.269277   995.7405      3.675      0.448  0.000e+00
      3.685    30.2234   0.042535     0.1857     2.1391     1.9709          0     56.750  34.269280   995.7371      3.664      0.379  0.000e+00
      3.685    30.2292   0.042490     0.1854     2.2011     1.9709          0     57.000  34.269282   995.7352      3.664      0.288  0.000e+00
      3.706    30.2322   0.042481     0.1854     2.2457     1.9754          0     57.250  34.269285   995.7343      3.686      0.206  0.000e+00
      3.696    30.2339   0.042475     0.1854     2.2913     1.7725          0     57.500  34.269288   995.7337      3.675      0.129  0.000e+00
      3.696    30.2346   0.042475     0.1854     2.3288     1.7717          0     57.750  34.269291   995.7335      3.675      0.059  0.000e+00
      3.706    30.2354   0.042423     0.1851     2.3547     1.7702          0     58.000  34.269294   995.7331      3.686      0.021  0.000e+00
      3.685    30.2357   0.042435     0.1852     2.3639     1.7717          0     58.250  34.269297   995.7330      3.665      0.004  0.000e+00
      3.696    30.2361   0.042447     0.1852     2.3336     1.7908          0     58.500  34.269300   995.7329      3.675      0.002  0.000e+00
      3.674    30.2361   0.042469     0.1853     2.2993     1.7847          0     58.750  34.269303   995.7329      3.654     -0.003  0.000e+00
      3.631    30.2362   0.042463     0.1853     2.3089     1.7885          0     59.000  34.269306   995.7327      3.611     -0.022  0.000e+00
      3.555    30.2362   0.042487     0.1854     2.2609     1.7901          0     59.250  34.269308   995.7324      3.536     -0.057  0.000e+00
      3.501    30.2353   0.042508     0.1855     2.2719     1.8251          0     59.500  34.269311   995.7325      3.482     -0.091  0.000e+00
      3.447    30.2336   0.042514     0.1855     2.2206     1.8236          0     59.750  34.269314   995.7328      3.428     -0.129  0.000e+00
      3.404    30.2331   0.042514     0.1855     2.2025     1.8160          0     60.000  34.269317   995.7328      3.385     -0.162  0.000e+00
      3.404    30.2327   0.042514     0.1855     2.1867     1.8221          0     60.250  34.269320   995.7329      3.385     -0.172  0.000e+00
      3.393    30.2264   0.042520     0.1856     2.1759     1.8419          0     60.500  34.269323   995.7348      3.375     -0.172  0.000e+00
      3.404    30.2154   0.042529     0.1857     2.1518     1.8328          0     60.750  34.269326   995.7383      3.385     -0.146  0.000e+00
      3.393    30.2014   0.042541     0.1858     2.1262     1.8374          0     61.000  34.269329   995.7426      3.375     -0.111  0.000e+00
      3.426    30.1884   0.042538     0.1858     2.1207     1.8335          0     61.250  34.269332   995.7467      3.407     -0.063  0.000e+00
      3.404    30.1796   0.042535     0.1858     2.1075     1.8419          0     61.500  34.269334   995.7492      3.385     -0.032  0.000e+00
      3.404    30.1726   0.042541     0.1859     2.1055     1.8129          0     61.750  34.269337   995.7514      3.385     -0.009  0.000e+00
      3.415    30.1673   0.042541     0.1859     2.1021     1.8107          0     62.000  34.269340   995.7531      3.396      0.006  0.000e+00
      3.415    30.1636   0.042535     0.1859     2.0956     1.8129          0     62.250  34.269343   995.7542      3.396      0.008  0.000e+00
      3.393    30.1607   0.042535     0.1859     2.0924     1.8076          0     62.500  34.269346   995.7550      3.374      0.003  0.000e+00
      3.382    30.1595   0.042541     0.1859     2.1035     1.8145          0     62.750  34.269349   995.7553      3.364     -0.007  0.000e+00
      3.361    30.1574   0.042565     0.1860     2.1089     1.8160          0     63.000  34.269352   995.7560      3.342     -0.018  0.000e+00
      3.296    30.1535   0.042574     0.1861     2.0875     1.8091          0     63.250  34.269355   995.7569      3.278     -0.048  0.000e+00
      3.188    30.1508   0.042574     0.1861     2.0025     1.8068          0     63.500  34.269358   995.7572      3.170     -0.089  0.000e+00
      3.026    30.1484   0.042598     0.1862     1.9810     1.7977          0     63.750  34.269361   995.7573      3.009     -0.164  0.000e+00
      2.885    30.1452   0.042611     0.1863     1.9388     1.8107          0     64.000  34.269363   995.7577      2.869     -0.252  0.000e+00
      2.755    30.1434   0.042620     0.1863     1.9675     1.8045          0     64.250  34.269366   995.7577      2.740     -0.336  0.000e+00
      2.647    30.1420   0.042638     0.1864     1.9472     1.8015          0     64.500  34.269369   995.7577      2.633     -0.406  0.000e+00
      2.550    30.1399   0.042656     0.1865     1.9634     1.8236          0     64.750  34.269372   995.7580      2.536     -0.457  0.000e+00
      2.529    30.1354   0.042692     0.1866     1.9644     1.8267          0     65.000  34.269375   995.7594      2.515     -0.461  0.000e+00
      2.453    30.1291   0.042704     0.1867     1.9926     1.8236          0     65.250  34.269378   995.7610      2.439     -0.436  0.000e+00
      2.312    30.1214   0.042722     0.1868     1.9772     1.8190          0     65.500  34.269381   995.7628      2.300     -0.409  0.000e+00
      2.172    30.1130   0.042734     0.1869     1.9850     1.8114          0     65.750  34.269384   995.7648      2.160     -0.391  0.000e+00
      2.075    30.1055   0.042737     0.1870     2.0100     1.7916          0     66.000  34.269387   995.7667      2.063     -0.384  0.000e+00
      1.967    30.0972   0.042743     0.1870     1.9823     1.7908          0     66.250  34.269389   995.7688      1.956     -0.390  0.000e+00
      1.880    30.0892   0.042749     0.1871     1.9840     1.7832          0     66.500  34.269392   995.7708      1.870     -0.401  0.000e+00
      1.858    30.0836   0.042756     0.1871     1.9777     1.7862          0     66.750  34.269395   995.7725      1.848     -0.395  0.000e+00
      1.794    30.0789   0.042756     0.1871     1.9907     1.8335          0     67.000  34.269398   995.7736      1.784     -0.386  0.000e+00
      1.696    30.0744   0.042749     0.1871     1.9781     1.8351          0     67.250  34.269401   995.7745      1.687     -0.360  0.000e+00
      1.621    30.0688   0.042743     0.1871     1.9764     1.8374          0     67.500  34.269404   995.7759      1.612     -0.324  0.000e+00
      1.523    30.0595   0.042743     0.1871     1.9602     1.8335          0     67.750  34.269407   995.7783      1.515     -0.306  0.000e+00
      1.415    30.0438   0.042749     0.1872     1.9583     1.8084          0     68.000  34.269410   995.7826      1.407     -0.310  0.000e+00
      1.339    30.0326   0.042749     0.1873     1.9446     1.8152          0     68.250  34.269413   995.7857      1.332     -0.316  0.000e+00
      1.307    30.0202   0.042756     0.1873     1.9540     1.8152          0     68.500  34.269416   995.7894      1.300     -0.319  0.000e+00
      1.253    30.0056   0.042768     0.1874     1.9558     1.8122          0     68.750  34.269418   995.7936      1.246     -0.320  0.000e+00
      1.188    29.9872   0.042774     0.1875     1.9311     1.8160          0     69.000  34.269421   995.7989      1.182     -0.304  0.000e+00
      1.188    29.9682   0.042762     0.1875     1.9540     1.8129          0     69.250  34.269424   995.8047      1.182     -0.265  0.000e+00
      1.167    29.9544   0.042737     0.1875     1.9535     1.8145          0     69.500  34.269427   995.8087      1.160     -0.224  0.000e+00
      1.167    29.9465   0.042728     0.1875     1.9621     1.8061          0     69.750  34.269430   995.8111      1.160     -0.173  0.000e+00
      1.102    29.9402   0.042728     0.1875     1.9686     1.8076          0     70.000  34.269433   995.8127      1.096     -0.141  0.000e+00
      0.994    29.9395   0.042704     0.1874     6.4101     1.8381          0     70.250  34.269436   995.8124      0.988     -0.146  0.000e+00
      0.907    29.9407   0.042716     0.1874     2.5828     1.8374          0     70.500  34.269439   995.8117      0.902     -0.171  0.000e+00
      0.853    29.9441   0.042722     0.1874     2.2298     1.8435          0     70.750  34.269442   995.8104      0.849     -0.193  0.000e+00
      0.832    29.9489   0.042734     0.1875     1.9339     1.8412          0     71.000  34.269444   995.8089      0.827     -0.208  0.000e+00
      0.810    29.9533   0.042722     0.1874     1.6703     1.8419          0     71.250  34.269447   995.8074      0.805     -0.223  0.000e+00
      0.767    29.9582   0.042710     0.1873     1.5076     1.8450          0     71.500  34.269450   995.8057      0.762     -0.223  0.000e+00
      0.691    29.9602   0.042716     0.1874     7.4883     1.8320          0     71.750  34.269453   995.8048      0.687     -0.223  0.000e+00
      0.529    29.9623   0.042722     0.1874     2.1745     1.8351          0     72.000  34.269456   995.8034      0.526     -0.235  0.000e+00
      0.421    29.9661   0.042716     0.1873     1.6332     2.1685          0     72.250  34.269459   995.8018      0.418     -0.255  0.000e+00
      0.280    29.9690   0.042695     0.1872     2.2176     2.1616          0     72.500  34.269462   995.8002      0.279     -0.302  0.000e+00
      0.183    29.9712   0.042659     0.1871     1.8121     2.1677          0     72.750  34.269465   995.7990      0.182     -0.357  0.000e+00
      0.161    29.9660   0.042695     0.1873     1.4178     2.1715          0     73.000  34.269468   995.8006      0.160     -0.387  0.000e+00
      0.150    29.9580   0.022454     0.0999     1.0557     2.1601          0     73.250  34.269470   995.7374      0.150     -0.381  0.000e+00
      0.150    29.9495   0.006992     0.0367     1.5234     0.9539          0     73.500  34.269473   995.6925      0.149     -0.337  0.000e+00
      0.150    29.9251   0.005113     0.0296     4.9555     0.9493          0     73.750  34.269476   995.6944      0.150     -0.264  0.000e+00
      0.150    29.8846   0.004089     0.0258     2.3889     0.9462          0     74.000  34.269479   995.7038      0.150     -0.174  0.000e+00
      0.150    29.8298   0.003896     0.0251     2.2043     0.9493          0     74.250  34.269482   995.7197      0.150     -0.103  0.000e+00
      0.150    29.7671   0.002992     0.0218     2.7661    -0.0296          0     74.500  34.269485   995.7361      0.149     -0.043  0.000e+00
      0.161    29.7031   0.002880     0.0214     2.8081    -0.0319          0     74.750  34.269488   995.7550      0.160     -0.008  0.000e+00
      0.150    29.6416   0.002497     0.0201     3.0996    -0.0281          0     75.000  34.269491   995.7724      0.150     -0.001  0.000e+00
      0.161    29.5937   0.002497     0.0200     3.5292    -0.0303          0     75.250  34.269494   995.7867      0.160      0.004  0.000e+00
      0.172    29.5702   0.002385     0.0197     3.1065    -0.0395          0     75.500  34.269497   995.7935      0.171      0.009  0.000e+00
      0.161    29.5642   0.002580     0.0203     3.0887    -0.0410          0     75.750  34.269499   995.7957      0.160      0.009  0.000e+00
      0.172    29.5717   0.003232     0.0226     3.8670    -0.0456          0     76.000  34.269502   995.7953      0.171      0.011  0.000e+00
      0.161    29.5860   0.017236     0.0785     3.3933    -0.0410          0     76.250  34.269505   995.8330      0.160      0.009  0.000e+00
