public/post/ctd_rufiji/SBE19plus_01906740_2018_02_13_0902.cnv
* Sea-Bird SBE19plus  Data File:
* FileName = C:\Users\all user\Desktop\CTD tafiri 2018\SBE19plus_01906740_2018_02_13_0902.hex
* Software version 2.6.3.104
* Temperature SN = 6740
* Conductivity SN = 6740
* System UpLoad Time = Feb 13 2018 14:00:51
* <ApplicationData>
* <Seaterm232>
# nquan = 13
# nvalues = 306                                   
# units = specified
# name 0 = prdM: Pressure, Strain Gauge [db]
# name 1 = tv290C: Temperature [ITS-90, deg C]
# name 2 = c0S/m: Conductivity [S/m]
# name 3 = sal00: Salinity, Practical [PSU]
# name 4 = sbeox0ML/L: Oxygen, SBE 43 [ml/l]
# name 5 = flECO-AFL: Fluorescence, WET Labs ECO-AFL/FL [mg/m^3]
# name 6 = nbf: Bottles Fired
# name 7 = timeS: Time, Elapsed [seconds]
# name 8 = timeJ: Julian Days
# name 9 = density00: Density [density, kg/m^3]
# name 10 = depSM: Depth [salt water, m], lat = 0.00
# name 11 = dz/dtM: Descent Rate [m/s]
# name 12 = flag:  0.000e+00
# span 0 =      0.095,      3.955                 
# span 1 =    29.0890,    30.7932                 
# span 2 =   0.002758,   0.420949                 
# span 3 =     0.0209,     1.9822                 
# span 4 =    -0.2739,     7.9566                 
# span 5 =    -0.0639,     1.7031                 
# span 6 =          0,          0                 
# span 7 =      0.000,     76.250                 
# span 8 =  33.791192,  33.792075                 
# span 9 =   995.9352,   996.9969                 
# span 10 =      0.094,      3.933                
# span 11 =     -0.580,      0.525                
# span 12 = 0.0000e+00, 0.0000e+00                
# interval = seconds: 0.25
# start_time = Feb 02 2018 18:59:19 [Instrument's time stamp, header]
# bad_flag = -9.990e-29
*END*
      0.106    29.0938   0.002758     0.0209     3.9787    -0.0525          0      0.000  33.791192   995.9352      0.105 5.2633e-17  0.000e+00
      0.095    29.0907   0.015658     0.0725     3.9538    -0.0586          0      0.250  33.791195   995.9749      0.094     -0.003  0.000e+00
      0.138    29.0890   0.099455     0.4510     3.3842    -0.0639          0      0.500  33.791198   996.2598      0.137      0.006  0.000e+00
      0.246    29.0906   0.076350     0.3434     3.7060    -0.0609          0      0.750  33.791201   996.1791      0.245      0.043  0.000e+00
      0.311    29.1504   0.136109     0.6239     4.7511    -0.0143          0      1.000  33.791204   996.3721      0.309      0.086  0.000e+00
      0.376    29.4457   0.206215     0.9577     4.4873    -0.0120          0      1.250  33.791207   996.5347      0.374      0.134  0.000e+00
      0.408    29.6928   0.172276     0.7893     4.3494    -0.0143          0      1.500  33.791209   996.3349      0.406      0.172  0.000e+00
      0.495    29.8388   0.191912     0.8812     4.0050    -0.0105          0      1.750  33.791212   996.3601      0.492      0.213  0.000e+00
      0.527    29.9191   0.176286     0.8049     4.0760     1.2506          0      2.000  33.791215   996.2789      0.524      0.237  0.000e+00
      0.581    29.9657   0.163728     0.7444     4.5994     1.2522          0      2.250  33.791218   996.2198      0.578      0.247  0.000e+00
      0.614    29.9884   0.188369     0.8616     4.2940     1.2537          0      2.500  33.791221   996.3007      0.610      0.231  0.000e+00
      0.624    29.9975   0.216880     0.9987     3.9741     1.2522          0      2.750  33.791224   996.4005      0.621      0.197  0.000e+00
      0.657    29.9983   0.186978     0.8547     3.7840     1.4032          0      3.000  33.791227   996.2928      0.653      0.175  0.000e+00
      0.646    29.9960   0.230070     1.0626     3.3956     1.4040          0      3.250  33.791230   996.4488      0.642      0.145  0.000e+00
      0.678    29.9950   0.304027     1.4253     2.8618     1.3964          0      3.500  33.791233   996.7202      0.675      0.122  0.000e+00
      0.733    30.0177   0.306750     1.4381     3.4506     1.3994          0      3.750  33.791236   996.7231      0.729      0.105  0.000e+00
      0.776    30.0622   0.300496     1.4059     2.8681     1.4002          0      4.000  33.791238   996.6858      0.772      0.107  0.000e+00
      0.808    30.1073   0.179642     0.8179     2.7149     1.3910          0      4.250  33.791241   996.2329      0.804      0.109  0.000e+00
      0.819    30.0930   0.299931     1.4023     2.8658     1.3918          0      4.500  33.791244   996.6739      0.815      0.113  0.000e+00
      0.830    30.0456   0.309107     1.4490     3.0216     1.3933          0      4.750  33.791247   996.7232      0.825      0.115  0.000e+00
      0.862    30.0533   0.316566     1.4857     3.2003     1.3849          0      5.000  33.791250   996.7484      0.858      0.115  0.000e+00
      0.992    30.1544   0.333488     1.5666     3.4017     1.4025          0      5.250  33.791253   996.7786      0.987      0.145  0.000e+00
      1.068    30.2821   0.345521     1.6223     3.5231     1.4063          0      5.500  33.791256   996.7814      1.062      0.169  0.000e+00
      1.090    30.3945   0.349944     1.6406     3.4997     1.3948          0      5.750  33.791259   996.7607      1.084      0.181  0.000e+00
      1.144    30.4718   0.351479     1.6457     3.7786     1.3880          0      6.000  33.791262   996.7409      1.137      0.198  0.000e+00
      1.165    30.5246   0.356841     1.6705     3.8345     1.4040          0      6.250  33.791264   996.7433      1.159      0.208  0.000e+00
      1.176    30.5647   0.360033     1.6850     3.8134     1.4048          0      6.500  33.791267   996.7417      1.170      0.206  0.000e+00
      1.176    30.5933   0.363422     1.7008     4.1999     1.3926          0      6.750  33.791270   996.7447      1.170      0.183  0.000e+00
      1.154    30.6135   0.365337     1.7096     3.9190     1.3971          0      7.000  33.791273   996.7449      1.148      0.134  0.000e+00
      1.187    30.6288   0.366936     1.7170     3.8426     1.3857          0      7.250  33.791276   996.7459      1.180      0.083  0.000e+00
      1.165    30.6419   0.368301     1.7233     4.0651     1.3826          0      7.500  33.791279   996.7464      1.159      0.048  0.000e+00
      1.165    30.6543   0.369926     1.7309     3.9627     1.3887          0      7.750  33.791282   996.7483      1.159      0.026  0.000e+00
      1.187    30.6649   0.371437     1.7381     3.8623     1.3895          0      8.000  33.791285   996.7504      1.180      0.011  0.000e+00
      1.187    30.6741   0.373237     1.7466     3.7886     1.3880          0      8.250  33.791288   996.7539      1.180      0.007  0.000e+00
      1.176    30.6830   0.374964     1.7549     3.5344     1.3758          0      8.500  33.791291   996.7573      1.170      0.005  0.000e+00
      1.165    30.6909   0.375676     1.7582     3.4641     1.3773          0      8.750  33.791293   996.7572      1.159      0.003  0.000e+00
      1.176    30.6948   0.375438     1.7568     3.5422     1.3758          0      9.000  33.791296   996.7551      1.170      0.004  0.000e+00
      1.187    30.6955   0.376489     1.7620     3.5431     1.3765          0      9.250  33.791299   996.7588      1.180      0.001  0.000e+00
      1.165    30.6959   0.377845     1.7687     3.5292     1.3971          0      9.500  33.791302   996.7636      1.159      0.001  0.000e+00
      1.165    30.6965   0.378607     1.7725     3.5896     1.3971          0      9.750  33.791305   996.7662      1.159     -0.004  0.000e+00
      1.165    30.6979   0.379257     1.7757     3.6416     1.3903          0     10.000  33.791308   996.7681      1.159     -0.010  0.000e+00
      1.165    30.6973   0.379662     1.7777     3.6929     1.4002          0     10.250  33.791311   996.7698      1.159     -0.009  0.000e+00
      1.176    30.6978   0.380545     1.7821     3.7325     1.3872          0     10.500  33.791314   996.7729      1.170     -0.003  0.000e+00
      1.176    30.7008   0.382028     1.7893     3.7250     1.3857          0     10.750  33.791317   996.7774      1.170      0.000  0.000e+00
      1.176    30.7034   0.383394     1.7960     3.7250     1.3842          0     11.000  33.791319   996.7816      1.170     -0.001  0.000e+00
      1.165    30.7059   0.384365     1.8007     3.8011     1.3842          0     11.250  33.791322   996.7843      1.159     -0.001  0.000e+00
      1.176    30.7065   0.385128     1.8045     3.8103     1.3796          0     11.500  33.791325   996.7870      1.170      0.005  0.000e+00
      1.154    30.7072   0.385746     1.8075     3.8433     1.3781          0     11.750  33.791328   996.7889      1.148     -0.001  0.000e+00
      1.165    30.7089   0.386325     1.8103     3.8404     1.3758          0     12.000  33.791331   996.7906      1.159     -0.003  0.000e+00
      1.155    30.7097   0.386436     1.8109     3.8728     1.3742          0     12.250  33.791334   996.7906      1.148     -0.008  0.000e+00
      1.187    30.7094   0.386127     1.8093     3.8208     1.3803          0     12.500  33.791337   996.7897      1.180     -0.004  0.000e+00
      1.165    30.7096   0.385333     1.8054     3.8885     1.4002          0     12.750  33.791340   996.7866      1.159     -0.003  0.000e+00
      1.165    30.7100   0.383609     1.7968     3.8802     1.4017          0     13.000  33.791343   996.7801      1.159     -0.001  0.000e+00
      1.176    30.7117   0.381737     1.7875     3.8424     1.3994          0     13.250  33.791345   996.7727      1.170      0.004  0.000e+00
      1.176    30.7138   0.380646     1.7820     3.8003     1.3941          0     13.500  33.791348   996.7680      1.170      0.005  0.000e+00
      1.165    30.7153   0.379216     1.7748     3.7163     1.4025          0     13.750  33.791351   996.7621      1.159      0.006  0.000e+00
      1.165    30.7146   0.377831     1.7680     3.6393     1.3987          0     14.000  33.791354   996.7572      1.159      0.001  0.000e+00
      1.187    30.7129   0.376735     1.7626     3.5169     1.3956          0     14.250  33.791357   996.7538      1.180      0.005  0.000e+00
      1.165    30.7128   0.375919     1.7586     3.4160     1.4040          0     14.500  33.791360   996.7508      1.159     -0.002  0.000e+00
      1.165    30.7149   0.375144     1.7547     3.3082     1.3819          0     14.750  33.791363   996.7472      1.159      0.001  0.000e+00
      1.176    30.7179   0.374518     1.7515     3.1896     1.3720          0     15.000  33.791366   996.7439      1.170      0.001  0.000e+00
      1.176    30.7207   0.373945     1.7485     3.0927     1.3765          0     15.250  33.791369   996.7409      1.170     -0.000  0.000e+00
      1.198    30.7232   0.373368     1.7456     3.0222     1.3750          0     15.500  33.791372   996.7380      1.191      0.008  0.000e+00
      1.187    30.7241   0.372960     1.7435     2.9661     1.4048          0     15.750  33.791374   996.7362      1.180      0.011  0.000e+00
      1.165    30.7241   0.372680     1.7422     2.9219     1.3994          0     16.000  33.791377   996.7350      1.159      0.005  0.000e+00
      1.176    30.7242   0.372435     1.7409     2.8829     1.4040          0     16.250  33.791380   996.7341      1.169      0.001  0.000e+00
      1.198    30.7246   0.372211     1.7398     2.8426     1.3971          0     16.500  33.791383   996.7333      1.191      0.010  0.000e+00
      1.187    30.7248   0.372059     1.7391     2.8109     1.3926          0     16.750  33.791386   996.7326      1.180      0.008  0.000e+00
      1.176    30.7250   0.371965     1.7386     2.9849     1.4154          0     17.000  33.791389   996.7321      1.169      0.001  0.000e+00
      1.187    30.7246   0.371983     1.7387     3.2357     1.4109          0     17.250  33.791392   996.7324      1.180      0.001  0.000e+00
      1.187    30.7246   0.372059     1.7391     3.6957     1.4170          0     17.500  33.791395   996.7326      1.180     -0.001  0.000e+00
      1.198    30.7248   0.372186     1.7397     4.6419     1.4086          0     17.750  33.791398   996.7331      1.191      0.007  0.000e+00
      1.187    30.7241   0.372359     1.7406     4.6519     1.3895          0     18.000  33.791400   996.7339      1.180      0.009  0.000e+00
      1.198    30.7230   0.372559     1.7416     4.9887     1.3880          0     18.250  33.791403   996.7351      1.191      0.006  0.000e+00
      1.187    30.7237   0.372629     1.7419     2.8322     1.3842          0     18.500  33.791406   996.7351      1.180      0.001  0.000e+00
      1.198    30.7243   0.372642     1.7420     2.3487     1.3910          0     18.750  33.791409   996.7350      1.191      0.007  0.000e+00
      1.176    30.7250   0.372511     1.7413     1.9352     1.3643          0     19.000  33.791412   996.7341      1.170      0.002  0.000e+00
      1.154    30.7260   0.372311     1.7403     1.6427     1.3651          0     19.250  33.791415   996.7330      1.148     -0.011  0.000e+00
      1.165    30.7273   0.371838     1.7379     1.4604     1.3666          0     19.500  33.791418   996.7308      1.159     -0.016  0.000e+00
      1.187    30.7289   0.371299     1.7352     1.4722     1.3559          0     19.750  33.791421   996.7284      1.180     -0.014  0.000e+00
      1.208    30.7298   0.370892     1.7331     1.7558     1.3613          0     20.000  33.791424   996.7267      1.202     -0.002  0.000e+00
      1.198    30.7306   0.370888     1.7331     2.0875     1.3880          0     20.250  33.791427   996.7264      1.191      0.002  0.000e+00
      1.187    30.7308   0.370892     1.7331     2.5741     1.3903          0     20.500  33.791429   996.7263      1.180      0.007  0.000e+00
      1.144    30.7310   0.370923     1.7332     2.6220     1.3796          0     20.750  33.791432   996.7261      1.137     -0.004  0.000e+00
      1.144    30.7320   0.371216     1.7346     2.6896     1.3834          0     21.000  33.791435   996.7269      1.137     -0.007  0.000e+00
      1.198    30.7329   0.371603     1.7365     2.6809     1.4147          0     21.250  33.791438   996.7282      1.191     -0.000  0.000e+00
      1.198    30.7337   0.371997     1.7384     2.6596     1.4040          0     21.500  33.791441   996.7294      1.191     -0.001  0.000e+00
      1.187    30.7339   0.372332     1.7401     2.5913     1.4124          0     21.750  33.791444   996.7305      1.180     -0.005  0.000e+00
      1.176    30.7334   0.372756     1.7422     2.6610     1.4170          0     22.000  33.791447   996.7322      1.169     -0.006  0.000e+00
      1.176    30.7336   0.373509     1.7459     2.7319     1.3956          0     22.250  33.791450   996.7349      1.169      0.001  0.000e+00
      1.165    30.7348   0.374211     1.7494     2.6733     1.3941          0     22.500  33.791453   996.7371      1.159      0.004  0.000e+00
      1.154    30.7354   0.374850     1.7525     2.6155     1.3971          0     22.750  33.791455   996.7392      1.148      0.003  0.000e+00
      1.165    30.7350   0.375123     1.7539     2.6987     1.4040          0     23.000  33.791458   996.7404      1.159     -0.008  0.000e+00
      1.176    30.7346   0.375244     1.7545     2.6512     1.3765          0     23.250  33.791461   996.7410      1.169     -0.017  0.000e+00
      1.176    30.7342   0.375358     1.7551     2.5872     1.3819          0     23.500  33.791464   996.7416      1.169     -0.011  0.000e+00
      1.165    30.7341   0.375389     1.7552     2.6634     1.3781          0     23.750  33.791467   996.7417      1.159     -0.006  0.000e+00
      1.165    30.7348   0.375576     1.7561     2.5771     1.3735          0     24.000  33.791470   996.7421      1.159     -0.002  0.000e+00
      1.187    30.7358   0.375759     1.7570     2.4617     1.3742          0     24.250  33.791473   996.7425      1.180      0.005  0.000e+00
      1.198    30.7362   0.375549     1.7559     2.4434     1.3971          0     24.500  33.791476   996.7417      1.191      0.015  0.000e+00
      1.187    30.7347   0.375213     1.7543     2.3920     1.3971          0     24.750  33.791479   996.7409      1.180      0.016  0.000e+00
      1.165    30.7309   0.374594     1.7514     2.2393     1.3956          0     25.000  33.791481   996.7398      1.159      0.007  0.000e+00
      1.144    30.7269   0.374553     1.7513     2.2424     1.4025          0     25.250  33.791484   996.7409      1.137     -0.006  0.000e+00
      1.176    30.7247   0.375227     1.7548     2.1890     1.3971          0     25.500  33.791487   996.7443      1.170     -0.004  0.000e+00
      1.176    30.7256   0.375065     1.7539     2.1280     1.4002          0     25.750  33.791490   996.7434      1.170     -0.003  0.000e+00
      1.187    30.7278   0.374850     1.7528     2.2876     1.4055          0     26.000  33.791493   996.7419      1.180     -0.002  0.000e+00
      1.187    30.7288   0.374090     1.7490     2.3758     1.3941          0     26.250  33.791496   996.7387      1.180     -0.003  0.000e+00
      1.176    30.7262   0.373558     1.7464     2.3287     1.4124          0     26.500  33.791499   996.7376      1.170     -0.001  0.000e+00
      1.165    30.7221   0.373388     1.7457     2.2750     1.4170          0     26.750  33.791502   996.7383      1.159      0.003  0.000e+00
      1.144    30.7191   0.373855     1.7482     2.1799     1.4071          0     27.000  33.791505   996.7409      1.137     -0.001  0.000e+00
      1.165    30.7173   0.374743     1.7526     2.2122     1.4101          0     27.250  33.791508   996.7449      1.159     -0.003  0.000e+00
      1.198    30.7172   0.374850     1.7531     2.1588     1.4315          0     27.500  33.791510   996.7455      1.191     -0.004  0.000e+00
