public/post/ctd_rufiji/SBE19plus_01906740_2018_02_13_0896.cnv
* Sea-Bird SBE19plus  Data File:
* FileName = C:\Users\all user\Desktop\CTD tafiri 2018\SBE19plus_01906740_2018_02_13_0896.hex
* Software version 2.6.3.104
* Temperature SN = 6740
* Conductivity SN = 6740
* System UpLoad Time = Feb 13 2018 13:59:49
* <ApplicationData>
* <Seaterm232>
# nquan = 13
# nvalues = 416                                   
# units = specified
# name 0 = prdM: Pressure, Strain Gauge [db]
# name 1 = tv290C: Temperature [ITS-90, deg C]
# name 2 = c0S/m: Conductivity [S/m]
# name 3 = sal00: Salinity, Practical [PSU]
# name 4 = sbeox0ML/L: Oxygen, SBE 43 [ml/l]
# name 5 = flECO-AFL: Fluorescence, WET Labs ECO-AFL/FL [mg/m^3]
# name 6 = nbf: Bottles Fired
# name 7 = timeS: Time, Elapsed [seconds]
# name 8 = timeJ: Julian Days
# name 9 = density00: Density [density, kg/m^3]
# name 10 = depSM: Depth [salt water, m], lat = 0.00
# name 11 = dz/dtM: Descent Rate [m/s]
# name 12 = flag:  0.000e+00
# span 0 =      0.042,      6.280                 
# span 1 =    30.2835,    31.0816                 
# span 2 =   0.002823,   2.572660                 
# span 3 =     0.0212,    13.8900                 
# span 4 =     1.2125,     8.0188                 
# span 5 =    -0.2531,     2.2753                 
# span 6 =          0,          0                 
# span 7 =      0.000,    103.750                 
# span 8 =  33.770035,  33.771236                 
# span 9 =   995.5366,  1005.7513                 
# span 10 =      0.041,      6.246                
# span 11 =     -0.708,      0.313                
# span 12 = 0.0000e+00, 0.0000e+00                
# interval = seconds: 0.25
# start_time = Feb 02 2018 18:28:51 [Instrument's time stamp, header]
# bad_flag = -9.990e-29
*END*
[from data line 223]
      4.626    30.7023   1.459500     7.5111     1.6664     1.5986          0     55.750  33.770680  1001.0446      4.601      0.267  0.000e+00
      4.637    30.7390   1.470966     7.5694     1.6649     1.5986          0     56.000  33.770683  1001.0763      4.611      0.227  0.000e+00
      4.702    30.7654   1.479379     7.6122     1.6676     1.6176          0     56.250  33.770686  1001.1000      4.676      0.196  0.000e+00
      4.788    30.7854   1.469923     7.5565     1.6721     1.6199          0     56.500  33.770689  1001.0527      4.762      0.192  0.000e+00
      4.842    30.7981   1.486180     7.6450     1.6767     1.6237          0     56.750  33.770692  1001.1146      4.816      0.195  0.000e+00
      4.842    30.8082   1.541958     7.9546     1.6700     1.6184          0     57.000  33.770694  1001.3411      4.816      0.184  0.000e+00
      4.853    30.8202   1.604104     8.3005     1.6557     1.6192          0     57.250  33.770697  1001.5939      4.826      0.174  0.000e+00
      4.885    30.8319   1.646603     8.5372     1.6538     1.6886          0     57.500  33.770700  1001.7659      4.859      0.166  0.000e+00
      4.886    30.8415   1.631718     8.4519     1.6536     1.6932          0     57.750  33.770703  1001.6996      4.859      0.143  0.000e+00
      4.940    30.8466   1.579167     8.1564     1.6617     1.6848          0     58.000  33.770706  1001.4790      4.912      0.131  0.000e+00
      5.004    30.8466   1.522656     7.8408     1.6685     1.6916          0     58.250  33.770709  1001.2451      4.977      0.120  0.000e+00
      5.134    30.8449   1.495318     7.6887     1.6779     1.7977          0     58.500  33.770712  1001.1334      5.106      0.140  0.000e+00
      5.221    30.8467   1.476018     7.5811     1.6804     1.7962          0     58.750  33.770715  1001.0534      5.192      0.183  0.000e+00
      5.275    30.8508   1.502829     7.7296     1.6874     1.7992          0     59.000  33.770718  1001.1625      5.246      0.230  0.000e+00
      5.350    30.8534   1.539978     7.9363     1.6877     1.7977          0     59.250  33.770720  1001.3153      5.321      0.268  0.000e+00
      5.405    30.8549   1.557105     8.0317     1.6838     1.8503          0     59.500  33.770723  1001.3859      5.375      0.291  0.000e+00
      5.480    30.8560   1.577692     8.1466     1.6766     1.8503          0     59.750  33.770726  1001.4711      5.450      0.307  0.000e+00
      5.588    30.8568   1.630751     8.4438     1.6700     1.8488          0     60.000  33.770729  1001.6918      5.557      0.313  0.000e+00
      5.664    30.8585   1.707673     8.8764     1.6609     1.8473          0     60.250  33.770732  1002.0125      5.633      0.310  0.000e+00
      5.740    30.8621   1.779117     9.2795     1.6526     1.9236          0     60.500  33.770735  1002.3107      5.708      0.301  0.000e+00
      5.783    30.8684   1.887084     9.8917     1.6405     1.9213          0     60.750  33.770738  1002.7629      5.751      0.297  0.000e+00
      5.815    30.8729   1.937718    10.1798     1.6359     1.9190          0     61.000  33.770741  1002.9752      5.783      0.288  0.000e+00
      5.880    30.8748   1.973172    10.3822     1.6375     1.9182          0     61.250  33.770744  1003.1250      5.848      0.274  0.000e+00
      5.923    30.8717   2.285861    12.1881     1.6316     1.9198          0     61.500  33.770747  1004.4657      5.891      0.257  0.000e+00
      5.977    30.8574   2.495114    13.4160     1.6284     2.0304          0     61.750  33.770749  1005.3814      5.944      0.233  0.000e+00
      6.010    30.8335   2.545322    13.7182     1.6287     2.0250          0     62.000  33.770752  1005.6135      5.977      0.206  0.000e+00
      6.031    30.8164   2.557463    13.7946     1.6514     2.0250          0     62.250  33.770755  1005.6758      5.998      0.185  0.000e+00
      6.021    30.8070   2.562292    13.8257     1.6843     2.0342          0     62.500  33.770758  1005.7019      5.987      0.157  0.000e+00
      6.010    30.8024   2.564138    13.8379     1.7340     2.0487          0     62.750  33.770761  1005.7124      5.977      0.127  0.000e+00
      6.020    30.8003   2.565019    13.8437     1.7902     2.0449          0     63.000  33.770764  1005.7174      5.987      0.097  0.000e+00
      6.031    30.7990   2.564830    13.8429     1.8522     2.0456          0     63.250  33.770767  1005.7173      5.998      0.065  0.000e+00
      6.053    30.7986   2.564775    13.8427     1.9072     2.0411          0     63.500  33.770770  1005.7174      6.019      0.045  0.000e+00
      6.053    30.7985   2.564276    13.8398     1.9628     2.0685          0     63.750  33.770773  1005.7152      6.019      0.029  0.000e+00
      6.064    30.7980   2.563600    13.8359     2.0081     2.0609          0     64.000  33.770775  1005.7125      6.030      0.024  0.000e+00
      6.053    30.7981   2.563290    13.8340     2.0437     2.0647          0     64.250  33.770778  1005.7111      6.020      0.022  0.000e+00
      6.064    30.7982   2.564293    13.8399     2.0742     2.0624          0     64.500  33.770781  1005.7155      6.030      0.027  0.000e+00
      6.096    30.7980   2.564913    13.8437     2.0928     2.0319          0     64.750  33.770784  1005.7184      6.062      0.035  0.000e+00
      6.075    30.7982   2.563450    13.8350     2.1041     2.0334          0     65.000  33.770787  1005.7118      6.041      0.029  0.000e+00
      6.085    30.7982   2.563534    13.8354     2.1121     2.0350          0     65.250  33.770790  1005.7122      6.052      0.025  0.000e+00
      6.107    30.7987   2.563861    13.8373     2.1233     2.0334          0     65.500  33.770793  1005.7135      6.073      0.025  0.000e+00
      6.150    30.7983   2.562342    13.8284     2.1263     2.0350          0     65.750  33.770796  1005.7072      6.116      0.040  0.000e+00
      6.172    30.7985   2.562758    13.8308     2.1301     2.1067          0     66.000  33.770799  1005.7091      6.138      0.053  0.000e+00
      6.215    30.7983   2.562514    13.8294     2.1382     2.1029          0     66.250  33.770802  1005.7083      6.181      0.074  0.000e+00
      6.248    30.7986   2.560581    13.8179     2.1356     2.0937          0     66.500  33.770804  1005.6998      6.213      0.090  0.000e+00
      6.259    30.7987   2.558720    13.8069     2.1405     2.1036          0     66.750  33.770807  1005.6917      6.224      0.100  0.000e+00
      6.269    30.7991   2.557463    13.7993     2.1423     2.1311          0     67.000  33.770810  1005.6860      6.235      0.110  0.000e+00
      6.269    30.7993   2.557397    13.7989     2.1499     2.1280          0     67.250  33.770813  1005.6856      6.235      0.101  0.000e+00
      6.259    30.7995   2.558704    13.8065     2.1546     2.1280          0     67.500  33.770816  1005.6911      6.224      0.080  0.000e+00
      6.259    30.7993   2.559584    13.8118     2.1553     2.1212          0     67.750  33.770819  1005.6951      6.224      0.055  0.000e+00
      6.280    30.7993   2.559374    13.8106     2.1586     2.2600          0     68.000  33.770822  1005.6943      6.246      0.040  0.000e+00
      6.259    30.7993   2.558881    13.8077     2.1595     2.2562          0     68.250  33.770825  1005.6920      6.224      0.017  0.000e+00
      6.259    30.7993   2.558427    13.8050     2.1602     2.2608          0     68.500  33.770828  1005.6900      6.224      0.004  0.000e+00
      6.270    30.7996   2.558117    13.8031     2.1610     2.2623          0     68.750  33.770830  1005.6886      6.235      0.001  0.000e+00
      6.280    30.7997   2.557862    13.8015     2.1648     2.2585          0     69.000  33.770833  1005.6874      6.246      0.003  0.000e+00
      6.270    30.7996   2.558410    13.8048     2.1694     2.2555          0     69.250  33.770836  1005.6898      6.235      0.004  0.000e+00
      6.259    30.7995   2.558427    13.8049     2.1777     2.2463          0     69.500  33.770839  1005.6899      6.224      0.003  0.000e+00
      6.259    30.7996   2.558061    13.8027     2.1753     2.2539          0     69.750  33.770842  1005.6883      6.224     -0.001  0.000e+00
      6.269    30.7998   2.558621    13.8060     2.1793     2.2471          0     70.000  33.770845  1005.6906      6.235     -0.003  0.000e+00
      6.258    30.7998   2.559014    13.8083     2.1817     2.2753          0     70.250  33.770848  1005.6923      6.224     -0.001  0.000e+00
      6.259    30.7997   2.559241    13.8097     2.1835     2.2730          0     70.500  33.770851  1005.6934      6.224     -0.004  0.000e+00
      6.269    30.7993   2.559772    13.8129     2.1844     2.2715          0     70.750  33.770854  1005.6960      6.235     -0.005  0.000e+00
      6.269    30.7990   2.560465    13.8171     2.1849     2.2715          0     71.000  33.770856  1005.6992      6.235     -0.003  0.000e+00
      6.258    30.7987   2.561894    13.8256     2.1842     2.2341          0     71.250  33.770859  1005.7056      6.224     -0.000  0.000e+00
      6.258    30.7981   2.562331    13.8284     2.1825     2.2341          0     71.500  33.770862  1005.7078      6.224      0.001  0.000e+00
      6.248    30.7980   2.561960    13.8262     2.1841     2.2349          0     71.750  33.770865  1005.7062      6.213     -0.004  0.000e+00
      6.269    30.7980   2.562065    13.8268     2.1841     2.2356          0     72.000  33.770868  1005.7067      6.235     -0.003  0.000e+00
      6.248    30.7978   2.562032    13.8267     2.1854     2.2211          0     72.250  33.770871  1005.7066      6.213     -0.004  0.000e+00
      6.248    30.7973   2.562309    13.8285     2.1834     2.2257          0     72.500  33.770874  1005.7081      6.213     -0.008  0.000e+00
      6.247    30.7973   2.563013    13.8326     2.1824     2.2211          0     72.750  33.770877  1005.7112      6.213     -0.011  0.000e+00
      6.237    30.7975   2.563273    13.8341     2.1850     2.2249          0     73.000  33.770880  1005.7121      6.202     -0.012  0.000e+00
      6.247    30.7979   2.563118    13.8331     2.1911     2.2127          0     73.250  33.770883  1005.7113      6.213     -0.009  0.000e+00
      6.258    30.7985   2.562669    13.8303     2.1885     2.2356          0     73.500  33.770885  1005.7091      6.224     -0.004  0.000e+00
      6.247    30.7987   2.562392    13.8286     2.1946     2.2310          0     73.750  33.770888  1005.7077      6.213     -0.003  0.000e+00
      6.280    30.7985   2.562154    13.8272     2.1942     2.2410          0     74.000  33.770891  1005.7069      6.245      0.004  0.000e+00
      6.226    30.7985   2.560736    13.8189     2.2020     2.2410          0     74.250  33.770894  1005.7005      6.192      0.002  0.000e+00
      6.237    30.7986   2.560171    13.8155     2.2017     2.2371          0     74.500  33.770897  1005.6980      6.202     -0.001  0.000e+00
      6.237    30.7989   2.560930    13.8199     2.1994     2.2341          0     74.750  33.770900  1005.7011      6.202     -0.004  0.000e+00
      6.258    30.7990   2.560066    13.8147     2.1936     2.2417          0     75.000  33.770903  1005.6974      6.224     -0.001  0.000e+00
      6.237    30.7990   2.559927    13.8139     2.1999     2.2387          0     75.250  33.770906  1005.6967      6.202     -0.007  0.000e+00
      6.226    30.7991   2.558377    13.8047     2.1985     2.1555          0     75.500  33.770909  1005.6898      6.192     -0.013  0.000e+00
      6.248    30.7993   2.558737    13.8068     2.1990     2.1608          0     75.750  33.770911  1005.6913      6.213     -0.008  0.000e+00
      6.237    30.7992   2.558792    13.8072     2.1992     2.1700          0     76.000  33.770914  1005.6916      6.202     -0.009  0.000e+00
      6.237    30.7992   2.558737    13.8068     2.1999     2.1746          0     76.250  33.770917  1005.6914      6.202      0.002  0.000e+00
      6.248    30.7991   2.558593    13.8060     2.1990     2.1914          0     76.500  33.770920  1005.6908      6.213      0.001  0.000e+00
      6.237    30.7991   2.558654    13.8064     2.1965     2.2020          0     76.750  33.770923  1005.6911      6.202     -0.001  0.000e+00
      6.248    30.7993   2.558582    13.8059     2.1995     2.2066          0     77.000  33.770926  1005.6907      6.213     -0.001  0.000e+00
      6.226    30.7993   2.558172    13.8035     2.1991     2.2028          0     77.250  33.770929  1005.6888      6.192      0.001  0.000e+00
      6.237    30.7992   2.557635    13.8003     2.2014     2.1975          0     77.500  33.770932  1005.6865      6.202      0.000  0.000e+00
      6.258    30.7995   2.557242    13.7979     2.1984     2.2097          0     77.750  33.770935  1005.6847      6.224      0.001  0.000e+00
      6.248    30.7994   2.557043    13.7968     2.2036     2.2127          0     78.000  33.770938  1005.6839      6.213      0.005  0.000e+00
      6.237    30.7997   2.557397    13.7988     2.2018     2.2081          0     78.250  33.770940  1005.6852      6.202      0.002  0.000e+00
      6.204    30.7997   2.558310    13.8042     2.2049     2.2158          0     78.500  33.770943  1005.6891      6.170     -0.009  0.000e+00
      6.085    30.7995   2.559894    13.8136     2.2036     2.2204          0     78.750  33.770946  1005.6956      6.052     -0.047  0.000e+00
      5.923    30.7988   2.562741    13.8306     2.2065     2.2303          0     79.000  33.770949  1005.7078      5.891     -0.120  0.000e+00
      5.772    30.7982   2.566038    13.8503     2.2059     2.2242          0     79.250  33.770952  1005.7219      5.740     -0.210  0.000e+00
      5.675    30.7973   2.570258    13.8755     2.2051     2.2196          0     79.500  33.770955  1005.7405      5.644     -0.300  0.000e+00
      5.621    30.7962   2.572660    13.8900     2.2047     2.2509          0     79.750  33.770958  1005.7513      5.590     -0.365  0.000e+00
      5.577    30.7958   2.570502    13.8774     2.2087     2.2509          0     80.000  33.770961  1005.7419      5.547     -0.393  0.000e+00
      5.404    30.7967   2.569376    13.8705     2.1983     2.2410          0     80.250  33.770964  1005.7357      5.375     -0.426  0.000e+00
      5.199    30.7975   2.568733    13.8665     2.1931     2.2455          0     80.500  33.770966  1005.7316      5.170     -0.460  0.000e+00
      5.026    30.7982   2.557275    13.7986     2.1894     1.9945          0     80.750  33.770969  1005.6803      4.998     -0.483  0.000e+00
      4.950    30.8013   2.531232    13.6441     2.1932     1.9976          0     81.000  33.770972  1005.5643      4.923     -0.487  0.000e+00
      4.939    30.8082   2.493995    13.4228     2.2089     1.9976          0     81.250  33.770975  1005.3979      4.912     -0.471  0.000e+00
      4.939    30.8195   2.465529    13.2524     2.2136     1.9945          0     81.500  33.770978  1005.2677      4.912     -0.441  0.000e+00
      4.864    30.8313   2.451430    13.1664     2.2162     1.9922          0     81.750  33.770981  1005.1998      4.837     -0.408  0.000e+00
      4.745    30.8412   2.423290    12.9988     2.2235     1.7839          0     82.000  33.770984  1005.0717      4.719     -0.371  0.000e+00
      4.604    30.8509   2.407630    12.9045     2.2223     1.7870          0     82.250  33.770987  1004.9980      4.579     -0.327  0.000e+00
      4.485    30.8596   2.391817    12.8097     2.2216     1.7916          0     82.500  33.770990  1004.9243      4.461     -0.307  0.000e+00
      4.431    30.8693   2.379304    12.7340     2.2267     1.7839          0     82.750  33.770992  1004.8648      4.407     -0.309  0.000e+00
      4.302    30.8796   2.370805    12.6817     2.2243     1.7130          0     83.000  33.770995  1004.8221      4.278     -0.352  0.000e+00
