public/post/ctd_rufiji/SBE19plus_01906740_2018_02_13_0926.cnv
* Sea-Bird SBE19plus  Data File:
* FileName = C:\Users\all user\Desktop\CTD tafiri 2018\SBE19plus_01906740_2018_02_13_0926.hex
* Software version 2.6.3.104
* Temperature SN = 6740
* Conductivity SN = 6740
* System UpLoad Time = Feb 13 2018 14:04:48
* <ApplicationData>
* <Seaterm232>
# nquan = 13
# nvalues = 445                                   
# units = specified
# name 0 = prdM: Pressure, Strain Gauge [db]
# name 1 = tv290C: Temperature [ITS-90, deg C]
# name 2 = c0S/m: Conductivity [S/m]
# name 3 = sal00: Salinity, Practical [PSU]
# name 4 = sbeox0ML/L: Oxygen, SBE 43 [ml/l]
# name 5 = flECO-AFL: Fluorescence, WET Labs ECO-AFL/FL [mg/m^3]
# name 6 = nbf: Bottles Fired
# name 7 = timeS: Time, Elapsed [seconds]
# name 8 = timeJ: Julian Days
# name 9 = density00: Density [density, kg/m^3]
# name 10 = depSM: Depth [salt water, m], lat = 0.00
# name 11 = dz/dtM: Descent Rate [m/s]
# name 12 = flag:  0.000e+00
# span 0 =      0.184,      4.498                 
# span 1 =    29.2832,    30.2730                 
# span 2 =   0.004475,   0.115656                 
# span 3 =     0.0272,     0.5154                 
# span 4 =     0.2185,     7.3611                 
# span 5 =    -0.3561,     2.3386                 
# span 6 =          0,          0                 
# span 7 =      0.000,    111.000                 
# span 8 =  34.415868,  34.417153                 
# span 9 =   995.6516,   995.9591                 
# span 10 =      0.183,      4.473                
# span 11 =     -0.783,      0.576                
# span 12 = 0.0000e+00, 0.0000e+00                
# interval = seconds: 0.25
# start_time = Feb 03 2018 09:58:51 [Instrument's time stamp, header]
# bad_flag = -9.990e-29
*END*
[from data line 112]
      1.135    30.2476   0.095986     0.4250     2.1102     2.0380          0     28.000  34.416192   995.8977      1.129     -0.006  0.000e+00
      1.135    30.2475   0.096010     0.4251     2.0993     2.0296          0     28.250  34.416195   995.8978      1.128     -0.009  0.000e+00
      1.156    30.2474   0.096078     0.4254     2.0947     2.0334          0     28.500  34.416198   995.8982      1.150      0.002  0.000e+00
      1.124    30.2472   0.096119     0.4256     2.0850     2.0136          0     28.750  34.416201   995.8982      1.118      0.001  0.000e+00
      1.135    30.2477   0.096187     0.4259     2.0824     2.0060          0     29.000  34.416204   995.8983      1.129      0.003  0.000e+00
      1.124    30.2475   0.096187     0.4259     2.0830     1.9991          0     29.250  34.416207   995.8984      1.118     -0.003  0.000e+00
      1.124    30.2460   0.096010     0.4251     2.0882     2.0037          0     29.500  34.416209   995.8982      1.118     -0.006  0.000e+00
      1.113    30.2439   0.095933     0.4248     2.0850     2.0121          0     29.750  34.416212   995.8986      1.107     -0.011  0.000e+00
      1.135    30.2416   0.095927     0.4248     2.0813     2.0113          0     30.000  34.416215   995.8993      1.129     -0.009  0.000e+00
      1.113    30.2322   0.095933     0.4249     2.0767     2.0090          0     30.250  34.416218   995.9022      1.107     -0.012  0.000e+00
      1.124    30.2128   0.095961     0.4252     2.0677     2.0060          0     30.500  34.416221   995.9084      1.118     -0.011  0.000e+00
      1.135    30.1913   0.095979     0.4254     2.0564     2.0609          0     30.750  34.416224   995.9151      1.129      0.000  0.000e+00
      1.124    30.1764   0.096010     0.4257     2.0510     2.0609          0     31.000  34.416227   995.9198      1.118     -0.001  0.000e+00
      1.146    30.1617   0.096066     0.4261     2.0422     2.0449          0     31.250  34.416230   995.9247      1.139      0.008  0.000e+00
      1.135    30.1423   0.096091     0.4264     2.0327     2.0571          0     31.500  34.416233   995.9307      1.129      0.009  0.000e+00
      1.124    30.1241   0.096106     0.4266     2.0267     2.0563          0     31.750  34.416236   995.9364      1.118      0.007  0.000e+00
      1.135    30.1142   0.096119     0.4267     2.0195     2.0647          0     32.000  34.416238   995.9395      1.129      0.004  0.000e+00
      1.124    30.1087   0.096137     0.4268     2.0164     2.0548          0     32.250  34.416241   995.9412      1.118      0.004  0.000e+00
      1.135    30.1061   0.096156     0.4270     2.0199     2.0609          0     32.500  34.416244   995.9422      1.129      0.001  0.000e+00
      1.135    30.1084   0.096193     0.4271     2.0226     2.0708          0     32.750  34.416247   995.9416      1.128     -0.001  0.000e+00
      1.135    30.1130   0.096187     0.4270     2.0190     2.0182          0     33.000  34.416250   995.9401      1.128      0.001  0.000e+00
      1.135    30.1149   0.096143     0.4268     2.0217     2.0266          0     33.250  34.416253   995.9394      1.128     -0.002  0.000e+00
      1.145    30.1142   0.096041     0.4264     2.0191     2.0166          0     33.500  34.416256   995.9393      1.139      0.006  0.000e+00
      1.135    30.1152   0.096017     0.4262     2.0245     2.0205          0     33.750  34.416259   995.9389      1.128      0.006  0.000e+00
      1.135    30.1187   0.095955     0.4259     2.0289     2.0571          0     34.000  34.416262   995.9376      1.128      0.003  0.000e+00
      1.135    30.1237   0.095800     0.4252     2.0359     2.0594          0     34.250  34.416264   995.9355      1.128      0.003  0.000e+00
      1.145    30.1328   0.095617     0.4243     2.0432     2.0571          0     34.500  34.416267   995.9321      1.139      0.003  0.000e+00
      1.124    30.1474   0.095472     0.4235     2.0569     2.0556          0     34.750  34.416270   995.9270      1.118     -0.002  0.000e+00
      1.124    30.1554   0.095327     0.4227     2.0731     2.0395          0     35.000  34.416273   995.9240      1.118     -0.005  0.000e+00
      1.156    30.1563   0.095231     0.4223     2.0831     2.0441          0     35.250  34.416276   995.9235      1.150      0.001  0.000e+00
      1.134    30.1589   0.095169     0.4220     2.0997     2.0533          0     35.500  34.416279   995.9224      1.128     -0.001  0.000e+00
      1.124    30.1651   0.095101     0.4216     2.1187     2.0441          0     35.750  34.416282   995.9202      1.118     -0.002  0.000e+00
      1.145    30.1700   0.095048     0.4214     2.1366     2.0319          0     36.000  34.416285   995.9186      1.139      0.001  0.000e+00
      1.145    30.1694   0.095017     0.4212     2.1439     2.0380          0     36.250  34.416288   995.9187      1.139      0.004  0.000e+00
      1.145    30.1655   0.094999     0.4212     2.1522     2.0296          0     36.500  34.416291   995.9198      1.139      0.005  0.000e+00
      1.146    30.1635   0.094946     0.4209     2.1580     2.0311          0     36.750  34.416293   995.9203      1.139      0.009  0.000e+00
      1.146    30.1635   0.094915     0.4208     2.1674     2.0273          0     37.000  34.416296   995.9202      1.139      0.007  0.000e+00
      1.146    30.1652   0.094878     0.4206     2.1757     2.0464          0     37.250  34.416299   995.9195      1.139      0.002  0.000e+00
      1.135    30.1690   0.094810     0.4203     2.1789     2.0594          0     37.500  34.416302   995.9181      1.129      0.005  0.000e+00
      1.146    30.1726   0.094726     0.4199     2.1875     2.0548          0     37.750  34.416305   995.9167      1.139      0.004  0.000e+00
      1.146    30.1741   0.094686     0.4197     2.1934     2.0594          0     38.000  34.416308   995.9161      1.139     -0.001  0.000e+00
      1.146    30.1730   0.094661     0.4196     2.1988     2.0640          0     38.250  34.416311   995.9164      1.139     -0.001  0.000e+00
      1.124    30.1712   0.094637     0.4195     2.2040     2.0754          0     38.500  34.416314   995.9167      1.118     -0.006  0.000e+00
      1.156    30.1705   0.094563     0.4191     2.2128     2.0670          0     38.750  34.416317   995.9169      1.150     -0.001  0.000e+00
      1.124    30.1698   0.094516     0.4189     2.2192     2.0685          0     39.000  34.416319   995.9168      1.118     -0.005  0.000e+00
      1.124    30.1703   0.094383     0.4183     2.2272     2.0907          0     39.250  34.416322   995.9161      1.118     -0.008  0.000e+00
      1.124    30.1694   0.094244     0.4177     2.2377     2.0807          0     39.500  34.416325   995.9159      1.118     -0.009  0.000e+00
      1.146    30.1669   0.094151     0.4173     2.2433     2.0739          0     39.750  34.416328   995.9165      1.139     -0.007  0.000e+00
      1.167    30.1643   0.094049     0.4168     2.2561     2.0876          0     40.000  34.416331   995.9171      1.161      0.004  0.000e+00
      1.156    30.1626   0.093972     0.4165     2.2642     2.0533          0     40.250  34.416334   995.9173      1.150      0.010  0.000e+00
      1.178    30.1618   0.093910     0.4162     2.2730     2.0540          0     40.500  34.416337   995.9174      1.172      0.022  0.000e+00
      1.167    30.1609   0.093820     0.4158     2.2781     2.0449          0     40.750  34.416340   995.9173      1.161      0.021  0.000e+00
      1.167    30.1620   0.093675     0.4151     2.2801     2.0403          0     41.000  34.416343   995.9165      1.161      0.028  0.000e+00
      1.178    30.1630   0.093555     0.4146     2.2780     2.0365          0     41.250  34.416345   995.9158      1.172      0.027  0.000e+00
      1.156    30.1619   0.093508     0.4144     2.2778     2.0739          0     41.500  34.416348   995.9159      1.150      0.016  0.000e+00
      1.157    30.1606   0.093490     0.4143     2.2793     2.0678          0     41.750  34.416351   995.9162      1.150      0.003  0.000e+00
      1.157    30.1599   0.093459     0.4142     2.2797     2.0632          0     42.000  34.416354   995.9163      1.150     -0.005  0.000e+00
      1.157    30.1595   0.093446     0.4141     2.2811     2.0571          0     42.250  34.416357   995.9164      1.150     -0.006  0.000e+00
      1.157    30.1590   0.093434     0.4141     2.2786     2.0525          0     42.500  34.416360   995.9166      1.150     -0.011  0.000e+00
      1.146    30.1589   0.093397     0.4139     2.2814     2.0586          0     42.750  34.416363   995.9164      1.140     -0.011  0.000e+00
      1.146    30.1586   0.093397     0.4139     2.2799     2.0601          0     43.000  34.416366   995.9165      1.140     -0.012  0.000e+00
      1.124    30.1580   0.093391     0.4139     2.2857     2.0586          0     43.250  34.416369   995.9166      1.118     -0.018  0.000e+00
      1.135    30.1564   0.093397     0.4139     2.2845     2.0571          0     43.500  34.416372   995.9171      1.129     -0.014  0.000e+00
      1.135    30.1533   0.093369     0.4138     2.2816     2.0640          0     43.750  34.416374   995.9180      1.129     -0.015  0.000e+00
      1.146    30.1513   0.093338     0.4137     2.2813     2.0632          0     44.000  34.416377   995.9186      1.140     -0.012  0.000e+00
      1.157    30.1496   0.093320     0.4136     2.2785     2.0609          0     44.250  34.416380   995.9191      1.150     -0.004  0.000e+00
      1.135    30.1478   0.093338     0.4137     2.2706     2.0594          0     44.500  34.416383   995.9196      1.129     -0.003  0.000e+00
      1.146    30.1462   0.093351     0.4138     2.2592     2.0609          0     44.750  34.416386   995.9202      1.140      0.003  0.000e+00
      1.167    30.1460   0.093363     0.4138     2.2500     2.0510          0     45.000  34.416389   995.9204      1.161      0.011  0.000e+00
      1.167    30.1462   0.093372     0.4139     2.2395     2.0609          0     45.250  34.416392   995.9203      1.161      0.019  0.000e+00
      1.167    30.1468   0.093385     0.4139     2.2333     2.0571          0     45.500  34.416395   995.9202      1.161      0.017  0.000e+00
      1.178    30.1467   0.093412     0.4141     2.2241     2.0693          0     45.750  34.416398   995.9204      1.172      0.019  0.000e+00
      1.200    30.1472   0.093428     0.4141     2.2161     2.0578          0     46.000  34.416400   995.9204      1.193      0.024  0.000e+00
      1.167    30.1480   0.093434     0.4141     2.2181     2.0594          0     46.250  34.416403   995.9200      1.161      0.020  0.000e+00
      1.178    30.1499   0.093459     0.4142     2.2207     2.0464          0     46.500  34.416406   995.9195      1.171      0.021  0.000e+00
      1.135    30.1502   0.093465     0.4143     2.2275     2.0296          0     46.750  34.416409   995.9193      1.128      0.001  0.000e+00
      1.135    30.1500   0.093471     0.4143     2.2293     2.0380          0     47.000  34.416412   995.9194      1.128     -0.015  0.000e+00
      1.146    30.1497   0.093477     0.4143     2.2387     2.0327          0     47.250  34.416415   995.9195      1.139     -0.020  0.000e+00
      1.156    30.1491   0.093496     0.4144     2.2454     2.0281          0     47.500  34.416418   995.9198      1.150     -0.020  0.000e+00
      1.135    30.1486   0.093505     0.4145     2.2452     2.0434          0     47.750  34.416421   995.9199      1.128     -0.026  0.000e+00
      1.156    30.1480   0.093530     0.4146     2.2441     2.0434          0     48.000  34.416424   995.9203      1.150     -0.020  0.000e+00
      1.146    30.1467   0.093536     0.4146     2.2419     2.0510          0     48.250  34.416427   995.9207      1.139     -0.009  0.000e+00
      1.135    30.1449   0.093548     0.4147     2.2322     2.0411          0     48.500  34.416429   995.9212      1.128     -0.007  0.000e+00
      1.135    30.1438   0.093567     0.4148     2.2230     2.0464          0     48.750  34.416432   995.9216      1.128      0.000  0.000e+00
      1.167    30.1446   0.093604     0.4150     2.2138     2.0510          0     49.000  34.416435   995.9216      1.161      0.004  0.000e+00
      1.156    30.1463   0.093632     0.4151     2.2049     2.0464          0     49.250  34.416438   995.9211      1.150      0.004  0.000e+00
      1.167    30.1485   0.093650     0.4151     2.1978     2.0434          0     49.500  34.416441   995.9206      1.161      0.008  0.000e+00
      1.157    30.1497   0.093669     0.4152     2.1941     2.0434          0     49.750  34.416444   995.9202      1.150      0.012  0.000e+00
      1.157    30.1504   0.093706     0.4154     2.1994     2.0426          0     50.000  34.416447   995.9201      1.150      0.008  0.000e+00
      1.157    30.1502   0.093737     0.4155     2.2022     2.0403          0     50.250  34.416450   995.9203      1.150      0.010  0.000e+00
      1.157    30.1503   0.093755     0.4156     2.2021     2.0449          0     50.500  34.416453   995.9203      1.150      0.009  0.000e+00
      1.157    30.1503   0.093759     0.4156     2.2052     2.0525          0     50.750  34.416455   995.9204      1.150      0.003  0.000e+00
      1.146    30.1495   0.093765     0.4156     2.2076     2.0693          0     51.000  34.416458   995.9206      1.139     -0.007  0.000e+00
      1.167    30.1485   0.093765     0.4157     2.2101     2.0586          0     51.250  34.416461   995.9210      1.161     -0.001  0.000e+00
      1.157    30.1479   0.093771     0.4157     2.2094     2.0662          0     51.500  34.416464   995.9211      1.150     -0.002  0.000e+00
      1.157    30.1472   0.093783     0.4158     2.2086     2.0716          0     51.750  34.416467   995.9214      1.150      0.001  0.000e+00
      1.157    30.1470   0.093802     0.4158     2.2071     2.0449          0     52.000  34.416470   995.9215      1.150      0.001  0.000e+00
      1.157    30.1466   0.093851     0.4161     2.2045     2.0411          0     52.250  34.416473   995.9218      1.150      0.001  0.000e+00
      1.135    30.1463   0.093864     0.4161     2.2012     2.0426          0     52.500  34.416476   995.9218      1.129     -0.005  0.000e+00
      1.135    30.1461   0.093876     0.4162     2.1935     2.0525          0     52.750  34.416479   995.9219      1.129     -0.009  0.000e+00
      1.124    30.1452   0.093876     0.4162     2.1901     2.0365          0     53.000  34.416481   995.9222      1.118     -0.015  0.000e+00
      1.157    30.1445   0.093876     0.4162     2.1871     2.0701          0     53.250  34.416484   995.9226      1.150     -0.014  0.000e+00
      1.146    30.1439   0.093898     0.4163     2.1868     2.0655          0     53.500  34.416487   995.9228      1.140     -0.009  0.000e+00
      1.146    30.1433   0.093929     0.4164     2.1851     2.0701          0     53.750  34.416490   995.9230      1.140     -0.006  0.000e+00
      1.124    30.1436   0.093972     0.4166     2.1832     2.0754          0     54.000  34.416493   995.9230      1.118     -0.008  0.000e+00
      1.146    30.1451   0.094009     0.4168     2.1822     2.0487          0     54.250  34.416496   995.9228      1.140     -0.002  0.000e+00
      1.157    30.1478   0.094031     0.4169     2.1796     2.0418          0     54.500  34.416499   995.9221      1.150      0.007  0.000e+00
      1.146    30.1498   0.094062     0.4170     2.1798     2.0456          0     54.750  34.416502   995.9215      1.140      0.007  0.000e+00
      1.157    30.1515   0.094086     0.4171     2.1792     2.0372          0     55.000  34.416505   995.9211      1.150      0.008  0.000e+00
      1.189    30.1521   0.094130     0.4173     2.1793     2.0739          0     55.250  34.416508   995.9212      1.183      0.013  0.000e+00
