public/post/ctd_rufiji/SBE19plus_01906740_2018_02_13_0914.cnv
* Sea-Bird SBE19plus  Data File:
* FileName = C:\Users\all user\Desktop\CTD tafiri 2018\SBE19plus_01906740_2018_02_13_0914.hex
* Software version 2.6.3.104
* Temperature SN = 6740
* Conductivity SN = 6740
* System UpLoad Time = Feb 13 2018 14:02:54
* <ApplicationData>
* <Seaterm232>
# nquan = 13
# nvalues = 358                                   
# units = specified
# name 0 = prdM: Pressure, Strain Gauge [db]
# name 1 = tv290C: Temperature [ITS-90, deg C]
# name 2 = c0S/m: Conductivity [S/m]
# name 3 = sal00: Salinity, Practical [PSU]
# name 4 = sbeox0ML/L: Oxygen, SBE 43 [ml/l]
# name 5 = flECO-AFL: Fluorescence, WET Labs ECO-AFL/FL [mg/m^3]
# name 6 = nbf: Bottles Fired
# name 7 = timeS: Time, Elapsed [seconds]
# name 8 = timeJ: Julian Days
# name 9 = density00: Density [density, kg/m^3]
# name 10 = depSM: Depth [salt water, m], lat = 0.00
# name 11 = dz/dtM: Descent Rate [m/s]
# name 12 = flag:  0.000e+00
# span 0 =      0.133,      2.500                 
# span 1 =    29.3604,    30.7451                 
# span 2 =   0.000773,   0.013968                 
# span 3 =     0.0147,     0.0640                 
# span 4 =     0.4695,     7.2516                 
# span 5 =    -0.0700,     1.7984                 
# span 6 =          0,          0                 
# span 7 =      0.000,     89.250                 
# span 8 =  34.286910,  34.287943                 
# span 9 =   995.4748,   995.8552                 
# span 10 =      0.132,      2.486                
# span 11 =     -0.507,      0.316                
# span 12 = 0.0000e+00, 0.0000e+00                
# interval = seconds: 0.25
# start_time = Feb 03 2018 06:53:09 [Instrument's time stamp, header]
# bad_flag = -9.990e-29
*END*
[from data line 223]
      1.083    30.5237   0.013783     0.0634     1.7741     1.4635          0     55.750  34.287555   995.5421      1.077      0.028  0.000e+00
      1.105    30.5199   0.013780     0.0634     1.7785     1.4627          0     56.000  34.287558   995.5433      1.099      0.044  0.000e+00
      1.137    30.5169   0.013783     0.0634     1.7818     1.4879          0     56.250  34.287561   995.5444      1.131      0.058  0.000e+00
      1.159    30.5147   0.013789     0.0634     1.7818     1.4826          0     56.500  34.287564   995.5452      1.153      0.066  0.000e+00
      1.213    30.5138   0.013795     0.0634     1.7827     1.4795          0     56.750  34.287567   995.5457      1.206      0.080  0.000e+00
      1.289    30.5128   0.013801     0.0634     1.7818     1.4826          0     57.000  34.287569   995.5464      1.282      0.108  0.000e+00
      1.375    30.5114   0.013810     0.0635     1.7789     1.4887          0     57.250  34.287572   995.5472      1.368      0.143  0.000e+00
      1.462    30.5113   0.013825     0.0635     1.7752     1.5459          0     57.500  34.287575   995.5477      1.454      0.189  0.000e+00
      1.537    30.5155   0.013822     0.0635     1.7782     1.5497          0     57.750  34.287578   995.5467      1.529      0.233  0.000e+00
      1.613    30.5226   0.013822     0.0635     1.7789     1.5467          0     58.000  34.287581   995.5449      1.604      0.267  0.000e+00
      1.700    30.5299   0.013822     0.0635     1.7889     1.5421          0     58.250  34.287584   995.5430      1.690      0.296  0.000e+00
      1.764    30.5375   0.013813     0.0635     1.7925     1.5696          0     58.500  34.287587   995.5409      1.755      0.313  0.000e+00
      1.840    30.5403   0.013816     0.0635     1.7971     1.5688          0     58.750  34.287590   995.5404      1.830      0.316  0.000e+00
      1.916    30.5389   0.013801     0.0634     1.8045     1.5680          0     59.000  34.287593   995.5411      1.905      0.311  0.000e+00
      1.937    30.5345   0.013795     0.0634     1.8103     1.5688          0     59.250  34.287595   995.5426      1.927      0.291  0.000e+00
      2.002    30.5291   0.013801     0.0634     1.8185     1.5436          0     59.500  34.287598   995.5445      1.991      0.274  0.000e+00
      2.056    30.5258   0.013801     0.0634     1.8190     1.5490          0     59.750  34.287601   995.5458      2.045      0.258  0.000e+00
      2.100    30.5219   0.013801     0.0634     1.8164     1.5558          0     60.000  34.287604   995.5472      2.088      0.239  0.000e+00
      2.143    30.5173   0.013819     0.0635     1.8135     1.5459          0     60.250  34.287607   995.5488      2.131      0.220  0.000e+00
      2.229    30.5146   0.013849     0.0636     1.8141     1.5688          0     60.500  34.287610   995.5501      2.217      0.217  0.000e+00
      2.316    30.5303   0.013867     0.0637     1.8111     1.5741          0     60.750  34.287613   995.5457      2.303      0.224  0.000e+00
      2.370    30.5608   0.013849     0.0636     1.8209     1.5657          0     61.000  34.287616   995.5366      2.357      0.233  0.000e+00
      2.392    30.5845   0.013855     0.0636     1.8312     1.5787          0     61.250  34.287619   995.5294      2.379      0.238  0.000e+00
      2.413    30.6014   0.013867     0.0636     1.8471     1.5711          0     61.500  34.287622   995.5243      2.400      0.224  0.000e+00
      2.413    30.6205   0.013855     0.0636     1.8619     1.4650          0     61.750  34.287624   995.5184      2.400      0.200  0.000e+00
      2.413    30.6375   0.013843     0.0635     1.8787     1.4597          0     62.000  34.287627   995.5131      2.400      0.167  0.000e+00
      2.392    30.6485   0.013828     0.0634     1.8874     1.4643          0     62.250  34.287630   995.5096      2.379      0.119  0.000e+00
      2.403    30.6536   0.013828     0.0634     1.9033     1.4597          0     62.500  34.287633   995.5081      2.389      0.069  0.000e+00
      2.403    30.6178   0.013825     0.0634     1.9159     1.4345          0     62.750  34.287636   995.5191      2.389      0.030  0.000e+00
      2.403    30.5717   0.013828     0.0635     1.9182     1.4414          0     63.000  34.287639   995.5333      2.389      0.008  0.000e+00
      2.403    30.5459   0.013822     0.0635     1.9274     1.4330          0     63.250  34.287642   995.5412      2.389     -0.001  0.000e+00
      2.392    30.5260   0.013816     0.0635     1.9354     1.4414          0     63.500  34.287645   995.5473      2.379     -0.009  0.000e+00
      2.413    30.5042   0.013807     0.0635     1.9307     1.4833          0     63.750  34.287648   995.5540      2.400     -0.003  0.000e+00
      2.413    30.4858   0.013816     0.0635     1.9268     1.4887          0     64.000  34.287650   995.5597      2.400      0.003  0.000e+00
      2.403    30.4852   0.013849     0.0637     1.9268     1.4849          0     64.250  34.287653   995.5599      2.389      0.006  0.000e+00
      2.403    30.5009   0.013879     0.0638     1.9221     1.4887          0     64.500  34.287656   995.5552      2.389      0.002  0.000e+00
      2.413    30.5264   0.013882     0.0638     1.9227     1.5093          0     64.750  34.287659   995.5474      2.400      0.004  0.000e+00
      2.413    30.5569   0.013861     0.0636     1.9268     1.5100          0     65.000  34.287662   995.5380      2.400      0.006  0.000e+00
      2.413    30.5797   0.013834     0.0635     1.9355     1.5131          0     65.250  34.287665   995.5309      2.400      0.006  0.000e+00
      2.403    30.5993   0.013813     0.0634     1.9463     1.5070          0     65.500  34.287668   995.5247      2.389      0.004  0.000e+00
      2.424    30.5798   0.013807     0.0634     1.9617     1.5070          0     65.750  34.287671   995.5308      2.411      0.003  0.000e+00
      2.403    30.5378   0.013801     0.0634     1.9822     1.5238          0     66.000  34.287674   995.5436      2.389      0.001  0.000e+00
      2.403    30.4748   0.013807     0.0635     2.0009     1.5245          0     66.250  34.287677   995.5630      2.389      0.001  0.000e+00
      2.413    30.4283   0.013801     0.0635     2.0476     1.5192          0     66.500  34.287679   995.5773      2.400      0.000  0.000e+00
      2.435    30.3908   0.013837     0.0637     2.3370     1.5207          0     66.750  34.287682   995.5890      2.422      0.004  0.000e+00
      2.435    30.3595   0.013855     0.0638     2.3805     1.5337          0     67.000  34.287685   995.5986      2.422      0.010  0.000e+00
      2.457    30.3499   0.013831     0.0637     2.8385     1.5329          0     67.250  34.287688   995.6016      2.443      0.020  0.000e+00
      2.435    30.3387   0.013828     0.0637     3.4923     1.5299          0     67.500  34.287691   995.6049      2.422      0.022  0.000e+00
      2.457    30.3417   0.013834     0.0637     2.9663     1.5314          0     67.750  34.287694   995.6041      2.443      0.024  0.000e+00
      2.468    30.3453   0.013828     0.0637     2.9028     1.5100          0     68.000  34.287697   995.6030      2.454      0.032  0.000e+00
      2.468    30.3467   0.013825     0.0637     3.1197     1.5055          0     68.250  34.287700   995.6026      2.454      0.031  0.000e+00
      2.468    30.3457   0.013828     0.0637     2.9368     1.5116          0     68.500  34.287703   995.6029      2.454      0.025  0.000e+00
      2.468    30.3453   0.013822     0.0637     5.9209     1.5100          0     68.750  34.287705   995.6030      2.454      0.019  0.000e+00
      2.478    30.3465   0.013813     0.0636     2.2811     1.5131          0     69.000  34.287708   995.6027      2.465      0.019  0.000e+00
      2.468    30.3479   0.013834     0.0637     2.0106     1.5215          0     69.250  34.287711   995.6022      2.454      0.013  0.000e+00
      2.478    30.3492   0.013849     0.0638     1.7324     1.5215          0     69.500  34.287714   995.6019      2.465      0.015  0.000e+00
      2.468    30.3533   0.013855     0.0638     1.5382     1.5200          0     69.750  34.287717   995.6007      2.454      0.006  0.000e+00
      2.479    30.3583   0.013861     0.0638     1.2783     1.5268          0     70.000  34.287720   995.5992      2.465      0.004  0.000e+00
      2.500    30.3717   0.013870     0.0638     1.1025     1.5230          0     70.250  34.287723   995.5952      2.486      0.011  0.000e+00
      2.479    30.3927   0.013870     0.0638     1.0635     1.5192          0     70.500  34.287726   995.5887      2.465      0.009  0.000e+00
      2.478    30.4181   0.013879     0.0638     1.0567     1.5238          0     70.750  34.287729   995.5809      2.465      0.007  0.000e+00
      2.468    30.4521   0.013882     0.0638     1.9318     1.5245          0     71.000  34.287731   995.5705      2.454      0.001  0.000e+00
      2.478    30.4978   0.013893     0.0638     1.9393     1.5444          0     71.250  34.287734   995.5565      2.465      0.002  0.000e+00
      2.468    30.5405   0.013893     0.0638     1.9851     1.5512          0     71.500  34.287737   995.5434      2.454     -0.004  0.000e+00
      2.489    30.5719   0.013890     0.0638     2.0328     1.5459          0     71.750  34.287740   995.5338      2.476     -0.000  0.000e+00
      2.489    30.5989   0.013896     0.0638     2.1125     1.5429          0     72.000  34.287743   995.5255      2.476     -0.001  0.000e+00
      2.500    30.6216   0.013908     0.0638     2.1493     1.5650          0     72.250  34.287746   995.5186      2.486      0.004  0.000e+00
      2.478    30.6424   0.013917     0.0638     2.1784     1.5543          0     72.500  34.287749   995.5121      2.465      0.008  0.000e+00
      2.500    30.6604   0.013926     0.0638     2.1857     1.5589          0     72.750  34.287752   995.5067      2.486      0.012  0.000e+00
      2.489    30.6759   0.013935     0.0638     2.1922     1.5619          0     73.000  34.287755   995.5019      2.476      0.012  0.000e+00
      2.489    30.6880   0.013935     0.0638     2.1990     1.5604          0     73.250  34.287758   995.4982      2.476      0.008  0.000e+00
      2.468    30.6978   0.013941     0.0638     2.2072     1.5474          0     73.500  34.287760   995.4951      2.454      0.000  0.000e+00
      2.468    30.7063   0.013941     0.0638     2.2163     1.5528          0     73.750  34.287763   995.4924      2.454     -0.011  0.000e+00
      2.479    30.7129   0.013953     0.0639     2.2155     1.5429          0     74.000  34.287766   995.4905      2.465     -0.011  0.000e+00
      2.479    30.7188   0.013947     0.0639     2.2369     1.5482          0     74.250  34.287769   995.4887      2.465     -0.011  0.000e+00
      2.468    30.7243   0.013953     0.0639     2.2605     1.5383          0     74.500  34.287772   995.4869      2.454     -0.010  0.000e+00
      2.468    30.7279   0.013956     0.0639     2.2754     1.5329          0     74.750  34.287775   995.4858      2.454     -0.014  0.000e+00
      2.468    30.7309   0.013953     0.0639     2.2915     1.5360          0     75.000  34.287778   995.4849      2.454     -0.009  0.000e+00
      2.468    30.7325   0.013953     0.0639     2.3143     1.5352          0     75.250  34.287781   995.4844      2.454     -0.006  0.000e+00
      2.457    30.7343   0.013968     0.0639     2.3247     1.5207          0     75.500  34.287784   995.4838      2.443     -0.005  0.000e+00
      2.457    30.7362   0.013956     0.0639     2.3468     1.5192          0     75.750  34.287786   995.4832      2.443     -0.009  0.000e+00
      2.457    30.7370   0.013956     0.0639     2.3659     1.5177          0     76.000  34.287789   995.4830      2.443     -0.012  0.000e+00
      2.457    30.7386   0.013959     0.0639     2.3803     1.5291          0     76.250  34.287792   995.4825      2.443     -0.010  0.000e+00
      2.468    30.7403   0.013962     0.0639     2.3909     1.5116          0     76.500  34.287795   995.4820      2.454     -0.004  0.000e+00
      2.468    30.7419   0.013962     0.0639     2.4034     1.5169          0     76.750  34.287798   995.4815      2.454     -0.002  0.000e+00
      2.435    30.7432   0.013965     0.0639     2.4067     1.5070          0     77.000  34.287801   995.4809      2.422     -0.007  0.000e+00
      2.424    30.7441   0.013953     0.0639     2.4035     1.5070          0     77.250  34.287804   995.4806      2.411     -0.014  0.000e+00
      2.414    30.7431   0.013914     0.0637     2.3756     1.4986          0     77.500  34.287807   995.4807      2.400     -0.020  0.000e+00
      2.370    30.7431   0.013914     0.0637     4.5630     1.4963          0     77.750  34.287810   995.4805      2.357     -0.038  0.000e+00
      2.370    30.7446   0.013917     0.0637     5.3108     1.4971          0     78.000  34.287813   995.4801      2.357     -0.050  0.000e+00
      2.381    30.7446   0.013947     0.0638     3.3671     1.5024          0     78.250  34.287815   995.4802      2.368     -0.054  0.000e+00
      2.381    30.7441   0.013947     0.0638     2.6108     1.4956          0     78.500  34.287818   995.4804      2.368     -0.053  0.000e+00
      2.424    30.7440   0.013935     0.0638     2.9080     1.4376          0     78.750  34.287821   995.4806      2.411     -0.031  0.000e+00
      2.403    30.7437   0.013926     0.0637     2.1026     1.4360          0     79.000  34.287824   995.4806      2.390     -0.012  0.000e+00
      2.403    30.7443   0.013929     0.0638     1.7656     1.4368          0     79.250  34.287827   995.4804      2.390      0.000  0.000e+00
      2.435    30.7451   0.013926     0.0637     1.4727     1.4391          0     79.500  34.287830   995.4803      2.422      0.020  0.000e+00
      2.403    30.7449   0.013923     0.0637     1.1878     1.4414          0     79.750  34.287833   995.4802      2.390      0.026  0.000e+00
      2.425    30.7437   0.013914     0.0637     1.4971     1.4460          0     80.000  34.287836   995.4806      2.411      0.025  0.000e+00
      2.446    30.7426   0.013926     0.0637     2.0461     1.4429          0     80.250  34.287839   995.4811      2.433      0.025  0.000e+00
      2.338    30.7423   0.013941     0.0638     2.1435     1.4483          0     80.500  34.287841   995.4807      2.325     -0.004  0.000e+00
      2.198    30.7414   0.013926     0.0637     2.1192     1.4498          0     80.750  34.287844   995.4803      2.186     -0.068  0.000e+00
      2.025    30.7393   0.013920     0.0637     2.2579     1.4437          0     81.000  34.287847   995.4802      2.014     -0.152  0.000e+00
      1.906    30.7387   0.013929     0.0638     2.2580     1.4475          0     81.250  34.287850   995.4799      1.895     -0.248  0.000e+00
      1.852    30.7386   0.013935     0.0638     2.2605     1.4452          0     81.500  34.287853   995.4797      1.842     -0.325  0.000e+00
      1.830    30.7386   0.013947     0.0638     2.2555     1.4483          0     81.750  34.287856   995.4797      1.820     -0.360  0.000e+00
      1.798    30.7389   0.013953     0.0639     2.2569     1.4452          0     82.000  34.287859   995.4794      1.788     -0.375  0.000e+00
      1.787    30.7394   0.013953     0.0639     2.2607     1.4444          0     82.250  34.287862   995.4792      1.777     -0.345  0.000e+00
      1.722    30.7399   0.013956     0.0639     2.2780     1.4452          0     82.500  34.287865   995.4788      1.712     -0.282  0.000e+00
      1.592    30.7407   0.013947     0.0638     2.3246     1.4444          0     82.750  34.287867   995.4779      1.583     -0.242  0.000e+00
      1.408    30.7399   0.013929     0.0638     2.3518     1.4544          0     83.000  34.287870   995.4773      1.401     -0.247  0.000e+00
