public/post/ctd_rufiji/SBE19plus_01906740_2018_02_13_0917.cnv
* Sea-Bird SBE19plus  Data File:
* FileName = C:\Users\all user\Desktop\CTD tafiri 2018\SBE19plus_01906740_2018_02_13_0917.hex
* Software version 2.6.3.104
* Temperature SN = 6740
* Conductivity SN = 6740
* System UpLoad Time = Feb 13 2018 14:03:21
* <ApplicationData>
* <Seaterm232>
# nquan = 13
# nvalues = 335                                   
# units = specified
# name 0 = prdM: Pressure, Strain Gauge [db]
# name 1 = tv290C: Temperature [ITS-90, deg C]
# name 2 = c0S/m: Conductivity [S/m]
# name 3 = sal00: Salinity, Practical [PSU]
# name 4 = sbeox0ML/L: Oxygen, SBE 43 [ml/l]
# name 5 = flECO-AFL: Fluorescence, WET Labs ECO-AFL/FL [mg/m^3]
# name 6 = nbf: Bottles Fired
# name 7 = timeS: Time, Elapsed [seconds]
# name 8 = timeJ: Julian Days
# name 9 = density00: Density [density, kg/m^3]
# name 10 = depSM: Depth [salt water, m], lat = 0.00
# name 11 = dz/dtM: Descent Rate [m/s]
# name 12 = flag:  0.000e+00
# span 0 =      0.152,      4.434                 
# span 1 =    29.5899,    30.9310                 
# span 2 =   0.000504,   0.011969                 
# span 3 =     0.0139,     0.0559                 
# span 4 =     1.7115,     5.2393                 
# span 5 =    -0.0822,     1.6748                 
# span 6 =          0,          0                 
# span 7 =      0.000,     83.500                 
# span 8 =  34.296956,  34.297922                 
# span 9 =   995.3947,   995.8018                 
# span 10 =      0.151,      4.410                
# span 11 =     -0.525,      0.468                
# span 12 = 0.0000e+00, 0.0000e+00                
# interval = seconds: 0.25
# start_time = Feb 03 2018 07:07:37 [Instrument's time stamp, header]
# bad_flag = -9.990e-29
*END*
[from data line 112]
      1.223    30.7481   0.011812     0.0553     2.1973     1.4322          0     28.000  34.297280   995.4676      1.216      0.003  0.000e+00
      1.201    30.7336   0.011809     0.0553     2.2035     1.4299          0     28.250  34.297283   995.4720      1.194     -0.002  0.000e+00
      1.233    30.7105   0.011809     0.0553     2.2176     1.4215          0     28.500  34.297286   995.4793      1.227      0.002  0.000e+00
      1.212    30.6911   0.011812     0.0553     2.2112     1.3979          0     28.750  34.297289   995.4851      1.205      0.003  0.000e+00
      1.201    30.6808   0.011809     0.0553     2.2013     1.4025          0     29.000  34.297292   995.4883      1.194     -0.002  0.000e+00
      1.212    30.6787   0.011815     0.0553     2.1827     1.4025          0     29.250  34.297295   995.4890      1.205     -0.004  0.000e+00
      1.223    30.6805   0.011818     0.0554     2.1775     1.4032          0     29.500  34.297297   995.4885      1.216     -0.002  0.000e+00
      1.190    30.6823   0.011809     0.0553     2.1670     1.4536          0     29.750  34.297300   995.4878      1.184     -0.006  0.000e+00
      1.212    30.6823   0.011809     0.0553     2.1782     1.4505          0     30.000  34.297303   995.4878      1.205     -0.006  0.000e+00
      1.212    30.6792   0.011803     0.0553     2.1782     1.4460          0     30.250  34.297306   995.4888      1.205     -0.003  0.000e+00
      1.223    30.6711   0.011803     0.0553     2.1996     1.4483          0     30.500  34.297309   995.4913      1.216     -0.003  0.000e+00
      1.212    30.6633   0.011803     0.0553     2.1972     1.4414          0     30.750  34.297312   995.4937      1.205      0.004  0.000e+00
      1.212    30.6583   0.011809     0.0553     2.1960     1.4421          0     31.000  34.297315   995.4953      1.205      0.004  0.000e+00
      1.201    30.6582   0.011809     0.0553     2.1844     1.4414          0     31.250  34.297318   995.4952      1.195     -0.001  0.000e+00
      1.212    30.6591   0.011809     0.0553     2.1725     1.4429          0     31.500  34.297321   995.4950      1.205     -0.001  0.000e+00
      1.223    30.6593   0.011809     0.0553     2.1711     1.4277          0     31.750  34.297323   995.4950      1.216      0.007  0.000e+00
      1.234    30.6594   0.011809     0.0553     2.1456     1.4185          0     32.000  34.297326   995.4950      1.227      0.006  0.000e+00
      1.244    30.6589   0.011809     0.0553     2.1510     1.4338          0     32.250  34.297329   995.4952      1.238      0.012  0.000e+00
      1.223    30.6585   0.011803     0.0553     2.1480     1.4269          0     32.500  34.297332   995.4952      1.216      0.011  0.000e+00
      1.223    30.6570   0.011809     0.0553     2.1473     1.4269          0     32.750  34.297335   995.4957      1.216      0.012  0.000e+00
      1.234    30.6555   0.011803     0.0553     2.1572     1.4231          0     33.000  34.297338   995.4962      1.227      0.013  0.000e+00
      1.234    30.6539   0.011809     0.0553     2.1437     1.4254          0     33.250  34.297341   995.4967      1.227      0.012  0.000e+00
      1.245    30.6523   0.011803     0.0553     2.1397     1.4269          0     33.500  34.297344   995.4972      1.238      0.009  0.000e+00
      1.223    30.6504   0.011803     0.0553     2.1282     1.4238          0     33.750  34.297347   995.4977      1.216      0.001  0.000e+00
      1.223    30.6485   0.011809     0.0553     2.1256     1.4063          0     34.000  34.297350   995.4983      1.216     -0.004  0.000e+00
      1.223    30.6479   0.011791     0.0553     2.1153     1.3987          0     34.250  34.297352   995.4985      1.216     -0.005  0.000e+00
      1.223    30.6470   0.011809     0.0553     2.1194     1.4025          0     34.500  34.297355   995.4988      1.216     -0.002  0.000e+00
      1.234    30.6463   0.011791     0.0553     2.1072     1.4025          0     34.750  34.297358   995.4990      1.227     -0.002  0.000e+00
      1.244    30.6456   0.011809     0.0553     2.1450     1.4200          0     35.000  34.297361   995.4993      1.238     -0.000  0.000e+00
      1.223    30.6457   0.011803     0.0553     2.1542     1.4254          0     35.250  34.297364   995.4992      1.216     -0.002  0.000e+00
      1.244    30.6462   0.011797     0.0553     2.1227     1.4269          0     35.500  34.297367   995.4991      1.237      0.004  0.000e+00
      1.233    30.6458   0.011809     0.0553     2.1103     1.4231          0     35.750  34.297370   995.4992      1.227      0.009  0.000e+00
      1.223    30.6450   0.011803     0.0553     2.0906     1.4147          0     36.000  34.297373   995.4994      1.216      0.004  0.000e+00
      1.223    30.6441   0.011797     0.0553     2.0493     1.4139          0     36.250  34.297376   995.4996      1.216     -0.000  0.000e+00
      1.223    30.6438   0.011803     0.0553     2.0430     1.4185          0     36.500  34.297378   995.4998      1.216     -0.004  0.000e+00
      1.212    30.6426   0.011803     0.0553     2.0427     1.4154          0     36.750  34.297381   995.5001      1.205     -0.012  0.000e+00
      1.244    30.6415   0.011797     0.0553     2.0215     1.4124          0     37.000  34.297384   995.5005      1.237     -0.006  0.000e+00
      1.223    30.6409   0.011797     0.0553     2.0246     1.3887          0     37.250  34.297387   995.5006      1.216     -0.003  0.000e+00
      1.223    30.6399   0.011803     0.0553     2.0436     1.3887          0     37.500  34.297390   995.5009      1.216     -0.006  0.000e+00
      1.223    30.6393   0.011803     0.0553     2.0573     1.3857          0     37.750  34.297393   995.5011      1.216     -0.001  0.000e+00
      1.212    30.6390   0.011803     0.0553     2.0754     1.3880          0     38.000  34.297396   995.5012      1.205     -0.002  0.000e+00
      1.190    30.6396   0.011791     0.0553     2.0716     1.4139          0     38.250  34.297399   995.5009      1.183     -0.011  0.000e+00
      1.222    30.6398   0.011797     0.0553     2.0683     1.4154          0     38.500  34.297402   995.5010      1.216     -0.009  0.000e+00
      1.223    30.6393   0.011803     0.0553     2.0702     1.4116          0     38.750  34.297405   995.5011      1.216     -0.007  0.000e+00
      1.212    30.6384   0.011803     0.0553     2.0672     1.4170          0     39.000  34.297407   995.5013      1.205     -0.011  0.000e+00
      1.212    30.6375   0.011809     0.0554     2.0741     1.4002          0     39.250  34.297410   995.5017      1.205     -0.004  0.000e+00
      1.212    30.6363   0.011788     0.0553     2.0909     1.3987          0     39.500  34.297413   995.5020      1.205     -0.003  0.000e+00
      1.223    30.6351   0.011797     0.0553     2.0614     1.4055          0     39.750  34.297416   995.5024      1.216      0.002  0.000e+00
      1.212    30.6337   0.011797     0.0553     2.0409     1.4040          0     40.000  34.297419   995.5028      1.205      0.004  0.000e+00
      1.223    30.6330   0.011797     0.0553     2.0329     1.4147          0     40.250  34.297422   995.5030      1.216      0.007  0.000e+00
      1.212    30.6322   0.011803     0.0553     2.0256     1.4132          0     40.500  34.297425   995.5033      1.205     -0.002  0.000e+00
      1.212    30.6318   0.011803     0.0553     2.0075     1.4154          0     40.750  34.297428   995.5034      1.205     -0.001  0.000e+00
      1.223    30.6312   0.011803     0.0553     1.9853     1.4139          0     41.000  34.297431   995.5036      1.216      0.003  0.000e+00
      1.234    30.6308   0.011803     0.0553     2.0019     1.4071          0     41.250  34.297433   995.5038      1.227      0.007  0.000e+00
      1.212    30.6305   0.011797     0.0553     2.0108     1.4124          0     41.500  34.297436   995.5038      1.205      0.003  0.000e+00
      1.212    30.6300   0.011803     0.0553     2.0299     1.4154          0     41.750  34.297439   995.5040      1.205     -0.001  0.000e+00
      1.223    30.6294   0.011809     0.0554     2.0345     1.4200          0     42.000  34.297442   995.5042      1.216      0.002  0.000e+00
      1.234    30.6284   0.011809     0.0554     2.0428     1.4154          0     42.250  34.297445   995.5046      1.227      0.004  0.000e+00
      1.223    30.6274   0.011797     0.0553     2.0412     1.4261          0     42.500  34.297448   995.5048      1.216      0.006  0.000e+00
      1.212    30.6266   0.011797     0.0553     2.0359     1.4269          0     42.750  34.297451   995.5050      1.205      0.001  0.000e+00
      1.212    30.6255   0.011797     0.0553     2.0371     1.4246          0     43.000  34.297454   995.5053      1.205     -0.004  0.000e+00
      1.212    30.6248   0.011803     0.0553     2.0437     1.4254          0     43.250  34.297457   995.5056      1.205     -0.006  0.000e+00
      1.212    30.6242   0.011791     0.0553     2.0373     1.3987          0     43.500  34.297459   995.5057      1.205     -0.003  0.000e+00
      1.223    30.6237   0.011803     0.0553     2.0289     1.4025          0     43.750  34.297462   995.5059      1.216     -0.003  0.000e+00
      1.245    30.6234   0.011803     0.0553     2.0246     1.4009          0     44.000  34.297465   995.5061      1.238      0.002  0.000e+00
      1.234    30.6228   0.011791     0.0553     2.0213     1.4025          0     44.250  34.297468   995.5062      1.227      0.006  0.000e+00
      1.223    30.6221   0.011803     0.0553     2.0239     1.4009          0     44.500  34.297471   995.5064      1.216      0.009  0.000e+00
      1.223    30.6214   0.011797     0.0553     2.0089     1.4383          0     44.750  34.297474   995.5066      1.216      0.010  0.000e+00
      1.212    30.6206   0.011803     0.0553     1.9861     1.4421          0     45.000  34.297477   995.5068      1.205      0.004  0.000e+00
      1.223    30.6201   0.011791     0.0553     1.9879     1.4391          0     45.250  34.297480   995.5070      1.216      0.001  0.000e+00
      1.245    30.6195   0.011803     0.0553     1.9688     1.4399          0     45.500  34.297483   995.5073      1.238      0.004  0.000e+00
      1.234    30.6190   0.011797     0.0553     1.9581     1.4223          0     45.750  34.297486   995.5074      1.227      0.001  0.000e+00
      1.255    30.6185   0.011791     0.0553     1.9581     1.4277          0     46.000  34.297488   995.5076      1.248      0.006  0.000e+00
      1.212    30.6181   0.011803     0.0553     1.9602     1.4231          0     46.250  34.297491   995.5076      1.205      0.004  0.000e+00
      1.234    30.6176   0.011803     0.0553     1.9701     1.4322          0     46.500  34.297494   995.5079      1.227      0.007  0.000e+00
      1.223    30.6170   0.011797     0.0553     1.9590     1.4368          0     46.750  34.297497   995.5080      1.216      0.004  0.000e+00
      1.223    30.6165   0.011803     0.0553     1.9609     1.4406          0     47.000  34.297500   995.5082      1.216      0.000  0.000e+00
      1.223    30.6162   0.011803     0.0553     1.9590     1.4391          0     47.250  34.297503   995.5083      1.216     -0.007  0.000e+00
      1.212    30.6160   0.011803     0.0553     1.9751     1.4383          0     47.500  34.297506   995.5083      1.206     -0.014  0.000e+00
      1.212    30.6156   0.011803     0.0553     1.9821     1.4650          0     47.750  34.297509   995.5084      1.206     -0.014  0.000e+00
      1.212    30.6153   0.011797     0.0553     1.9674     1.4643          0     48.000  34.297512   995.5085      1.206     -0.014  0.000e+00
      1.223    30.6151   0.011803     0.0553     1.9735     1.4627          0     48.250  34.297514   995.5086      1.216     -0.004  0.000e+00
      1.212    30.6147   0.011797     0.0553     1.9825     1.4673          0     48.500  34.297517   995.5086      1.206     -0.008  0.000e+00
      1.223    30.6142   0.011809     0.0554     1.9786     1.4612          0     48.750  34.297520   995.5089      1.216     -0.002  0.000e+00
      1.223    30.6140   0.011803     0.0553     1.9692     1.4498          0     49.000  34.297523   995.5089      1.216      0.001  0.000e+00
      1.223    30.6137   0.011803     0.0553     1.9699     1.4444          0     49.250  34.297526   995.5090      1.216      0.004  0.000e+00
      1.234    30.6132   0.011797     0.0553     1.9655     1.4582          0     49.500  34.297529   995.5092      1.227      0.009  0.000e+00
      1.245    30.6128   0.011788     0.0553     1.9771     1.4513          0     49.750  34.297532   995.5094      1.238      0.014  0.000e+00
      1.234    30.6124   0.011797     0.0553     1.9610     1.4666          0     50.000  34.297535   995.5095      1.227      0.013  0.000e+00
      1.234    30.6119   0.011797     0.0553     1.9441     1.4666          0     50.250  34.297538   995.5096      1.227      0.011  0.000e+00
      1.223    30.6115   0.011803     0.0553     1.9443     1.4719          0     50.500  34.297541   995.5097      1.216      0.008  0.000e+00
      1.201    30.6110   0.011803     0.0553     1.9443     1.4650          0     50.750  34.297543   995.5098      1.195     -0.004  0.000e+00
      1.212    30.6110   0.011797     0.0553     1.9354     1.4620          0     51.000  34.297546   995.5098      1.206     -0.009  0.000e+00
      1.223    30.6108   0.011797     0.0553     1.9219     1.4635          0     51.250  34.297549   995.5099      1.216     -0.011  0.000e+00
      1.223    30.6105   0.011809     0.0554     1.9266     1.4658          0     51.500  34.297552   995.5100      1.216     -0.012  0.000e+00
      1.223    30.6103   0.011803     0.0553     1.9397     1.4635          0     51.750  34.297555   995.5101      1.216     -0.010  0.000e+00
      1.255    30.6101   0.011809     0.0554     1.9610     1.4780          0     52.000  34.297558   995.5103      1.248      0.005  0.000e+00
      1.266    30.6099   0.011797     0.0553     1.9486     1.4826          0     52.250  34.297561   995.5104      1.259      0.019  0.000e+00
      1.299    30.6096   0.011803     0.0553     1.9251     1.4727          0     52.500  34.297564   995.5106      1.292      0.039  0.000e+00
      1.309    30.6094   0.011809     0.0554     1.9270     1.4734          0     52.750  34.297567   995.5107      1.302      0.054  0.000e+00
      1.331    30.6094   0.011809     0.0554     1.9282     1.4711          0     53.000  34.297569   995.5108      1.324      0.062  0.000e+00
      1.374    30.6112   0.011821     0.0554     1.9314     1.5245          0     53.250  34.297572   995.5105      1.367      0.076  0.000e+00
      1.450    30.6166   0.011823     0.0554     1.9354     1.5223          0     53.500  34.297575   995.5092      1.442      0.104  0.000e+00
      1.504    30.6270   0.011829     0.0554     1.9292     1.5230          0     53.750  34.297578   995.5063      1.496      0.130  0.000e+00
      1.580    30.6416   0.011832     0.0554     1.9689     1.5284          0     54.000  34.297581   995.5021      1.571      0.159  0.000e+00
      1.623    30.6571   0.011835     0.0554     1.9709     1.5650          0     54.250  34.297584   995.4975      1.614      0.185  0.000e+00
      1.677    30.6675   0.011829     0.0554     1.9831     1.5772          0     54.500  34.297587   995.4945      1.668      0.205  0.000e+00
      1.764    30.6701   0.011850     0.0555     1.9945     1.5680          0     54.750  34.297590   995.4942      1.754      0.232  0.000e+00
      1.883    30.6861   0.011886     0.0556     2.0093     1.5703          0     55.000  34.297593   995.4899      1.872      0.263  0.000e+00
      2.023    30.7290   0.011910     0.0557     2.0016     1.5848          0     55.250  34.297595   995.4774      2.012      0.301  0.000e+00
