public/post/ctd_rufiji/SBE19plus_01906740_2018_02_13_0886.cnv
* Sea-Bird SBE19plus  Data File:
* FileName = C:\Users\all user\Desktop\CTD tafiri 2018\SBE19plus_01906740_2018_02_13_0886.hex
* Software version 2.6.3.104
* Temperature SN = 6740
* Conductivity SN = 6740
* System UpLoad Time = Feb 13 2018 13:57:59
* <ApplicationData>
* <Seaterm232>
# nquan = 13
# nvalues = 514                                   
# units = specified
# name 0 = prdM: Pressure, Strain Gauge [db]
# name 1 = tv290C: Temperature [ITS-90, deg C]
# name 2 = c0S/m: Conductivity [S/m]
# name 3 = sal00: Salinity, Practical [PSU]
# name 4 = sbeox0ML/L: Oxygen, SBE 43 [ml/l]
# name 5 = flECO-AFL: Fluorescence, WET Labs ECO-AFL/FL [mg/m^3]
# name 6 = nbf: Bottles Fired
# name 7 = timeS: Time, Elapsed [seconds]
# name 8 = timeJ: Julian Days
# name 9 = density00: Density [density, kg/m^3]
# name 10 = depSM: Depth [salt water, m], lat = 0.00
# name 11 = dz/dtM: Descent Rate [m/s]
# name 12 = flag:  0.000e+00
# span 0 =      0.066,      8.705                 
# span 1 =    29.1025,    30.5848                 
# span 2 =   0.004421,   3.636003                 
# span 3 =     0.0270,    20.5087                 
# span 4 =     1.7087,     4.8417                 
# span 5 =    -0.0693,     3.2099                 
# span 6 =          0,          0                 
# span 7 =      0.000,    128.250                 
# span 8 =  33.725116,  33.726600                 
# span 9 =   995.7021,  1010.8327                 
# span 10 =      0.066,      8.657                
# span 11 =     -0.554,      0.429                
# span 12 = 0.0000e+00, 0.0000e+00                
# interval = seconds: 0.25
# start_time = Feb 02 2018 17:24:10 [Instrument's time stamp, header]
# bad_flag = -9.990e-29
*END*
[from data line 223]
      1.743    30.5177   3.462477    19.3592     2.4597     1.2667          0     55.750  33.725761  1009.8871      1.734      0.043  0.000e+00
      1.797    30.5123   3.462105    19.3590     2.4508     1.2712          0     56.000  33.725764  1009.8889      1.787      0.099  0.000e+00
      1.830    30.5103   3.462843    19.3644     2.4872     1.2941          0     56.250  33.725767  1009.8937      1.820      0.135  0.000e+00
      1.851    30.5099   3.465909    19.3834     2.4340     1.2911          0     56.500  33.725770  1009.9080      1.841      0.151  0.000e+00
      1.905    30.5108   3.466455    19.3864     2.4322     1.2979          0     56.750  33.725773  1009.9102      1.895      0.163  0.000e+00
      1.905    30.5118   3.467262    19.3910     2.4102     1.2918          0     57.000  33.725775  1009.9133      1.895      0.157  0.000e+00
      1.927    30.5136   3.466871    19.3879     2.3976     1.2857          0     57.250  33.725778  1009.9105      1.917      0.147  0.000e+00
      1.927    30.5143   3.467610    19.3922     2.3834     1.2644          0     57.500  33.725781  1009.9135      1.917      0.117  0.000e+00
      1.949    30.5152   3.467957    19.3940     2.3669     1.2682          0     57.750  33.725784  1009.9146      1.938      0.097  0.000e+00
      1.970    30.5167   3.466517    19.3845     2.3621     1.2705          0     58.000  33.725787  1009.9071      1.960      0.081  0.000e+00
      2.003    30.5171   3.464866    19.3741     2.3510     1.2674          0     58.250  33.725790  1009.8994      1.992      0.077  0.000e+00
      2.057    30.5162   3.464475    19.3721     2.3461     1.2888          0     58.500  33.725793  1009.8985      2.046      0.084  0.000e+00
      2.122    30.5162   3.463495    19.3660     2.3513     1.2918          0     58.750  33.725796  1009.8942      2.110      0.101  0.000e+00
      2.165    30.5165   3.463669    19.3670     2.3700     1.2903          0     59.000  33.725799  1009.8950      2.153      0.129  0.000e+00
      2.208    30.5172   3.464550    19.3721     2.3604     1.2850          0     59.250  33.725802  1009.8988      2.196      0.151  0.000e+00
      2.262    30.5170   3.463954    19.3685     2.3580     1.2323          0     59.500  33.725804  1009.8964      2.250      0.175  0.000e+00
      2.306    30.5167   3.465518    19.3783     2.3516     1.2354          0     59.750  33.725807  1009.9040      2.293      0.188  0.000e+00
      2.381    30.5161   3.466803    19.3864     2.3562     1.2262          0     60.000  33.725810  1009.9106      2.368      0.203  0.000e+00
      2.424    30.5160   3.469112    19.4007     2.3431     1.2293          0     60.250  33.725813  1009.9214      2.411      0.208  0.000e+00
      2.446    30.5192   3.472055    19.4176     2.2986     1.2461          0     60.500  33.725816  1009.9330      2.433      0.200  0.000e+00
      2.522    30.5262   3.473447    19.4234     2.2979     1.2407          0     60.750  33.725819  1009.9354      2.508      0.200  0.000e+00
      2.641    30.5326   3.474906    19.4299     2.2994     1.2415          0     61.000  33.725822  1009.9386      2.626      0.222  0.000e+00
      2.760    30.5397   3.479952    19.4582     2.2965     1.2423          0     61.250  33.725825  1009.9578      2.745      0.256  0.000e+00
      2.911    30.5499   3.489020    19.5101     2.3028     1.2438          0     61.500  33.725828  1009.9937      2.895      0.305  0.000e+00
      2.997    30.5621   3.494479    19.5389     2.3112     1.2583          0     61.750  33.725830  1010.0115      2.981      0.348  0.000e+00
      3.052    30.5734   3.488136    19.4953     2.3234     1.2491          0     62.000  33.725833  1009.9756      3.035      0.371  0.000e+00
      3.052    30.5807   3.481463    19.4513     2.3081     1.2606          0     62.250  33.725836  1009.9405      3.035      0.370  0.000e+00
      3.084    30.5848   3.472825    19.3964     2.3203     1.2453          0     62.500  33.725839  1009.8985      3.067      0.347  0.000e+00
      3.138    30.5738   3.470111    19.3840     2.3250     1.2178          0     62.750  33.725842  1009.8931      3.121      0.301  0.000e+00
      3.257    30.5516   3.469919    19.3916     2.3506     1.2163          0     63.000  33.725845  1009.9065      3.239      0.267  0.000e+00
      3.354    30.5282   3.471726    19.4119     2.3977     1.2186          0     63.250  33.725848  1009.9297      3.336      0.249  0.000e+00
      3.408    30.5099   3.473404    19.4294     2.4278     1.2178          0     63.500  33.725851  1009.9490      3.389      0.237  0.000e+00
      3.484    30.4966   3.474317    19.4403     2.4542     1.2690          0     63.750  33.725854  1009.9618      3.465      0.253  0.000e+00
      3.527    30.4902   3.474062    19.4412     2.4698     1.2758          0     64.000  33.725856  1009.9648      3.508      0.271  0.000e+00
      3.527    30.4875   3.474168    19.4430     2.4717     1.2667          0     64.250  33.725859  1009.9670      3.508      0.272  0.000e+00
      3.549    30.4868   3.474106    19.4428     2.4700     1.2651          0     64.500  33.725862  1009.9672      3.529      0.247  0.000e+00
      3.549    30.4869   3.473733    19.4405     2.4691     1.2728          0     64.750  33.725865  1009.9654      3.529      0.199  0.000e+00
      3.581    30.4870   3.473677    19.4401     2.4645     1.2766          0     65.000  33.725868  1009.9652      3.562      0.147  0.000e+00
      3.592    30.4872   3.474062    19.4424     2.4503     1.2865          0     65.250  33.725871  1009.9669      3.572      0.108  0.000e+00
      3.625    30.4888   3.474211    19.4427     2.4383     1.2873          0     65.500  33.725874  1009.9667      3.605      0.088  0.000e+00
      3.679    30.4915   3.473969    19.4401     2.4307     1.2850          0     65.750  33.725877  1009.9642      3.658      0.082  0.000e+00
      3.711    30.4940   3.473012    19.4332     2.4176     1.2667          0     66.000  33.725880  1009.9584      3.691      0.092  0.000e+00
      3.743    30.4951   3.471832    19.4255     2.3941     1.2728          0     66.250  33.725883  1009.9525      3.723      0.110  0.000e+00
      3.797    30.4940   3.470615    19.4184     2.3931     1.2659          0     66.500  33.725885  1009.9478      3.777      0.128  0.000e+00
      3.765    30.4914   3.470677    19.4198     2.3829     1.2720          0     66.750  33.725888  1009.9495      3.744      0.127  0.000e+00
      3.733    30.4892   3.472249    19.4304     2.3710     1.2690          0     67.000  33.725891  1009.9579      3.712      0.102  0.000e+00
      3.646    30.4871   3.473944    19.4417     2.3627     1.2659          0     67.250  33.725894  1009.9667      3.626      0.053  0.000e+00
      3.570    30.4856   3.475193    19.4500     2.3436     1.2667          0     67.500  33.725897  1009.9730      3.551     -0.017  0.000e+00
      3.516    30.4864   3.476479    19.4577     2.3416     1.2651          0     67.750  33.725900  1009.9782      3.497     -0.089  0.000e+00
      3.570    30.4940   3.499580    19.5974     2.4254     1.3384          0     68.000  33.725903  1010.0798      3.551     -0.121  0.000e+00
      3.603    30.5146   3.507602    19.6387     2.4657     1.3475          0     68.250  33.725906  1010.1039      3.583     -0.127  0.000e+00
      3.657    30.5340   3.507508    19.6304     2.4607     1.3422          0     68.500  33.725909  1010.0916      3.637     -0.100  0.000e+00
      3.722    30.5419   3.507595    19.6278     2.4791     1.3430          0     68.750  33.725911  1010.0874      3.701     -0.033  0.000e+00
      3.776    30.5460   3.508462    19.6315     2.4998     1.3170          0     69.000  33.725914  1010.0890      3.755      0.044  0.000e+00
      3.830    30.5515   3.507795    19.6252     2.5590     1.3071          0     69.250  33.725917  1010.0828      3.809      0.123  0.000e+00
      3.905    30.5526   3.506847    19.6189     2.6097     1.3132          0     69.500  33.725920  1010.0780      3.884      0.187  0.000e+00
      3.927    30.5478   3.506086    19.6161     2.6561     1.3216          0     69.750  33.725923  1010.0776      3.905      0.215  0.000e+00
      3.927    30.5411   3.506118    19.6189     2.6709     1.3147          0     70.000  33.725926  1010.0819      3.905      0.200  0.000e+00
      3.970    30.5363   3.506012    19.6202     2.7078     1.3308          0     70.250  33.725929  1010.0847      3.948      0.188  0.000e+00
      3.992    30.5327   3.506074    19.6220     2.7063     1.3308          0     70.500  33.725932  1010.0873      3.970      0.166  0.000e+00
      4.014    30.5266   3.506130    19.6248     2.7047     1.3285          0     70.750  33.725935  1010.0914      3.991      0.141  0.000e+00
      4.111    30.5182   3.506872    19.6327     2.7174     1.3208          0     71.000  33.725938  1010.1005      4.088      0.141  0.000e+00
      4.251    30.4963   3.507883    19.6476     2.7151     1.3269          0     71.250  33.725940  1010.1194      4.228      0.169  0.000e+00
      4.381    30.4639   3.508712    19.6657     2.7514     1.3277          0     71.500  33.725943  1010.1440      4.357      0.219  0.000e+00
      4.511    30.4421   3.510334    19.6844     2.7498     1.3285          0     71.750  33.725946  1010.1656      4.486      0.292  0.000e+00
      4.597    30.4276   3.512237    19.7020     2.7340     1.3277          0     72.000  33.725949  1010.1838      4.572      0.355  0.000e+00
      4.641    30.4166   3.513448    19.7138     2.7059     1.3994          0     72.250  33.725952  1010.1964      4.615      0.384  0.000e+00
      4.651    30.4080   3.514290    19.7225     2.6960     1.4025          0     72.500  33.725955  1010.2058      4.626      0.383  0.000e+00
      4.684    30.4016   3.514465    19.7262     2.6942     1.4055          0     72.750  33.725958  1010.2107      4.658      0.353  0.000e+00
      4.630    30.3977   3.513891    19.7242     2.6792     1.3994          0     73.000  33.725961  1010.2103      4.604      0.270  0.000e+00
      4.662    30.3972   3.513361    19.7211     2.6671     1.4002          0     73.250  33.725964  1010.2082      4.637      0.186  0.000e+00
      4.695    30.3984   3.514864    19.7299     2.6755     1.4635          0     73.500  33.725966  1010.2146      4.669      0.121  0.000e+00
      4.781    30.3966   3.517217    19.7452     2.7081     1.4666          0     73.750  33.725969  1010.2269      4.755      0.093  0.000e+00
      4.857    30.3913   3.518541    19.7555     2.7484     1.4650          0     74.000  33.725972  1010.2367      4.830      0.102  0.000e+00
      4.965    30.3854   3.519271    19.7624     2.7552     1.4673          0     74.250  33.725975  1010.2442      4.938      0.145  0.000e+00
      5.052    30.3809   3.523568    19.7908     2.7700     1.5215          0     74.500  33.725978  1010.2671      5.024      0.201  0.000e+00
      5.192    30.3784   3.535945    19.8686     2.7905     1.5230          0     74.750  33.725981  1010.3264      5.164      0.271  0.000e+00
      5.300    30.3785   3.551816    19.9670     2.7783     1.5245          0     75.000  33.725984  1010.4000      5.271      0.345  0.000e+00
      5.376    30.3806   3.563573    20.0391     2.7768     1.5238          0     75.250  33.725987  1010.4533      5.346      0.379  0.000e+00
      5.441    30.3836   3.577167    20.1223     2.7370     1.5474          0     75.500  33.725990  1010.5145      5.411      0.392  0.000e+00
      5.495    30.3858   3.585761    20.1748     2.7195     1.5497          0     75.750  33.725992  1010.5531      5.465      0.378  0.000e+00
      5.603    30.3869   3.599640    20.2606     2.7016     1.5429          0     76.000  33.725995  1010.6170      5.572      0.369  0.000e+00
      5.711    30.3876   3.609346    20.3206     2.7119     1.5566          0     76.250  33.725998  1010.6619      5.680      0.359  0.000e+00
      5.851    30.3879   3.613837    20.3484     2.7564     1.5345          0     76.500  33.726001  1010.6831      5.819      0.365  0.000e+00
      5.960    30.3885   3.628233    20.4377     2.7987     1.5383          0     76.750  33.726004  1010.7498      5.927      0.370  0.000e+00
      6.024    30.3897   3.630635    20.4522     2.8170     1.5368          0     77.000  33.726007  1010.7604      5.991      0.379  0.000e+00
      6.014    30.3883   3.633973    20.4735     2.7902     1.5329          0     77.250  33.726010  1010.7767      5.980      0.365  0.000e+00
      5.992    30.3849   3.625807    20.4241     2.8028     1.5314          0     77.500  33.726013  1010.7409      5.959      0.323  0.000e+00
      6.003    30.3849   3.624405    20.4154     2.8276     1.5558          0     77.750  33.726016  1010.7345      5.970      0.265  0.000e+00
      6.089    30.3858   3.634074    20.4752     2.8646     1.5657          0     78.000  33.726019  1010.7791      6.056      0.210  0.000e+00
      6.197    30.3841   3.635516    20.4848     2.8921     1.5574          0     78.250  33.726021  1010.7873      6.163      0.181  0.000e+00
      6.284    30.3800   3.635997    20.4895     2.9347     1.5574          0     78.500  33.726024  1010.7925      6.249      0.171  0.000e+00
      6.413    30.3682   3.636003    20.4945     2.9556     1.5284          0     78.750  33.726027  1010.8006      6.378      0.204  0.000e+00
      6.478    30.3536   3.635953    20.5002     3.0186     1.5238          0     79.000  33.726030  1010.8099      6.443      0.253  0.000e+00
      6.597    30.3435   3.635871    20.5039     3.0526     1.5299          0     79.250  33.726033  1010.8165      6.561      0.321  0.000e+00
      6.705    30.3378   3.635782    20.5057     3.0461     1.5245          0     79.500  33.726036  1010.8202      6.668      0.375  0.000e+00
      6.846    30.3351   3.635839    20.5072     3.0434     1.6115          0     79.750  33.726039  1010.8228      6.808      0.414  0.000e+00
      6.954    30.3339   3.635801    20.5074     3.0212     1.6085          0     80.000  33.726042  1010.8239      6.916      0.429  0.000e+00
      7.019    30.3333   3.635978    20.5087     2.9458     1.6123          0     80.250  33.726045  1010.8253      6.980      0.426  0.000e+00
      7.030    30.3349   3.635871    20.5074     2.8800     1.6047          0     80.500  33.726047  1010.8238      6.991      0.400  0.000e+00
      7.105    30.3358   3.635719    20.5061     2.8596     1.7176          0     80.750  33.726050  1010.8229      7.066      0.368  0.000e+00
      7.160    30.3356   3.635220    20.5031     2.8391     1.7130          0     81.000  33.726053  1010.8209      7.120      0.338  0.000e+00
      7.235    30.3329   3.634948    20.5025     2.8314     1.7130          0     81.250  33.726056  1010.8217      7.195      0.301  0.000e+00
      7.333    30.3291   3.634271    20.4998     2.8609     1.7130          0     81.500  33.726059  1010.8214      7.292      0.278  0.000e+00
      7.419    30.3237   3.633310    20.4961     2.8932     1.7115          0     81.750  33.726062  1010.8208      7.378      0.266  0.000e+00
      7.505    30.3170   3.632805    20.4957     2.9104     1.9213          0     82.000  33.726065  1010.8231      7.464      0.276  0.000e+00
      7.614    30.3109   3.632577    20.4968     2.9751     1.9220          0     82.250  33.726068  1010.8263      7.572      0.307  0.000e+00
      7.668    30.3068   3.632299    20.4968     3.0053     1.9236          0     82.500  33.726071  1010.8279      7.626      0.330  0.000e+00
      7.754    30.3039   3.632173    20.4972     3.0193     1.9167          0     82.750  33.726073  1010.8295      7.711      0.337  0.000e+00
      7.808    30.3019   3.631838    20.4959     2.9906     2.2463          0     83.000  33.726076  1010.8295      7.765      0.334  0.000e+00
