public/post/ctd_rufiji/SBE19plus_01906740_2018_02_13_0901.cnv
* Sea-Bird SBE19plus  Data File:
* FileName = C:\Users\all user\Desktop\CTD tafiri 2018\SBE19plus_01906740_2018_02_13_0901.hex
* Software version 2.6.3.104
* Temperature SN = 6740
* Conductivity SN = 6740
* System UpLoad Time = Feb 13 2018 14:00:43
* <ApplicationData>
* <Seaterm232>
# nquan = 13
# nvalues = 373                                   
# units = specified
# name 0 = prdM: Pressure, Strain Gauge [db]
# name 1 = tv290C: Temperature [ITS-90, deg C]
# name 2 = c0S/m: Conductivity [S/m]
# name 3 = sal00: Salinity, Practical [PSU]
# name 4 = sbeox0ML/L: Oxygen, SBE 43 [ml/l]
# name 5 = flECO-AFL: Fluorescence, WET Labs ECO-AFL/FL [mg/m^3]
# name 6 = nbf: Bottles Fired
# name 7 = timeS: Time, Elapsed [seconds]
# name 8 = timeJ: Julian Days
# name 9 = density00: Density [density, kg/m^3]
# name 10 = depSM: Depth [salt water, m], lat = 0.00
# name 11 = dz/dtM: Descent Rate [m/s]
# name 12 = flag:  0.000e+00
# span 0 =      0.083,      6.710                 
# span 1 =    30.0253,    30.8899                 
# span 2 =   0.020839,   0.330377                 
# span 3 =     0.0930,     1.5290                 
# span 4 =     0.2946,     7.8415                 
# span 5 =    -0.0487,     1.8755                 
# span 6 =          0,          0                 
# span 7 =      0.000,     93.000                 
# span 8 =  33.788935,  33.790012                 
# span 9 =   995.5722,   996.5508                 
# span 10 =      0.082,      6.673                
# span 11 =     -0.685,      0.618                
# span 12 = 0.0000e+00, 0.0000e+00                
# interval = seconds: 0.25
# start_time = Feb 02 2018 18:56:04 [Instrument's time stamp, header]
# bad_flag = -9.990e-29
*END*
[from data line 334]
      2.407    30.7827   0.311315     1.4387     1.6240     1.6954          0     83.500  33.789902   996.4961      2.394      0.009  0.000e+00
      2.375    30.7815   0.311696     1.4406     1.6617     1.6871          0     83.750  33.789905   996.4977      2.362      0.009  0.000e+00
      2.385    30.7803   0.311923     1.4417     1.6860     1.6893          0     84.000  33.789907   996.4990      2.372      0.005  0.000e+00
      2.364    30.7788   0.312102     1.4426     1.7308     1.6901          0     84.250  33.789910   996.5000      2.351     -0.002  0.000e+00
      2.375    30.7765   0.311875     1.4416     1.7660     1.6871          0     84.500  33.789913   996.5000      2.362     -0.006  0.000e+00
      2.375    30.7747   0.311720     1.4409     1.8379     1.6916          0     84.750  33.789916   996.5001      2.362     -0.002  0.000e+00
      2.396    30.7737   0.312081     1.4427     1.9077     1.7061          0     85.000  33.789919   996.5018      2.383      0.001  0.000e+00
      2.386    30.7725   0.312477     1.4446     1.5094     1.6977          0     85.250  33.789922   996.5036      2.372     -0.003  0.000e+00
      2.299    30.7706   0.313126     1.4478     1.4564     1.7000          0     85.500  33.789925   996.5062      2.286     -0.025  0.000e+00
      2.094    30.7678   0.313024     1.4474     1.4135     1.7115          0     85.750  33.789928   996.5058      2.082     -0.088  0.000e+00
      1.867    30.7658   0.312166     1.4433     1.4050     1.7046          0     86.000  33.789931   996.5024      1.856     -0.202  0.000e+00
      1.672    30.7643   0.311933     1.4422     1.4196     1.7244          0     86.250  33.789933   996.5012      1.663     -0.330  0.000e+00
      1.499    30.7629   0.311720     1.4412     1.4662     1.7267          0     86.500  33.789936   996.5001      1.491     -0.464  0.000e+00
      1.326    30.7635   0.311852     1.4418     1.5477     1.7237          0     86.750  33.789939   996.4996      1.319     -0.583  0.000e+00
      1.207    30.7684   0.312075     1.4428     1.6540     1.7244          0     87.000  33.789942   996.4983      1.200     -0.664  0.000e+00
      1.110    30.7760   0.312142     1.4429     1.7848     1.7626          0     87.250  33.789945   996.4956      1.104     -0.685  0.000e+00
      0.991    30.7820   0.312206     1.4430     1.8133     1.7557          0     87.500  33.789948   996.4933      0.985     -0.657  0.000e+00
      0.829    30.7876   0.312193     1.4428     1.8320     1.7641          0     87.750  33.789951   996.4907      0.824     -0.607  0.000e+00
      0.786    30.7917   0.312038     1.4419     1.8454     1.7649          0     88.000  33.789954   996.4885      0.781     -0.539  0.000e+00
      0.775    30.7948   0.312038     1.4419     2.6667     1.7115          0     88.250  33.789957   996.4875      0.770     -0.463  0.000e+00
      0.742    30.7969   0.312088     1.4420     2.0249     1.7099          0     88.500  33.789959   996.4868      0.738     -0.387  0.000e+00
      0.742    30.7974   0.311902     1.4411     1.7634     1.7099          0     88.750  33.789962   996.4860      0.738     -0.307  0.000e+00
      0.732    30.7982   0.310811     1.4358     1.6752     1.7160          0     89.000  33.789965   996.4817      0.728     -0.237  0.000e+00
      0.732    30.7995   0.308992     1.4269     1.6008     1.7000          0     89.250  33.789968   996.4746      0.728     -0.167  0.000e+00
      0.775    30.8025   0.306860     1.4164     1.5438     1.6977          0     89.500  33.789971   996.4661      0.771     -0.086  0.000e+00
      0.786    30.8044   0.309235     1.4279     1.5035     1.7061          0     89.750  33.789974   996.4741      0.781     -0.020  0.000e+00
      0.667    30.8051   0.311598     1.4394     7.8415     1.6977          0     90.000  33.789977   996.4820      0.663     -0.026  0.000e+00
      0.483    30.8021   0.311186     1.4375     2.5992     1.7023          0     90.250  33.789980   996.4807      0.480     -0.084  0.000e+00
      0.256    30.7945   0.311109     1.4373     2.3606     1.7275          0     90.500  33.789983   996.4819      0.254     -0.187  0.000e+00
      0.104    30.7908   0.310882     1.4363     2.6415     1.7244          0     90.750  33.789986   996.4816      0.104     -0.306  0.000e+00
      0.083    30.7894   0.307737     1.4210     1.9570     1.7206          0     91.000  33.789988   996.4705      0.082     -0.388  0.000e+00
      0.094    30.7884   0.096611     0.4234     1.4031     1.7191          0     91.250  33.789991   995.7259      0.093     -0.427  0.000e+00
      0.104    30.7667   0.051287     0.2218     0.9645     0.7944          0     91.500  33.789994   995.5817      0.104     -0.420  0.000e+00
      0.104    30.7114   0.043088     0.1864     0.7219     0.7913          0     91.750  33.789997   995.5722      0.104     -0.358  0.000e+00
      0.104    30.6268   0.045077     0.1953     0.2946     0.7929          0     92.000  33.790000   995.6050      0.104     -0.247  0.000e+00
      0.094    30.5138   0.033836     0.1472     1.8093     0.7875          0     92.250  33.790003   995.6035      0.093     -0.133  0.000e+00
      0.094    30.3679   0.030488     0.1332     2.0262    -0.0441          0     92.500  33.790006   995.6377      0.093     -0.042  0.000e+00
      0.104    30.2095   0.021736     0.0965     1.9327    -0.0418          0     92.750  33.790009   995.6585      0.104      0.002  0.000e+00
      0.115    30.0253   0.020839     0.0930     4.7536    -0.0487          0     93.000  33.790012   995.7118      0.115      0.009  0.000e+00
