public/post/ctd_rufiji/SBE19plus_01906740_2018_02_13_0918.cnv
* Sea-Bird SBE19plus  Data File:
* FileName = C:\Users\all user\Desktop\CTD tafiri 2018\SBE19plus_01906740_2018_02_13_0918.hex
* Software version 2.6.3.104
* Temperature SN = 6740
* Conductivity SN = 6740
* System UpLoad Time = Feb 13 2018 14:03:31
* <ApplicationData>
* <Seaterm232>
# nquan = 13
# nvalues = 384                                   
# units = specified
# name 0 = prdM: Pressure, Strain Gauge [db]
# name 1 = tv290C: Temperature [ITS-90, deg C]
# name 2 = c0S/m: Conductivity [S/m]
# name 3 = sal00: Salinity, Practical [PSU]
# name 4 = sbeox0ML/L: Oxygen, SBE 43 [ml/l]
# name 5 = flECO-AFL: Fluorescence, WET Labs ECO-AFL/FL [mg/m^3]
# name 6 = nbf: Bottles Fired
# name 7 = timeS: Time, Elapsed [seconds]
# name 8 = timeJ: Julian Days
# name 9 = density00: Density [density, kg/m^3]
# name 10 = depSM: Depth [salt water, m], lat = 0.00
# name 11 = dz/dtM: Descent Rate [m/s]
# name 12 = flag:  0.000e+00
# span 0 =      0.143,      5.051                 
# span 1 =    28.0758,    30.2309                 
# span 2 =   0.001582,   0.031115                 
# span 3 =     0.0169,     0.1363                 
# span 4 =     0.8597,     4.1407                 
# span 5 =    -0.1112,     1.9320                 
# span 6 =          0,          0                 
# span 7 =      0.000,     95.750                 
# span 8 =  34.388322,  34.389430                 
# span 9 =   995.6107,   996.2532                 
# span 10 =      0.143,      5.023                
# span 11 =     -0.445,      0.495                
# span 12 = 0.0000e+00, 0.0000e+00                
# interval = seconds: 0.25
# start_time = Feb 03 2018 09:19:11 [Instrument's time stamp, header]
# bad_flag = -9.990e-29
*END*
      0.239    28.0758   0.010336     0.0511     3.2933    -0.0159          0      0.000  34.388322   996.2532      0.238      0.000  0.000e+00
      0.391    28.8446   0.008980     0.0451     3.2090    -0.0265          0      0.250  34.388325   996.0277      0.388      0.040  0.000e+00
      0.434    29.3614   0.001582     0.0169     3.1996    -0.0273          0      0.500  34.388328   995.8547      0.431      0.082  0.000e+00
      0.466    29.6189   0.009289     0.0459     3.2568    -0.0288          0      0.750  34.388330   995.8000      0.464      0.120  0.000e+00
      0.520    29.7452   0.008026     0.0408     3.2901    -0.1112          0      1.000  34.388333   995.7586      0.518      0.156  0.000e+00
      0.564    29.8157   0.014808     0.0682     3.3535    -0.1074          0      1.250  34.388336   995.7583      0.561      0.186  0.000e+00
      0.618    29.8725   0.016082     0.0734     3.3669    -0.1105          0      1.500  34.388339   995.7453      0.614      0.208  0.000e+00
      0.661    29.9099   0.015891     0.0726     3.4215    -0.1112          0      1.750  34.388342   995.7336      0.657      0.217  0.000e+00
      0.747    29.9416   0.019267     0.0866     3.4515     1.7244          0      2.000  34.388345   995.7350      0.743      0.221  0.000e+00
      0.791    29.9721   0.027399     0.1209     3.4796     1.7138          0      2.250  34.388348   995.7518      0.786      0.202  0.000e+00
      0.801    29.9909   0.028497     0.1256     3.3769     1.7214          0      2.500  34.388351   995.7496      0.797      0.200  0.000e+00
      0.834    30.0024   0.027217     0.1201     3.3850     1.7229          0      2.750  34.388354   995.7422      0.829      0.193  0.000e+00
      0.855    30.0042   0.029719     0.1308     3.3368     1.7374          0      3.000  34.388356   995.7498      0.851      0.177  0.000e+00
      0.855    30.0128   0.030175     0.1327     3.3606     1.7336          0      3.250  34.388359   995.7486      0.851      0.152  0.000e+00
      0.920    30.0479   0.029923     0.1316     3.3541     1.7252          0      3.500  34.388362   995.7374      0.915      0.137  0.000e+00
      0.996    30.0814   0.029542     0.1299     3.3896     1.7290          0      3.750  34.388365   995.7263      0.990      0.136  0.000e+00
      1.061    30.1038   0.029557     0.1299     3.4166     1.7244          0      4.000  34.388368   995.7198      1.055      0.142  0.000e+00
      1.104    30.1181   0.029980     0.1317     3.4518     1.7832          0      4.250  34.388371   995.7170      1.098      0.161  0.000e+00
      1.115    30.1271   0.030319     0.1331     3.4875     1.7878          0      4.500  34.388374   995.7155      1.109      0.174  0.000e+00
      1.126    30.1351   0.030461     0.1337     3.4942     1.7756          0      4.750  34.388377   995.7135      1.120      0.172  0.000e+00
      1.158    30.1416   0.030515     0.1339     3.5064     1.7794          0      5.000  34.388380   995.7119      1.152      0.168  0.000e+00
      1.137    30.1516   0.030593     0.1342     3.5082     1.7275          0      5.250  34.388383   995.7089      1.130      0.143  0.000e+00
      1.147    30.1609   0.030632     0.1343     3.5045     1.7336          0      5.500  34.388385   995.7063      1.141      0.103  0.000e+00
      1.126    30.1661   0.030668     0.1345     3.4859     1.7374          0      5.750  34.388388   995.7047      1.120      0.059  0.000e+00
      1.137    30.1691   0.030653     0.1344     3.5189     1.7374          0      6.000  34.388391   995.7038      1.130      0.030  0.000e+00
      1.169    30.1744   0.030698     0.1346     3.5144     1.7633          0      6.250  34.388394   995.7025      1.163      0.021  0.000e+00
      1.169    30.1795   0.030677     0.1345     3.5188     1.7687          0      6.500  34.388397   995.7008      1.163      0.020  0.000e+00
      1.169    30.1826   0.030692     0.1346     3.5278     1.7588          0      6.750  34.388400   995.6999      1.163      0.017  0.000e+00
      1.191    30.1842   0.030698     0.1346     3.5366     1.7633          0      7.000  34.388403   995.6996      1.184      0.021  0.000e+00
      1.180    30.1835   0.030716     0.1347     3.5490     1.7946          0      7.250  34.388406   995.6998      1.173      0.028  0.000e+00
      1.169    30.1810   0.030710     0.1346     3.5596     1.7939          0      7.500  34.388409   995.7005      1.163      0.024  0.000e+00
      1.169    30.1795   0.030722     0.1347     3.5679     1.7923          0      7.750  34.388411   995.7010      1.163      0.021  0.000e+00
      1.158    30.1814   0.030737     0.1347     3.5577     1.7901          0      8.000  34.388414   995.7004      1.152      0.007  0.000e+00
      1.148    30.1829   0.030749     0.1348     3.5720     1.7923          0      8.250  34.388417   995.6999      1.141     -0.009  0.000e+00
      1.191    30.1832   0.030755     0.1348     3.5667     1.7633          0      8.500  34.388420   995.7001      1.184     -0.004  0.000e+00
      1.202    30.1810   0.030755     0.1348     3.5645     1.7557          0      8.750  34.388423   995.7008      1.195      0.004  0.000e+00
      1.213    30.1778   0.030761     0.1349     3.5677     1.7572          0      9.000  34.388426   995.7018      1.206      0.012  0.000e+00
      1.213    30.1749   0.030764     0.1349     3.5641     1.7603          0      9.250  34.388429   995.7027      1.206      0.024  0.000e+00
      1.202    30.1761   0.030755     0.1348     3.5624     1.7809          0      9.500  34.388432   995.7023      1.195      0.028  0.000e+00
      1.169    30.1794   0.030743     0.1348     3.5609     1.7809          0      9.750  34.388435   995.7011      1.163      0.019  0.000e+00
      1.180    30.1806   0.030755     0.1348     3.5687     1.7756          0     10.000  34.388438   995.7008      1.174      0.012  0.000e+00
      1.202    30.1780   0.030731     0.1347     3.5523     1.7771          0     10.250  34.388440   995.7016      1.195      0.007  0.000e+00
      1.213    30.1733   0.030716     0.1347     3.5461     1.7519          0     10.500  34.388443   995.7031      1.206     -0.001  0.000e+00
      1.223    30.1688   0.030743     0.1348     3.5716     1.7504          0     10.750  34.388446   995.7046      1.217      0.003  0.000e+00
      1.213    30.1650   0.030722     0.1347     3.5721     1.7633          0     11.000  34.388449   995.7056      1.206      0.006  0.000e+00
      1.202    30.1636   0.030722     0.1347     3.5825     1.7489          0     11.250  34.388452   995.7060      1.195      0.009  0.000e+00
      1.213    30.1661   0.030761     0.1349     3.5967     1.7572          0     11.500  34.388455   995.7054      1.206      0.015  0.000e+00
      1.223    30.1711   0.030794     0.1350     3.5879     1.7572          0     11.750  34.388458   995.7040      1.217      0.021  0.000e+00
      1.213    30.1714   0.030791     0.1350     3.5628     1.7572          0     12.000  34.388461   995.7039      1.206      0.012  0.000e+00
      1.245    30.1716   0.030776     0.1349     3.5272     1.7572          0     12.250  34.388464   995.7039      1.238      0.012  0.000e+00
      1.202    30.1750   0.030755     0.1348     3.4510     1.7458          0     12.500  34.388466   995.7026      1.195      0.003  0.000e+00
      1.202    30.1800   0.030770     0.1349     3.3552     1.7473          0     12.750  34.388469   995.7011      1.195     -0.002  0.000e+00
      1.213    30.1846   0.030764     0.1349     3.2452     1.7481          0     13.000  34.388472   995.6998      1.206     -0.000  0.000e+00
      1.224    30.1875   0.030749     0.1348     3.1383     1.7389          0     13.250  34.388475   995.6989      1.217      0.002  0.000e+00
      1.234    30.1884   0.030782     0.1349     3.0278     1.7458          0     13.500  34.388478   995.6987      1.228      0.003  0.000e+00
      1.234    30.1890   0.030776     0.1349     2.9405     1.7313          0     13.750  34.388481   995.6985      1.228      0.005  0.000e+00
      1.224    30.1905   0.030797     0.1350     2.8711     1.7328          0     14.000  34.388484   995.6981      1.217      0.007  0.000e+00
      1.224    30.1922   0.030782     0.1349     2.8148     1.7283          0     14.250  34.388487   995.6975      1.217      0.004  0.000e+00
      1.234    30.1936   0.030785     0.1349     2.7735     1.7328          0     14.500  34.388490   995.6972      1.227      0.015  0.000e+00
      1.245    30.1943   0.030764     0.1348     2.7496     1.7305          0     14.750  34.388492   995.6969      1.238      0.015  0.000e+00
      1.234    30.1951   0.030770     0.1349     2.7141     1.7298          0     15.000  34.388495   995.6967      1.227      0.009  0.000e+00
      1.213    30.1958   0.030776     0.1349     2.6834     1.7298          0     15.250  34.388498   995.6964      1.206     -0.001  0.000e+00
      1.224    30.1960   0.030776     0.1349     2.6461     1.7305          0     15.500  34.388501   995.6963      1.217     -0.004  0.000e+00
      1.234    30.1950   0.030773     0.1349     2.6251     1.7290          0     15.750  34.388504   995.6967      1.228     -0.001  0.000e+00
      1.213    30.1932   0.030764     0.1348     2.6014     1.7313          0     16.000  34.388507   995.6971      1.206     -0.004  0.000e+00
      1.245    30.1913   0.030770     0.1349     2.5559     1.7328          0     16.250  34.388510   995.6979      1.238     -0.001  0.000e+00
      1.213    30.1904   0.030761     0.1348     2.5285     1.7290          0     16.500  34.388513   995.6980      1.206     -0.007  0.000e+00
      1.234    30.1895   0.030755     0.1348     2.4981     1.7359          0     16.750  34.388516   995.6983      1.228     -0.004  0.000e+00
      1.245    30.1887   0.030761     0.1348     2.4771     1.7511          0     17.000  34.388519   995.6986      1.239      0.007  0.000e+00
      1.235    30.1891   0.030761     0.1348     2.4513     1.7557          0     17.250  34.388521   995.6985      1.228      0.010  0.000e+00
      1.256    30.1898   0.030770     0.1349     2.4400     1.7519          0     17.500  34.388524   995.6984      1.249      0.012  0.000e+00
      1.224    30.1906   0.030764     0.1348     2.4290     1.7511          0     17.750  34.388527   995.6980      1.217      0.007  0.000e+00
      1.234    30.1910   0.030761     0.1348     2.4224     1.7656          0     18.000  34.388530   995.6979      1.228      0.007  0.000e+00
      1.234    30.1909   0.030755     0.1348     2.4072     1.7611          0     18.250  34.388533   995.6979      1.228      0.001  0.000e+00
      1.234    30.1913   0.030755     0.1348     2.3955     1.7641          0     18.500  34.388536   995.6978      1.228      0.004  0.000e+00
      1.234    30.1914   0.030761     0.1348     2.3772     1.7626          0     18.750  34.388539   995.6977      1.228     -0.004  0.000e+00
      1.234    30.1907   0.030749     0.1348     2.3681     1.7366          0     19.000  34.388542   995.6979      1.228     -0.005  0.000e+00
      1.224    30.1903   0.030749     0.1348     2.3679     1.7443          0     19.250  34.388545   995.6980      1.217     -0.006  0.000e+00
      1.234    30.1903   0.030749     0.1348     2.3510     1.7420          0     19.500  34.388547   995.6981      1.228     -0.006  0.000e+00
      1.234    30.1907   0.030749     0.1348     2.3550     1.7405          0     19.750  34.388550   995.6979      1.228      0.001  0.000e+00
      1.234    30.1919   0.030743     0.1347     2.3702     1.7389          0     20.000  34.388553   995.6976      1.228     -0.001  0.000e+00
      1.245    30.1937   0.030749     0.1348     2.3724     1.7542          0     20.250  34.388556   995.6971      1.238      0.003  0.000e+00
      1.267    30.1948   0.030749     0.1348     2.3710     1.7588          0     20.500  34.388559   995.6968      1.260      0.012  0.000e+00
      1.245    30.1941   0.030749     0.1348     2.3583     1.7618          0     20.750  34.388562   995.6970      1.238      0.012  0.000e+00
      1.234    30.1927   0.030737     0.1347     2.3606     1.7473          0     21.000  34.388565   995.6973      1.228      0.009  0.000e+00
      1.245    30.1915   0.030737     0.1347     2.3394     1.7267          0     21.250  34.388568   995.6977      1.238      0.009  0.000e+00
      1.234    30.1918   0.030737     0.1347     2.3287     1.7275          0     21.500  34.388571   995.6976      1.227      0.002  0.000e+00
      1.245    30.1928   0.030737     0.1347     2.3156     1.7298          0     21.750  34.388573   995.6973      1.238      0.001  0.000e+00
      1.213    30.1943   0.030743     0.1347     2.3087     1.7244          0     22.000  34.388576   995.6967      1.206     -0.010  0.000e+00
      1.234    30.1958   0.030743     0.1347     2.2897     1.7290          0     22.250  34.388579   995.6963      1.227     -0.014  0.000e+00
      1.234    30.1971   0.030743     0.1347     2.2821     1.7313          0     22.500  34.388582   995.6960      1.228     -0.014  0.000e+00
      1.224    30.1970   0.030743     0.1347     2.2669     1.7313          0     22.750  34.388585   995.6959      1.217     -0.009  0.000e+00
      1.224    30.1966   0.030737     0.1347     2.2541     1.7290          0     23.000  34.388588   995.6961      1.217     -0.008  0.000e+00
      1.223    30.1958   0.030731     0.1347     2.2323     1.7534          0     23.250  34.388591   995.6963      1.217     -0.009  0.000e+00
      1.256    30.1950   0.030731     0.1347     2.2220     1.7618          0     23.500  34.388594   995.6967      1.249      0.002  0.000e+00
      1.245    30.1948   0.030725     0.1347     2.2109     1.7603          0     23.750  34.388597   995.6967      1.238      0.007  0.000e+00
      1.245    30.1952   0.030722     0.1347     2.1984     1.7595          0     24.000  34.388600   995.6965      1.238      0.014  0.000e+00
      1.234    30.1961   0.030725     0.1347     2.1926     1.7550          0     24.250  34.388602   995.6962      1.227      0.007  0.000e+00
      1.245    30.1974   0.030704     0.1346     2.1855     1.7313          0     24.500  34.388605   995.6958      1.238      0.009  0.000e+00
      1.245    30.1984   0.030698     0.1345     2.1845     1.7206          0     24.750  34.388608   995.6955      1.238      0.011  0.000e+00
      1.267    30.1988   0.030704     0.1346     2.1807     1.7344          0     25.000  34.388611   995.6955      1.260      0.014  0.000e+00
      1.278    30.1979   0.030692     0.1345     2.1742     1.7275          0     25.250  34.388614   995.6957      1.271      0.017  0.000e+00
      1.256    30.1958   0.030683     0.1345     2.1723     1.7504          0     25.500  34.388617   995.6963      1.249      0.010  0.000e+00
      1.224    30.1926   0.030683     0.1345     2.1645     1.7534          0     25.750  34.388620   995.6971      1.217      0.004  0.000e+00
      1.256    30.1893   0.030680     0.1345     2.1652     1.7504          0     26.000  34.388623   995.6983      1.249      0.004  0.000e+00
      1.256    30.1873   0.030677     0.1345     2.1583     1.7588          0     26.250  34.388626   995.6988      1.249      0.004  0.000e+00
      1.256    30.1861   0.030677     0.1345     2.1385     1.7199          0     26.500  34.388628   995.6992      1.249      0.000  0.000e+00
      1.256    30.1859   0.030671     0.1345     2.1311     1.7183          0     26.750  34.388631   995.6992      1.249     -0.002  0.000e+00
      1.278    30.1847   0.030659     0.1344     2.1179     1.7176          0     27.000  34.388634   995.6997      1.271      0.001  0.000e+00
      1.245    30.1829   0.030662     0.1344     2.1003     1.7153          0     27.250  34.388637   995.7001      1.238      0.000  0.000e+00
      1.256    30.1816   0.030653     0.1344     2.0921     1.7260          0     27.500  34.388640   995.7005      1.249      0.007  0.000e+00
