public/post/ctd_rufiji/SBE19plus_01906740_2018_02_13_0931.cnv
* Sea-Bird SBE19plus  Data File:
* FileName = C:\Users\all user\Desktop\CTD tafiri 2018\SBE19plus_01906740_2018_02_13_0931.hex
* Software version 2.6.3.104
* Temperature SN = 6740
* Conductivity SN = 6740
* System UpLoad Time = Feb 13 2018 14:05:31
* <ApplicationData>
* <Seaterm232>
# nquan = 13
# nvalues = 379                                   
# units = specified
# name 0 = prdM: Pressure, Strain Gauge [db]
# name 1 = tv290C: Temperature [ITS-90, deg C]
# name 2 = c0S/m: Conductivity [S/m]
# name 3 = sal00: Salinity, Practical [PSU]
# name 4 = sbeox0ML/L: Oxygen, SBE 43 [ml/l]
# name 5 = flECO-AFL: Fluorescence, WET Labs ECO-AFL/FL [mg/m^3]
# name 6 = nbf: Bottles Fired
# name 7 = timeS: Time, Elapsed [seconds]
# name 8 = timeJ: Julian Days
# name 9 = density00: Density [density, kg/m^3]
# name 10 = depSM: Depth [salt water, m], lat = 0.00
# name 11 = dz/dtM: Descent Rate [m/s]
# name 12 = flag:  0.000e+00
# span 0 =      0.135,      4.449                 
# span 1 =    29.7786,    30.2362                 
# span 2 =   0.009209,   0.208508                 
# span 3 =     0.0455,     0.9549                 
# span 4 =     1.4811,     5.9359                 
# span 5 =    -0.0342,     2.5019                 
# span 6 =          0,          0                 
# span 7 =      0.000,     94.500                 
# span 8 =  34.430694,  34.431788                 
# span 9 =   995.6635,   996.3248                 
# span 10 =      0.134,      4.424                
# span 11 =     -0.466,      0.497                
# span 12 = 0.0000e+00, 0.0000e+00                
# interval = seconds: 0.25
# start_time = Feb 03 2018 10:20:12 [Instrument's time stamp, header]
# bad_flag = -9.990e-29
*END*
[from data line 223]
      0.697    29.9531   0.184756     0.8449     1.9928     2.2493          0     55.750  34.431340   996.2993      0.693     -0.313  0.000e+00
      0.697    29.9571   0.184686     0.8445     2.0459     2.2516          0     56.000  34.431343   996.2978      0.693     -0.314  0.000e+00
      0.751    29.9667   0.184458     0.8432     2.0392     2.2326          0     56.250  34.431345   996.2942      0.747     -0.264  0.000e+00
      0.816    29.9933   0.184255     0.8418     2.0556     2.2349          0     56.500  34.431348   996.2854      0.811     -0.172  0.000e+00
      0.881    30.0166   0.184123     0.8408     2.0483     2.2371          0     56.750  34.431351   996.2778      0.876     -0.053  0.000e+00
      0.946    30.0323   0.183998     0.8399     2.0169     2.2356          0     57.000  34.431354   996.2727      0.940      0.059  0.000e+00
      1.021    30.0422   0.183824     0.8389     1.9971     2.2410          0     57.250  34.431357   996.2693      1.016      0.149  0.000e+00
      1.140    30.0482   0.184004     0.8397     1.9172     2.2448          0     57.500  34.431360   996.2686      1.134      0.222  0.000e+00
      1.248    30.0604   0.183844     0.8387     1.9125     2.2486          0     57.750  34.431363   996.2646      1.241      0.280  0.000e+00
      1.324    30.0732   0.183657     0.8376     1.9157     2.2493          0     58.000  34.431366   996.2603      1.317      0.319  0.000e+00
      1.421    30.0803   0.183487     0.8367     1.9323     2.2471          0     58.250  34.431369   996.2579      1.413      0.342  0.000e+00
      1.475    30.0847   0.183445     0.8364     1.9708     2.2463          0     58.500  34.431372   996.2566      1.467      0.350  0.000e+00
      1.551    30.0903   0.183612     0.8371     1.9136     2.2524          0     58.750  34.431374   996.2557      1.543      0.350  0.000e+00
      1.659    30.0932   0.183696     0.8375     1.9594     2.2539          0     59.000  34.431377   996.2556      1.650      0.352  0.000e+00
      1.778    30.0938   0.183779     0.8378     2.1054     2.2570          0     59.250  34.431380   996.2562      1.768      0.356  0.000e+00
      1.897    30.0982   0.183731     0.8375     2.1091     2.2928          0     59.500  34.431383   996.2552      1.887      0.361  0.000e+00
      2.027    30.1160   0.183619     0.8367     2.0735     2.2898          0     59.750  34.431386   996.2497      2.016      0.382  0.000e+00
      2.135    30.1402   0.183792     0.8371     2.0407     2.2875          0     60.000  34.431389   996.2432      2.123      0.409  0.000e+00
      2.232    30.1657   0.184303     0.8391     2.0680     2.2898          0     60.250  34.431392   996.2374      2.220      0.427  0.000e+00
      2.265    30.1854   0.184801     0.8412     2.0807     2.2944          0     60.500  34.431395   996.2330      2.252      0.427  0.000e+00
      2.297    30.1982   0.185766     0.8456     2.0859     2.2913          0     60.750  34.431398   996.2325      2.284      0.396  0.000e+00
      2.351    30.2048   0.186715     0.8500     2.0688     2.2997          0     61.000  34.431400   996.2341      2.338      0.351  0.000e+00
      2.459    30.2076   0.187770     0.8550     2.0781     2.3012          0     61.250  34.431403   996.2374      2.446      0.317  0.000e+00
      2.535    30.2088   0.188861     0.8602     2.0566     2.2944          0     61.500  34.431406   996.2413      2.521      0.290  0.000e+00
      2.643    30.2087   0.190243     0.8667     2.1131     2.3111          0     61.750  34.431409   996.2467      2.629      0.280  0.000e+00
      2.762    30.2077   0.191677     0.8736     2.1477     2.3081          0     62.000  34.431412   996.2527      2.747      0.296  0.000e+00
      2.903    30.2069   0.192799     0.8790     2.1729     2.3081          0     62.250  34.431415   996.2576      2.887      0.337  0.000e+00
      3.043    30.2061   0.193363     0.8817     2.2096     2.3111          0     62.500  34.431418   996.2605      3.026      0.396  0.000e+00
      3.194    30.2062   0.193528     0.8825     2.1864     2.3958          0     62.750  34.431421   996.2617      3.177      0.452  0.000e+00
      3.303    30.2062   0.193224     0.8810     2.2246     2.3943          0     63.000  34.431424   996.2611      3.284      0.486  0.000e+00
      3.389    30.2064   0.193066     0.8803     2.2297     2.4027          0     63.250  34.431427   996.2608      3.370      0.494  0.000e+00
      3.497    30.2063   0.193150     0.8807     2.2019     2.3966          0     63.500  34.431429   996.2617      3.478      0.497  0.000e+00
      3.638    30.2056   0.193721     0.8834     2.1727     2.3646          0     63.750  34.431432   996.2646      3.618      0.494  0.000e+00
      3.800    30.2048   0.194612     0.8877     2.1513     2.3707          0     64.000  34.431435   996.2687      3.779      0.497  0.000e+00
      3.897    30.2038   0.195173     0.8904     2.1576     2.3714          0     64.250  34.431438   996.2715      3.876      0.489  0.000e+00
      4.016    30.2034   0.195580     0.8923     2.1336     2.3707          0     64.500  34.431441   996.2736      3.994      0.483  0.000e+00
      4.135    30.2031   0.195977     0.8942     2.1193     2.3668          0     64.750  34.431444   996.2756      4.112      0.481  0.000e+00
      4.146    30.2028   0.196478     0.8966     2.0900     2.3661          0     65.000  34.431447   996.2775      4.123      0.461  0.000e+00
      4.168    30.2020   0.196814     0.8983     2.0925     2.3684          0     65.250  34.431450   996.2791      4.145      0.418  0.000e+00
      4.243    30.2013   0.196936     0.8989     2.0936     2.3745          0     65.500  34.431453   996.2801      4.220      0.367  0.000e+00
      4.308    30.2007   0.196936     0.8989     2.1161     2.3737          0     65.750  34.431455   996.2805      4.284      0.312  0.000e+00
      4.362    30.2003   0.197108     0.8997     2.1187     2.3340          0     66.000  34.431458   996.2815      4.338      0.265  0.000e+00
      4.384    30.2003   0.197360     0.9009     2.1144     2.3302          0     66.250  34.431461   996.2825      4.360      0.228  0.000e+00
      4.384    30.1996   0.197185     0.9001     2.1304     2.3340          0     66.500  34.431464   996.2821      4.360      0.186  0.000e+00
      4.373    30.1993   0.196994     0.8992     2.1114     2.3340          0     66.750  34.431467   996.2815      4.349      0.148  0.000e+00
      4.373    30.1990   0.196907     0.8988     2.0824     2.3096          0     67.000  34.431470   996.2813      4.349      0.125  0.000e+00
      4.384    30.1987   0.196862     0.8985     2.0764     2.3111          0     67.250  34.431473   996.2813      4.360      0.094  0.000e+00
      4.384    30.1983   0.196862     0.8985     2.0465     2.3089          0     67.500  34.431476   996.2814      4.360      0.053  0.000e+00
      4.405    30.1981   0.197011     0.8993     1.9096     2.3043          0     67.750  34.431479   996.2821      4.381      0.030  0.000e+00
      4.416    30.1977   0.197162     0.9000     1.8937     2.3958          0     68.000  34.431481   996.2828      4.392      0.019  0.000e+00
      4.416    30.1973   0.197143     0.8999     1.9522     2.3958          0     68.250  34.431484   996.2829      4.392      0.020  0.000e+00
      4.438    30.1967   0.197101     0.8997     1.9861     2.3989          0     68.500  34.431487   996.2830      4.413      0.030  0.000e+00
      4.427    30.1961   0.197240     0.9004     2.0194     2.3958          0     68.750  34.431490   996.2836      4.403      0.034  0.000e+00
      4.427    30.1953   0.197217     0.9003     2.0201     2.3928          0     69.000  34.431493   996.2838      4.403      0.031  0.000e+00
      4.438    30.1946   0.197192     0.9002     2.0176     2.4157          0     69.250  34.431496   996.2840      4.413      0.027  0.000e+00
      4.449    30.1943   0.197185     0.9002     2.0221     2.4187          0     69.500  34.431499   996.2841      4.424      0.026  0.000e+00
      4.448    30.1936   0.197108     0.8998     1.9806     2.4233          0     69.750  34.431502   996.2840      4.424      0.020  0.000e+00
      4.448    30.1931   0.196862     0.8986     1.9470     2.4111          0     70.000  34.431505   996.2833      4.424      0.017  0.000e+00
      4.416    30.1906   0.196484     0.8969     1.9223     2.3806          0     70.250  34.431508   996.2826      4.392      0.006  0.000e+00
      4.449    30.1807   0.196365     0.8965     1.9112     2.3874          0     70.500  34.431510   996.2855      4.424      0.004  0.000e+00
      4.427    30.1734   0.196071     0.8952     1.9036     2.3821          0     70.750  34.431513   996.2867      4.403      0.001  0.000e+00
      4.427    30.1689   0.195935     0.8946     1.9125     2.3890          0     71.000  34.431516   996.2876      4.402     -0.004  0.000e+00
      4.405    30.1664   0.196084     0.8954     1.9299     2.3386          0     71.250  34.431519   996.2889      4.381     -0.016  0.000e+00
      4.384    30.1651   0.196462     0.8972     1.9464     2.3317          0     71.500  34.431522   996.2905      4.359     -0.028  0.000e+00
      4.362    30.1640   0.196358     0.8967     1.9673     2.3310          0     71.750  34.431525   996.2904      4.338     -0.039  0.000e+00
      4.394    30.1633   0.196342     0.8967     1.9756     2.3317          0     72.000  34.431528   996.2907      4.370     -0.035  0.000e+00
      4.405    30.1627   0.196484     0.8974     1.9698     2.3142          0     72.250  34.431531   996.2914      4.381     -0.025  0.000e+00
      4.394    30.1625   0.196523     0.8976     1.9448     2.3279          0     72.500  34.431534   996.2916      4.370     -0.026  0.000e+00
      4.362    30.1634   0.196558     0.8977     1.9536     2.3256          0     72.750  34.431536   996.2913      4.338     -0.023  0.000e+00
      4.362    30.1654   0.197308     0.9013     1.9204     2.3218          0     73.000  34.431539   996.2933      4.338     -0.022  0.000e+00
      4.351    30.1684   0.199056     0.9096     1.9941     2.3188          0     73.250  34.431542   996.2986      4.327     -0.019  0.000e+00
      4.351    30.1711   0.200922     0.9185     1.9209     2.2570          0     73.500  34.431545   996.3044      4.327     -0.018  0.000e+00
      4.340    30.1740   0.201100     0.9193     1.9202     2.2585          0     73.750  34.431548   996.3041      4.317     -0.024  0.000e+00
      4.351    30.1765   0.198600     0.9073     1.9148     2.2577          0     74.000  34.431551   996.2944      4.327     -0.031  0.000e+00
      4.395    30.1788   0.197954     0.9041     1.9376     2.2646          0     74.250  34.431554   996.2916      4.370     -0.015  0.000e+00
      4.384    30.1785   0.197734     0.9031     1.8036     2.2287          0     74.500  34.431557   996.2908      4.360      0.002  0.000e+00
      4.395    30.1778   0.196982     0.8995     1.7734     2.2265          0     74.750  34.431560   996.2884      4.370      0.019  0.000e+00
      4.362    30.1761   0.196462     0.8970     1.7109     2.2272          0     75.000  34.431562   996.2869      4.338      0.017  0.000e+00
      4.373    30.1711   0.196274     0.8962     1.7560     2.2272          0     75.250  34.431565   996.2879      4.349      0.017  0.000e+00
      4.373    30.1645   0.196361     0.8968     1.7524     2.2364          0     75.500  34.431568   996.2903      4.349      0.014  0.000e+00
      4.384    30.1597   0.196536     0.8977     1.8216     2.2387          0     75.750  34.431571   996.2925      4.360      0.012  0.000e+00
      4.341    30.1564   0.196478     0.8975     1.8593     2.2379          0     76.000  34.431574   996.2932      4.317     -0.008  0.000e+00
      4.330    30.1547   0.196516     0.8977     1.8189     2.2410          0     76.250  34.431577   996.2938      4.306     -0.027  0.000e+00
      4.351    30.1534   0.197385     0.9019     1.7432     2.2402          0     76.500  34.431580   996.2974      4.327     -0.024  0.000e+00
      4.351    30.1528   0.197502     0.9024     1.7321     2.2310          0     76.750  34.431583   996.2980      4.327     -0.022  0.000e+00
      4.330    30.1526   0.197502     0.9024     1.7327     2.2326          0     77.000  34.431586   996.2980      4.306     -0.020  0.000e+00
      4.330    30.1526   0.197786     0.9038     1.6739     2.2356          0     77.250  34.431589   996.2990      4.306     -0.024  0.000e+00
      4.330    30.1525   0.198426     0.9069     1.6912     2.2364          0     77.500  34.431591   996.3013      4.306     -0.022  0.000e+00
      4.341    30.1555   0.198723     0.9082     1.6746     2.2173          0     77.750  34.431594   996.3015      4.317     -0.015  0.000e+00
      4.319    30.1595   0.199299     0.9109     1.7228     2.2104          0     78.000  34.431597   996.3022      4.295     -0.008  0.000e+00
      4.286    30.1647   0.200680     0.9174     1.8570     2.2196          0     78.250  34.431600   996.3053      4.263     -0.019  0.000e+00
      4.265    30.1709   0.201469     0.9211     2.0280     2.2135          0     78.500  34.431603   996.3061      4.241     -0.037  0.000e+00
      4.254    30.1752   0.199186     0.9101     2.0946     2.2326          0     78.750  34.431606   996.2965      4.231     -0.045  0.000e+00
      4.211    30.1776   0.199454     0.9113     2.1266     2.2280          0     79.000  34.431609   996.2965      4.188     -0.059  0.000e+00
      4.232    30.1793   0.200363     0.9157     2.1214     2.2211          0     79.250  34.431612   996.2993      4.209     -0.065  0.000e+00
      4.254    30.1807   0.201884     0.9229     2.0651     2.2280          0     79.500  34.431615   996.3044      4.231     -0.058  0.000e+00
      4.276    30.1823   0.202217     0.9245     2.0379     2.2371          0     79.750  34.431617   996.3052      4.252     -0.041  0.000e+00
      4.297    30.1838   0.202593     0.9263     1.9610     2.2349          0     80.000  34.431620   996.3061      4.274     -0.011  0.000e+00
      4.232    30.1858   0.202994     0.9282     1.9127     2.2333          0     80.250  34.431623   996.3067      4.209     -0.002  0.000e+00
      4.178    30.1880   0.202813     0.9272     1.8618     2.2333          0     80.500  34.431626   996.3051      4.155     -0.013  0.000e+00
      4.092    30.1891   0.203017     0.9282     1.8573     2.2158          0     80.750  34.431629   996.3050      4.069     -0.047  0.000e+00
      3.984    30.1901   0.202075     0.9237     1.8348     2.2127          0     81.000  34.431632   996.3009      3.962     -0.102  0.000e+00
      3.876    30.1905   0.202392     0.9252     1.8410     2.2165          0     81.250  34.431635   996.3014      3.854     -0.182  0.000e+00
      3.800    30.1896   0.207340     0.9489     1.8498     2.2196          0     81.500  34.431638   996.3191      3.779     -0.252  0.000e+00
      3.692    30.1831   0.207785     0.9512     1.8507     2.2181          0     81.750  34.431641   996.3223      3.671     -0.316  0.000e+00
      3.530    30.1781   0.207915     0.9519     1.8791     2.2493          0     82.000  34.431644   996.3236      3.510     -0.378  0.000e+00
      3.389    30.1755   0.207911     0.9520     1.9166     2.2509          0     82.250  34.431646   996.3238      3.370     -0.420  0.000e+00
      3.281    30.1739   0.204086     0.9336     1.9444     2.2516          0     82.500  34.431649   996.3101      3.263     -0.453  0.000e+00
      3.184    30.1729   0.203632     0.9315     1.9342     2.2463          0     82.750  34.431652   996.3084      3.166     -0.466  0.000e+00
      3.129    30.1724   0.204737     0.9368     1.9324     2.2608          0     83.000  34.431655   996.3123      3.112     -0.456  0.000e+00
