public/post/ctd_rufiji/SBE19plus_01906740_2018_02_13_0903.cnv
* Sea-Bird SBE19plus  Data File:
* FileName = C:\Users\all user\Desktop\CTD tafiri 2018\SBE19plus_01906740_2018_02_13_0903.hex
* Software version 2.6.3.104
* Temperature SN = 6740
* Conductivity SN = 6740
* System UpLoad Time = Feb 13 2018 14:01:01
* <ApplicationData>
* <Seaterm232>
# nquan = 13
# nvalues = 367                                   
# units = specified
# name 0 = prdM: Pressure, Strain Gauge [db]
# name 1 = tv290C: Temperature [ITS-90, deg C]
# name 2 = c0S/m: Conductivity [S/m]
# name 3 = sal00: Salinity, Practical [PSU]
# name 4 = sbeox0ML/L: Oxygen, SBE 43 [ml/l]
# name 5 = flECO-AFL: Fluorescence, WET Labs ECO-AFL/FL [mg/m^3]
# name 6 = nbf: Bottles Fired
# name 7 = timeS: Time, Elapsed [seconds]
# name 8 = timeJ: Julian Days
# name 9 = density00: Density [density, kg/m^3]
# name 10 = depSM: Depth [salt water, m], lat = 0.00
# name 11 = dz/dtM: Descent Rate [m/s]
# name 12 = flag:  0.000e+00
# span 0 =      0.100,      6.337                 
# span 1 =    25.3639,    30.2945                 
# span 2 =   0.000610,   0.057121                 
# span 3 =     0.0131,     0.2497                 
# span 4 =     0.9725,     4.6320                 
# span 5 =    -0.0288,     2.3890                 
# span 6 =          0,          0                 
# span 7 =      0.000,     91.500                 
# span 8 =  34.251065,  34.252124                 
# span 9 =   995.6382,   996.9638                 
# span 10 =      0.099,      6.302                
# span 11 =     -0.450,      0.573                
# span 12 = 0.0000e+00, 0.0000e+00                
# interval = seconds: 0.25
# start_time = Feb 03 2018 06:01:32 [Instrument's time stamp, header]
# bad_flag = -9.990e-29
*END*
[from data line 334]
      2.024    30.1482   0.056793     0.2488     1.8876     1.9999          0     83.500  34.252031   995.7998      2.013     -0.374  0.000e+00
      1.938    30.1670   0.056799     0.2487     1.8930     1.9930          0     83.750  34.252034   995.7937      1.927     -0.357  0.000e+00
      1.851    30.1756   0.056811     0.2487     1.8959     2.0052          0     84.000  34.252037   995.7907      1.841     -0.351  0.000e+00
      1.700    30.1834   0.056832     0.2488     1.8941     1.9938          0     84.250  34.252040   995.7877      1.690     -0.374  0.000e+00
      1.613    30.1996   0.056826     0.2487     1.8951     2.0090          0     84.500  34.252043   995.7823      1.604     -0.389  0.000e+00
      1.494    30.2081   0.056820     0.2486     1.8967     2.0105          0     84.750  34.252046   995.7792      1.486     -0.401  0.000e+00
      1.408    30.2220   0.056701     0.2480     1.8963     1.9816          0     85.000  34.252049   995.7741      1.400     -0.414  0.000e+00
      1.332    30.2360   0.056656     0.2478     1.9015     1.9823          0     85.250  34.252052   995.7693      1.325     -0.411  0.000e+00
      1.278    30.2425   0.056568     0.2473     1.9076     1.9899          0     85.500  34.252054   995.7668      1.271     -0.393  0.000e+00
      1.127    30.2528   0.056334     0.2462     1.9182     1.9816          0     85.750  34.252057   995.7622      1.121     -0.393  0.000e+00
      1.051    30.2637   0.056230     0.2457     1.9196     1.9861          0     86.000  34.252060   995.7581      1.045     -0.383  0.000e+00
      0.965    30.2678   0.056139     0.2453     3.0812     1.9823          0     86.250  34.252063   995.7562      0.959     -0.366  0.000e+00
      0.889    30.2729   0.055984     0.2446     2.1294     1.9701          0     86.500  34.252066   995.7537      0.884     -0.360  0.000e+00
      0.824    30.2763   0.055902     0.2442     2.1089     1.9716          0     86.750  34.252069   995.7521      0.820     -0.347  0.000e+00
      0.770    30.2817   0.055805     0.2438     2.0962     1.9754          0     87.000  34.252072   995.7499      0.766     -0.334  0.000e+00
      0.727    30.2878   0.055935     0.2443     2.1357     2.0037          0     87.250  34.252075   995.7483      0.723     -0.314  0.000e+00
      0.727    30.2920   0.056109     0.2451     2.0222     1.9968          0     87.500  34.252078   995.7476      0.723     -0.274  0.000e+00
      0.749    30.2945   0.056315     0.2460     1.9494     2.0022          0     87.750  34.252080   995.7476      0.744     -0.205  0.000e+00
      0.792    30.2700   0.056401     0.2465     1.9502     1.9968          0     88.000  34.252083   995.7556      0.787     -0.140  0.000e+00
      0.813    30.2332   0.056419     0.2467     2.0481     1.9976          0     88.250  34.252086   995.7671      0.809     -0.073  0.000e+00
      0.770    30.2054   0.056431     0.2469     2.1907     1.9922          0     88.500  34.252089   995.7755      0.766     -0.030  0.000e+00
      0.673    30.1874   0.056425     0.2470     2.2001     1.9922          0     88.750  34.252092   995.7806      0.669     -0.024  0.000e+00
      0.457    30.1731   0.056413     0.2470     1.8199     2.0029          0     89.000  34.252095   995.7840      0.454     -0.084  0.000e+00
      0.230    30.1575   0.056379     0.2469     1.7342     2.3783          0     89.250  34.252098   995.7876      0.228     -0.198  0.000e+00
      0.132    30.1426   0.056334     0.2468     1.7445     2.3844          0     89.500  34.252101   995.7916      0.132     -0.316  0.000e+00
      0.111    30.1338   0.056115     0.2458     1.7443     2.3798          0     89.750  34.252104   995.7935      0.110     -0.401  0.000e+00
      0.122    30.1418   0.021736     0.0966     1.8291     2.3829          0     90.000  34.252106   995.6792      0.121     -0.434  0.000e+00
      0.100    30.1490   0.010306     0.0497     1.9199     2.3890          0     90.250  34.252109   995.6417      0.099     -0.417  0.000e+00
      0.122    30.1279   0.006926     0.0364     2.0456     0.0818          0     90.500  34.252112   995.6382      0.121     -0.340  0.000e+00
      0.122    30.0901   0.007158     0.0373     2.1686     0.0887          0     90.750  34.252115   995.6503      0.121     -0.232  0.000e+00
      0.100    30.0572   0.007206     0.0375     2.2875     0.0765          0     91.000  34.252118   995.6603      0.099     -0.119  0.000e+00
      0.132    30.0231   0.007479     0.0386     2.3286     0.0810          0     91.250  34.252121   995.6716      0.132     -0.031  0.000e+00
      0.122    29.9737   0.006837     0.0361     2.3480    -0.0273          0     91.500  34.252124   995.6846      0.121      0.000  0.000e+00
