public/post/ctd_rufiji/SBE19plus_01906740_2018_02_13_0927.cnv
* Sea-Bird SBE19plus  Data File:
* FileName = C:\Users\all user\Desktop\CTD tafiri 2018\SBE19plus_01906740_2018_02_13_0927.hex
* Software version 2.6.3.104
* Temperature SN = 6740
* Conductivity SN = 6740
* System UpLoad Time = Feb 13 2018 14:04:56
* <ApplicationData>
* <Seaterm232>
# nquan = 13
# nvalues = 263                                   
# units = specified
# name 0 = prdM: Pressure, Strain Gauge [db]
# name 1 = tv290C: Temperature [ITS-90, deg C]
# name 2 = c0S/m: Conductivity [S/m]
# name 3 = sal00: Salinity, Practical [PSU]
# name 4 = sbeox0ML/L: Oxygen, SBE 43 [ml/l]
# name 5 = flECO-AFL: Fluorescence, WET Labs ECO-AFL/FL [mg/m^3]
# name 6 = nbf: Bottles Fired
# name 7 = timeS: Time, Elapsed [seconds]
# name 8 = timeJ: Julian Days
# name 9 = density00: Density [density, kg/m^3]
# name 10 = depSM: Depth [salt water, m], lat = 0.00
# name 11 = dz/dtM: Descent Rate [m/s]
# name 12 = flag:  0.000e+00
# span 0 =      0.101,      3.377                 
# span 1 =    29.4249,    30.1148                 
# span 2 =   0.010035,   0.158858                 
# span 3 =     0.0488,     0.7193                 
# span 4 =     1.7070,     4.6110                 
# span 5 =    -0.0288,    48.6764                 
# span 6 =          0,          0                 
# span 7 =      0.000,     65.500                 
# span 8 =  34.419745,  34.420503                 
# span 9 =   995.7125,   996.2013                 
# span 10 =      0.101,      3.359                
# span 11 =     -0.581,      0.432                
# span 12 = 0.0000e+00, 0.0000e+00                
# interval = seconds: 0.25
# start_time = Feb 03 2018 10:04:26 [Instrument's time stamp, header]
# bad_flag = -9.990e-29
*END*
      0.218    29.4249   0.023163     0.1039     3.7288     0.2848          0      0.000  34.419745   995.9003      0.217      0.000  0.000e+00
      0.251    29.5308   0.015420     0.0710     3.7324     0.2924          0      0.250  34.419748   995.8442      0.249      0.009  0.000e+00
      0.251    29.5409   0.012720     0.0599     3.7452     0.2893          0      0.500  34.419751   995.8328      0.249      0.015  0.000e+00
      0.294    29.5344   0.011770     0.0560     3.8579     0.2825          0      0.750  34.419754   995.8320      0.292      0.031  0.000e+00
      0.359    29.5525   0.027025     0.1202     3.9108    48.6726          0      1.000  34.419757   995.8752      0.357      0.059  0.000e+00
      0.413    29.6718   0.012312     0.0581     3.9103    48.6764          0      1.250  34.419760   995.7931      0.411      0.092  0.000e+00
      0.467    29.7883   0.010035     0.0488     3.9710    48.6734          0      1.500  34.419763   995.7515      0.465      0.127  0.000e+00
      0.532    29.8489   0.011984     0.0566     3.9567    48.6757          0      1.750  34.419766   995.7394      0.529      0.162  0.000e+00
      0.630    29.8753   0.100946     0.4510     3.8558     0.5640          0      2.000  34.419769   996.0277      0.626      0.203  0.000e+00
      0.641    29.9183   0.139102     0.6285     3.8564     0.5525          0      2.250  34.419771   996.1477      0.637      0.219  0.000e+00
      0.716    29.9673   0.144026     0.6511     3.8421     0.5487          0      2.500  34.419774   996.1502      0.712      0.237  0.000e+00
      0.760    30.0006   0.139127     0.6276     3.8311     0.5541          0      2.750  34.419777   996.1227      0.755      0.237  0.000e+00
      0.792    30.0194   0.083931     0.3717     3.8433     2.2059          0      3.000  34.419780   995.9256      0.788      0.225  0.000e+00
      0.857    30.0286   0.144541     0.6528     3.8802     2.2020          0      3.250  34.419783   996.1334      0.852      0.219  0.000e+00
      0.922    30.0293   0.146761     0.6632     3.9265     2.2066          0      3.500  34.419786   996.1413      0.917      0.216  0.000e+00
      0.944    30.0403   0.146416     0.6614     3.9625     2.2059          0      3.750  34.419789   996.1368      0.939      0.202  0.000e+00
      0.955    30.0523   0.146818     0.6632     3.9980     2.1982          0      4.000  34.419792   996.1345      0.949      0.181  0.000e+00
      0.987    30.0618   0.147587     0.6667     4.0244     2.1677          0      4.250  34.419795   996.1344      0.982      0.173  0.000e+00
      0.998    30.0708   0.149195     0.6741     4.0289     2.1685          0      4.500  34.419797   996.1373      0.993      0.148  0.000e+00
      0.987    30.0786   0.149813     0.6769     4.0414     2.1708          0      4.750  34.419800   996.1369      0.982      0.121  0.000e+00
      0.966    30.0841   0.150202     0.6787     4.0451     2.1647          0      5.000  34.419803   996.1365      0.960      0.085  0.000e+00
      0.976    30.0913   0.150250     0.6788     4.0561     2.1929          0      5.250  34.419806   996.1345      0.971      0.049  0.000e+00
      0.998    30.0977   0.150532     0.6801     4.0627     2.1921          0      5.500  34.419809   996.1336      0.992      0.028  0.000e+00
      1.020    30.1018   0.150757     0.6811     4.0765     2.1921          0      5.750  34.419812   996.1331      1.014      0.025  0.000e+00
      1.041    30.1052   0.150899     0.6817     4.0771     2.1944          0      6.000  34.419815   996.1327      1.036      0.029  0.000e+00
      1.041    30.1077   0.150925     0.6818     4.0741     2.1654          0      6.250  34.419818   996.1320      1.035      0.030  0.000e+00
      1.063    30.1090   0.151109     0.6826     4.0830     2.1654          0      6.500  34.419821   996.1323      1.057      0.041  0.000e+00
      1.063    30.1098   0.151264     0.6833     4.0806     2.1639          0      6.750  34.419823   996.1326      1.057      0.051  0.000e+00
      1.063    30.1091   0.151315     0.6836     4.0847     2.1662          0      7.000  34.419826   996.1330      1.057      0.053  0.000e+00
      1.063    30.1086   0.151356     0.6838     4.0876     2.1601          0      7.250  34.419829   996.1333      1.057      0.043  0.000e+00
      1.085    30.1077   0.151505     0.6845     4.0896     2.1631          0      7.500  34.419832   996.1342      1.079      0.036  0.000e+00
      1.095    30.1077   0.151727     0.6856     4.0876     2.1654          0      7.750  34.419835   996.1351      1.089      0.032  0.000e+00
      1.095    30.1075   0.151815     0.6860     4.0840     2.1662          0      8.000  34.419838   996.1354      1.089      0.028  0.000e+00
      1.074    30.1066   0.151758     0.6857     4.0934     2.1700          0      8.250  34.419841   996.1354      1.068      0.021  0.000e+00
      1.106    30.1051   0.151505     0.6845     4.0923     2.1517          0      8.500  34.419844   996.1352      1.100      0.020  0.000e+00
      1.106    30.1042   0.151622     0.6851     4.1015     2.1555          0      8.750  34.419847   996.1358      1.100      0.022  0.000e+00
      1.095    30.1056   0.151679     0.6854     4.2787     2.1570          0      9.000  34.419850   996.1356      1.089      0.019  0.000e+00
      1.117    30.1075   0.151961     0.6867     4.5872     2.1509          0      9.250  34.419852   996.1361      1.111      0.019  0.000e+00
      1.096    30.1092   0.152155     0.6876     4.5563     2.1479          0      9.500  34.419855   996.1361      1.090      0.009  0.000e+00
      1.106    30.1096   0.152294     0.6882     4.6110     2.1509          0      9.750  34.419858   996.1365      1.100      0.008  0.000e+00
      1.117    30.1083   0.152456     0.6890     4.5412     2.1616          0     10.000  34.419861   996.1375      1.111      0.012  0.000e+00
      1.085    30.1062   0.152637     0.6899     4.5215     2.1563          0     10.250  34.419864   996.1387      1.079      0.005  0.000e+00
      1.095    30.1044   0.152760     0.6905     4.4885     2.1395          0     10.500  34.419867   996.1397      1.089     -0.005  0.000e+00
      1.128    30.1048   0.152776     0.6905     4.4127     2.1395          0     10.750  34.419870   996.1398      1.122      0.003  0.000e+00
      1.139    30.1063   0.152776     0.6905     4.3140     2.1402          0     11.000  34.419873   996.1394      1.132      0.012  0.000e+00
      1.095    30.1078   0.152789     0.6906     4.1961     2.1402          0     11.250  34.419876   996.1388      1.089      0.004  0.000e+00
      1.117    30.1080   0.152741     0.6903     4.1223     2.1639          0     11.500  34.419878   996.1386      1.111      0.009  0.000e+00
      1.117    30.1081   0.152722     0.6902     3.9749     2.1662          0     11.750  34.419881   996.1385      1.111      0.007  0.000e+00
      1.128    30.1083   0.152691     0.6901     3.7961     2.1654          0     12.000  34.419884   996.1384      1.122      0.010  0.000e+00
      1.085    30.1085   0.152700     0.6901     3.6504     2.1616          0     12.250  34.419887   996.1382      1.079      0.004  0.000e+00
      1.085    30.1087   0.152684     0.6901     3.4610     2.1639          0     12.500  34.419890   996.1381      1.079     -0.012  0.000e+00
      1.052    30.1082   0.152697     0.6901     3.3061     2.1891          0     12.750  34.419893   996.1381      1.046     -0.032  0.000e+00
      1.085    30.1069   0.152367     0.6886     3.1589     2.1929          0     13.000  34.419896   996.1375      1.079     -0.029  0.000e+00
      1.096    30.1062   0.152006     0.6869     3.0059     2.1929          0     13.250  34.419899   996.1365      1.090     -0.018  0.000e+00
      1.128    30.1050   0.151955     0.6867     2.9208     2.1876          0     13.500  34.419902   996.1369      1.122     -0.009  0.000e+00
      1.139    30.1037   0.151926     0.6866     2.8712     2.1532          0     13.750  34.419905   996.1372      1.133      0.007  0.000e+00
      1.139    30.1013   0.152079     0.6873     2.8311     2.1525          0     14.000  34.419907   996.1385      1.133      0.022  0.000e+00
      1.106    30.0982   0.152396     0.6888     2.7718     2.1593          0     14.250  34.419910   996.1405      1.100      0.031  0.000e+00
      1.085    30.0968   0.152567     0.6897     2.8069     2.1563          0     14.500  34.419913   996.1414      1.079      0.021  0.000e+00
      1.096    30.0965   0.152602     0.6898     2.8257     2.1631          0     14.750  34.419916   996.1417      1.090      0.014  0.000e+00
      1.096    30.0950   0.152618     0.6899     2.8479     2.1631          0     15.000  34.419919   996.1422      1.090     -0.005  0.000e+00
      1.118    30.0946   0.152713     0.6904     2.8579     2.1662          0     15.250  34.419922   996.1428      1.111     -0.010  0.000e+00
      1.128    30.0966   0.152802     0.6908     2.8148     2.1677          0     15.500  34.419925   996.1425      1.122     -0.011  0.000e+00
      1.150    30.0966   0.152789     0.6907     2.7596     2.1341          0     15.750  34.419928   996.1425      1.144      0.003  0.000e+00
      1.128    30.0947   0.152706     0.6904     2.7805     2.1372          0     16.000  34.419931   996.1428      1.122      0.013  0.000e+00
      1.118    30.0951   0.152646     0.6901     2.7479     2.1441          0     16.250  34.419933   996.1424      1.111      0.021  0.000e+00
      1.128    30.0976   0.152687     0.6902     2.7116     2.1410          0     16.500  34.419936   996.1418      1.122      0.022  0.000e+00
      1.096    30.0991   0.152672     0.6901     2.6937     2.1395          0     16.750  34.419939   996.1411      1.090      0.007  0.000e+00
      1.139    30.0994   0.152703     0.6903     2.6837     2.1402          0     17.000  34.419942   996.1413      1.133      0.005  0.000e+00
      1.118    30.0999   0.152764     0.6906     2.6898     2.1456          0     17.250  34.419945   996.1413      1.111     -0.005  0.000e+00
      1.139    30.1002   0.152795     0.6907     2.6986     2.1380          0     17.500  34.419948   996.1414      1.133     -0.004  0.000e+00
      1.128    30.1008   0.152795     0.6907     2.6806     2.1410          0     17.750  34.419951   996.1411      1.122     -0.003  0.000e+00
      1.128    30.1013   0.152808     0.6907     2.6599     2.1273          0     18.000  34.419954   996.1410      1.122      0.005  0.000e+00
      1.107    30.1019   0.152821     0.6908     2.6239     2.1265          0     18.250  34.419957   996.1408      1.101      0.002  0.000e+00
      1.107    30.1035   0.152830     0.6908     2.6464     2.1319          0     18.500  34.419959   996.1403      1.101     -0.004  0.000e+00
      1.107    30.1056   0.152814     0.6907     2.6302     2.1311          0     18.750  34.419962   996.1396      1.101     -0.006  0.000e+00
      1.107    30.1077   0.152789     0.6906     2.6136     2.1395          0     19.000  34.419965   996.1389      1.101     -0.016  0.000e+00
      1.107    30.1090   0.152764     0.6904     2.6013     2.1410          0     19.250  34.419968   996.1384      1.101     -0.014  0.000e+00
      1.129    30.1093   0.152748     0.6903     2.5633     2.1372          0     19.500  34.419971   996.1383      1.122     -0.010  0.000e+00
      1.139    30.1085   0.152748     0.6904     2.5459     2.1410          0     19.750  34.419974   996.1386      1.133      0.003  0.000e+00
      1.129    30.1097   0.152741     0.6903     2.5663     2.1364          0     20.000  34.419977   996.1382      1.122      0.009  0.000e+00
      1.118    30.1115   0.152729     0.6902     2.5624     2.1296          0     20.250  34.419980   996.1375      1.112      0.013  0.000e+00
      1.118    30.1125   0.152722     0.6902     2.5457     2.1250          0     20.500  34.419983   996.1372      1.112      0.010  0.000e+00
      1.107    30.1126   0.152729     0.6902     2.5494     2.1303          0     20.750  34.419986   996.1371      1.101      0.004  0.000e+00
      1.107    30.1119   0.152722     0.6902     2.5550     2.1288          0     21.000  34.419988   996.1373      1.101     -0.003  0.000e+00
      1.107    30.1119   0.152722     0.6902     2.5319     2.1563          0     21.250  34.419991   996.1373      1.101     -0.009  0.000e+00
      1.139    30.1127   0.152741     0.6903     2.5324     2.1509          0     21.500  34.419994   996.1373      1.133     -0.007  0.000e+00
      1.150    30.1131   0.152735     0.6902     2.5149     2.1525          0     21.750  34.419997   996.1372      1.144      0.003  0.000e+00
      1.139    30.1127   0.152735     0.6902     2.5030     2.1570          0     22.000  34.420000   996.1373      1.133      0.012  0.000e+00
      1.139    30.1117   0.152760     0.6904     2.4877     2.1570          0     22.250  34.420003   996.1376      1.133      0.018  0.000e+00
      1.118    30.1113   0.152795     0.6905     2.4576     2.1570          0     22.500  34.420006   996.1378      1.111      0.014  0.000e+00
      1.128    30.1116   0.152852     0.6908     2.4521     2.1525          0     22.750  34.420009   996.1379      1.122      0.012  0.000e+00
      1.107    30.1123   0.152881     0.6909     2.4072     2.1532          0     23.000  34.420012   996.1378      1.101      0.001  0.000e+00
      1.139    30.1125   0.152900     0.6910     2.3883     2.1639          0     23.250  34.420014   996.1379      1.133     -0.002  0.000e+00
      1.117    30.1124   0.152900     0.6910     2.3745     2.1715          0     23.500  34.420017   996.1378      1.111     -0.013  0.000e+00
      1.150    30.1128   0.152913     0.6911     2.3874     2.1647          0     23.750  34.420020   996.1379      1.143     -0.005  0.000e+00
      1.150    30.1143   0.152887     0.6909     2.3421     2.1608          0     24.000  34.420023   996.1373      1.143      0.006  0.000e+00
      1.106    30.1148   0.152881     0.6909     2.3402     2.1586          0     24.250  34.420026   996.1370      1.100      0.001  0.000e+00
      1.117    30.1136   0.152881     0.6909     2.3525     2.1395          0     24.500  34.420029   996.1374      1.111      0.002  0.000e+00
      1.128    30.1124   0.152906     0.6911     2.3394     2.1425          0     24.750  34.420032   996.1379      1.122     -0.000  0.000e+00
      1.117    30.1121   0.152932     0.6912     2.3649     2.1357          0     25.000  34.420035   996.1380      1.111     -0.002  0.000e+00
      1.128    30.1115   0.152963     0.6913     2.3265     2.1471          0     25.250  34.420038   996.1384      1.122     -0.008  0.000e+00
      1.117    30.1112   0.152963     0.6913     2.3013     2.1441          0     25.500  34.420041   996.1384      1.111     -0.007  0.000e+00
      1.139    30.1104   0.152913     0.6911     2.2999     2.1464          0     25.750  34.420043   996.1386      1.133     -0.007  0.000e+00
      1.150    30.1099   0.152925     0.6912     2.2938     2.1395          0     26.000  34.420046   996.1389      1.143      0.006  0.000e+00
      1.117    30.1099   0.152976     0.6914     2.2887     2.1525          0     26.250  34.420049   996.1389      1.111      0.011  0.000e+00
      1.117    30.1096   0.153005     0.6916     2.2622     2.1387          0     26.500  34.420052   996.1391      1.111      0.003  0.000e+00
      1.117    30.1088   0.153024     0.6917     2.2784     2.1433          0     26.750  34.420055   996.1394      1.111     -0.002  0.000e+00
      1.117    30.1080   0.153046     0.6918     2.2501     2.1364          0     27.000  34.420058   996.1397      1.111     -0.004  0.000e+00
      1.118    30.1078   0.153049     0.6918     2.2606     2.1387          0     27.250  34.420061   996.1398      1.111     -0.008  0.000e+00
      1.128    30.1074   0.153049     0.6918     2.2296     2.1608          0     27.500  34.420064   996.1400      1.122     -0.006  0.000e+00
