public/post/ctd_rufiji/SBE19plus_01906740_2018_02_13_0937.cnv
* Sea-Bird SBE19plus  Data File:
* FileName = C:\Users\all user\Desktop\CTD tafiri 2018\SBE19plus_01906740_2018_02_13_0937.hex
* Software version 2.6.3.104
* Temperature SN = 6740
* Conductivity SN = 6740
* System UpLoad Time = Feb 13 2018 14:06:28
* <ApplicationData>
* <Seaterm232>
# nquan = 13
# nvalues = 432                                   
# units = specified
# name 0 = prdM: Pressure, Strain Gauge [db]
# name 1 = tv290C: Temperature [ITS-90, deg C]
# name 2 = c0S/m: Conductivity [S/m]
# name 3 = sal00: Salinity, Practical [PSU]
# name 4 = sbeox0ML/L: Oxygen, SBE 43 [ml/l]
# name 5 = flECO-AFL: Fluorescence, WET Labs ECO-AFL/FL [mg/m^3]
# name 6 = nbf: Bottles Fired
# name 7 = timeS: Time, Elapsed [seconds]
# name 8 = timeJ: Julian Days
# name 9 = density00: Density [density, kg/m^3]
# name 10 = depSM: Depth [salt water, m], lat = 0.00
# name 11 = dz/dtM: Descent Rate [m/s]
# name 12 = flag:  0.000e+00
# span 0 =      0.156,      5.000                 
# span 1 =    29.6264,    30.1122                 
# span 2 =   0.051582,   0.453477                 
# span 3 =     0.2274,     2.1738                 
# span 4 =     1.5436,     3.8966                 
# span 5 =    -0.0319,     2.2661                 
# span 6 =          0,          0                 
# span 7 =      0.000,    107.750                 
# span 8 =  34.446400,  34.447648                 
# span 9 =   995.8481,   997.2783                 
# span 10 =      0.155,      4.972                
# span 11 =     -0.577,      0.698                
# span 12 = 0.0000e+00, 0.0000e+00                
# interval = seconds: 0.25
# start_time = Feb 03 2018 10:42:49 [Instrument's time stamp, header]
# bad_flag = -9.990e-29
*END*
      0.535    29.6613   0.289854     1.3643     3.5054     2.0182          0      0.000  34.446400   996.7748      0.532      0.000  0.000e+00
      0.589    29.8139   0.126595     0.5710     3.5243     2.0235          0      0.250  34.446403   996.1359      0.586      0.014  0.000e+00
      0.622    29.8523   0.211116     0.9736     3.5385     2.0205          0      0.500  34.446406   996.4257      0.618      0.034  0.000e+00
      0.632    29.8576   0.220843     1.0207     3.5583     2.0235          0      0.750  34.446409   996.4593      0.629      0.050  0.000e+00
      0.708    29.8627   0.355623     1.6866     3.5751     1.9564          0      1.000  34.446412   996.9555      0.704      0.081  0.000e+00
      0.794    29.8730   0.210902     0.9722     3.6022     1.9495          0      1.250  34.446415   996.4191      0.790      0.122  0.000e+00
      0.848    29.8755   0.194502     0.8930     3.6257     1.9594          0      1.500  34.446418   996.3594      0.844      0.161  0.000e+00
      0.870    29.8660   0.217850     1.0060     3.6434     1.9594          0      1.750  34.446421   996.4469      0.865      0.185  0.000e+00
      0.881    29.8547   0.287610     1.3480     3.6502     2.0899          0      2.000  34.446424   996.7059      0.876      0.189  0.000e+00
      0.870    29.8525   0.362969     1.7238     3.6818     2.0975          0      2.250  34.446427   996.9871      0.865      0.168  0.000e+00
      0.902    29.8699   0.358422     1.7004     3.6869     2.0876          0      2.500  34.446429   996.9645      0.897      0.151  0.000e+00
      1.000    29.9159   0.357357     1.6935     3.7171     2.0907          0      2.750  34.446432   996.9458      0.994      0.149  0.000e+00
      1.129    29.9700   0.359288     1.7013     3.7110     2.1593          0      3.000  34.446435   996.9359      1.123      0.161  0.000e+00
      1.216    30.0086   0.361523     1.7112     3.7171     2.1570          0      3.250  34.446438   996.9319      1.209      0.187  0.000e+00
      1.259    29.9993   0.362418     1.7160     3.7295     2.1547          0      3.500  34.446441   996.9385      1.252      0.220  0.000e+00
      1.281    29.9551   0.361885     1.7149     3.7550     2.1441          0      3.750  34.446444   996.9512      1.274      0.246  0.000e+00
      1.313    29.9183   0.360626     1.7098     3.7847     2.1616          0      4.000  34.446447   996.9587      1.306      0.259  0.000e+00
      1.356    29.8924   0.359752     1.7063     3.8096     2.1372          0      4.250  34.446450   996.9641      1.349      0.258  0.000e+00
      1.367    29.8758   0.359178     1.7040     3.8490     2.1464          0      4.500  34.446453   996.9675      1.360      0.224  0.000e+00
      1.356    29.8781   0.358556     1.7008     3.8792     2.1441          0      4.750  34.446455   996.9643      1.349      0.165  0.000e+00
      1.346    29.8994   0.358281     1.6987     3.8936     2.1441          0      5.000  34.446458   996.9563      1.338      0.105  0.000e+00
      1.346    29.9293   0.359020     1.7014     3.8966     2.1700          0      5.250  34.446461   996.9492      1.338      0.066  0.000e+00
      1.367    29.9605   0.360492     1.7077     3.8928     2.1670          0      5.500  34.446464   996.9445      1.360      0.046  0.000e+00
      1.389    29.9867   0.361231     1.7105     3.8827     2.1631          0      5.750  34.446467   996.9388      1.381      0.037  0.000e+00
      1.400    30.0010   0.360822     1.7079     3.8746     2.1731          0      6.000  34.446470   996.9326      1.392      0.029  0.000e+00
      1.410    30.0049   0.360485     1.7061     3.8815     2.1685          0      6.250  34.446473   996.9301      1.403      0.027  0.000e+00
      1.389    30.0114   0.360436     1.7057     3.8691     2.1555          0      6.500  34.446476   996.9277      1.381      0.027  0.000e+00
      1.335    30.0190   0.361317     1.7098     3.8709     2.1700          0      6.750  34.446479   996.9282      1.327      0.014  0.000e+00
      1.335    30.0268   0.363106     1.7185     3.8707     2.1639          0      7.000  34.446481   996.9323      1.327     -0.001  0.000e+00
      1.356    30.0338   0.363444     1.7200     3.8621     2.1547          0      7.250  34.446484   996.9314      1.349     -0.012  0.000e+00
      1.367    30.0388   0.364098     1.7231     3.8596     2.1540          0      7.500  34.446487   996.9322      1.360     -0.020  0.000e+00
      1.389    30.0470   0.364879     1.7267     3.8651     2.1509          0      7.750  34.446490   996.9325      1.381     -0.017  0.000e+00
      1.432    30.0551   0.365307     1.7286     3.8699     2.1540          0      8.000  34.446493   996.9316      1.424      0.003  0.000e+00
      1.421    30.0619   0.365675     1.7302     3.8665     2.1441          0      8.250  34.446496   996.9307      1.413      0.021  0.000e+00
      1.378    30.0669   0.365754     1.7304     3.8701     2.1425          0      8.500  34.446499   996.9292      1.370      0.030  0.000e+00
      1.356    30.0699   0.365541     1.7292     3.8595     2.1357          0      8.750  34.446502   996.9273      1.349      0.027  0.000e+00
      1.324    30.0735   0.365303     1.7279     3.8576     2.1425          0      9.000  34.446505   996.9251      1.317      0.001  0.000e+00
      1.346    30.0771   0.365244     1.7275     3.8613     2.1410          0      9.250  34.446508   996.9238      1.338     -0.019  0.000e+00
      1.378    30.0798   0.365313     1.7277     3.8650     2.1937          0      9.500  34.446510   996.9233      1.370     -0.025  0.000e+00
      1.432    30.0827   0.365637     1.7293     3.8612     2.1799          0      9.750  34.446513   996.9238      1.424     -0.013  0.000e+00
      1.432    30.0856   0.365992     1.7309     3.8589     2.1876          0     10.000  34.446516   996.9241      1.424      0.001  0.000e+00
      1.421    30.0863   0.366116     1.7315     3.8568     2.1868          0     10.250  34.446519   996.9243      1.413      0.024  0.000e+00
      1.356    30.0857   0.366164     1.7318     3.8350     2.1608          0     10.500  34.446522   996.9244      1.349      0.027  0.000e+00
      1.346    30.0848   0.366247     1.7322     3.8327     2.1654          0     10.750  34.446525   996.9250      1.338      0.017  0.000e+00
      1.356    30.0837   0.366095     1.7315     3.8270     2.1715          0     11.000  34.446528   996.9248      1.349      0.005  0.000e+00
      1.410    30.0801   0.366006     1.7312     3.8409     2.1624          0     11.250  34.446531   996.9259      1.403     -0.004  0.000e+00
      1.443    30.0779   0.365930     1.7309     3.8338     2.1525          0     11.500  34.446534   996.9265      1.435     -0.002  0.000e+00
      1.432    30.0785   0.366219     1.7323     3.8405     2.1639          0     11.750  34.446536   996.9273      1.424      0.001  0.000e+00
      1.443    30.0807   0.366712     1.7347     3.8355     2.1486          0     12.000  34.446539   996.9285      1.435      0.021  0.000e+00
      1.389    30.0827   0.366792     1.7350     3.8335     2.1593          0     12.250  34.446542   996.9279      1.381      0.026  0.000e+00
      1.378    30.0817   0.366516     1.7337     3.8319     2.1502          0     12.500  34.446545   996.9271      1.370      0.027  0.000e+00
      1.378    30.0757   0.366254     1.7326     3.8264     2.1685          0     12.750  34.446548   996.9281      1.370      0.010  0.000e+00
      1.378    30.0706   0.366375     1.7334     3.8370     2.1608          0     13.000  34.446551   996.9303      1.370     -0.012  0.000e+00
      1.432    30.0688   0.366444     1.7338     3.8305     2.1601          0     13.250  34.446554   996.9313      1.424     -0.019  0.000e+00
      1.464    30.0681   0.366368     1.7334     3.8332     2.1654          0     13.500  34.446557   996.9315      1.456     -0.004  0.000e+00
      1.454    30.0672   0.366444     1.7338     3.8172     2.1387          0     13.750  34.446560   996.9320      1.446      0.016  0.000e+00
      1.443    30.0675   0.366668     1.7349     3.8240     2.1402          0     14.000  34.446562   996.9327      1.435      0.028  0.000e+00
      1.378    30.0693   0.366840     1.7357     3.8079     2.1334          0     14.250  34.446565   996.9325      1.370      0.026  0.000e+00
      1.367    30.0720   0.366857     1.7357     3.7891     2.1410          0     14.500  34.446568   996.9316      1.360      0.007  0.000e+00
      1.356    30.0738   0.366678     1.7348     3.7808     2.1601          0     14.750  34.446571   996.9302      1.349     -0.017  0.000e+00
      1.410    30.0742   0.366178     1.7323     3.7947     2.1555          0     15.000  34.446574   996.9285      1.403     -0.025  0.000e+00
      1.475    30.0705   0.365992     1.7315     3.7970     2.1494          0     15.250  34.446577   996.9293      1.467     -0.017  0.000e+00
      1.475    30.0677   0.366519     1.7342     3.8176     2.1578          0     15.500  34.446580   996.9322      1.467      0.001  0.000e+00
      1.454    30.0685   0.366636     1.7348     3.8193     2.1563          0     15.750  34.446583   996.9323      1.446      0.022  0.000e+00
      1.389    30.0722   0.366761     1.7352     3.8201     2.1677          0     16.000  34.446586   996.9312      1.381      0.023  0.000e+00
      1.356    30.0738   0.366826     1.7355     3.8088     2.1639          0     16.250  34.446589   996.9308      1.349      0.016  0.000e+00
      1.367    30.0722   0.366609     1.7345     3.8126     2.1624          0     16.500  34.446591   996.9306      1.360     -0.004  0.000e+00
      1.400    30.0674   0.366340     1.7333     3.8106     2.1509          0     16.750  34.446594   996.9313      1.392     -0.019  0.000e+00
      1.443    30.0641   0.366102     1.7322     3.8115     2.1792          0     17.000  34.446597   996.9317      1.435     -0.027  0.000e+00
      1.486    30.0642   0.366192     1.7327     3.8271     2.1761          0     17.250  34.446600   996.9322      1.478     -0.012  0.000e+00
      1.497    30.0647   0.366526     1.7343     3.8257     2.1738          0     17.500  34.446603   996.9333      1.489      0.022  0.000e+00
      1.464    30.0659   0.366571     1.7345     3.8321     2.1784          0     17.750  34.446606   996.9329      1.456      0.047  0.000e+00
      1.421    30.0682   0.366826     1.7357     3.8242     2.1547          0     18.000  34.446609   996.9329      1.413      0.053  0.000e+00
      1.399    30.0698   0.367136     1.7372     3.8294     2.1509          0     18.250  34.446612   996.9335      1.392      0.035  0.000e+00
      1.367    30.0710   0.367322     1.7381     3.8326     2.1517          0     18.500  34.446615   996.9336      1.360     -0.004  0.000e+00
      1.399    30.0716   0.367457     1.7388     3.8213     2.1464          0     18.750  34.446617   996.9341      1.392     -0.032  0.000e+00
      1.454    30.0711   0.367512     1.7390     3.8288     2.1761          0     19.000  34.446620   996.9347      1.446     -0.036  0.000e+00
      1.454    30.0701   0.367840     1.7407     3.8331     2.1753          0     19.250  34.446623   996.9363      1.446     -0.030  0.000e+00
      1.454    30.0707   0.368560     1.7443     3.8471     2.1708          0     19.500  34.446626   996.9387      1.446     -0.009  0.000e+00
      1.454    30.0729   0.369360     1.7482     3.8494     2.1753          0     19.750  34.446629   996.9410      1.446      0.017  0.000e+00
      1.389    30.0753   0.369419     1.7485     3.8594     2.1799          0     20.000  34.446632   996.9401      1.381      0.017  0.000e+00
      1.345    30.0771   0.368809     1.7453     3.8688     2.1601          0     20.250  34.446635   996.9371      1.338     -0.003  0.000e+00
      1.345    30.0791   0.368422     1.7433     3.8260     2.1593          0     20.500  34.446638   996.9350      1.338     -0.025  0.000e+00
      1.291    30.0837   0.367926     1.7407     3.7537     2.1570          0     20.750  34.446641   996.9313      1.284     -0.069  0.000e+00
      1.313    30.0830   0.368091     1.7415     3.6266     2.1670          0     21.000  34.446644   996.9323      1.306     -0.092  0.000e+00
      1.324    30.0842   0.367950     1.7408     3.4869     2.1723          0     21.250  34.446646   996.9314      1.316     -0.087  0.000e+00
      1.399    30.0877   0.367677     1.7393     3.3339     2.1708          0     21.500  34.446649   996.9296      1.392     -0.054  0.000e+00
      1.399    30.0920   0.366964     1.7356     3.1954     2.1639          0     21.750  34.446652   996.9255      1.392     -0.017  0.000e+00
      1.421    30.0964   0.366306     1.7321     3.0459     2.1723          0     22.000  34.446655   996.9217      1.413      0.029  0.000e+00
      1.400    30.0981   0.366126     1.7312     2.9175     2.1364          0     22.250  34.446658   996.9204      1.392      0.050  0.000e+00
      1.356    30.1010   0.366006     1.7305     2.8305     2.1380          0     22.500  34.446661   996.9187      1.349      0.044  0.000e+00
      1.291    30.1039   0.365878     1.7297     2.7435     2.1402          0     22.750  34.446664   996.9170      1.284      0.020  0.000e+00
      1.324    30.1065   0.365665     1.7286     2.7031     2.1326          0     23.000  34.446667   996.9155      1.317     -0.009  0.000e+00
      1.367    30.1086   0.365458     1.7275     2.6820     2.1906          0     23.250  34.446670   996.9142      1.360     -0.022  0.000e+00
      1.421    30.1104   0.365313     1.7267     2.6561     2.1860          0     23.500  34.446672   996.9133      1.413     -0.021  0.000e+00
      1.432    30.1112   0.365207     1.7261     2.6485     2.1883          0     23.750  34.446675   996.9127      1.424      0.002  0.000e+00
      1.432    30.1117   0.365127     1.7257     2.6447     2.1914          0     24.000  34.446678   996.9123      1.424      0.023  0.000e+00
      1.389    30.1112   0.365048     1.7253     2.6355     2.1883          0     24.250  34.446681   996.9119      1.381      0.037  0.000e+00
      1.367    30.1100   0.364969     1.7250     2.6244     2.1425          0     24.500  34.446684   996.9120      1.360      0.041  0.000e+00
      1.345    30.1097   0.364945     1.7249     2.5996     2.1364          0     24.750  34.446687   996.9119      1.338      0.027  0.000e+00
      1.346    30.1103   0.364979     1.7250     2.5777     2.1341          0     25.000  34.446690   996.9118      1.338     -0.009  0.000e+00
      1.345    30.1112   0.364914     1.7247     2.5537     2.1456          0     25.250  34.446693   996.9112      1.338     -0.037  0.000e+00
      1.399    30.1119   0.364824     1.7242     2.5294     2.1952          0     25.500  34.446696   996.9109      1.392     -0.037  0.000e+00
      1.432    30.1122   0.364762     1.7239     2.5087     2.2028          0     25.750  34.446698   996.9108      1.424     -0.014  0.000e+00
      1.421    30.1121   0.364704     1.7236     2.4926     2.1898          0     26.000  34.446701   996.9105      1.413      0.010  0.000e+00
      1.400    30.1112   0.364638     1.7233     2.4659     2.1868          0     26.250  34.446704   996.9105      1.392      0.029  0.000e+00
      1.367    30.1097   0.364583     1.7231     2.4357     2.1380          0     26.500  34.446707   996.9106      1.360      0.027  0.000e+00
      1.324    30.1082   0.364569     1.7230     2.4014     2.1425          0     26.750  34.446710   996.9109      1.317      0.007  0.000e+00
      1.345    30.1076   0.364583     1.7231     2.3737     2.1387          0     27.000  34.446713   996.9112      1.338     -0.011  0.000e+00
      1.389    30.1073   0.364676     1.7236     2.3550     2.1494          0     27.250  34.446716   996.9119      1.381     -0.017  0.000e+00
      1.410    30.1069   0.364742     1.7239     2.3291     2.1486          0     27.500  34.446719   996.9123      1.403     -0.021  0.000e+00
