public/post/ctd_rufiji/SBE19plus_01906740_2018_02_13_0909.cnv
* Sea-Bird SBE19plus  Data File:
* FileName = C:\Users\all user\Desktop\CTD tafiri 2018\SBE19plus_01906740_2018_02_13_0909.hex
* Software version 2.6.3.104
* Temperature SN = 6740
* Conductivity SN = 6740
* System UpLoad Time = Feb 13 2018 14:02:04
* <ApplicationData>
* <Seaterm232>
# nquan = 13
# nvalues = 400                                   
# units = specified
# name 0 = prdM: Pressure, Strain Gauge [db]
# name 1 = tv290C: Temperature [ITS-90, deg C]
# name 2 = c0S/m: Conductivity [S/m]
# name 3 = sal00: Salinity, Practical [PSU]
# name 4 = sbeox0ML/L: Oxygen, SBE 43 [ml/l]
# name 5 = flECO-AFL: Fluorescence, WET Labs ECO-AFL/FL [mg/m^3]
# name 6 = nbf: Bottles Fired
# name 7 = timeS: Time, Elapsed [seconds]
# name 8 = timeJ: Julian Days
# name 9 = density00: Density [density, kg/m^3]
# name 10 = depSM: Depth [salt water, m], lat = 0.00
# name 11 = dz/dtM: Descent Rate [m/s]
# name 12 = flag:  0.000e+00
# span 0 =      0.119,      6.519                 
# span 1 =    29.7234,    30.3323                 
# span 2 =   0.002850,   0.025577                 
# span 3 =     0.0213,     0.1126                 
# span 4 =     0.8491,     6.2410                 
# span 5 =    -0.0296,     1.8663                 
# span 6 =          0,          0                 
# span 7 =      0.000,     99.750                 
# span 8 =  34.272269,  34.273423                 
# span 9 =   995.5727,   995.8187                 
# span 10 =      0.118,      6.484                
# span 11 =     -0.448,      0.561                
# span 12 = 0.0000e+00, 0.0000e+00                
# interval = seconds: 0.25
# start_time = Feb 03 2018 06:32:04 [Instrument's time stamp, header]
# bad_flag = -9.990e-29
*END*
      0.725    29.7780   0.024885     0.1106     3.4284     1.6451          0      0.000  34.272269   995.8021      0.721      0.000  0.000e+00
      0.844    29.8738   0.024993     0.1109     3.1135     1.6474          0      0.250  34.272271   995.7741      0.839      0.032  0.000e+00
      0.909    29.9864   0.024954     0.1105     3.1029     1.6443          0      0.500  34.272274   995.7401      0.904      0.073  0.000e+00
      0.974    30.0720   0.024894     0.1101     3.1157     1.6558          0      0.750  34.272277   995.7142      0.969      0.119  0.000e+00
      1.071    30.1204   0.024999     0.1104     3.1494     1.6817          0      1.000  34.272280   995.7003      1.065      0.174  0.000e+00
      1.169    30.1470   0.025118     0.1109     3.1880     1.6855          0      1.250  34.272283   995.6930      1.162      0.233  0.000e+00
      1.266    30.1705   0.025202     0.1112     3.2724     1.6756          0      1.500  34.272286   995.6865      1.259      0.288  0.000e+00
      1.298    30.1927   0.025295     0.1115     3.3202     1.6878          0      1.750  34.272289   995.6802      1.291      0.315  0.000e+00
      1.309    30.2107   0.025289     0.1115     3.5494     1.7389          0      2.000  34.272292   995.6747      1.302      0.307  0.000e+00
      1.298    30.2208   0.025289     0.1115     3.6688     1.7420          0      2.250  34.272295   995.6716      1.291      0.257  0.000e+00
      1.298    30.2273   0.025289     0.1115     3.7077     1.7420          0      2.500  34.272297   995.6696      1.291      0.209  0.000e+00
      1.288    30.2302   0.025268     0.1114     3.9190     1.7412          0      2.750  34.272300   995.6686      1.281      0.149  0.000e+00
      1.299    30.2302   0.025241     0.1112     4.0207     1.6588          0      3.000  34.272303   995.6686      1.291      0.089  0.000e+00
      1.320    30.2238   0.025217     0.1112     3.9327     1.6565          0      3.250  34.272306   995.6705      1.313      0.045  0.000e+00
      1.309    30.2197   0.025214     0.1112     3.9619     1.6665          0      3.500  34.272309   995.6717      1.302      0.014  0.000e+00
      1.342    30.2187   0.025274     0.1114     3.9044     1.6581          0      3.750  34.272312   995.6724      1.335      0.015  0.000e+00
      1.342    30.2187   0.025289     0.1115     3.8353     1.6657          0      4.000  34.272315   995.6724      1.335      0.021  0.000e+00
      1.342    30.2153   0.025307     0.1116     3.7808     1.6810          0      4.250  34.272318   995.6735      1.335      0.028  0.000e+00
      1.342    30.2129   0.025223     0.1112     3.7742     1.6832          0      4.500  34.272321   995.6740      1.335      0.030  0.000e+00
      1.320    30.2119   0.025142     0.1109     3.7155     1.6794          0      4.750  34.272323   995.6739      1.313      0.022  0.000e+00
      1.320    30.2112   0.024972     0.1101     3.7086     1.6810          0      5.000  34.272326   995.6736      1.313      0.010  0.000e+00
      1.342    30.2111   0.024789     0.1094     3.7460     1.6588          0      5.250  34.272329   995.6732      1.335      0.005  0.000e+00
      1.364    30.2089   0.024678     0.1089     3.6812     1.6542          0      5.500  34.272332   995.6736      1.356      0.010  0.000e+00
      1.439    30.2091   0.024576     0.1085     3.9037     1.6665          0      5.750  34.272335   995.6735      1.431      0.029  0.000e+00
      1.472    30.2132   0.024477     0.1080     3.7307     1.6542          0      6.000  34.272338   995.6721      1.464      0.058  0.000e+00
      1.504    30.2192   0.024379     0.1076     3.7521     1.8015          0      6.250  34.272341   995.6701      1.496      0.088  0.000e+00
      1.504    30.2297   0.024301     0.1073     3.7632     1.8015          0      6.500  34.272344   995.6666      1.496      0.107  0.000e+00
      1.493    30.2382   0.024241     0.1070     3.7862     1.7969          0      6.750  34.272347   995.6638      1.485      0.112  0.000e+00
      1.483    30.2389   0.024214     0.1069     3.8163     1.8007          0      7.000  34.272350   995.6635      1.474      0.097  0.000e+00
      1.493    30.2336   0.024175     0.1067     3.8485     1.6909          0      7.250  34.272352   995.6650      1.485      0.074  0.000e+00
      1.504    30.2292   0.024043     0.1062     3.8807     1.6947          0      7.500  34.272355   995.6660      1.496      0.049  0.000e+00
      1.504    30.2306   0.023888     0.1055     3.8987     1.6871          0      7.750  34.272358   995.6650      1.496      0.021  0.000e+00
      1.504    30.2368   0.023795     0.1051     4.0061     1.6962          0      8.000  34.272361   995.6629      1.496      0.009  0.000e+00
      1.493    30.2383   0.023702     0.1047     4.0475     1.6947          0      8.250  34.272364   995.6621      1.485      0.000  0.000e+00
      1.504    30.2394   0.023621     0.1044     4.0348     1.7260          0      8.500  34.272367   995.6615      1.496      0.004  0.000e+00
      1.493    30.2486   0.023567     0.1041     3.9666     1.7305          0      8.750  34.272370   995.6585      1.485      0.004  0.000e+00
      1.493    30.2589   0.023555     0.1041     3.8390     1.7305          0      9.000  34.272373   995.6553      1.485      0.002  0.000e+00
      1.493    30.2700   0.023582     0.1042     3.6896     1.7290          0      9.250  34.272376   995.6520      1.485     -0.004  0.000e+00
      1.493    30.2800   0.023570     0.1041     3.5199     1.7016          0      9.500  34.272378   995.6489      1.485     -0.007  0.000e+00
      1.493    30.2876   0.023555     0.1040     3.3587     1.6947          0      9.750  34.272381   995.6465      1.485     -0.006  0.000e+00
      1.483    30.2902   0.023549     0.1040     3.2050     1.7016          0     10.000  34.272384   995.6457      1.474     -0.007  0.000e+00
      1.493    30.2899   0.023534     0.1039     3.0890     1.7160          0     10.250  34.272387   995.6458      1.485     -0.004  0.000e+00
      1.483    30.2847   0.023522     0.1039     3.0066     1.6481          0     10.500  34.272390   995.6473      1.474     -0.007  0.000e+00
      1.472    30.2772   0.023489     0.1038     2.9476     1.6459          0     10.750  34.272393   995.6494      1.464     -0.009  0.000e+00
      1.515    30.2760   0.023492     0.1038     2.9102     1.6459          0     11.000  34.272396   995.6500      1.507     -0.000  0.000e+00
      1.515    30.2810   0.023477     0.1037     2.8832     1.6466          0     11.250  34.272399   995.6484      1.507      0.007  0.000e+00
      1.515    30.2862   0.023445     0.1036     2.8626     1.7000          0     11.500  34.272402   995.6467      1.507      0.013  0.000e+00
      1.515    30.2892   0.023430     0.1035     2.8431     1.7099          0     11.750  34.272405   995.6458      1.507      0.017  0.000e+00
      1.515    30.2882   0.023439     0.1035     2.8256     1.7145          0     12.000  34.272407   995.6461      1.507      0.020  0.000e+00
      1.515    30.2868   0.023439     0.1035     2.8179     1.7023          0     12.250  34.272410   995.6465      1.507      0.018  0.000e+00
      1.483    30.2857   0.023456     0.1036     2.7998     1.6985          0     12.500  34.272413   995.6468      1.474      0.009  0.000e+00
      1.515    30.2855   0.023471     0.1037     2.7829     1.6680          0     12.750  34.272416   995.6470      1.507      0.005  0.000e+00
      1.493    30.2872   0.023525     0.1039     2.7696     1.6687          0     13.000  34.272419   995.6466      1.485     -0.010  0.000e+00
      1.515    30.2877   0.023597     0.1042     2.7518     1.6787          0     13.250  34.272422   995.6467      1.507     -0.006  0.000e+00
      1.515    30.2872   0.023687     0.1046     2.7270     1.6657          0     13.500  34.272425   995.6472      1.507     -0.003  0.000e+00
      1.504    30.2860   0.023768     0.1049     2.7095     1.6642          0     13.750  34.272428   995.6477      1.496     -0.002  0.000e+00
      1.504    30.2847   0.023813     0.1051     2.6966     1.6573          0     14.000  34.272431   995.6483      1.496     -0.001  0.000e+00
      1.504    30.2827   0.023858     0.1053     2.6826     1.6520          0     14.250  34.272433   995.6490      1.496      0.001  0.000e+00
      1.493    30.2806   0.023891     0.1055     2.6723     1.6565          0     14.500  34.272436   995.6497      1.485      0.001  0.000e+00
      1.515    30.2798   0.023912     0.1055     2.6696     1.6558          0     14.750  34.272439   995.6502      1.507     -0.002  0.000e+00
      1.483    30.2800   0.023959     0.1057     2.6558     1.6604          0     15.000  34.272442   995.6501      1.474     -0.006  0.000e+00
      1.493    30.2816   0.024037     0.1061     2.6517     1.6527          0     15.250  34.272445   995.6499      1.485     -0.011  0.000e+00
      1.515    30.2840   0.024109     0.1064     2.6419     1.6626          0     15.500  34.272448   995.6495      1.507     -0.004  0.000e+00
      1.504    30.2857   0.024175     0.1066     2.6298     1.6588          0     15.750  34.272451   995.6491      1.496      0.000  0.000e+00
      1.493    30.2857   0.024202     0.1068     2.6204     1.6695          0     16.000  34.272454   995.6492      1.485     -0.001  0.000e+00
      1.504    30.2832   0.024235     0.1069     2.6070     1.6771          0     16.250  34.272457   995.6501      1.496      0.001  0.000e+00
      1.504    30.2801   0.024247     0.1070     2.6414     1.6733          0     16.500  34.272459   995.6511      1.496      0.003  0.000e+00
      1.515    30.2770   0.024268     0.1070     2.9566     1.6771          0     16.750  34.272462   995.6521      1.507      0.004  0.000e+00
      1.493    30.2765   0.024289     0.1071     3.5624     1.6871          0     17.000  34.272465   995.6523      1.485      0.006  0.000e+00
      1.493    30.2773   0.024313     0.1072     3.9005     1.6901          0     17.250  34.272468   995.6521      1.485     -0.002  0.000e+00
      1.515    30.2777   0.024340     0.1074     3.9045     1.6825          0     17.500  34.272471   995.6522      1.507     -0.001  0.000e+00
      1.537    30.2774   0.024340     0.1074     4.1743     1.6924          0     17.750  34.272474   995.6523      1.528      0.011  0.000e+00
      1.504    30.2773   0.024355     0.1074     4.2992     1.6619          0     18.000  34.272477   995.6523      1.496      0.009  0.000e+00
      1.515    30.2780   0.024373     0.1075     4.2220     1.6733          0     18.250  34.272480   995.6522      1.507      0.007  0.000e+00
      1.504    30.2798   0.024433     0.1077     5.3935     1.6802          0     18.500  34.272483   995.6518      1.496      0.004  0.000e+00
      1.526    30.2813   0.024445     0.1078     4.1231     1.6695          0     18.750  34.272486   995.6514      1.517      0.007  0.000e+00
      1.515    30.2820   0.024454     0.1078     3.4720     1.7077          0     19.000  34.272488   995.6512      1.506      0.009  0.000e+00
      1.515    30.2814   0.024477     0.1079     1.5451     1.7046          0     19.250  34.272491   995.6514      1.506      0.004  0.000e+00
      1.504    30.2798   0.024486     0.1080     1.2423     1.6916          0     19.500  34.272494   995.6519      1.496     -0.005  0.000e+00
      1.504    30.2782   0.024492     0.1080     0.9725     1.7069          0     19.750  34.272497   995.6524      1.496     -0.008  0.000e+00
      1.482    30.2778   0.024516     0.1081     0.8594     1.7031          0     20.000  34.272500   995.6525      1.474     -0.009  0.000e+00
      1.472    30.2774   0.024543     0.1082     0.8770     1.6642          0     20.250  34.272503   995.6527      1.463     -0.019  0.000e+00
      1.504    30.2757   0.024552     0.1083     0.9858     1.6672          0     20.500  34.272506   995.6534      1.496     -0.016  0.000e+00
      1.515    30.2728   0.024573     0.1083     1.5344     1.6756          0     20.750  34.272509   995.6544      1.506     -0.012  0.000e+00
      1.515    30.2701   0.024576     0.1084     1.9148     1.6733          0     21.000  34.272512   995.6552      1.506     -0.002  0.000e+00
      1.504    30.2694   0.024582     0.1084     2.2852     1.6527          0     21.250  34.272514   995.6554      1.496      0.002  0.000e+00
      1.493    30.2680   0.024597     0.1085     2.2624     1.6573          0     21.500  34.272517   995.6558      1.485      0.004  0.000e+00
      1.482    30.2669   0.024573     0.1084     2.2526     1.6573          0     21.750  34.272520   995.6561      1.474      0.001  0.000e+00
      1.471    30.2646   0.024498     0.1080     2.2448     1.6642          0     22.000  34.272523   995.6565      1.463     -0.003  0.000e+00
      1.471    30.2581   0.024394     0.1076     2.2379     1.6535          0     22.250  34.272526   995.6581      1.463     -0.012  0.000e+00
      1.482    30.2476   0.024301     0.1072     2.2364     1.6558          0     22.500  34.272529   995.6611      1.474     -0.022  0.000e+00
      1.515    30.2367   0.024280     0.1072     2.2310     1.6588          0     22.750  34.272532   995.6645      1.506     -0.012  0.000e+00
      1.493    30.2289   0.024301     0.1073     2.2266     1.6504          0     23.000  34.272535   995.6669      1.485     -0.006  0.000e+00
      1.471    30.2231   0.024361     0.1075     2.2238     1.6840          0     23.250  34.272538   995.6687      1.463     -0.004  0.000e+00
      1.493    30.2188   0.024406     0.1077     2.2536     1.6825          0     23.500  34.272541   995.6702      1.485      0.004  0.000e+00
      1.482    30.2153   0.024361     0.1076     2.2934     1.6916          0     23.750  34.272543   995.6711      1.474      0.005  0.000e+00
      1.493    30.2108   0.024277     0.1072     2.3217     1.6794          0     24.000  34.272546   995.6723      1.485      0.006  0.000e+00
      1.504    30.2047   0.024214     0.1070     2.3647     1.6771          0     24.250  34.272549   995.6740      1.496      0.007  0.000e+00
      1.493    30.1980   0.024190     0.1069     2.4494     1.6901          0     24.500  34.272552   995.6759      1.485      0.001  0.000e+00
      1.493    30.1921   0.024196     0.1069     2.5097     1.6878          0     24.750  34.272555   995.6778      1.485     -0.001  0.000e+00
      1.482    30.1857   0.024259     0.1072     2.5701     1.6947          0     25.000  34.272558   995.6798      1.474      0.003  0.000e+00
      1.482    30.1796   0.024289     0.1073     2.7297     1.6916          0     25.250  34.272561   995.6818      1.474      0.002  0.000e+00
      1.482    30.1741   0.024289     0.1073     2.6877     1.6649          0     25.500  34.272564   995.6835      1.474     -0.005  0.000e+00
      1.471    30.1685   0.024241     0.1071     2.6150     1.6779          0     25.750  34.272567   995.6850      1.463     -0.009  0.000e+00
      1.482    30.1622   0.024214     0.1070     2.6597     1.6733          0     26.000  34.272569   995.6869      1.474     -0.012  0.000e+00
      1.482    30.1552   0.024208     0.1070     2.4961     1.6665          0     26.250  34.272572   995.6890      1.474     -0.011  0.000e+00
      1.515    30.1481   0.024235     0.1071     2.6163     1.6756          0     26.500  34.272575   995.6914      1.506      0.003  0.000e+00
      1.515    30.1417   0.024253     0.1072     2.5355     1.6695          0     26.750  34.272578   995.6934      1.506      0.012  0.000e+00
      1.493    30.1357   0.024247     0.1072     2.6376     1.6733          0     27.000  34.272581   995.6951      1.485      0.014  0.000e+00
      1.493    30.1299   0.024229     0.1071     2.7414     1.6756          0     27.250  34.272584   995.6968      1.485      0.013  0.000e+00
      1.482    30.1238   0.024181     0.1070     2.6633     1.6954          0     27.500  34.272587   995.6985      1.474      0.008  0.000e+00
