public/post/ctd_rufiji/SBE19plus_01906740_2018_02_13_0888.cnv
* Sea-Bird SBE19plus  Data File:
* FileName = C:\Users\all user\Desktop\CTD tafiri 2018\SBE19plus_01906740_2018_02_13_0888.hex
* Software version 2.6.3.104
* Temperature SN = 6740
* Conductivity SN = 6740
* System UpLoad Time = Feb 13 2018 13:58:20
* <ApplicationData>
* <Seaterm232>
# nquan = 13
# nvalues = 368                                   
# units = specified
# name 0 = prdM: Pressure, Strain Gauge [db]
# name 1 = tv290C: Temperature [ITS-90, deg C]
# name 2 = c0S/m: Conductivity [S/m]
# name 3 = sal00: Salinity, Practical [PSU]
# name 4 = sbeox0ML/L: Oxygen, SBE 43 [ml/l]
# name 5 = flECO-AFL: Fluorescence, WET Labs ECO-AFL/FL [mg/m^3]
# name 6 = nbf: Bottles Fired
# name 7 = timeS: Time, Elapsed [seconds]
# name 8 = timeJ: Julian Days
# name 9 = density00: Density [density, kg/m^3]
# name 10 = depSM: Depth [salt water, m], lat = 0.00
# name 11 = dz/dtM: Descent Rate [m/s]
# name 12 = flag:  0.000e+00
# span 0 =      0.071,      2.471                 
# span 1 =    30.1673,    31.0026                 
# span 2 =   0.073070,   2.049203                 
# span 3 =     0.3171,    10.8340                 
# span 4 =     1.6611,     3.7322                 
# span 5 =    -0.1776,     1.7839                 
# span 6 =          0,          0                 
# span 7 =      0.000,     91.750                 
# span 8 =  33.736377,  33.737439                 
# span 9 =   995.6029,  1003.4676                 
# span 10 =      0.070,      2.457                
# span 11 =     -0.417,      0.245                
# span 12 = 0.0000e+00, 0.0000e+00                
# interval = seconds: 0.25
# start_time = Feb 02 2018 17:40:23 [Instrument's time stamp, header]
# bad_flag = -9.990e-29
*END*
[from data line 334]
      2.223    30.8010   1.918451    10.0846     2.1071     1.3712          0     83.500  33.737344  1002.9119      2.211      0.016  0.000e+00
      2.136    30.8008   1.904532    10.0051     2.1219     1.3674          0     83.750  33.737347  1002.8526      2.125     -0.051  0.000e+00
      2.050    30.8006   1.889643     9.9201     2.1102     1.3063          0     84.000  33.737350  1002.7893      2.039     -0.128  0.000e+00
      1.996    30.8009   1.879239     9.8607     2.1326     1.3079          0     84.250  33.737352  1002.7448      1.985     -0.201  0.000e+00
      1.931    30.8014   1.819188     9.5187     2.1354     1.3048          0     84.500  33.737355  1002.4907      1.920     -0.252  0.000e+00
      1.844    30.8025   1.776500     9.2761     2.1395     1.3079          0     84.750  33.737358  1002.3100      1.834     -0.282  0.000e+00
      1.769    30.8040   1.753465     9.1453     2.1453     1.2712          0     85.000  33.737361  1002.2122      1.759     -0.285  0.000e+00
      1.693    30.8053   1.699881     8.8422     2.1720     1.2712          0     85.250  33.737364  1001.9866      1.684     -0.293  0.000e+00
      1.617    30.8071   1.670680     8.6772     2.1951     1.2667          0     85.500  33.737367  1001.8633      1.608     -0.298  0.000e+00
      1.542    30.8092   1.661060     8.6227     2.1995     1.2659          0     85.750  33.737370  1001.8218      1.533     -0.296  0.000e+00
      1.466    30.8108   1.647477     8.5460     2.2238     1.2728          0     86.000  33.737373  1001.7641      1.458     -0.299  0.000e+00
      1.401    30.8118   1.636830     8.4859     2.2124     1.2072          0     86.250  33.737376  1001.7189      1.393     -0.302  0.000e+00
      1.304    30.8130   1.625615     8.4227     2.1868     1.2064          0     86.500  33.737378  1001.6712      1.297     -0.306  0.000e+00
      1.131    30.8130   1.616247     8.3701     2.1606     1.2133          0     86.750  33.737381  1001.6315      1.124     -0.332  0.000e+00
      1.001    30.8129   1.575580     8.1422     2.1364     1.2140          0     87.000  33.737384  1001.4618      0.995     -0.368  0.000e+00
      0.882    30.8150   1.441269     7.3931     2.1560     1.5413          0     87.250  33.737387  1000.9049      0.877     -0.405  0.000e+00
      0.849    30.8234   1.242250     6.2955     2.1470     1.5459          0     87.500  33.737390  1000.0875      0.845     -0.417  0.000e+00
      0.806    30.8399   1.175110     5.9274     2.1339     1.5429          0     87.750  33.737393   999.8089      0.802     -0.409  0.000e+00
      0.774    30.8610   0.834544     4.1012     2.1537     1.5406          0     88.000  33.737396   998.4458      0.770     -0.381  0.000e+00
      0.731    30.8945   0.821237     4.0285     2.1770     1.6962          0     88.250  33.737399   998.3811      0.727     -0.338  0.000e+00
      0.655    30.9195   0.768857     3.7520     1.7802     1.6947          0     88.500  33.737402   998.1675      0.651     -0.288  0.000e+00
      0.666    30.9395   0.589414     2.8234     1.8447     1.7016          0     88.750  33.737405   997.4707      0.662     -0.218  0.000e+00
      0.612    30.9643   0.592726     2.8389     1.8745     1.6871          0     89.000  33.737407   997.4743      0.608     -0.178  0.000e+00
      0.547    30.9820   0.597053     2.8600     1.8999     1.7077          0     89.250  33.737410   997.4841      0.544     -0.164  0.000e+00
      0.428    30.9918   0.595982     2.8540     2.1391     1.7069          0     89.500  33.737413   997.4761      0.425     -0.190  0.000e+00
      0.266    30.9944   0.606818     2.9092     1.9071     1.7107          0     89.750  33.737416   997.5156      0.264     -0.241  0.000e+00
      0.103    30.9958   0.521768     2.4768     2.3803     1.7099          0     90.000  33.737419   997.1927      0.103     -0.310  0.000e+00
      0.071    31.0026   0.149730     0.6644     2.8091     1.7099          0     90.250  33.737422   995.8395      0.070     -0.352  0.000e+00
      0.082    30.9988   0.079782     0.3463     3.1410     0.8539          0     90.500  33.737425   995.6029      0.081     -0.358  0.000e+00
      0.093    30.9640   0.084552     0.3678     3.0986     0.8402          0     90.750  33.737428   995.6299      0.092     -0.344  0.000e+00
      0.103    30.9224   0.082506     0.3590     3.0433     0.8509          0     91.000  33.737431   995.6362      0.103     -0.285  0.000e+00
      0.082    30.8896   0.073070     0.3171     2.9624     0.8516          0     91.250  33.737433   995.6150      0.081     -0.213  0.000e+00
      0.071    30.8610   0.091944     0.4018     2.8746    -0.1738          0     91.500  33.737436   995.6871      0.071     -0.130  0.000e+00
      0.093    30.8336   0.096270     0.4215     2.7730    -0.1776          0     91.750  33.737439   995.7105      0.092     -0.050  0.000e+00
