public/post/ctd_rufiji/SBE19plus_01906740_2018_02_13_0892.cnv
* Sea-Bird SBE19plus  Data File:
* FileName = C:\Users\all user\Desktop\CTD tafiri 2018\SBE19plus_01906740_2018_02_13_0892.hex
* Software version 2.6.3.104
* Temperature SN = 6740
* Conductivity SN = 6740
* System UpLoad Time = Feb 13 2018 13:59:07
* <ApplicationData>
* <Seaterm232>
# nquan = 13
# nvalues = 458                                   
# units = specified
# name 0 = prdM: Pressure, Strain Gauge [db]
# name 1 = tv290C: Temperature [ITS-90, deg C]
# name 2 = c0S/m: Conductivity [S/m]
# name 3 = sal00: Salinity, Practical [PSU]
# name 4 = sbeox0ML/L: Oxygen, SBE 43 [ml/l]
# name 5 = flECO-AFL: Fluorescence, WET Labs ECO-AFL/FL [mg/m^3]
# name 6 = nbf: Bottles Fired
# name 7 = timeS: Time, Elapsed [seconds]
# name 8 = timeJ: Julian Days
# name 9 = density00: Density [density, kg/m^3]
# name 10 = depSM: Depth [salt water, m], lat = 0.00
# name 11 = dz/dtM: Descent Rate [m/s]
# name 12 = flag:  0.000e+00
# span 0 =      0.039,      7.305                 
# span 1 =    29.8177,    30.7365                 
# span 2 =   0.384102,   3.042387                 
# span 3 =     1.8316,    16.7349                 
# span 4 =     1.7303,     3.1624                 
# span 5 =    -0.1097,     2.4340                 
# span 6 =          0,          0                 
# span 7 =      0.000,    114.250                 
# span 8 =  33.753391,  33.754714                 
# span 9 =   997.0765,  1007.9081                 
# span 10 =      0.039,      7.265                
# span 11 =     -0.487,      0.533                
# span 12 = 0.0000e+00, 0.0000e+00                
# interval = seconds: 0.25
# start_time = Feb 02 2018 18:04:53 [Instrument's time stamp, header]
# bad_flag = -9.990e-29
*END*
[from data line 112]
      1.165    30.6413   2.123185    11.2979     1.8668     1.1438          0     28.000  33.753715  1003.8585      1.158      0.006  0.000e+00
      1.197    30.6419   2.109341    11.2175     1.8641     1.1461          0     28.250  33.753718  1003.7988      1.190     -0.011  0.000e+00
      1.240    30.6376   2.097903    11.1522     1.8572     1.1400          0     28.500  33.753721  1003.7519      1.233     -0.012  0.000e+00
      1.240    30.6369   2.093570    11.1273     1.8518     1.1286          0     28.750  33.753724  1003.7336      1.233     -0.004  0.000e+00
      1.230    30.6387   2.096798    11.1456     1.8395     1.1293          0     29.000  33.753727  1003.7466      1.223      0.009  0.000e+00
      1.208    30.6272   2.105973    11.2013     1.8298     1.1324          0     29.250  33.753730  1003.7915      1.201      0.014  0.000e+00
      1.186    30.6045   2.118882    11.2813     1.8321     1.1286          0     29.500  33.753733  1003.8580      1.180      0.015  0.000e+00
      1.208    30.5968   2.123860    11.3120     1.8269     1.1438          0     29.750  33.753736  1003.8833      1.201      0.014  0.000e+00
      1.240    30.5968   2.122034    11.3014     1.8307     1.1469          0     30.000  33.753738  1003.8756      1.234      0.013  0.000e+00
      1.230    30.5941   2.120427    11.2927     1.8227     1.1476          0     30.250  33.753741  1003.8699      1.223      0.002  0.000e+00
      1.219    30.5916   2.115332    11.2637     1.8160     1.1408          0     30.500  33.753744  1003.8492      1.212     -0.006  0.000e+00
      1.229    30.5909   2.108669    11.2252     1.8137     1.1652          0     30.750  33.753747  1003.8209      1.223      0.001  0.000e+00
      1.208    30.5930   2.101211    11.1815     1.8165     1.1690          0     31.000  33.753750  1003.7877      1.201      0.004  0.000e+00
      1.219    30.5969   2.097185    11.1572     1.8077     1.1690          0     31.250  33.753753  1003.7685      1.212      0.009  0.000e+00
      1.219    30.6000   2.096498    11.1526     1.7952     1.1721          0     31.500  33.753756  1003.7641      1.212      0.006  0.000e+00
      1.240    30.6006   2.093999    11.1379     1.7858     1.1148          0     31.750  33.753759  1003.7531      1.233      0.002  0.000e+00
      1.262    30.5998   2.093870    11.1374     1.7840     1.1126          0     32.000  33.753762  1003.7531      1.255      0.007  0.000e+00
      1.240    30.5982   2.098906    11.1669     1.7820     1.1194          0     32.250  33.753764  1003.7754      1.234      0.014  0.000e+00
      1.241    30.5953   2.107654    11.2183     1.7741     1.1194          0     32.500  33.753767  1003.8144      1.234      0.017  0.000e+00
      1.219    30.5934   2.116695    11.2712     1.7695     1.1225          0     32.750  33.753770  1003.8542      1.212      0.010  0.000e+00
      1.219    30.5924   2.115555    11.2648     1.7634     1.1187          0     33.000  33.753773  1003.8497      1.212      0.006  0.000e+00
      1.262    30.5917   2.105823    11.2085     1.7601     1.1141          0     33.250  33.753776  1003.8084      1.255      0.007  0.000e+00
      1.262    30.5896   2.093762    11.1390     1.7590     1.1171          0     33.500  33.753779  1003.7575      1.255      0.009  0.000e+00
      1.273    30.5869   2.089886    11.1172     1.7564     1.1202          0     33.750  33.753782  1003.7422      1.266      0.010  0.000e+00
      1.229    30.5856   2.095631    11.1508     1.7507     1.1309          0     34.000  33.753785  1003.7674      1.223      0.003  0.000e+00
      1.219    30.5840   2.105404    11.2078     1.7409     1.1347          0     34.250  33.753788  1003.8102      1.212      0.002  0.000e+00
      1.197    30.5816   2.114991    11.2640     1.7356     1.1278          0     34.500  33.753791  1003.8525      1.190     -0.010  0.000e+00
      1.229    30.5796   2.115462    11.2671     1.7403     1.1301          0     34.750  33.753793  1003.8556      1.223     -0.009  0.000e+00
      1.284    30.5794   2.100957    11.1830     1.7417     1.1438          0     35.000  33.753796  1003.7935      1.276     -0.001  0.000e+00
      1.273    30.5772   2.084120    11.0859     1.7468     1.1400          0     35.250  33.753799  1003.7221      1.266     -0.001  0.000e+00
      1.273    30.5706   2.074185    11.0298     1.7419     1.1461          0     35.500  33.753802  1003.6826      1.266      0.011  0.000e+00
      1.219    30.5267   2.070646    11.0191     1.7303     1.1408          0     35.750  33.753805  1003.6884      1.212      0.007  0.000e+00
      1.197    30.4641   2.072385    11.0431     1.7374     1.1332          0     36.000  33.753808  1003.7261      1.190      0.004  0.000e+00
      1.186    30.4250   2.074495    11.0641     1.7468     1.1278          0     36.250  33.753811  1003.7540      1.180     -0.011  0.000e+00
      1.229    30.4030   2.070431    11.0454     1.7416     1.1316          0     36.500  33.753814  1003.7473      1.222     -0.015  0.000e+00
      1.262    30.3828   2.071809    11.0579     1.7535     1.1270          0     36.750  33.753817  1003.7632      1.255     -0.019  0.000e+00
      1.262    30.3592   2.068251    11.0425     1.7571     1.1354          0     37.000  33.753819  1003.7592      1.255     -0.016  0.000e+00
      1.283    30.3193   2.066735    11.0426     1.7624     1.1591          0     37.250  33.753822  1003.7721      1.276      0.009  0.000e+00
      1.251    30.2636   2.067182    11.0576     1.7747     1.1614          0     37.500  33.753825  1003.8007      1.244      0.021  0.000e+00
      1.208    30.2178   2.067522    11.0699     1.7763     1.1560          0     37.750  33.753828  1003.8242      1.201      0.023  0.000e+00
      1.208    30.1812   2.067167    11.0760     1.7800     1.1591          0     38.000  33.753831  1003.8403      1.201      0.012  0.000e+00
      1.186    30.1561   2.065903    11.0743     1.7819     1.1240          0     38.250  33.753834  1003.8468      1.180     -0.012  0.000e+00
      1.219    30.1429   2.064747    11.0705     1.7891     1.1164          0     38.500  33.753837  1003.8483      1.212     -0.030  0.000e+00
      1.262    30.1376   2.062712    11.0598     1.7869     1.1164          0     38.750  33.753840  1003.8422      1.255     -0.024  0.000e+00
      1.294    30.1339   2.059523    11.0420     1.7952     1.1164          0     39.000  33.753843  1003.8303      1.287     -0.001  0.000e+00
      1.294    30.1330   2.057819    11.0322     1.8037     1.1652          0     39.250  33.753845  1003.8234      1.287      0.019  0.000e+00
      1.240    30.1385   2.056120    11.0211     1.8038     1.1660          0     39.500  33.753848  1003.8131      1.233      0.031  0.000e+00
      1.218    30.1433   2.054607    11.0112     1.8119     1.1690          0     39.750  33.753851  1003.8042      1.212      0.029  0.000e+00
      1.197    30.1417   2.054222    11.0093     1.8125     1.1682          0     40.000  33.753854  1003.8032      1.190      0.009  0.000e+00
      1.197    30.1386   2.054274    11.0103     1.8113     1.1286          0     40.250  33.753857  1003.8049      1.190     -0.011  0.000e+00
      1.229    30.1383   2.053863    11.0080     1.8092     1.1293          0     40.500  33.753860  1003.8034      1.222     -0.028  0.000e+00
      1.283    30.1374   2.053371    11.0053     1.8088     1.1324          0     40.750  33.753863  1003.8019      1.276     -0.023  0.000e+00
      1.305    30.1365   2.053078    11.0038     1.8133     1.1278          0     41.000  33.753866  1003.8012      1.298     -0.002  0.000e+00
      1.283    30.1376   2.053448    11.0057     1.8167     1.1293          0     41.250  33.753869  1003.8022      1.276      0.021  0.000e+00
      1.262    30.1406   2.055002    11.0141     1.8224     1.1286          0     41.500  33.753872  1003.8074      1.255      0.039  0.000e+00
      1.207    30.1423   2.057065    11.0258     1.8208     1.1286          0     41.750  33.753874  1003.8153      1.201      0.027  0.000e+00
      1.229    30.1425   2.061259    11.0502     1.8181     1.1286          0     42.000  33.753877  1003.8334      1.222      0.015  0.000e+00
      1.218    30.1430   2.062759    11.0588     1.8169     1.1301          0     42.250  33.753880  1003.8396      1.212     -0.007  0.000e+00
      1.218    30.1444   2.063144    11.0608     1.8122     1.1423          0     42.500  33.753883  1003.8407      1.211     -0.031  0.000e+00
      1.240    30.1453   2.062620    11.0575     1.8067     1.1423          0     42.750  33.753886  1003.8380      1.233     -0.040  0.000e+00
      1.251    30.1453   2.058979    11.0363     1.8101     1.1454          0     43.000  33.753889  1003.8223      1.244     -0.028  0.000e+00
      1.251    30.1456   2.052750    10.9998     1.8111     1.1408          0     43.250  33.753892  1003.7951      1.244     -0.007  0.000e+00
      1.272    30.1463   2.051627    10.9931     1.8155     1.1026          0     43.500  33.753895  1003.7900      1.265      0.016  0.000e+00
      1.294    30.1432   2.051125    10.9909     1.8181     1.1110          0     43.750  33.753898  1003.7894      1.287      0.038  0.000e+00
      1.272    30.1353   2.049669    10.9841     1.8164     1.1011          0     44.000  33.753900  1003.7868      1.265      0.035  0.000e+00
      1.251    30.1433   2.047947    10.9723     1.8166     1.1095          0     44.250  33.753903  1003.7754      1.244      0.028  0.000e+00
      1.197    30.1551   2.046820    10.9631     1.8245     1.1064          0     44.500  33.753906  1003.7646      1.190      0.002  0.000e+00
      1.197    30.1601   2.046056    10.9576     1.8294     1.1263          0     44.750  33.753909  1003.7589      1.190     -0.022  0.000e+00
      1.207    30.1604   2.045488    10.9542     1.8378     1.1255          0     45.000  33.753912  1003.7564      1.201     -0.035  0.000e+00
      1.272    30.1585   2.043475    10.9429     1.8510     1.1332          0     45.250  33.753915  1003.7489      1.265     -0.025  0.000e+00
      1.283    30.1583   2.039682    10.9208     1.8718     1.1324          0     45.500  33.753918  1003.7326      1.276     -0.014  0.000e+00
      1.272    30.1596   2.033861    10.8866     1.8766     1.1507          0     45.750  33.753921  1003.7067      1.265     -0.000  0.000e+00
      1.240    30.1611   2.026585    10.8438     1.8901     1.1492          0     46.000  33.753924  1003.6744      1.233      0.012  0.000e+00
      1.197    30.1602   2.019502    10.8028     1.8948     1.1553          0     46.250  33.753927  1003.6440      1.190      0.009  0.000e+00
      1.164    30.1540   2.017029    10.7897     1.9081     1.1553          0     46.500  33.753929  1003.6361      1.158     -0.004  0.000e+00
      1.207    30.1521   2.018237    10.7972     1.9052     1.1278          0     46.750  33.753932  1003.6424      1.201     -0.019  0.000e+00
      1.229    30.1510   2.013288    10.7686     1.8919     1.1301          0     47.000  33.753935  1003.6216      1.222     -0.028  0.000e+00
      1.251    30.1508   2.007594    10.7355     1.8954     1.1309          0     47.250  33.753938  1003.5972      1.244     -0.030  0.000e+00
      1.283    30.1516   1.997554    10.6769     1.8829     1.1309          0     47.500  33.753941  1003.5536      1.276     -0.005  0.000e+00
      1.294    30.1525   1.989053    10.6272     1.8556     1.1576          0     47.750  33.753944  1003.5165      1.287      0.026  0.000e+00
      1.229    30.1487   1.989089    10.6282     1.8603     1.1553          0     48.000  33.753947  1003.5182      1.222      0.035  0.000e+00
      1.207    30.1425   1.989281    10.6307     1.8426     1.1599          0     48.250  33.753950  1003.5219      1.201      0.031  0.000e+00
      1.153    30.1386   1.985654    10.6105     1.8442     1.1553          0     48.500  33.753953  1003.5078      1.147      0.000  0.000e+00
      1.045    30.1366   1.987957    10.6243     1.8304     1.1538          0     48.750  33.753955  1003.5182      1.040     -0.068  0.000e+00
      0.926    30.1358   1.998621    10.6865     1.8362     1.1446          0     49.000  33.753958  1003.5642      0.921     -0.145  0.000e+00
      0.807    30.1355   1.997341    10.6792     1.8219     1.1400          0     49.250  33.753961  1003.5583      0.803     -0.228  0.000e+00
      0.699    30.1360   1.989073    10.6309     1.8255     1.1431          0     49.500  33.753964  1003.5218      0.696     -0.304  0.000e+00
      0.624    30.1366   1.980954    10.5836     1.8683     1.1484          0     49.750  33.753967  1003.4862      0.620     -0.353  0.000e+00
      0.591    30.1371   1.973676    10.5412     1.8278     1.2644          0     50.000  33.753970  1003.4544      0.588     -0.363  0.000e+00
      0.570    30.1387   1.968248    10.5093     1.8850     1.2636          0     50.250  33.753973  1003.4301      0.566     -0.354  0.000e+00
      0.559    30.1418   1.975129    10.5486     1.8232     1.2697          0     50.500  33.753976  1003.4583      0.556     -0.311  0.000e+00
      0.570    30.1428   1.978887    10.5703     1.8119     1.2667          0     50.750  33.753979  1003.4741      0.567     -0.239  0.000e+00
      0.591    30.1428   1.974238    10.5432     1.8074     1.3124          0     51.000  33.753981  1003.4541      0.588     -0.159  0.000e+00
      0.581    30.1425   1.964850    10.4888     1.8394     1.3140          0     51.250  33.753984  1003.4137      0.577     -0.091  0.000e+00
      0.613    30.1423   1.973778    10.5407     1.8010     1.3132          0     51.500  33.753987  1003.4525      0.610     -0.032  0.000e+00
      0.624    30.1417   1.987100    10.6183     1.8097     1.3155          0     51.750  33.753990  1003.5103      0.620      0.008  0.000e+00
      0.656    30.1411   1.992738    10.6512     1.8207     1.3422          0     52.000  33.753993  1003.5351      0.653      0.036  0.000e+00
      0.699    30.1499   1.998692    10.6839     1.8246     1.3323          0     52.250  33.753996  1003.5568      0.696      0.063  0.000e+00
      0.807    30.1679   2.003324    10.7069     1.8468     1.3338          0     52.500  33.753999  1003.5687      0.803      0.104  0.000e+00
      0.861    30.1903   1.998972    10.6768     1.8554     1.3422          0     52.750  33.754002  1003.5395      0.857      0.140  0.000e+00
      0.926    30.2201   1.998062    10.6650     1.8576     1.3391          0     53.000  33.754005  1003.5216      0.921      0.177  0.000e+00
      1.013    30.2438   1.995709    10.6463     1.8599     1.3041          0     53.250  33.754008  1003.5006      1.007      0.220  0.000e+00
      1.056    30.2631   1.987068    10.5920     1.8654     1.3079          0     53.500  33.754010  1003.4544      1.050      0.243  0.000e+00
      1.089    30.2707   1.975959    10.5259     1.8733     1.3025          0     53.750  33.754013  1003.4030      1.083      0.254  0.000e+00
      1.078    30.2416   1.969420    10.4942     1.8673     1.2949          0     54.000  33.754016  1003.3886      1.072      0.234  0.000e+00
      1.078    30.2086   1.964183    10.4708     1.9049     1.2423          0     54.250  33.754019  1003.3817      1.072      0.194  0.000e+00
      1.154    30.1852   1.957905    10.4393     1.9542     1.2415          0     54.500  33.754022  1003.3661      1.147      0.161  0.000e+00
      1.218    30.1719   1.948845    10.3896     2.0309     1.2445          0     54.750  33.754025  1003.3336      1.212      0.151  0.000e+00
      1.305    30.1602   1.940540    10.3439     1.9892     1.2453          0     55.000  33.754028  1003.3037      1.298      0.154  0.000e+00
      1.391    30.1476   1.933286    10.3044     2.0340     1.1606          0     55.250  33.754031  1003.2788      1.384      0.173  0.000e+00
