public/post/ctd_rufiji/SBE19plus_01906740_2018_02_13_0891.cnv
* Sea-Bird SBE19plus  Data File:
* FileName = C:\Users\all user\Desktop\CTD tafiri 2018\SBE19plus_01906740_2018_02_13_0891.hex
* Software version 2.6.3.104
* Temperature SN = 6740
* Conductivity SN = 6740
* System UpLoad Time = Feb 13 2018 13:58:55
* <ApplicationData>
* <Seaterm232>
# nquan = 13
# nvalues = 473                                   
# units = specified
# name 0 = prdM: Pressure, Strain Gauge [db]
# name 1 = tv290C: Temperature [ITS-90, deg C]
# name 2 = c0S/m: Conductivity [S/m]
# name 3 = sal00: Salinity, Practical [PSU]
# name 4 = sbeox0ML/L: Oxygen, SBE 43 [ml/l]
# name 5 = flECO-AFL: Fluorescence, WET Labs ECO-AFL/FL [mg/m^3]
# name 6 = nbf: Bottles Fired
# name 7 = timeS: Time, Elapsed [seconds]
# name 8 = timeJ: Julian Days
# name 9 = density00: Density [density, kg/m^3]
# name 10 = depSM: Depth [salt water, m], lat = 0.00
# name 11 = dz/dtM: Descent Rate [m/s]
# name 12 = flag:  0.000e+00
# span 0 =      0.082,      6.223                 
# span 1 =    29.2321,    31.0014                 
# span 2 =   0.001265,   2.934978                 
# span 3 =     0.0159,    16.0425                 
# span 4 =     1.4754,     3.6515                 
# span 5 =     0.5678,     2.4927                 
# span 6 =          0,          0                 
# span 7 =      0.000,    118.000                 
# span 8 =  33.749630,  33.750995                 
# span 9 =   995.8926,  1007.3412                 
# span 10 =      0.082,      6.189                
# span 11 =     -0.431,      0.685                
# span 12 = 0.0000e+00, 0.0000e+00                
# interval = seconds: 0.25
# start_time = Feb 02 2018 17:59:28 [Instrument's time stamp, header]
# bad_flag = -9.990e-29
*END*
[from data line 223]
      1.250    30.7210   2.537318    13.7026     1.7643     1.2087          0     55.750  33.750275  1005.6175      1.243     -0.002  0.000e+00
      1.240    30.7215   2.535662    13.6926     1.7591     1.2064          0     56.000  33.750278  1005.6099      1.233     -0.003  0.000e+00
      1.229    30.7193   2.530735    13.6641     1.7571     1.1873          0     56.250  33.750281  1005.5894      1.222     -0.007  0.000e+00
      1.250    30.7129   2.526892    13.6432     1.7656     1.1896          0     56.500  33.750284  1005.5760      1.243      0.000  0.000e+00
      1.229    30.7077   2.524632    13.6313     1.7762     1.1827          0     56.750  33.750286  1005.5688      1.222     -0.005  0.000e+00
      1.250    30.7060   2.525310    13.6358     1.7946     1.1835          0     57.000  33.750289  1005.5728      1.243     -0.004  0.000e+00
      1.250    30.7047   2.526666    13.6441     1.7892     1.1728          0     57.250  33.750292  1005.5794      1.244     -0.003  0.000e+00
      1.240    30.7029   2.526396    13.6430     1.7851     1.1827          0     57.500  33.750295  1005.5791      1.233      0.001  0.000e+00
      1.229    30.6985   2.524698    13.6342     1.7837     1.1858          0     57.750  33.750298  1005.5740      1.222     -0.003  0.000e+00
      1.261    30.6780   2.524021    13.6358     1.7838     1.1805          0     58.000  33.750301  1005.5819      1.254      0.006  0.000e+00
      1.261    30.6449   2.523536    13.6421     1.7771     1.1820          0     58.250  33.750304  1005.5972      1.254      0.010  0.000e+00
      1.250    30.6146   2.523647    13.6511     1.7779     1.1705          0     58.500  33.750307  1005.6136      1.243      0.007  0.000e+00
      1.261    30.5919   2.522815    13.6524     1.7647     1.1652          0     58.750  33.750310  1005.6220      1.254      0.012  0.000e+00
      1.250    30.5697   2.522237    13.6551     1.7677     1.1721          0     59.000  33.750313  1005.6311      1.243      0.006  0.000e+00
      1.250    30.5459   2.523592    13.6697     1.7736     1.1690          0     59.250  33.750315  1005.6496      1.243      0.006  0.000e+00
      1.261    30.5369   2.524105    13.6752     1.7754     1.1705          0     59.500  33.750318  1005.6566      1.254      0.009  0.000e+00
      1.250    30.5371   2.526243    13.6878     1.7587     1.1766          0     59.750  33.750321  1005.6659      1.243      0.004  0.000e+00
      1.261    30.5419   2.527555    13.6943     1.7556     1.1698          0     60.000  33.750324  1005.6692      1.254     -0.002  0.000e+00
      1.272    30.5475   2.528900    13.7007     1.7613     1.1698          0     60.250  33.750327  1005.6722      1.265      0.004  0.000e+00
      1.261    30.5570   2.529578    13.7021     1.7535     1.1919          0     60.500  33.750330  1005.6701      1.254      0.007  0.000e+00
      1.272    30.5688   2.544344    13.7863     1.7686     1.1927          0     60.750  33.750333  1005.7289      1.265      0.008  0.000e+00
      1.261    30.6279   2.575684    13.9556     1.7541     1.1911          0     61.000  33.750336  1005.8354      1.254      0.009  0.000e+00
      1.250    30.7418   2.584875    13.9780     1.7658     1.1957          0     61.250  33.750339  1005.8152      1.243      0.003  0.000e+00
      1.261    30.8357   2.595280    14.0131     1.7759     1.1980          0     61.500  33.750341  1005.8108      1.254     -0.000  0.000e+00
      1.239    30.8938   2.588170    13.9548     1.8295     1.1927          0     61.750  33.750344  1005.7486      1.233     -0.006  0.000e+00
      1.261    30.9240   2.595018    13.9867     1.9061     1.1896          0     62.000  33.750347  1005.7625      1.254     -0.008  0.000e+00
      1.250    30.9395   2.600969    14.0174     1.9896     1.1934          0     62.250  33.750350  1005.7802      1.243     -0.010  0.000e+00
      1.250    30.9475   2.604128    14.0338     2.0756     1.1934          0     62.500  33.750353  1005.7898      1.243     -0.008  0.000e+00
      1.261    30.9508   2.605410    14.0405     2.1409     1.1927          0     62.750  33.750356  1005.7937      1.254     -0.005  0.000e+00
      1.272    30.9514   2.606787    14.0484     2.2086     1.1942          0     63.000  33.750359  1005.7994      1.265      0.004  0.000e+00
      1.261    30.9500   2.607433    14.0526     2.2743     1.1927          0     63.250  33.750362  1005.8030      1.254      0.007  0.000e+00
      1.261    30.9482   2.607433    14.0531     2.3259     1.1934          0     63.500  33.750365  1005.8039      1.254      0.007  0.000e+00
      1.250    30.9461   2.607483    14.0540     2.3478     1.1560          0     63.750  33.750367  1005.8052      1.243      0.006  0.000e+00
      1.240    30.9451   2.607996    14.0573     2.3505     1.1538          0     64.000  33.750370  1005.8080      1.233     -0.004  0.000e+00
      1.196    30.9440   2.608030    14.0578     2.3691     1.1568          0     64.250  33.750373  1005.8085      1.190     -0.019  0.000e+00
      1.066    30.9436   2.604797    14.0389     2.3710     1.1560          0     64.500  33.750376  1005.7940      1.061     -0.067  0.000e+00
      0.904    30.9438   2.583101    13.9109     2.3790     1.1789          0     64.750  33.750379  1005.6983      0.899     -0.146  0.000e+00
      0.786    30.9425   2.518929    13.5336     2.2825     1.1805          0     65.000  33.750382  1005.4183      0.781     -0.231  0.000e+00
      0.721    30.9334   2.473509    13.2694     2.2373     1.1843          0     65.250  33.750385  1005.2249      0.717     -0.297  0.000e+00
      0.667    30.9206   2.473192    13.2709     2.1485     1.1827          0     65.500  33.750388  1005.2300      0.663     -0.344  0.000e+00
      0.613    30.9130   2.464702    13.2231     2.1707     1.1812          0     65.750  33.750391  1005.1968      0.609     -0.367  0.000e+00
      0.602    30.9085   2.445127    13.1095     2.4062     1.2758          0     66.000  33.750394  1005.1139      0.598     -0.352  0.000e+00
      0.558    30.9052   2.445808    13.1144     2.2614     1.2621          0     66.250  33.750396  1005.1184      0.555     -0.310  0.000e+00
      0.494    30.9038   2.443025    13.0985     2.2082     1.2659          0     66.500  33.750399  1005.1068      0.491     -0.254  0.000e+00
      0.493    30.9028   2.436988    13.0634     2.2604     1.2674          0     66.750  33.750402  1005.0811      0.491     -0.194  0.000e+00
      0.483    30.9007   2.414736    12.9336     2.2866     1.3025          0     67.000  33.750405  1004.9854      0.480     -0.153  0.000e+00
      0.504    30.8913   2.342895    12.5162     2.3053     1.3071          0     67.250  33.750408  1004.6789      0.501     -0.118  0.000e+00
      0.547    30.8707   2.252247    11.9935     2.4355     1.3025          0     67.500  33.750411  1004.2981      0.544     -0.074  0.000e+00
      0.655    30.8416   2.220750    11.8175     2.3492     1.3041          0     67.750  33.750414  1004.1774      0.652     -0.007  0.000e+00
      0.731    30.8236   2.276317    12.1449     2.4624     1.3720          0     68.000  33.750417  1004.4263      0.727      0.062  0.000e+00
      0.807    30.8237   2.306728    12.3221     2.5535     1.3796          0     68.250  33.750420  1004.5581      0.802      0.140  0.000e+00
      0.915    30.8313   2.343126    12.5326     2.5542     1.3819          0     68.500  33.750422  1004.7123      0.910      0.218  0.000e+00
      0.991    30.8449   2.394995    12.8324     2.6352     1.3742          0     68.750  33.750425  1004.9307      0.985      0.272  0.000e+00
      1.045    30.8635   2.437298    13.0755     2.6245     1.3750          0     69.000  33.750428  1005.1052      1.039      0.306  0.000e+00
      1.077    30.8810   2.464009    13.2275     2.6160     1.2125          0     69.250  33.750431  1005.2124      1.071      0.309  0.000e+00
      1.174    30.8958   2.483265    13.3366     2.5055     1.2049          0     69.500  33.750434  1005.2890      1.168      0.306  0.000e+00
      1.239    30.9082   2.507030    13.4729     2.4165     1.2102          0     69.750  33.750437  1005.3864      1.232      0.289  0.000e+00
      1.315    30.9181   2.547763    13.7098     2.3445     1.2056          0     70.000  33.750440  1005.5593      1.308      0.283  0.000e+00
      1.358    30.9271   2.587052    13.9388     2.3264     1.1927          0     70.250  33.750443  1005.7264      1.351      0.269  0.000e+00
      1.390    30.9340   2.600268    14.0148     2.3264     1.1972          0     70.500  33.750446  1005.7807      1.383      0.247  0.000e+00
      1.466    30.9385   2.604992    14.0414     2.2641     1.1919          0     70.750  33.750448  1005.7993      1.458      0.243  0.000e+00
      1.542    30.9405   2.606976    14.0526     2.2715     1.1919          0     71.000  33.750451  1005.8073      1.533      0.247  0.000e+00
      1.639    30.9416   2.608242    14.0597     2.2639     1.1980          0     71.250  33.750454  1005.8126      1.630      0.259  0.000e+00
      1.693    30.9426   2.609982    14.0697     2.3381     1.1896          0     71.500  33.750457  1005.8199      1.684      0.256  0.000e+00
      1.758    30.9443   2.612921    14.0865     2.4227     1.1980          0     71.750  33.750460  1005.8322      1.749      0.262  0.000e+00
      1.801    30.9474   2.618022    14.1158     2.4149     1.1927          0     72.000  33.750463  1005.8530      1.792      0.262  0.000e+00
      1.823    30.9532   2.625519    14.1584     2.4703     1.1820          0     72.250  33.750466  1005.8828      1.813      0.255  0.000e+00
      1.866    30.9608   2.634232    14.2077     2.4440     1.1805          0     72.500  33.750469  1005.9171      1.856      0.241  0.000e+00
      1.855    30.9691   2.642277    14.2528     2.5119     1.1866          0     72.750  33.750472  1005.9479      1.845      0.200  0.000e+00
      1.866    30.9769   2.652816    14.3128     2.5279     1.1812          0     73.000  33.750475  1005.9899      1.856      0.157  0.000e+00
      1.855    30.9835   2.661669    14.3633     2.4673     1.1759          0     73.250  33.750477  1006.0251      1.845      0.109  0.000e+00
      1.866    30.9881   2.662567    14.3672     2.4483     1.1736          0     73.500  33.750480  1006.0266      1.856      0.076  0.000e+00
      1.888    30.9911   2.669863    14.4095     2.4585     1.1682          0     73.750  33.750483  1006.0571      1.877      0.052  0.000e+00
      1.931    30.9956   2.677632    14.4541     2.4354     1.1698          0     74.000  33.750486  1006.0889      1.920      0.047  0.000e+00
      2.028    31.0006   2.686656    14.5060     2.4314     1.1652          0     74.250  33.750489  1006.1262      2.017      0.072  0.000e+00
      2.136    31.0014   2.715054    14.6739     2.4392     1.2026          0     74.500  33.750492  1006.2509      2.124      0.117  0.000e+00
      2.255    30.9863   2.756203    14.9223     2.4377     1.2079          0     74.750  33.750495  1006.4407      2.243      0.188  0.000e+00
      2.342    30.9593   2.804311    15.2163     2.5261     1.2026          0     75.000  33.750498  1006.6681      2.329      0.252  0.000e+00
      2.439    30.9280   2.848728    15.4907     2.5043     1.2064          0     75.250  33.750501  1006.8823      2.425      0.313  0.000e+00
      2.514    30.8990   2.865736    15.6013     2.4328     1.1576          0     75.500  33.750503  1006.9742      2.501      0.353  0.000e+00
      2.601    30.8787   2.878150    15.6818     2.4957     1.1576          0     75.750  33.750506  1007.0410      2.587      0.375  0.000e+00
      2.698    30.8627   2.899743    15.8161     2.4268     1.1576          0     76.000  33.750509  1007.1463      2.683      0.382  0.000e+00
      2.796    30.8476   2.910162    15.8833     2.4509     1.1637          0     76.250  33.750512  1007.2016      2.780      0.375  0.000e+00
      2.882    30.8367   2.914488    15.9127     2.4119     1.2407          0     76.500  33.750515  1007.2274      2.866      0.365  0.000e+00
      2.980    30.8295   2.918102    15.9367     2.4357     1.2537          0     76.750  33.750518  1007.2479      2.963      0.361  0.000e+00
      3.066    30.8247   2.921589    15.9591     2.4284     1.2453          0     77.000  33.750521  1007.2665      3.049      0.363  0.000e+00
      3.185    30.8209   2.923892    15.9741     2.4313     1.2423          0     77.250  33.750524  1007.2794      3.168      0.372  0.000e+00
      3.315    30.8187   2.923630    15.9732     2.4663     1.2369          0     77.500  33.750527  1007.2800      3.297      0.392  0.000e+00
      3.445    30.8174   2.923700    15.9740     2.4550     1.3765          0     77.750  33.750530  1007.2816      3.426      0.413  0.000e+00
      3.553    30.8165   2.926969    15.9940     2.4860     1.3796          0     78.000  33.750532  1007.2972      3.533      0.429  0.000e+00
      3.629    30.8154   2.928674    16.0045     2.4656     1.3803          0     78.250  33.750535  1007.3057      3.609      0.435  0.000e+00
      3.737    30.8145   2.930303    16.0146     2.4884     1.3796          0     78.500  33.750538  1007.3140      3.716      0.440  0.000e+00
      3.867    30.8137   2.931188    16.0201     2.4789     1.4071          0     78.750  33.750541  1007.3189      3.845      0.446  0.000e+00
      3.953    30.8131   2.931473    16.0220     2.4457     1.3987          0     79.000  33.750544  1007.3209      3.931      0.441  0.000e+00
      4.061    30.8126   2.931589    16.0229     2.4839     1.3994          0     79.250  33.750547  1007.3221      4.039      0.430  0.000e+00
      4.169    30.8121   2.931188    16.0206     2.4658     1.3971          0     79.500  33.750550  1007.3211      4.146      0.420  0.000e+00
      4.234    30.8125   2.929296    16.0091     2.5069     1.4025          0     79.750  33.750553  1007.3127      4.211      0.406  0.000e+00
      4.278    30.8140   2.928389    16.0032     2.5383     1.4025          0     80.000  33.750556  1007.3080      4.254      0.385  0.000e+00
      4.267    30.8153   2.928389    16.0028     2.5800     1.3994          0     80.250  33.750558  1007.3072      4.243      0.342  0.000e+00
      4.245    30.8157   2.928976    16.0061     2.5920     1.4055          0     80.500  33.750561  1007.3095      4.222      0.270  0.000e+00
      4.267    30.8157   2.929413    16.0088     2.5975     1.4483          0     80.750  33.750564  1007.3115      4.243      0.200  0.000e+00
      4.288    30.8152   2.929919    16.0120     2.5716     1.4505          0     81.000  33.750567  1007.3142      4.264      0.143  0.000e+00
      4.299    30.8147   2.930885    16.0179     2.5172     1.4551          0     81.250  33.750570  1007.3188      4.275      0.089  0.000e+00
      4.364    30.8142   2.932003    16.0248     2.4833     1.4460          0     81.500  33.750573  1007.3243      4.340      0.066  0.000e+00
      4.461    30.8132   2.933126    16.0318     2.4189     1.4574          0     81.750  33.750576  1007.3304      4.437      0.085  0.000e+00
      4.569    30.8122   2.933482    16.0343     2.3914     1.4681          0     82.000  33.750579  1007.3329      4.544      0.135  0.000e+00
      4.721    30.8120   2.933406    16.0339     2.3804     1.4727          0     82.250  33.750582  1007.3334      4.695      0.217  0.000e+00
      4.883    30.8124   2.933767    16.0359     2.3670     1.4734          0     82.500  33.750584  1007.3354      4.856      0.309  0.000e+00
      5.056    30.8132   2.934827    16.0420     2.4324     1.4750          0     82.750  33.750587  1007.3405      5.028      0.399  0.000e+00
      5.218    30.8143   2.934978    16.0425     2.4751     1.5902          0     83.000  33.750590  1007.3412      5.189      0.486  0.000e+00
