public/post/ctd_rufiji/SBE19plus_01906740_2018_02_13_0931.cnv
* Sea-Bird SBE19plus  Data File:
* FileName = C:\Users\all user\Desktop\CTD tafiri 2018\SBE19plus_01906740_2018_02_13_0931.hex
* Software version 2.6.3.104
* Temperature SN = 6740
* Conductivity SN = 6740
* System UpLoad Time = Feb 13 2018 14:05:31
* <ApplicationData>
* <Seaterm232>
# nquan = 13
# nvalues = 379                                   
# units = specified
# name 0 = prdM: Pressure, Strain Gauge [db]
# name 1 = tv290C: Temperature [ITS-90, deg C]
# name 2 = c0S/m: Conductivity [S/m]
# name 3 = sal00: Salinity, Practical [PSU]
# name 4 = sbeox0ML/L: Oxygen, SBE 43 [ml/l]
# name 5 = flECO-AFL: Fluorescence, WET Labs ECO-AFL/FL [mg/m^3]
# name 6 = nbf: Bottles Fired
# name 7 = timeS: Time, Elapsed [seconds]
# name 8 = timeJ: Julian Days
# name 9 = density00: Density [density, kg/m^3]
# name 10 = depSM: Depth [salt water, m], lat = 0.00
# name 11 = dz/dtM: Descent Rate [m/s]
# name 12 = flag:  0.000e+00
# span 0 =      0.135,      4.449                 
# span 1 =    29.7786,    30.2362                 
# span 2 =   0.009209,   0.208508                 
# span 3 =     0.0455,     0.9549                 
# span 4 =     1.4811,     5.9359                 
# span 5 =    -0.0342,     2.5019                 
# span 6 =          0,          0                 
# span 7 =      0.000,     94.500                 
# span 8 =  34.430694,  34.431788                 
# span 9 =   995.6635,   996.3248                 
# span 10 =      0.134,      4.424                
# span 11 =     -0.466,      0.497                
# span 12 = 0.0000e+00, 0.0000e+00                
# interval = seconds: 0.25
# start_time = Feb 03 2018 10:20:12 [Instrument's time stamp, header]
# bad_flag = -9.990e-29
*END*
[from data line 112]
      1.162    30.1466   0.184130     0.8386     1.9697     2.1952          0     28.000  34.431019   996.2380      1.155      0.014  0.000e+00
      1.151    30.1492   0.184120     0.8386     2.2561     2.2051          0     28.250  34.431021   996.2371      1.145      0.008  0.000e+00
      1.162    30.1503   0.184091     0.8384     1.9678     2.2074          0     28.500  34.431024   996.2367      1.156      0.009  0.000e+00
      1.162    30.1506   0.184072     0.8383     1.8011     2.2127          0     28.750  34.431027   996.2365      1.156     -0.001  0.000e+00
      1.173    30.1515   0.184069     0.8383     1.5974     2.2196          0     29.000  34.431030   996.2363      1.166      0.000  0.000e+00
      1.173    30.1529   0.184049     0.8382     1.4811     2.2196          0     29.250  34.431033   996.2358      1.166     -0.003  0.000e+00
      1.173    30.1543   0.184046     0.8381     1.4964     2.2112          0     29.500  34.431036   996.2353      1.166     -0.003  0.000e+00
      1.173    30.1556   0.184062     0.8382     1.5077     2.2120          0     29.750  34.431039   996.2350      1.166      0.006  0.000e+00
      1.162    30.1578   0.184052     0.8381     1.5235     2.2173          0     30.000  34.431042   996.2342      1.156      0.007  0.000e+00
      1.173    30.1627   0.184027     0.8379     1.5824     2.2181          0     30.250  34.431045   996.2326      1.166      0.007  0.000e+00
      1.173    30.1666   0.184017     0.8378     1.7272     2.2089          0     30.500  34.431047   996.2313      1.166      0.004  0.000e+00
      1.184    30.1674   0.183995     0.8377     1.8347     2.2379          0     30.750  34.431050   996.2310      1.177      0.005  0.000e+00
      1.151    30.1664   0.183985     0.8376     1.8972     2.2326          0     31.000  34.431053   996.2312      1.145     -0.004  0.000e+00
      1.173    30.1660   0.183969     0.8376     1.9315     2.2356          0     31.250  34.431056   996.2314      1.166     -0.002  0.000e+00
      1.141    30.1667   0.183946     0.8374     1.9249     2.2349          0     31.500  34.431059   996.2309      1.134     -0.009  0.000e+00
      1.151    30.1674   0.183930     0.8373     1.9256     2.2112          0     31.750  34.431062   996.2307      1.145     -0.011  0.000e+00
      1.162    30.1682   0.183934     0.8373     1.9150     2.2104          0     32.000  34.431065   996.2305      1.156     -0.009  0.000e+00
      1.173    30.1695   0.183930     0.8373     1.9228     2.2181          0     32.250  34.431068   996.2301      1.166     -0.007  0.000e+00
      1.173    30.1705   0.183927     0.8373     1.9122     2.2127          0     32.500  34.431071   996.2298      1.166     -0.002  0.000e+00
      1.184    30.1722   0.183876     0.8370     1.9151     2.2143          0     32.750  34.431073   996.2291      1.177      0.006  0.000e+00
      1.184    30.1740   0.183847     0.8368     1.9099     2.2310          0     33.000  34.431076   996.2284      1.177      0.017  0.000e+00
      1.162    30.1748   0.183847     0.8368     1.9008     2.2257          0     33.250  34.431079   996.2281      1.156      0.011  0.000e+00
      1.162    30.1731   0.183892     0.8371     1.8978     2.2310          0     33.500  34.431082   996.2288      1.156      0.011  0.000e+00
      1.151    30.1713   0.183921     0.8372     1.8903     2.2280          0     33.750  34.431085   996.2294      1.145     -0.001  0.000e+00
      1.173    30.1714   0.183950     0.8374     1.8921     2.1959          0     34.000  34.431088   996.2296      1.166     -0.004  0.000e+00
      1.184    30.1643   0.183966     0.8376     1.8923     2.2036          0     34.250  34.431091   996.2319      1.177     -0.003  0.000e+00
      1.151    30.1387   0.183937     0.8379     1.8945     2.2059          0     34.500  34.431094   996.2398      1.145     -0.008  0.000e+00
      1.162    30.1142   0.183905     0.8381     1.8940     2.2020          0     34.750  34.431097   996.2475      1.156     -0.009  0.000e+00
      1.140    30.1024   0.183857     0.8381     1.9086     2.2081          0     35.000  34.431100   996.2509      1.134     -0.011  0.000e+00
      1.151    30.0989   0.183799     0.8379     1.9002     2.2257          0     35.250  34.431102   996.2519      1.145     -0.007  0.000e+00
      1.173    30.0986   0.183760     0.8377     1.8982     2.2143          0     35.500  34.431105   996.2519      1.166     -0.003  0.000e+00
      1.173    30.0985   0.183744     0.8376     1.8870     2.2127          0     35.750  34.431108   996.2519      1.166      0.001  0.000e+00
      1.184    30.0975   0.183731     0.8376     1.8776     2.2280          0     36.000  34.431111   996.2522      1.177      0.003  0.000e+00
      1.194    30.0964   0.183779     0.8378     1.8712     2.2211          0     36.250  34.431114   996.2528      1.188      0.013  0.000e+00
      1.205    30.0950   0.183860     0.8382     1.8534     2.2280          0     36.500  34.431117   996.2536      1.198      0.028  0.000e+00
      1.173    30.0940   0.183918     0.8385     1.8452     2.2219          0     36.750  34.431120   996.2539      1.166      0.022  0.000e+00
      1.205    30.0939   0.183873     0.8383     1.8395     2.2249          0     37.000  34.431123   996.2540      1.199      0.027  0.000e+00
      1.227    30.0936   0.183779     0.8378     1.8367     2.2349          0     37.250  34.431126   996.2538      1.220      0.028  0.000e+00
      1.238    30.0899   0.183689     0.8375     1.8315     2.2417          0     37.500  34.431128   996.2547      1.231      0.030  0.000e+00
      1.270    30.0872   0.183625     0.8372     1.8339     2.2356          0     37.750  34.431131   996.2555      1.263      0.041  0.000e+00
      1.259    30.0883   0.183580     0.8370     1.8282     2.2326          0     38.000  34.431134   996.2549      1.252      0.043  0.000e+00
      1.248    30.0936   0.183561     0.8368     1.8208     2.2387          0     38.250  34.431137   996.2531      1.242      0.040  0.000e+00
      1.227    30.0998   0.183596     0.8369     1.8125     2.2341          0     38.500  34.431140   996.2512      1.220      0.031  0.000e+00
      1.238    30.1023   0.183606     0.8369     1.8162     2.2371          0     38.750  34.431143   996.2505      1.231      0.026  0.000e+00
      1.216    30.1034   0.183551     0.8366     1.8182     2.2402          0     39.000  34.431146   996.2499      1.209      0.002  0.000e+00
      1.249    30.1075   0.183506     0.8363     1.8112     2.2318          0     39.250  34.431149   996.2486      1.242     -0.005  0.000e+00
      1.238    30.1161   0.183522     0.8362     1.8125     2.2265          0     39.500  34.431152   996.2458      1.231     -0.011  0.000e+00
      1.249    30.1241   0.183641     0.8367     1.8098     2.2249          0     39.750  34.431155   996.2438      1.242     -0.011  0.000e+00
      1.270    30.1255   0.183795     0.8374     1.8067     2.2211          0     40.000  34.431157   996.2440      1.263      0.005  0.000e+00
      1.270    30.1235   0.183892     0.8379     1.8049     2.2226          0     40.250  34.431160   996.2450      1.263      0.017  0.000e+00
      1.227    30.0994   0.183934     0.8385     1.8074     2.2280          0     40.500  34.431163   996.2525      1.220      0.014  0.000e+00
      1.227    30.0710   0.183802     0.8383     1.8008     2.2234          0     40.750  34.431166   996.2610      1.220      0.004  0.000e+00
      1.227    30.0562   0.183641     0.8378     1.8092     2.2265          0     41.000  34.431169   996.2652      1.220     -0.001  0.000e+00
      1.238    30.0511   0.183535     0.8374     1.8162     2.2280          0     41.250  34.431172   996.2664      1.231     -0.011  0.000e+00
      1.270    30.0487   0.183432     0.8369     1.8186     2.2677          0     41.500  34.431175   996.2670      1.263     -0.002  0.000e+00
      1.281    30.0504   0.183400     0.8368     1.8355     2.2593          0     41.750  34.431178   996.2663      1.274      0.004  0.000e+00
      1.259    30.0555   0.183506     0.8372     1.8453     2.2593          0     42.000  34.431181   996.2650      1.252      0.006  0.000e+00
      1.249    30.0598   0.183651     0.8378     1.8552     2.2539          0     42.250  34.431183   996.2641      1.242      0.011  0.000e+00
      1.205    30.0632   0.183731     0.8381     1.8545     2.2333          0     42.500  34.431186   996.2632      1.199      0.006  0.000e+00
      1.216    30.0676   0.183648     0.8377     1.8595     2.2379          0     42.750  34.431189   996.2615      1.209     -0.007  0.000e+00
      1.216    30.0739   0.183497     0.8368     1.8559     2.2364          0     43.000  34.431192   996.2590      1.209     -0.018  0.000e+00
      1.248    30.0806   0.183378     0.8361     1.8577     2.2387          0     43.250  34.431195   996.2566      1.242     -0.020  0.000e+00
      1.238    30.0860   0.183346     0.8359     1.8531     2.2356          0     43.500  34.431198   996.2547      1.231     -0.023  0.000e+00
      1.248    30.0915   0.183336     0.8358     1.8464     2.2371          0     43.750  34.431201   996.2530      1.242     -0.012  0.000e+00
      1.238    30.0938   0.183442     0.8362     1.8551     2.2333          0     44.000  34.431204   996.2526      1.231      0.001  0.000e+00
      1.248    30.0936   0.183532     0.8367     1.8625     2.2432          0     44.250  34.431207   996.2530      1.242      0.012  0.000e+00
      1.248    30.0940   0.183529     0.8366     1.8676     2.2310          0     44.500  34.431209   996.2529      1.242      0.021  0.000e+00
      1.281    30.0957   0.183471     0.8363     1.8559     2.2242          0     44.750  34.431212   996.2523      1.274      0.024  0.000e+00
      1.292    30.0982   0.183343     0.8357     1.8609     2.2226          0     45.000  34.431215   996.2511      1.285      0.028  0.000e+00
      1.292    30.1019   0.183320     0.8355     1.8576     2.2249          0     45.250  34.431218   996.2498      1.285      0.027  0.000e+00
      1.238    30.1040   0.183439     0.8361     1.8336     2.2226          0     45.500  34.431221   996.2494      1.231      0.018  0.000e+00
      1.216    30.1042   0.183503     0.8364     1.8279     2.2089          0     45.750  34.431224   996.2494      1.209      0.000  0.000e+00
      1.238    30.1040   0.183532     0.8365     1.8202     2.2127          0     46.000  34.431227   996.2497      1.231     -0.007  0.000e+00
      1.270    30.1037   0.183638     0.8370     1.8221     2.2150          0     46.250  34.431230   996.2503      1.263     -0.009  0.000e+00
      1.292    30.1027   0.183648     0.8371     1.8200     2.2127          0     46.500  34.431233   996.2508      1.284     -0.003  0.000e+00
      1.292    30.1005   0.183638     0.8371     1.8282     2.2616          0     46.750  34.431236   996.2514      1.285     -0.000  0.000e+00
      1.270    30.0953   0.183561     0.8368     1.8233     2.2600          0     47.000  34.431238   996.2527      1.263      0.005  0.000e+00
      1.238    30.0905   0.183497     0.8366     1.8294     2.2631          0     47.250  34.431241   996.2538      1.231      0.006  0.000e+00
      1.205    30.0880   0.183493     0.8366     1.8216     2.2585          0     47.500  34.431244   996.2545      1.198      0.001  0.000e+00
      1.216    30.0851   0.183641     0.8373     1.8198     2.2310          0     47.750  34.431247   996.2560      1.209     -0.012  0.000e+00
      1.238    30.0773   0.183734     0.8379     1.8168     2.2326          0     48.000  34.431250   996.2589      1.231     -0.026  0.000e+00
      1.227    30.0672   0.183873     0.8387     1.8083     2.2371          0     48.250  34.431253   996.2625      1.220     -0.037  0.000e+00
      1.227    30.0555   0.184004     0.8396     1.8043     2.2356          0     48.500  34.431256   996.2667      1.220     -0.036  0.000e+00
      1.227    30.0334   0.184037     0.8401     1.8037     2.2310          0     48.750  34.431259   996.2738      1.220     -0.025  0.000e+00
      1.205    30.0089   0.184059     0.8406     1.7946     2.2326          0     49.000  34.431262   996.2815      1.199     -0.016  0.000e+00
      1.194    29.9866   0.184049     0.8409     1.7898     2.2410          0     49.250  34.431264   996.2884      1.188     -0.011  0.000e+00
      1.194    29.9722   0.184030     0.8411     1.7869     2.2364          0     49.500  34.431267   996.2929      1.188     -0.011  0.000e+00
      1.183    29.9641   0.184037     0.8412     1.7893     2.2341          0     49.750  34.431270   996.2954      1.177     -0.023  0.000e+00
      1.205    29.9570   0.184075     0.8415     1.7878     2.2349          0     50.000  34.431273   996.2979      1.198     -0.024  0.000e+00
      1.205    29.9495   0.184059     0.8416     1.7982     2.2356          0     50.250  34.431276   996.3002      1.198     -0.017  0.000e+00
      1.205    29.9423   0.184136     0.8421     1.8016     2.2349          0     50.500  34.431279   996.3027      1.199     -0.011  0.000e+00
      1.227    29.9331   0.184139     0.8422     1.8079     2.2364          0     50.750  34.431282   996.3058      1.220      0.002  0.000e+00
      1.194    29.9240   0.184123     0.8423     1.8211     2.2394          0     51.000  34.431285   996.3084      1.188      0.006  0.000e+00
      1.184    29.9189   0.184127     0.8424     1.8197     2.2394          0     51.250  34.431288   996.3100      1.177      0.003  0.000e+00
      1.173    29.9146   0.184136     0.8425     1.8219     2.2326          0     51.500  34.431291   996.3113      1.166     -0.006  0.000e+00
      1.194    29.9113   0.184123     0.8425     1.8352     2.2349          0     51.750  34.431293   996.3124      1.188     -0.007  0.000e+00
      1.173    29.9100   0.184107     0.8425     1.8518     2.2059          0     52.000  34.431296   996.3127      1.166     -0.018  0.000e+00
      1.194    29.9102   0.184130     0.8426     1.8468     2.2165          0     52.250  34.431299   996.3128      1.188     -0.015  0.000e+00
      1.194    29.9125   0.184188     0.8428     1.8649     2.2150          0     52.500  34.431302   996.3123      1.188     -0.012  0.000e+00
      1.227    29.9129   0.184226     0.8430     1.8703     2.2104          0     52.750  34.431305   996.3124      1.220      0.001  0.000e+00
      1.205    29.9134   0.184255     0.8431     1.8517     2.2097          0     53.000  34.431308   996.3123      1.198      0.014  0.000e+00
      1.205    29.9190   0.184319     0.8433     1.8514     2.2440          0     53.250  34.431311   996.3107      1.198      0.018  0.000e+00
      1.183    29.9206   0.184358     0.8435     1.8404     2.2425          0     53.500  34.431314   996.3103      1.177      0.011  0.000e+00
      1.205    29.9220   0.184393     0.8436     1.8451     2.2371          0     53.750  34.431317   996.3101      1.198      0.007  0.000e+00
      1.216    29.9250   0.184448     0.8439     1.8466     2.2371          0     54.000  34.431319   996.3094      1.209      0.011  0.000e+00
      1.194    29.9276   0.184560     0.8444     1.8420     2.2310          0     54.250  34.431322   996.3088      1.188     -0.000  0.000e+00
      1.151    29.9292   0.184702     0.8450     1.8426     2.2394          0     54.500  34.431325   996.3087      1.145     -0.017  0.000e+00
      1.021    29.9359   0.184702     0.8449     1.8320     2.2280          0     54.750  34.431328   996.3060      1.016     -0.065  0.000e+00
      0.881    29.9425   0.184721     0.8449     1.8388     2.2356          0     55.000  34.431331   996.3033      0.876     -0.128  0.000e+00
      0.762    29.9456   0.184744     0.8449     1.8341     2.2425          0     55.250  34.431334   996.3019      0.757     -0.208  0.000e+00
