public/post/ctd_rufiji/SBE19plus_01906740_2018_02_13_0891.cnv
* Sea-Bird SBE19plus  Data File:
* FileName = C:\Users\all user\Desktop\CTD tafiri 2018\SBE19plus_01906740_2018_02_13_0891.hex
* Software version 2.6.3.104
* Temperature SN = 6740
* Conductivity SN = 6740
* System UpLoad Time = Feb 13 2018 13:58:55
* <ApplicationData>
* <Seaterm232>
# nquan = 13
# nvalues = 473                                   
# units = specified
# name 0 = prdM: Pressure, Strain Gauge [db]
# name 1 = tv290C: Temperature [ITS-90, deg C]
# name 2 = c0S/m: Conductivity [S/m]
# name 3 = sal00: Salinity, Practical [PSU]
# name 4 = sbeox0ML/L: Oxygen, SBE 43 [ml/l]
# name 5 = flECO-AFL: Fluorescence, WET Labs ECO-AFL/FL [mg/m^3]
# name 6 = nbf: Bottles Fired
# name 7 = timeS: Time, Elapsed [seconds]
# name 8 = timeJ: Julian Days
# name 9 = density00: Density [density, kg/m^3]
# name 10 = depSM: Depth [salt water, m], lat = 0.00
# name 11 = dz/dtM: Descent Rate [m/s]
# name 12 = flag:  0.000e+00
# span 0 =      0.082,      6.223                 
# span 1 =    29.2321,    31.0014                 
# span 2 =   0.001265,   2.934978                 
# span 3 =     0.0159,    16.0425                 
# span 4 =     1.4754,     3.6515                 
# span 5 =     0.5678,     2.4927                 
# span 6 =          0,          0                 
# span 7 =      0.000,    118.000                 
# span 8 =  33.749630,  33.750995                 
# span 9 =   995.8926,  1007.3412                 
# span 10 =      0.082,      6.189                
# span 11 =     -0.431,      0.685                
# span 12 = 0.0000e+00, 0.0000e+00                
# interval = seconds: 0.25
# start_time = Feb 02 2018 17:59:28 [Instrument's time stamp, header]
# bad_flag = -9.990e-29
*END*
[from data line 112]
      1.229    30.8607   2.540602    13.6834     2.0647     1.2049          0     28.000  33.749954  1005.5580      1.223      0.004  0.000e+00
      1.219    30.8574   2.540580    13.6842     2.0471     1.2064          0     28.250  33.749957  1005.5596      1.212     -0.003  0.000e+00
      1.218    30.8541   2.539602    13.6794     2.0485     1.2156          0     28.500  33.749959  1005.5570      1.212     -0.002  0.000e+00
      1.229    30.8507   2.539056    13.6771     2.0398     1.2018          0     28.750  33.749962  1005.5565      1.223     -0.001  0.000e+00
      1.218    30.8470   2.539641    13.6815     2.0172     1.1965          0     29.000  33.749965  1005.5609      1.212     -0.006  0.000e+00
      1.229    30.8435   2.543331    13.7043     2.0369     1.1904          0     29.250  33.749968  1005.5790      1.223     -0.004  0.000e+00
      1.229    30.8407   2.548339    13.7346     2.0299     1.1896          0     29.500  33.749971  1005.6024      1.223     -0.003  0.000e+00
      1.219    30.8400   2.550551    13.7478     2.0281     1.2117          0     29.750  33.749974  1005.6124      1.212     -0.004  0.000e+00
      1.229    30.8405   2.548372    13.7348     2.0316     1.2064          0     30.000  33.749977  1005.6026      1.223      0.002  0.000e+00
      1.229    30.8401   2.546929    13.7264     2.0320     1.2049          0     30.250  33.749980  1005.5965      1.223      0.004  0.000e+00
      1.240    30.8376   2.543768    13.7085     1.9951     1.2041          0     30.500  33.749983  1005.5840      1.233      0.007  0.000e+00
      1.230    30.8329   2.541022    13.6936     1.9947     1.1881          0     30.750  33.749986  1005.5745      1.223      0.004  0.000e+00
      1.240    30.8275   2.537400    13.6737     1.9806     1.1888          0     31.000  33.749988  1005.5616      1.234      0.008  0.000e+00
      1.230    30.8222   2.535010    13.6611     1.9992     1.1881          0     31.250  33.749991  1005.5538      1.223      0.005  0.000e+00
      1.219    30.8182   2.535065    13.6625     1.9676     1.1812          0     31.500  33.749994  1005.5562      1.212      0.001  0.000e+00
      1.219    30.8147   2.534276    13.6588     1.9798     1.1942          0     31.750  33.749997  1005.5546      1.212     -0.002  0.000e+00
      1.208    30.8108   2.533834    13.6573     1.9642     1.2011          0     32.000  33.750000  1005.5546      1.201     -0.011  0.000e+00
      1.240    30.8071   2.534088    13.6598     1.9327     1.1950          0     32.250  33.750003  1005.5578      1.234     -0.006  0.000e+00
      1.219    30.8031   2.535302    13.6680     1.9200     1.1988          0     32.500  33.750006  1005.5651      1.212     -0.009  0.000e+00
      1.208    30.7992   2.535970    13.6731     1.9366     1.1950          0     32.750  33.750009  1005.5701      1.201     -0.009  0.000e+00
      1.208    30.7949   2.540067    13.6984     1.9292     1.1919          0     33.000  33.750012  1005.5903      1.201     -0.012  0.000e+00
      1.208    30.7921   2.542188    13.7117     1.9200     1.1896          0     33.250  33.750014  1005.6011      1.201     -0.009  0.000e+00
      1.197    30.7903   2.540939    13.7048     1.9156     1.2011          0     33.500  33.750017  1005.5965      1.191     -0.010  0.000e+00
      1.208    30.7889   2.537913    13.6874     1.9498     1.1965          0     33.750  33.750020  1005.5841      1.201     -0.010  0.000e+00
      1.219    30.7857   2.534707    13.6693     1.9675     1.2033          0     34.000  33.750023  1005.5718      1.212     -0.007  0.000e+00
      1.230    30.7809   2.533664    13.6645     1.9490     1.2072          0     34.250  33.750026  1005.5698      1.223     -0.004  0.000e+00
      1.208    30.7764   2.533835    13.6667     1.9378     1.2140          0     34.500  33.750029  1005.5728      1.201      0.003  0.000e+00
      1.219    30.7721   2.534398    13.6712     1.9376     1.2087          0     34.750  33.750032  1005.5776      1.212      0.007  0.000e+00
      1.219    30.7687   2.532720    13.6623     1.9498     1.1881          0     35.000  33.750035  1005.5720      1.212      0.008  0.000e+00
      1.208    30.7649   2.529830    13.6463     1.9628     1.1797          0     35.250  33.750038  1005.5613      1.201      0.005  0.000e+00
      1.251    30.7621   2.528181    13.6373     1.9585     1.1805          0     35.500  33.750041  1005.5558      1.244      0.013  0.000e+00
      1.240    30.7617   2.529031    13.6424     1.9505     1.1858          0     35.750  33.750043  1005.5597      1.233      0.013  0.000e+00
      1.240    30.7609   2.531893    13.6595     1.9435     1.2011          0     36.000  33.750046  1005.5726      1.233      0.013  0.000e+00
      1.240    30.7591   2.536136    13.6851     1.9140     1.1904          0     36.250  33.750049  1005.5921      1.233      0.014  0.000e+00
      1.218    30.7575   2.539570    13.7058     1.9231     1.1972          0     36.500  33.750052  1005.6079      1.211      0.012  0.000e+00
      1.229    30.7575   2.539675    13.7064     1.9038     1.1980          0     36.750  33.750055  1005.6084      1.222      0.006  0.000e+00
      1.218    30.7578   2.538582    13.6999     1.9140     1.1896          0     37.000  33.750058  1005.6034      1.211     -0.000  0.000e+00
      1.250    30.7568   2.535573    13.6824     1.9143     1.1866          0     37.250  33.750061  1005.5909      1.243      0.002  0.000e+00
      1.239    30.7533   2.532985    13.6681     1.9013     1.1911          0     37.500  33.750064  1005.5814      1.233     -0.005  0.000e+00
      1.240    30.7485   2.531044    13.6579     1.9183     1.1850          0     37.750  33.750067  1005.5754      1.233      0.001  0.000e+00
      1.240    30.7437   2.530172    13.6541     1.9202     1.1850          0     38.000  33.750069  1005.5741      1.233      0.004  0.000e+00
      1.240    30.7394   2.530216    13.6555     1.9361     1.2064          0     38.250  33.750072  1005.5766      1.233      0.007  0.000e+00
      1.261    30.7354   2.531044    13.6615     1.9542     1.2110          0     38.500  33.750075  1005.5824      1.254      0.016  0.000e+00
      1.218    30.7315   2.531380    13.6646     1.9576     1.2003          0     38.750  33.750078  1005.5858      1.211      0.004  0.000e+00
      1.229    30.7277   2.530801    13.6622     1.9334     1.2041          0     39.000  33.750081  1005.5853      1.222     -0.001  0.000e+00
      1.218    30.7240   2.530580    13.6619     1.9278     1.1774          0     39.250  33.750084  1005.5862      1.211     -0.012  0.000e+00
      1.240    30.7201   2.531673    13.6694     1.9249     1.1866          0     39.500  33.750087  1005.5931      1.233     -0.007  0.000e+00
      1.229    30.7167   2.532489    13.6752     1.9133     1.1728          0     39.750  33.750090  1005.5985      1.222     -0.008  0.000e+00
      1.240    30.7137   2.531893    13.6725     1.9008     1.1774          0     40.000  33.750093  1005.5975      1.233     -0.005  0.000e+00
      1.240    30.7109   2.532164    13.6749     1.9010     1.2117          0     40.250  33.750095  1005.6002      1.233     -0.002  0.000e+00
      1.229    30.7080   2.532180    13.6758     1.9008     1.2163          0     40.500  33.750098  1005.6017      1.222     -0.002  0.000e+00
      1.218    30.7053   2.532180    13.6766     1.9144     1.2133          0     40.750  33.750101  1005.6031      1.212      0.003  0.000e+00
      1.218    30.7028   2.530581    13.6678     1.9207     1.2056          0     41.000  33.750104  1005.5974      1.212     -0.003  0.000e+00
      1.240    30.7003   2.528507    13.6562     1.9152     1.2072          0     41.250  33.750107  1005.5898      1.233     -0.001  0.000e+00
      1.240    30.6974   2.527350    13.6502     1.9112     1.1690          0     41.500  33.750110  1005.5862      1.233     -0.002  0.000e+00
      1.240    30.6953   2.527603    13.6523     1.9171     1.1652          0     41.750  33.750113  1005.5884      1.233      0.002  0.000e+00
      1.251    30.6937   2.529527    13.6641     1.9036     1.1736          0     42.000  33.750116  1005.5977      1.244      0.006  0.000e+00
      1.251    30.6923   2.531722    13.6774     1.8908     1.1744          0     42.250  33.750119  1005.6081      1.244      0.012  0.000e+00
      1.218    30.6926   2.532318    13.6809     1.9167     1.1621          0     42.500  33.750122  1005.6104      1.212      0.008  0.000e+00
      1.218    30.6943   2.530465    13.6694     1.8940     1.1721          0     42.750  33.750124  1005.6014      1.212      0.002  0.000e+00
      1.229    30.6947   2.527399    13.6512     1.8917     1.1667          0     43.000  33.750127  1005.5878      1.222     -0.004  0.000e+00
      1.240    30.6936   2.526005    13.6433     1.8929     1.1637          0     43.250  33.750130  1005.5823      1.233     -0.007  0.000e+00
      1.262    30.6926   2.526534    13.6467     1.8880     1.1881          0     43.500  33.750133  1005.5852      1.255      0.001  0.000e+00
      1.240    30.6928   2.528447    13.6579     1.8851     1.1919          0     43.750  33.750136  1005.5934      1.233      0.001  0.000e+00
      1.229    30.6947   2.529731    13.6650     1.8859     1.1835          0     44.000  33.750139  1005.5980      1.222     -0.001  0.000e+00
      1.251    30.6994   2.528998    13.6594     1.8739     1.1850          0     44.250  33.750142  1005.5924      1.244      0.007  0.000e+00
      1.261    30.7030   2.527570    13.6499     1.8691     1.1782          0     44.500  33.750145  1005.5843      1.254      0.018  0.000e+00
      1.261    30.7034   2.527294    13.6482     1.8647     1.1820          0     44.750  33.750148  1005.5828      1.254      0.017  0.000e+00
      1.229    30.7031   2.529235    13.6597     1.8509     1.1858          0     45.000  33.750150  1005.5914      1.222      0.005  0.000e+00
      1.229    30.7062   2.532539    13.6784     1.8435     1.1896          0     45.250  33.750153  1005.6042      1.222     -0.005  0.000e+00
      1.218    30.7156   2.533901    13.6839     1.8359     1.1896          0     45.500  33.750156  1005.6052      1.211     -0.013  0.000e+00
      1.218    30.7253   2.533333    13.6779     1.8711     1.2033          0     45.750  33.750159  1005.5976      1.211     -0.013  0.000e+00
      1.229    30.7305   2.531535    13.6658     1.8661     1.2018          0     46.000  33.750162  1005.5870      1.222     -0.015  0.000e+00
      1.250    30.7300   2.529764    13.6555     1.8857     1.2087          0     46.250  33.750165  1005.5796      1.243     -0.013  0.000e+00
      1.250    30.7254   2.528843    13.6513     1.9040     1.2033          0     46.500  33.750168  1005.5780      1.243     -0.006  0.000e+00
      1.229    30.7200   2.527548    13.6451     1.9044     1.1675          0     46.750  33.750171  1005.5751      1.222     -0.001  0.000e+00
      1.229    30.7149   2.525652    13.6353     1.9024     1.1698          0     47.000  33.750174  1005.5694      1.222      0.007  0.000e+00
      1.218    30.7100   2.524224    13.6282     1.8982     1.1721          0     47.250  33.750177  1005.5657      1.211      0.002  0.000e+00
      1.229    30.7064   2.524208    13.6291     1.8989     1.1652          0     47.500  33.750179  1005.5676      1.222      0.002  0.000e+00
      1.250    30.7047   2.525172    13.6353     1.8711     1.1881          0     47.750  33.750182  1005.5728      1.244      0.003  0.000e+00
      1.251    30.7043   2.527350    13.6483     1.8600     1.1858          0     48.000  33.750185  1005.5826      1.244      0.002  0.000e+00
      1.261    30.7060   2.530002    13.6635     1.8597     1.1843          0     48.250  33.750188  1005.5934      1.254      0.006  0.000e+00
      1.261    30.7115   2.531518    13.6709     1.8483     1.1843          0     48.500  33.750191  1005.5971      1.254      0.015  0.000e+00
      1.240    30.7190   2.531943    13.6714     1.8698     1.1782          0     48.750  33.750194  1005.5949      1.233      0.017  0.000e+00
      1.240    30.7246   2.531132    13.6650     1.8642     1.1705          0     49.000  33.750197  1005.5884      1.233      0.012  0.000e+00
      1.251    30.7269   2.530057    13.6581     1.8354     1.1705          0     49.250  33.750200  1005.5826      1.244      0.010  0.000e+00
      1.262    30.7254   2.528827    13.6512     1.8499     1.1698          0     49.500  33.750203  1005.5780      1.255      0.006  0.000e+00
      1.251    30.7215   2.529307    13.6551     1.8658     1.1652          0     49.750  33.750205  1005.5821      1.244     -0.001  0.000e+00
      1.251    30.7188   2.530487    13.6628     1.8583     1.1682          0     50.000  33.750208  1005.5887      1.244     -0.001  0.000e+00
      1.251    30.7192   2.531077    13.6662     1.8603     1.1690          0     50.250  33.750211  1005.5911      1.244     -0.002  0.000e+00
      1.240    30.7213   2.529643    13.6571     1.8333     1.1705          0     50.500  33.750214  1005.5836      1.233     -0.002  0.000e+00
      1.229    30.7215   2.527382    13.6437     1.8430     1.1721          0     50.750  33.750217  1005.5736      1.222     -0.004  0.000e+00
      1.229    30.7174   2.525211    13.6320     1.8339     1.1866          0     51.000  33.750220  1005.5662      1.222     -0.010  0.000e+00
      1.240    30.7124   2.525073    13.6326     1.8364     1.1827          0     51.250  33.750223  1005.5683      1.233     -0.013  0.000e+00
      1.239    30.7095   2.526396    13.6412     1.8349     1.1827          0     51.500  33.750226  1005.5756      1.233     -0.013  0.000e+00
      1.250    30.7105   2.528232    13.6518     1.8263     1.1782          0     51.750  33.750229  1005.5832      1.243     -0.005  0.000e+00
      1.239    30.7141   2.528937    13.6550     1.8244     1.1812          0     52.000  33.750231  1005.5843      1.232     -0.002  0.000e+00
      1.218    30.7177   2.530614    13.6639     1.8198     1.1782          0     52.250  33.750234  1005.5897      1.211     -0.005  0.000e+00
      1.239    30.7217   2.532677    13.6749     1.8200     1.1820          0     52.500  33.750237  1005.5967      1.233     -0.000  0.000e+00
      1.239    30.7272   2.533410    13.6778     1.8079     1.1782          0     52.750  33.750240  1005.5970      1.233      0.002  0.000e+00
      1.250    30.7314   2.532031    13.6685     1.8022     1.1805          0     53.000  33.750243  1005.5888      1.243      0.003  0.000e+00
      1.228    30.7322   2.531695    13.6663     1.8046     1.1751          0     53.250  33.750246  1005.5868      1.222     -0.002  0.000e+00
      1.250    30.7305   2.529218    13.6521     1.8091     1.1843          0     53.500  33.750249  1005.5770      1.243      0.001  0.000e+00
      1.250    30.7259   2.526059    13.6347     1.8163     1.1835          0     53.750  33.750252  1005.5655      1.243      0.004  0.000e+00
      1.250    30.7193   2.524395    13.6267     1.8197     1.1866          0     54.000  33.750255  1005.5617      1.243      0.010  0.000e+00
      1.261    30.7146   2.523321    13.6216     1.8257     1.1866          0     54.250  33.750258  1005.5595      1.254      0.015  0.000e+00
      1.239    30.7117   2.523222    13.6218     1.8129     1.1850          0     54.500  33.750260  1005.5605      1.233      0.006  0.000e+00
      1.239    30.7104   2.524511    13.6298     1.8287     1.1827          0     54.750  33.750263  1005.5669      1.233      0.002  0.000e+00
      1.240    30.7106   2.526671    13.6425     1.7933     1.1797          0     55.000  33.750266  1005.5763      1.233     -0.001  0.000e+00
      1.261    30.7126   2.531116    13.6682     1.7785     1.2026          0     55.250  33.750269  1005.5948      1.254      0.005  0.000e+00
