public/post/ctd_rufiji/SBE19plus_01906740_2018_02_13_0927.cnv
* Sea-Bird SBE19plus  Data File:
* FileName = C:\Users\all user\Desktop\CTD tafiri 2018\SBE19plus_01906740_2018_02_13_0927.hex
* Software version 2.6.3.104
* Temperature SN = 6740
* Conductivity SN = 6740
* System UpLoad Time = Feb 13 2018 14:04:56
* <ApplicationData>
* <Seaterm232>
# nquan = 13
# nvalues = 263                                   
# units = specified
# name 0 = prdM: Pressure, Strain Gauge [db]
# name 1 = tv290C: Temperature [ITS-90, deg C]
# name 2 = c0S/m: Conductivity [S/m]
# name 3 = sal00: Salinity, Practical [PSU]
# name 4 = sbeox0ML/L: Oxygen, SBE 43 [ml/l]
# name 5 = flECO-AFL: Fluorescence, WET Labs ECO-AFL/FL [mg/m^3]
# name 6 = nbf: Bottles Fired
# name 7 = timeS: Time, Elapsed [seconds]
# name 8 = timeJ: Julian Days
# name 9 = density00: Density [density, kg/m^3]
# name 10 = depSM: Depth [salt water, m], lat = 0.00
# name 11 = dz/dtM: Descent Rate [m/s]
# name 12 = flag:  0.000e+00
# span 0 =      0.101,      3.377                 
# span 1 =    29.4249,    30.1148                 
# span 2 =   0.010035,   0.158858                 
# span 3 =     0.0488,     0.7193                 
# span 4 =     1.7070,     4.6110                 
# span 5 =    -0.0288,    48.6764                 
# span 6 =          0,          0                 
# span 7 =      0.000,     65.500                 
# span 8 =  34.419745,  34.420503                 
# span 9 =   995.7125,   996.2013                 
# span 10 =      0.101,      3.359                
# span 11 =     -0.581,      0.432                
# span 12 = 0.0000e+00, 0.0000e+00                
# interval = seconds: 0.25
# start_time = Feb 03 2018 10:04:26 [Instrument's time stamp, header]
# bad_flag = -9.990e-29
*END*
[from data line 223]
      1.874    30.0521   0.157786     0.7149     2.0662     2.1143          0     55.750  34.420391   996.1774      1.864     -0.411  0.000e+00
      1.766    30.0511   0.157650     0.7143     2.0580     2.1227          0     56.000  34.420394   996.1767      1.756     -0.516  0.000e+00
      1.744    30.0503   0.157558     0.7139     2.0646     2.1380          0     56.250  34.420396   996.1765      1.735     -0.577  0.000e+00
      1.744    30.0503   0.157504     0.7136     2.0945     2.1402          0     56.500  34.420399   996.1764      1.735     -0.581  0.000e+00
      1.734    30.0495   0.157462     0.7134     2.1057     2.1395          0     56.750  34.420402   996.1764      1.724     -0.519  0.000e+00
      1.755    30.0489   0.157033     0.7114     2.1076     2.1425          0     57.000  34.420405   996.1752      1.746     -0.391  0.000e+00
      1.669    30.0486   0.156773     0.7102     2.0937     2.1334          0     57.250  34.420408   996.1740      1.660     -0.260  0.000e+00
      1.507    30.0486   0.156658     0.7097     2.0924     2.1265          0     57.500  34.420411   996.1729      1.498     -0.190  0.000e+00
      1.280    30.0489   0.156166     0.7073     2.1207     2.1303          0     57.750  34.420414   996.1700      1.273     -0.220  0.000e+00
      1.074    30.0492   0.155680     0.7050     2.1013     2.1273          0     58.000  34.420417   996.1673      1.068     -0.314  0.000e+00
      0.944    30.0521   0.155547     0.7044     1.7857     2.1227          0     58.250  34.420420   996.1653      0.939     -0.425  0.000e+00
      0.901    30.0549   0.155960     0.7063     1.7179     2.1624          0     58.500  34.420422   996.1657      0.896     -0.499  0.000e+00
      0.901    30.0558   0.156023     0.7066     1.7070     2.1662          0     58.750  34.420425   996.1656      0.896     -0.518  0.000e+00
      0.923    30.0556   0.155912     0.7060     1.7193     2.1654          0     59.000  34.420428   996.1654      0.918     -0.479  0.000e+00
      0.944    30.0554   0.155563     0.7044     1.7452     2.1639          0     59.250  34.420431   996.1643      0.939     -0.372  0.000e+00
      0.923    30.0551   0.155302     0.7032     1.7952     2.1647          0     59.500  34.420434   996.1634      0.918     -0.246  0.000e+00
      0.847    30.0546   0.155229     0.7028     1.8648     2.1662          0     59.750  34.420437   996.1630      0.843     -0.144  0.000e+00
      0.685    30.0529   0.154801     0.7008     1.9142     2.1700          0     60.000  34.420440   996.1613      0.681     -0.117  0.000e+00
      0.610    30.0516   0.154410     0.6990     1.9722     2.1723          0     60.250  34.420443   996.1600      0.606     -0.140  0.000e+00
      0.588    30.0498   0.153994     0.6971     1.9856     2.1723          0     60.500  34.420446   996.1590      0.585     -0.180  0.000e+00
      0.610    30.0489   0.153696     0.6957     1.9851     2.1708          0     60.750  34.420448   996.1583      0.606     -0.205  0.000e+00
      0.653    30.0513   0.153534     0.6949     1.9820     2.1723          0     61.000  34.420451   996.1572      0.649     -0.199  0.000e+00
      0.707    30.0553   0.153024     0.6924     1.9827     2.1723          0     61.250  34.420454   996.1543      0.703     -0.155  0.000e+00
      0.685    30.0617   0.152871     0.6916     1.9836     2.1753          0     61.500  34.420457   996.1517      0.682     -0.096  0.000e+00
      0.642    30.0702   0.152865     0.6914     1.9763     2.1608          0     61.750  34.420460   996.1488      0.639     -0.037  0.000e+00
      0.523    30.0750   0.153081     0.6924     1.9991     2.1563          0     62.000  34.420463   996.1476      0.520     -0.017  0.000e+00
      0.393    30.0769   0.152729     0.6907     2.0307     2.1540          0     62.250  34.420466   996.1451      0.391     -0.064  0.000e+00
      0.307    30.0776   0.152513     0.6897     2.0915     2.1624          0     62.500  34.420469   996.1438      0.305     -0.140  0.000e+00
      0.220    30.0772   0.152431     0.6893     2.1165     1.7336          0     62.750  34.420472   996.1432      0.219     -0.226  0.000e+00
      0.155    30.0760   0.152529     0.6898     2.1558     1.7305          0     63.000  34.420475   996.1436      0.155     -0.297  0.000e+00
      0.123    30.0753   0.152741     0.6908     2.0869     1.7305          0     63.250  34.420477   996.1445      0.122     -0.332  0.000e+00
      0.134    30.0749   0.138043     0.6216     2.1824     1.7313          0     63.500  34.420480   996.0929      0.133     -0.311  0.000e+00
      0.101    30.0743   0.032723     0.1435     2.2177    -0.0212          0     63.750  34.420483   995.7348      0.101     -0.268  0.000e+00
      0.145    30.0640   0.025718     0.1136     2.1874    -0.0227          0     64.000  34.420486   995.7156      0.144     -0.189  0.000e+00
      0.145    30.0511   0.023516     0.1043     2.1719    -0.0281          0     64.250  34.420489   995.7125      0.144     -0.116  0.000e+00
      0.155    30.0375   0.029884     0.1314     2.1651    -0.0212          0     64.500  34.420492   995.7370      0.154     -0.058  0.000e+00
      0.144    30.0256   0.022376     0.0995     2.2111    -0.0242          0     64.750  34.420495   995.7166      0.144     -0.017  0.000e+00
      0.155    30.0158   0.023998     0.1064     2.2607    -0.0227          0     65.000  34.420498   995.7248      0.154      0.010  0.000e+00
      0.144    30.0044   0.025901     0.1145     2.2756    -0.0288          0     65.250  34.420501   995.7343      0.144      0.016  0.000e+00
      0.144    29.9951   0.022224     0.0989     2.2837    -0.0273          0     65.500  34.420503   995.7254      0.144      0.013  0.000e+00
