public/post/ctd_rufiji/SBE19plus_01906740_2018_02_13_0927.cnv
* Sea-Bird SBE19plus  Data File:
* FileName = C:\Users\all user\Desktop\CTD tafiri 2018\SBE19plus_01906740_2018_02_13_0927.hex
* Software version 2.6.3.104
* Temperature SN = 6740
* Conductivity SN = 6740
* System UpLoad Time = Feb 13 2018 14:04:56
* <ApplicationData>
* <Seaterm232>
# nquan = 13
# nvalues = 263                                   
# units = specified
# name 0 = prdM: Pressure, Strain Gauge [db]
# name 1 = tv290C: Temperature [ITS-90, deg C]
# name 2 = c0S/m: Conductivity [S/m]
# name 3 = sal00: Salinity, Practical [PSU]
# name 4 = sbeox0ML/L: Oxygen, SBE 43 [ml/l]
# name 5 = flECO-AFL: Fluorescence, WET Labs ECO-AFL/FL [mg/m^3]
# name 6 = nbf: Bottles Fired
# name 7 = timeS: Time, Elapsed [seconds]
# name 8 = timeJ: Julian Days
# name 9 = density00: Density [density, kg/m^3]
# name 10 = depSM: Depth [salt water, m], lat = 0.00
# name 11 = dz/dtM: Descent Rate [m/s]
# name 12 = flag:  0.000e+00
# span 0 =      0.101,      3.377                 
# span 1 =    29.4249,    30.1148                 
# span 2 =   0.010035,   0.158858                 
# span 3 =     0.0488,     0.7193                 
# span 4 =     1.7070,     4.6110                 
# span 5 =    -0.0288,    48.6764                 
# span 6 =          0,          0                 
# span 7 =      0.000,     65.500                 
# span 8 =  34.419745,  34.420503                 
# span 9 =   995.7125,   996.2013                 
# span 10 =      0.101,      3.359                
# span 11 =     -0.581,      0.432                
# span 12 = 0.0000e+00, 0.0000e+00                
# interval = seconds: 0.25
# start_time = Feb 03 2018 10:04:26 [Instrument's time stamp, header]
# bad_flag = -9.990e-29
*END*
[from data line 112]
      1.107    30.1044   0.153024     0.6917     2.2133     2.1670          0     28.000  34.420069   996.1407      1.101     -0.010  0.000e+00
      1.107    30.1029   0.153005     0.6916     2.1964     2.1708          0     28.250  34.420072   996.1411      1.101     -0.004  0.000e+00
      1.161    30.1015   0.152887     0.6911     2.1984     2.1608          0     28.500  34.420075   996.1414      1.154      0.008  0.000e+00
      1.139    30.1018   0.152811     0.6907     2.1698     2.1479          0     28.750  34.420078   996.1409      1.133      0.012  0.000e+00
      1.139    30.1023   0.152764     0.6905     2.1699     2.1586          0     29.000  34.420081   996.1406      1.133      0.014  0.000e+00
      1.128    30.1018   0.152741     0.6904     2.1522     2.1471          0     29.250  34.420084   996.1406      1.122      0.012  0.000e+00
      1.107    30.1012   0.152776     0.6906     2.1557     2.1555          0     29.500  34.420087   996.1408      1.101      0.003  0.000e+00
      1.118    30.1002   0.152859     0.6910     2.1430     2.1288          0     29.750  34.420090   996.1415      1.111      0.001  0.000e+00
      1.118    30.0996   0.152878     0.6911     2.1092     2.1334          0     30.000  34.420093   996.1418      1.111     -0.003  0.000e+00
      1.118    30.0994   0.152802     0.6907     2.1238     2.1311          0     30.250  34.420095   996.1415      1.111     -0.011  0.000e+00
      1.128    30.0982   0.152764     0.6906     2.0986     2.1258          0     30.500  34.420098   996.1418      1.122     -0.017  0.000e+00
      1.128    30.0967   0.152741     0.6905     2.0904     2.1250          0     30.750  34.420101   996.1422      1.122     -0.006  0.000e+00
      1.118    30.0956   0.152716     0.6904     2.0552     2.1288          0     31.000  34.420104   996.1424      1.111     -0.003  0.000e+00
      1.107    30.0944   0.152846     0.6910     2.0380     2.1319          0     31.250  34.420107   996.1432      1.101     -0.002  0.000e+00
      1.107    30.0939   0.152970     0.6916     2.0425     2.1311          0     31.500  34.420110   996.1438      1.100     -0.002  0.000e+00
      1.096    30.0938   0.153005     0.6918     2.0450     2.1425          0     31.750  34.420113   996.1439      1.090     -0.010  0.000e+00
      1.117    30.0928   0.152982     0.6917     2.0450     2.1433          0     32.000  34.420116   996.1443      1.111     -0.009  0.000e+00
      1.139    30.0906   0.153030     0.6919     2.0581     2.1380          0     32.250  34.420119   996.1452      1.133     -0.002  0.000e+00
      1.150    30.0886   0.153052     0.6921     2.0620     2.1418          0     32.500  34.420122   996.1460      1.144      0.007  0.000e+00
      1.117    30.0876   0.153062     0.6921     2.0626     2.1441          0     32.750  34.420124   996.1462      1.111      0.009  0.000e+00
      1.107    30.0884   0.152998     0.6918     2.0681     2.1555          0     33.000  34.420127   996.1456      1.101      0.008  0.000e+00
      1.096    30.0884   0.153030     0.6920     2.0855     2.1517          0     33.250  34.420130   996.1457      1.090      0.002  0.000e+00
      1.085    30.0885   0.153074     0.6922     2.1266     2.1570          0     33.500  34.420133   996.1458      1.079     -0.009  0.000e+00
      1.107    30.0882   0.153005     0.6918     2.1318     2.1555          0     33.750  34.420136   996.1457      1.101     -0.012  0.000e+00
      1.118    30.0868   0.152729     0.6906     2.1312     2.1685          0     34.000  34.420139   996.1452      1.111     -0.017  0.000e+00
      1.107    30.0862   0.152529     0.6896     2.1071     2.1654          0     34.250  34.420142   996.1447      1.101     -0.018  0.000e+00
      1.139    30.0826   0.152361     0.6889     2.0912     2.1654          0     34.500  34.420145   996.1454      1.133     -0.003  0.000e+00
      1.118    30.0639   0.152307     0.6889     2.0699     2.1670          0     34.750  34.420148   996.1510      1.111      0.010  0.000e+00
      1.118    30.0339   0.152291     0.6892     2.0487     2.1509          0     35.000  34.420150   996.1603      1.111      0.014  0.000e+00
      1.107    29.9980   0.152278     0.6897     2.0360     2.1547          0     35.250  34.420153   996.1714      1.101      0.012  0.000e+00
      1.118    29.9647   0.152307     0.6902     2.0166     2.1570          0     35.500  34.420156   996.1820      1.111      0.009  0.000e+00
      1.118    29.9390   0.152320     0.6907     2.0226     2.1540          0     35.750  34.420159   996.1901      1.111      0.001  0.000e+00
      1.118    29.9214   0.152351     0.6910     2.0349     2.1425          0     36.000  34.420162   996.1957      1.111     -0.001  0.000e+00
      1.118    29.9099   0.152408     0.6915     2.0483     2.1425          0     36.250  34.420165   996.1995      1.111     -0.001  0.000e+00
      1.118    29.9047   0.152475     0.6919     2.0457     2.1395          0     36.500  34.420168   996.2013      1.112     -0.005  0.000e+00
      1.128    29.9069   0.152577     0.6923     2.0526     2.1341          0     36.750  34.420171   996.2011      1.122      0.004  0.000e+00
      1.107    29.9124   0.152529     0.6920     2.0561     2.1380          0     37.000  34.420174   996.1991      1.101      0.001  0.000e+00
      1.117    29.9228   0.152377     0.6911     2.0469     2.1395          0     37.250  34.420177   996.1953      1.111      0.002  0.000e+00
      1.096    29.9346   0.152320     0.6907     2.0363     2.1334          0     37.500  34.420179   996.1913      1.090     -0.007  0.000e+00
      1.107    29.9442   0.152190     0.6900     2.0421     2.1410          0     37.750  34.420182   996.1880      1.101     -0.008  0.000e+00
      1.085    29.9489   0.152050     0.6892     2.0546     2.1433          0     38.000  34.420185   996.1859      1.079     -0.015  0.000e+00
      1.128    29.9575   0.151882     0.6883     2.0569     2.1441          0     38.250  34.420188   996.1828      1.122     -0.007  0.000e+00
      1.117    29.9721   0.151777     0.6876     2.0855     2.1387          0     38.500  34.420191   996.1778      1.111     -0.004  0.000e+00
      1.107    29.9842   0.151609     0.6867     2.0849     2.1456          0     38.750  34.420194   996.1734      1.100     -0.003  0.000e+00
      1.107    29.9940   0.151556     0.6863     2.0961     2.1441          0     39.000  34.420197   996.1701      1.100      0.002  0.000e+00
      1.107    30.0018   0.151549     0.6862     2.1204     2.1502          0     39.250  34.420200   996.1677      1.101      0.001  0.000e+00
      1.107    30.0052   0.151492     0.6858     2.1364     2.1517          0     39.500  34.420203   996.1664      1.100      0.004  0.000e+00
      1.117    30.0059   0.151467     0.6857     2.1428     2.1494          0     39.750  34.420205   996.1662      1.111      0.004  0.000e+00
      1.182    30.0164   0.151321     0.6849     2.1423     2.1525          0     40.000  34.420208   996.1626      1.176      0.022  0.000e+00
      1.182    30.0291   0.151270     0.6845     2.1150     2.1387          0     40.250  34.420211   996.1585      1.176      0.029  0.000e+00
      1.171    30.0412   0.151201     0.6840     2.1018     2.1418          0     40.500  34.420214   996.1544      1.165      0.040  0.000e+00
      1.193    30.0426   0.151121     0.6836     2.0771     2.1456          0     40.750  34.420217   996.1538      1.186      0.051  0.000e+00
      1.204    30.0363   0.151048     0.6833     2.0681     2.1395          0     41.000  34.420220   996.1555      1.197      0.056  0.000e+00
      1.204    30.0317   0.151017     0.6832     2.0849     2.1433          0     41.250  34.420223   996.1569      1.197      0.055  0.000e+00
      1.258    30.0354   0.151036     0.6833     2.1447     2.1647          0     41.500  34.420226   996.1560      1.251      0.061  0.000e+00
      1.377    30.0448   0.151001     0.6830     2.0654     2.1624          0     41.750  34.420229   996.1535      1.369      0.089  0.000e+00
      1.464    30.0525   0.150912     0.6825     2.1013     2.1654          0     42.000  34.420231   996.1511      1.455      0.126  0.000e+00
      1.550    30.0555   0.150979     0.6827     2.0742     2.1700          0     42.250  34.420234   996.1508      1.541      0.185  0.000e+00
      1.604    30.0549   0.150849     0.6821     2.1210     2.1326          0     42.500  34.420237   996.1508      1.595      0.233  0.000e+00
      1.626    30.0540   0.150808     0.6819     2.2370     2.1303          0     42.750  34.420240   996.1510      1.617      0.255  0.000e+00
      1.744    30.0518   0.150602     0.6810     2.2827     2.1303          0     43.000  34.420243   996.1515      1.735      0.286  0.000e+00
      1.863    30.0508   0.150535     0.6807     2.2989     2.1265          0     43.250  34.420246   996.1521      1.853      0.316  0.000e+00
      1.982    30.0631   0.150541     0.6806     2.2968     2.1608          0     43.500  34.420249   996.1488      1.971      0.333  0.000e+00
      2.090    30.0768   0.150678     0.6810     2.2970     2.1586          0     43.750  34.420252   996.1455      2.079      0.345  0.000e+00
      2.188    30.0789   0.150814     0.6816     2.1638     2.1670          0     44.000  34.420255   996.1457      2.176      0.367  0.000e+00
      2.274    30.0762   0.150782     0.6815     2.1670     2.1654          0     44.250  34.420258   996.1468      2.262      0.388  0.000e+00
      2.361    30.0734   0.150763     0.6815     2.1511     2.1586          0     44.500  34.420260   996.1480      2.348      0.406  0.000e+00
      2.469    30.0702   0.150684     0.6811     2.0688     2.1761          0     44.750  34.420263   996.1493      2.455      0.417  0.000e+00
      2.609    30.0678   0.150636     0.6809     2.0817     2.1723          0     45.000  34.420266   996.1505      2.595      0.414  0.000e+00
      2.685    30.0662   0.150678     0.6812     2.1294     2.1738          0     45.250  34.420269   996.1514      2.670      0.406  0.000e+00
      2.728    30.0654   0.150731     0.6814     2.1049     2.1769          0     45.500  34.420272   996.1521      2.713      0.387  0.000e+00
      2.782    30.0640   0.150712     0.6814     2.1759     2.1540          0     45.750  34.420275   996.1527      2.767      0.364  0.000e+00
      2.890    30.0625   0.150646     0.6811     2.1592     2.1509          0     46.000  34.420278   996.1534      2.874      0.352  0.000e+00
      3.106    30.0611   0.150665     0.6812     2.0264     2.1540          0     46.250  34.420281   996.1549      3.089      0.378  0.000e+00
      3.269    30.0533   0.150678     0.6813     1.9273     2.1456          0     46.500  34.420284   996.1581      3.251      0.414  0.000e+00
      3.344    30.0461   0.150725     0.6817     1.7930     2.2112          0     46.750  34.420286   996.1609      3.326      0.432  0.000e+00
      3.312    30.0459   0.150899     0.6825     1.7552     2.2120          0     47.000  34.420289   996.1614      3.294      0.413  0.000e+00
      3.312    30.0543   0.151159     0.6836     1.7228     2.2158          0     47.250  34.420292   996.1597      3.294      0.384  0.000e+00
      3.301    30.0631   0.151280     0.6840     1.7399     2.2127          0     47.500  34.420295   996.1573      3.283      0.331  0.000e+00
      3.323    30.0692   0.151942     0.6871     1.7685     2.1296          0     47.750  34.420298   996.1578      3.305      0.257  0.000e+00
      3.334    30.0749   0.153982     0.6966     1.8321     2.1227          0     48.000  34.420301   996.1633      3.315      0.164  0.000e+00
      3.334    30.0806   0.156134     0.7067     1.8968     2.1319          0     48.250  34.420304   996.1691      3.315      0.070  0.000e+00
      3.323    30.0852   0.157144     0.7114     1.9468     2.1280          0     48.500  34.420307   996.1712      3.305      0.016  0.000e+00
      3.345    30.0891   0.157860     0.7148     1.9820     2.1235          0     48.750  34.420310   996.1725      3.326      0.007  0.000e+00
      3.355    30.0923   0.158174     0.7162     1.9894     2.1883          0     49.000  34.420313   996.1727      3.337      0.022  0.000e+00
      3.355    30.0948   0.158479     0.7176     2.0081     2.1944          0     49.250  34.420315   996.1730      3.337      0.025  0.000e+00
      3.377    30.0964   0.158648     0.7184     2.0230     2.1845          0     49.500  34.420318   996.1732      3.359      0.030  0.000e+00
      3.345    30.0976   0.158743     0.7188     2.0413     2.1860          0     49.750  34.420321   996.1730      3.326      0.020  0.000e+00
      3.355    30.0983   0.158791     0.7190     2.0805     2.1547          0     50.000  34.420324   996.1730      3.337      0.016  0.000e+00
      3.334    30.0982   0.158851     0.7193     2.1183     2.1608          0     50.250  34.420327   996.1732      3.316      0.008  0.000e+00
      3.334    30.0978   0.158858     0.7193     2.1132     2.1525          0     50.500  34.420330   996.1733      3.316      0.000  0.000e+00
      3.323    30.0980   0.158839     0.7193     2.2009     2.1586          0     50.750  34.420333   996.1731      3.305     -0.014  0.000e+00
      3.291    30.0983   0.158832     0.7192     2.1603     2.2135          0     51.000  34.420336   996.1729      3.273     -0.030  0.000e+00
      3.258    30.0985   0.158785     0.7190     2.3483     2.2112          0     51.250  34.420339   996.1725      3.240     -0.047  0.000e+00
      3.161    30.0989   0.158365     0.7170     2.3441     2.2188          0     51.500  34.420341   996.1704      3.144     -0.084  0.000e+00
      3.085    30.0987   0.158352     0.7169     2.4247     2.2127          0     51.750  34.420344   996.1701      3.068     -0.121  0.000e+00
      3.064    30.0982   0.158422     0.7173     2.4215     2.0983          0     52.000  34.420347   996.1704      3.047     -0.155  0.000e+00
      3.107    30.0930   0.158460     0.7175     2.4272     2.1021          0     52.250  34.420350   996.1724      3.090     -0.155  0.000e+00
      3.204    30.0870   0.158371     0.7172     2.4222     2.1029          0     52.500  34.420353   996.1744      3.187     -0.120  0.000e+00
      3.226    30.0827   0.158378     0.7173     2.4703     2.1105          0     52.750  34.420356   996.1759      3.208     -0.070  0.000e+00
      3.150    30.0810   0.158422     0.7175     2.4225     2.0983          0     53.000  34.420359   996.1762      3.133     -0.037  0.000e+00
      2.977    30.0807   0.158403     0.7174     2.3106     2.0937          0     53.250  34.420362   996.1755      2.961     -0.049  0.000e+00
      2.783    30.0810   0.158384     0.7174     2.2607     2.0937          0     53.500  34.420365   996.1745      2.767     -0.103  0.000e+00
      2.739    30.0820   0.158378     0.7173     2.2392     2.0891          0     53.750  34.420367   996.1739      2.724     -0.169  0.000e+00
      2.696    30.0808   0.158390     0.7174     2.2314     2.0914          0     54.000  34.420370   996.1742      2.681     -0.244  0.000e+00
      2.675    30.0760   0.158390     0.7175     2.2039     2.1036          0     54.250  34.420373   996.1756      2.660     -0.306  0.000e+00
      2.696    30.0709   0.158467     0.7179     2.1228     2.1082          0     54.500  34.420376   996.1775      2.681     -0.322  0.000e+00
      2.685    30.0661   0.158508     0.7181     2.0855     2.1052          0     54.750  34.420379   996.1791      2.670     -0.281  0.000e+00
      2.577    30.0617   0.158495     0.7182     2.0859     2.1052          0     55.000  34.420382   996.1800      2.563     -0.227  0.000e+00
      2.339    30.0577   0.158444     0.7180     2.0956     2.1143          0     55.250  34.420385   996.1800      2.326     -0.219  0.000e+00
