public/post/ctd_rufiji/SBE19plus_01906740_2018_02_13_0902.cnv
* Sea-Bird SBE19plus  Data File:
* FileName = C:\Users\all user\Desktop\CTD tafiri 2018\SBE19plus_01906740_2018_02_13_0902.hex
* Software version 2.6.3.104
* Temperature SN = 6740
* Conductivity SN = 6740
* System UpLoad Time = Feb 13 2018 14:00:51
* <ApplicationData>
* <Seaterm232>
# nquan = 13
# nvalues = 306                                   
# units = specified
# name 0 = prdM: Pressure, Strain Gauge [db]
# name 1 = tv290C: Temperature [ITS-90, deg C]
# name 2 = c0S/m: Conductivity [S/m]
# name 3 = sal00: Salinity, Practical [PSU]
# name 4 = sbeox0ML/L: Oxygen, SBE 43 [ml/l]
# name 5 = flECO-AFL: Fluorescence, WET Labs ECO-AFL/FL [mg/m^3]
# name 6 = nbf: Bottles Fired
# name 7 = timeS: Time, Elapsed [seconds]
# name 8 = timeJ: Julian Days
# name 9 = density00: Density [density, kg/m^3]
# name 10 = depSM: Depth [salt water, m], lat = 0.00
# name 11 = dz/dtM: Descent Rate [m/s]
# name 12 = flag:  0.000e+00
# span 0 =      0.095,      3.955                 
# span 1 =    29.0890,    30.7932                 
# span 2 =   0.002758,   0.420949                 
# span 3 =     0.0209,     1.9822                 
# span 4 =    -0.2739,     7.9566                 
# span 5 =    -0.0639,     1.7031                 
# span 6 =          0,          0                 
# span 7 =      0.000,     76.250                 
# span 8 =  33.791192,  33.792075                 
# span 9 =   995.9352,   996.9969                 
# span 10 =      0.094,      3.933                
# span 11 =     -0.580,      0.525                
# span 12 = 0.0000e+00, 0.0000e+00                
# interval = seconds: 0.25
# start_time = Feb 02 2018 18:59:19 [Instrument's time stamp, header]
# bad_flag = -9.990e-29
*END*
[from data line 112]
      1.198    30.7197   0.374546     1.7516     2.1648     1.4368          0     28.000  33.791516   996.7435      1.191      0.006  0.000e+00
      1.176    30.7190   0.374180     1.7498     2.1535     1.4383          0     28.250  33.791519   996.7423      1.170      0.008  0.000e+00
      1.176    30.7150   0.373834     1.7482     2.3280     1.4338          0     28.500  33.791522   996.7424      1.170      0.011  0.000e+00
      1.165    30.7105   0.373551     1.7469     2.3041     1.3994          0     28.750  33.791525   996.7428      1.159      0.008  0.000e+00
      1.176    30.7071   0.373406     1.7463     2.1356     1.3956          0     29.000  33.791528   996.7435      1.170      0.005  0.000e+00
      1.165    30.7044   0.373737     1.7481     2.1048     1.3994          0     29.250  33.791531   996.7455      1.159     -0.009  0.000e+00
      1.165    30.7029   0.373914     1.7490     2.1287     1.4009          0     29.500  33.791534   996.7467      1.159     -0.017  0.000e+00
      1.154    30.7017   0.374221     1.7506     2.1940     1.3842          0     29.750  33.791536   996.7482      1.148     -0.017  0.000e+00
      1.187    30.7015   0.374349     1.7512     2.1332     1.3910          0     30.000  33.791539   996.7489      1.180     -0.009  0.000e+00
      1.198    30.7028   0.374325     1.7510     2.0453     1.3903          0     30.250  33.791542   996.7484      1.191      0.006  0.000e+00
      1.208    30.7048   0.374432     1.7515     1.9902     1.3887          0     30.500  33.791545   996.7481      1.202      0.016  0.000e+00
      1.187    30.7078   0.374273     1.7506     2.0551     1.3979          0     30.750  33.791548   996.7465      1.180      0.018  0.000e+00
      1.176    30.7103   0.373675     1.7476     2.0831     1.4002          0     31.000  33.791551   996.7434      1.170      0.013  0.000e+00
      1.154    30.7088   0.373216     1.7453     2.1762     1.4025          0     31.250  33.791554   996.7421      1.148      0.005  0.000e+00
      1.165    30.7063   0.373050     1.7446     2.1616     1.4025          0     31.500  33.791557   996.7424      1.159     -0.002  0.000e+00
      1.187    30.7052   0.373423     1.7465     2.2538     1.4040          0     31.750  33.791560   996.7442      1.180     -0.004  0.000e+00
      1.208    30.7046   0.374138     1.7501     2.2294     1.3971          0     32.000  33.791562   996.7471      1.202     -0.004  0.000e+00
      1.187    30.7056   0.374225     1.7505     2.2855     1.4055          0     32.250  33.791565   996.7470      1.180     -0.004  0.000e+00
      1.176    30.7080   0.374121     1.7499     2.2677     1.4002          0     32.500  33.791568   996.7458      1.170     -0.002  0.000e+00
      1.176    30.7082   0.373910     1.7488     2.4150     1.3994          0     32.750  33.791571   996.7449      1.170      0.004  0.000e+00
      1.198    30.7042   0.373679     1.7478     2.2725     1.3971          0     33.000  33.791574   996.7455      1.191      0.012  0.000e+00
      1.198    30.6978   0.373551     1.7474     2.2049     1.4017          0     33.250  33.791577   996.7472      1.191      0.014  0.000e+00
      1.208    30.6931   0.373703     1.7483     2.1011     1.3941          0     33.500  33.791580   996.7494      1.202      0.012  0.000e+00
      1.176    30.6898   0.373800     1.7489     2.0767     1.3987          0     33.750  33.791583   996.7507      1.170      0.000  0.000e+00
      1.187    30.6885   0.373786     1.7489     1.9892     1.4055          0     34.000  33.791586   996.7512      1.180     -0.002  0.000e+00
      1.187    30.6873   0.373703     1.7485     1.7361     1.4154          0     34.250  33.791589   996.7512      1.180      0.003  0.000e+00
      1.208    30.6864   0.373620     1.7481     1.6692     1.4086          0     34.500  33.791591   996.7513      1.202      0.008  0.000e+00
      1.198    30.6848   0.373634     1.7482     1.6916     1.4124          0     34.750  33.791594   996.7519      1.191      0.005  0.000e+00
      1.198    30.6828   0.373634     1.7483     1.7941     1.4017          0     35.000  33.791597   996.7525      1.191      0.001  0.000e+00
      1.187    30.6820   0.373627     1.7483     1.8351     1.3994          0     35.250  33.791600   996.7528      1.180     -0.001  0.000e+00
      1.176    30.6817   0.373482     1.7476     1.9362     1.3956          0     35.500  33.791603   996.7523      1.170     -0.004  0.000e+00
      1.165    30.6813   0.373299     1.7467     1.8312     1.3971          0     35.750  33.791606   996.7517      1.159     -0.006  0.000e+00
      1.198    30.6795   0.372981     1.7452     1.9202     1.4032          0     36.000  33.791609   996.7512      1.191     -0.006  0.000e+00
      1.209    30.6760   0.372946     1.7451     1.9600     1.4002          0     36.250  33.791612   996.7523      1.202     -0.002  0.000e+00
      1.219    30.6734   0.373105     1.7460     1.9750     1.4009          0     36.500  33.791615   996.7539      1.213      0.004  0.000e+00
      1.198    30.6722   0.373299     1.7470     2.0859     1.4002          0     36.750  33.791617   996.7549      1.191      0.009  0.000e+00
      1.187    30.6720   0.373209     1.7466     2.0855     1.3979          0     37.000  33.791620   996.7546      1.180      0.008  0.000e+00
      1.165    30.6721   0.372960     1.7453     2.0513     1.3971          0     37.250  33.791623   996.7535      1.159      0.002  0.000e+00
      1.198    30.6706   0.372732     1.7443     2.0733     1.4040          0     37.500  33.791626   996.7533      1.191      0.004  0.000e+00
      1.187    30.6679   0.372680     1.7441     2.0279     1.4025          0     37.750  33.791629   996.7540      1.180     -0.002  0.000e+00
      1.176    30.6642   0.372774     1.7447     2.0296     1.4017          0     38.000  33.791632   996.7555      1.170     -0.015  0.000e+00
      1.198    30.6611   0.372877     1.7453     2.0614     1.4040          0     38.250  33.791635   996.7571      1.191     -0.012  0.000e+00
      1.198    30.6589   0.372960     1.7458     2.0215     1.3994          0     38.500  33.791638   996.7581      1.191     -0.006  0.000e+00
      1.187    30.6574   0.372943     1.7458     1.9538     1.3987          0     38.750  33.791641   996.7585      1.180      0.002  0.000e+00
      1.198    30.6563   0.372815     1.7452     1.8900     1.3964          0     39.000  33.791644   996.7584      1.191      0.008  0.000e+00
      1.154    30.6540   0.372601     1.7442     1.8670     1.4185          0     39.250  33.791646   996.7582      1.148     -0.001  0.000e+00
      1.187    30.6508   0.372549     1.7440     1.7679     1.4048          0     39.500  33.791649   996.7592      1.180     -0.007  0.000e+00
      1.198    30.6473   0.372684     1.7448     1.8860     1.4086          0     39.750  33.791652   996.7610      1.191     -0.001  0.000e+00
      1.219    30.6445   0.373119     1.7471     1.9332     1.4124          0     40.000  33.791655   996.7636      1.213      0.008  0.000e+00
      1.208    30.6459   0.373012     1.7465     1.7976     1.4086          0     40.250  33.791658   996.7627      1.202      0.008  0.000e+00
      1.176    30.6527   0.372808     1.7453     1.8265     1.4124          0     40.500  33.791661   996.7595      1.170      0.004  0.000e+00
      1.154    30.6589   0.372573     1.7439     1.8027     1.4071          0     40.750  33.791664   996.7564      1.148     -0.004  0.000e+00
      1.176    30.6573   0.372463     1.7434     1.9935     1.4132          0     41.000  33.791667   996.7567      1.170     -0.006  0.000e+00
      1.187    30.6535   0.372325     1.7428     1.9477     1.4078          0     41.250  33.791670   996.7575      1.180     -0.002  0.000e+00
      1.219    30.6516   0.372311     1.7428     2.0341     1.4124          0     41.500  33.791672   996.7582      1.213     -0.003  0.000e+00
      1.219    30.6511   0.372370     1.7431     1.9025     1.4154          0     41.750  33.791675   996.7586      1.213      0.003  0.000e+00
      1.187    30.6502   0.372428     1.7435     1.8621     1.4109          0     42.000  33.791678   996.7590      1.180      0.001  0.000e+00
      1.187    30.6493   0.372401     1.7434     1.9089     1.4147          0     42.250  33.791681   996.7592      1.180      0.008  0.000e+00
      1.187    30.6474   0.372325     1.7431     1.9174     1.3994          0     42.500  33.791684   996.7596      1.180      0.013  0.000e+00
      1.230    30.6443   0.372173     1.7424     1.8843     1.4071          0     42.750  33.791687   996.7602      1.223      0.020  0.000e+00
      1.230    30.6407   0.372162     1.7425     1.9692     1.4048          0     43.000  33.791690   996.7614      1.223      0.017  0.000e+00
      1.187    30.6375   0.372249     1.7430     1.9527     1.3971          0     43.250  33.791693   996.7626      1.180      0.004  0.000e+00
      1.165    30.6348   0.372180     1.7428     2.1121     1.3926          0     43.500  33.791696   996.7631      1.159     -0.012  0.000e+00
      1.165    30.6321   0.371921     1.7416     1.9529     1.3811          0     43.750  33.791698   996.7631      1.159     -0.016  0.000e+00
      1.198    30.6304   0.371520     1.7397     2.0438     1.3918          0     44.000  33.791701   996.7623      1.191     -0.007  0.000e+00
      1.241    30.6305   0.371279     1.7384     1.8989     1.3895          0     44.250  33.791704   996.7616      1.234      0.004  0.000e+00
      1.241    30.6283   0.371272     1.7385     1.9349     1.3819          0     44.500  33.791707   996.7623      1.234      0.011  0.000e+00
      1.176    30.6083   0.371444     1.7400     2.0269     1.4025          0     44.750  33.791710   996.7693      1.170     -0.003  0.000e+00
      1.154    30.5865   0.371279     1.7400     1.9286     1.4002          0     45.000  33.791713   996.7759      1.148     -0.007  0.000e+00
      1.144    30.5709   0.370964     1.7389     1.8687     1.4002          0     45.250  33.791716   996.7799      1.137     -0.009  0.000e+00
      1.176    30.5538   0.370681     1.7381     1.8472     1.4009          0     45.500  33.791719   996.7848      1.170     -0.012  0.000e+00
      1.219    30.5280   0.370737     1.7393     1.7682     1.3735          0     45.750  33.791722   996.7938      1.212     -0.009  0.000e+00
      1.252    30.5055   0.370613     1.7395     1.7427     1.3742          0     46.000  33.791725   996.8010      1.245     -0.001  0.000e+00
      1.176    30.4790   0.370923     1.7419     1.8193     1.3750          0     46.250  33.791727   996.8106      1.169     -0.008  0.000e+00
      1.003    30.4585   0.371189     1.7440     1.7987     1.3727          0     46.500  33.791730   996.8177      0.997     -0.045  0.000e+00
      0.830    30.4483   0.370461     1.7407     1.8409     1.3491          0     46.750  33.791733   996.8176      0.825     -0.113  0.000e+00
      0.668    30.4416   0.370036     1.7388     1.6187     1.3483          0     47.000  33.791736   996.8176      0.664     -0.218  0.000e+00
      0.592    30.4121   0.370116     1.7402     1.2358     1.3491          0     47.250  33.791739   996.8274      0.589     -0.317  0.000e+00
      0.527    30.3662   0.370257     1.7425     1.1868     1.3453          0     47.500  33.791742   996.8429      0.524     -0.399  0.000e+00
      0.484    30.3306   0.370447     1.7447     1.2009     1.3468          0     47.750  33.791745   996.8553      0.481     -0.441  0.000e+00
      0.451    30.2903   0.370478     1.7463     1.2278     1.3552          0     48.000  33.791748   996.8686      0.449     -0.431  0.000e+00
      0.452    30.2648   0.370364     1.7466     1.2694     1.3468          0     48.250  33.791751   996.8767      0.449     -0.359  0.000e+00
      0.484    30.2467   0.370244     1.7466     1.3523     1.3514          0     48.500  33.791753   996.8824      0.481     -0.250  0.000e+00
      0.549    30.2347   0.370257     1.7471     1.4635     1.3498          0     48.750  33.791756   996.8867      0.546     -0.136  0.000e+00
      0.624    30.2232   0.370282     1.7476     1.6210     0.4793          0     49.000  33.791759   996.8910      0.621     -0.028  0.000e+00
      0.733    30.2120   0.370295     1.7481     1.7325     0.4839          0     49.250  33.791762   996.8952      0.729      0.068  0.000e+00
      0.819    30.2052   0.370237     1.7480     1.7614     0.4770          0     49.500  33.791765   996.8976      0.815      0.157  0.000e+00
      0.938    30.1983   0.370433     1.7492     1.7804     0.4755          0     49.750  33.791768   996.9012      0.933      0.241  0.000e+00
      1.046    30.1958   0.370223     1.7483     1.8023     1.3895          0     50.000  33.791771   996.9017      1.040      0.313  0.000e+00
      1.111    30.2037   0.370130     1.7475     1.8203     1.3910          0     50.250  33.791774   996.8990      1.105      0.353  0.000e+00
      1.154    30.2187   0.370123     1.7470     1.8381     1.3811          0     50.500  33.791777   996.8942      1.148      0.361  0.000e+00
      1.122    30.2309   0.370092     1.7464     1.8496     1.3842          0     50.750  33.791780   996.8899      1.116      0.324  0.000e+00
      1.100    30.2347   0.370092     1.7463     1.8576     1.3842          0     51.000  33.791782   996.8886      1.094      0.261  0.000e+00
      1.165    30.2361   0.369605     1.7438     1.8667     1.3880          0     51.250  33.791785   996.8866      1.159      0.203  0.000e+00
      1.262    30.2383   0.369102     1.7412     7.1351     1.3880          0     51.500  33.791788   996.8844      1.255      0.172  0.000e+00
      1.349    30.2483   0.368801     1.7393     4.7770     1.3872          0     51.750  33.791791   996.8803      1.342      0.156  0.000e+00
      1.392    30.2596   0.368912     1.7395     2.5527     1.3826          0     52.000  33.791794   996.8772      1.385      0.157  0.000e+00
      1.360    30.2619   0.368815     1.7389     7.9566     1.3803          0     52.250  33.791797   996.8759      1.352      0.155  0.000e+00
      1.371    30.2606   0.368691     1.7384     2.6409     1.3926          0     52.500  33.791800   996.8760      1.363      0.156  0.000e+00
      1.414    30.2592   0.368650     1.7382     3.6473     1.3880          0     52.750  33.791803   996.8764      1.406      0.166  0.000e+00
      1.435    30.2586   0.368553     1.7377     3.9374     1.3811          0     53.000  33.791806   996.8764      1.428      0.154  0.000e+00
      1.511    30.2581   0.368381     1.7369     0.6263     1.4032          0     53.250  33.791808   996.8763      1.503      0.134  0.000e+00
      1.598    30.2551   0.368108     1.7356    -0.2739     1.3979          0     53.500  33.791811   996.8766      1.589      0.131  0.000e+00
      1.673    30.2495   0.367867     1.7346     0.2907     1.3971          0     53.750  33.791814   996.8779      1.664      0.152  0.000e+00
      1.738    30.2461   0.367550     1.7332     0.3142     1.3994          0     54.000  33.791817   996.8781      1.729      0.192  0.000e+00
      1.803    30.2454   0.367195     1.7314     0.1077     1.3918          0     54.250  33.791820   996.8773      1.793      0.237  0.000e+00
      1.857    30.2428   0.366860     1.7298     3.3839     1.3964          0     54.500  33.791823   996.8772      1.847      0.259  0.000e+00
      1.933    30.2358   0.366478     1.7282     2.3677     1.3994          0     54.750  33.791826   996.8784      1.922      0.271  0.000e+00
      2.008    30.2274   0.366054     1.7263     1.5609     1.4025          0     55.000  33.791829   996.8800      1.997      0.280  0.000e+00
      2.149    30.2221   0.365789     1.7252     2.0185     1.3956          0     55.250  33.791832   996.8814      2.137      0.295  0.000e+00
