public/post/ctd_rufiji/SBE19plus_01906740_2018_02_13_0896.cnv
* Sea-Bird SBE19plus  Data File:
* FileName = C:\Users\all user\Desktop\CTD tafiri 2018\SBE19plus_01906740_2018_02_13_0896.hex
* Software version 2.6.3.104
* Temperature SN = 6740
* Conductivity SN = 6740
* System UpLoad Time = Feb 13 2018 13:59:49
* <ApplicationData>
* <Seaterm232>
# nquan = 13
# nvalues = 416                                   
# units = specified
# name 0 = prdM: Pressure, Strain Gauge [db]
# name 1 = tv290C: Temperature [ITS-90, deg C]
# name 2 = c0S/m: Conductivity [S/m]
# name 3 = sal00: Salinity, Practical [PSU]
# name 4 = sbeox0ML/L: Oxygen, SBE 43 [ml/l]
# name 5 = flECO-AFL: Fluorescence, WET Labs ECO-AFL/FL [mg/m^3]
# name 6 = nbf: Bottles Fired
# name 7 = timeS: Time, Elapsed [seconds]
# name 8 = timeJ: Julian Days
# name 9 = density00: Density [density, kg/m^3]
# name 10 = depSM: Depth [salt water, m], lat = 0.00
# name 11 = dz/dtM: Descent Rate [m/s]
# name 12 = flag:  0.000e+00
# span 0 =      0.042,      6.280                 
# span 1 =    30.2835,    31.0816                 
# span 2 =   0.002823,   2.572660                 
# span 3 =     0.0212,    13.8900                 
# span 4 =     1.2125,     8.0188                 
# span 5 =    -0.2531,     2.2753                 
# span 6 =          0,          0                 
# span 7 =      0.000,    103.750                 
# span 8 =  33.770035,  33.771236                 
# span 9 =   995.5366,  1005.7513                 
# span 10 =      0.041,      6.246                
# span 11 =     -0.708,      0.313                
# span 12 = 0.0000e+00, 0.0000e+00                
# interval = seconds: 0.25
# start_time = Feb 02 2018 18:28:51 [Instrument's time stamp, header]
# bad_flag = -9.990e-29
*END*
      0.312    30.2835   0.002823     0.0212     3.2065    -0.2493          0      0.000  33.770035   995.5803      0.310      0.000  0.000e+00
      0.355    30.3868   0.003615     0.0240     3.2108    -0.2501          0      0.250  33.770038   995.5511      0.353      0.012  0.000e+00
      0.420    30.4390   0.004024     0.0255     3.4073    -0.2508          0      0.500  33.770041   995.5366      0.418      0.037  0.000e+00
      0.496    30.4603   0.371047     1.7432     3.1768    -0.2531          0      0.750  33.770043   996.8143      0.493      0.076  0.000e+00
      0.550    30.4850   0.385305     1.8133     3.1558    -0.1013          0      1.000  33.770046   996.8593      0.547      0.118  0.000e+00
      0.572    30.5165   0.425766     2.0146     3.1402    -0.1028          0      1.250  33.770049   996.9997      0.569      0.149  0.000e+00
      0.582    30.5442   0.774751     3.8113     3.0999    -0.1036          0      1.500  33.770052   998.3284      0.579      0.165  0.000e+00
      0.626    30.5859   0.795094     3.9153     3.1011    -0.0983          0      1.750  33.770055   998.3930      0.622      0.175  0.000e+00
      0.669    30.6380   0.809580     3.9876     3.0973     1.1660          0      2.000  33.770058   998.4307      0.665      0.176  0.000e+00
      0.712    30.6865   0.830385     4.0936     3.0978     1.1667          0      2.250  33.770061   998.4945      0.708      0.164  0.000e+00
      0.745    30.7460   0.864152     4.2672     3.0980     1.1606          0      2.500  33.770064   998.6051      0.741      0.149  0.000e+00
      0.777    30.8056   0.915546     4.5348     3.1807     1.1721          0      2.750  33.770067   998.7854      0.773      0.138  0.000e+00
      0.810    30.8564   0.953962     4.7346     3.1598     1.1339          0      3.000  33.770069   998.9180      0.805      0.138  0.000e+00
      0.821    30.8993   0.986924     4.9064     3.1622     1.1255          0      3.250  33.770072   999.0321      0.816      0.137  0.000e+00
      0.853    30.9304   1.016531     5.0617     3.1671     1.1293          0      3.500  33.770075   999.1378      0.848      0.134  0.000e+00
      0.907    30.9517   1.031106     5.1376     3.1630     1.1377          0      3.750  33.770078   999.1877      0.902      0.131  0.000e+00
      0.929    30.9699   1.084253     5.4212     3.1576     1.1332          0      4.000  33.770081   999.3925      0.924      0.126  0.000e+00
      0.929    30.9825   1.126147     5.6456     3.1524     1.1156          0      4.250  33.770084   999.5552      0.924      0.115  0.000e+00
      0.950    30.9909   1.148121     5.7634     3.1652     1.1179          0      4.500  33.770087   999.6400      0.945      0.107  0.000e+00
      0.972    30.9966   1.174672     5.9065     3.1661     1.1194          0      4.750  33.770090   999.7445      0.967      0.100  0.000e+00
      0.961    31.0012   1.204715     6.0690     3.1677     1.1202          0      5.000  33.770093   999.8636      0.956      0.085  0.000e+00
      0.950    31.0052   1.219102     6.1467     3.1660     1.1179          0      5.250  33.770095   999.9200      0.945      0.066  0.000e+00
      0.961    31.0060   1.225907     6.1836     3.1646     1.1171          0      5.500  33.770098   999.9471      0.956      0.045  0.000e+00
      0.961    31.0051   1.229630     6.2040     3.1648     1.1179          0      5.750  33.770101   999.9626      0.956      0.025  0.000e+00
      0.950    31.0048   1.229713     6.2045     3.1730     1.1232          0      6.000  33.770104   999.9630      0.945      0.012  0.000e+00
      0.961    31.0049   1.229586     6.2038     3.1721     1.1133          0      6.250  33.770107   999.9625      0.956      0.007  0.000e+00
      0.983    31.0050   1.236451     6.2412     3.1676     1.1095          0      6.500  33.770110   999.9903      0.977      0.006  0.000e+00
      0.983    31.0056   1.243244     6.2781     3.1689     1.1064          0      6.750  33.770113  1000.0174      0.977      0.008  0.000e+00
      0.972    31.0063   1.247760     6.3026     3.1677     1.1087          0      7.000  33.770116  1000.0354      0.967      0.012  0.000e+00
      0.983    31.0064   1.250707     6.3187     3.1668     1.1087          0      7.250  33.770119  1000.0473      0.977      0.016  0.000e+00
      0.983    31.0057   1.256144     6.3484     3.1622     1.1103          0      7.500  33.770122  1000.0696      0.977      0.014  0.000e+00
      0.961    31.0055   1.261026     6.3750     3.1611     1.1095          0      7.750  33.770124  1000.0893      0.956      0.009  0.000e+00
      0.961    31.0066   1.264724     6.3951     3.1546     1.1110          0      8.000  33.770127  1000.1039      0.956      0.003  0.000e+00
      0.961    31.0070   1.266718     6.4059     3.1619     1.1064          0      8.250  33.770130  1000.1118      0.956     -0.007  0.000e+00
      0.972    31.0059   1.267488     6.4103     3.1603     1.1110          0      8.500  33.770133  1000.1154      0.967     -0.010  0.000e+00
      0.994    31.0030   1.266652     6.4061     3.1748     1.1148          0      8.750  33.770136  1000.1133      0.988     -0.001  0.000e+00
      0.983    30.9990   1.269328     6.4212     3.1852     1.1217          0      9.000  33.770139  1000.1258      0.977      0.004  0.000e+00
      0.994    30.9962   1.265029     6.3981     3.1892     1.1194          0      9.250  33.770142  1000.1095      0.988      0.008  0.000e+00
      0.994    30.9972   1.279521     6.4771     3.1919     1.1095          0      9.500  33.770145  1000.1678      0.988      0.014  0.000e+00
      0.972    30.9996   1.289190     6.5296     3.1923     1.1026          0      9.750  33.770148  1000.2060      0.967      0.014  0.000e+00
      0.983    30.9969   1.292747     6.5494     3.2155     1.1095          0     10.000  33.770150  1000.2216      0.977      0.011  0.000e+00
      0.983    30.9947   1.297668     6.5767     3.2330     1.1118          0     10.250  33.770153  1000.2425      0.977      0.006  0.000e+00
      0.961    30.9980   1.302069     6.6003     3.2377     1.1103          0     10.500  33.770156  1000.2589      0.956     -0.007  0.000e+00
      0.983    31.0031   1.305818     6.6202     3.2078     1.1072          0     10.750  33.770159  1000.2720      0.977     -0.009  0.000e+00
      1.005    31.0068   1.308937     6.6367     3.1478     1.1080          0     11.000  33.770162  1000.2833      0.999 7.7392e-09  0.000e+00
      0.994    31.0085   1.310334     6.6442     3.0441     1.1072          0     11.250  33.770165  1000.2882      0.988      0.002  0.000e+00
      0.983    31.0096   1.311723     6.6516     2.9391     1.1064          0     11.500  33.770168  1000.2934      0.977      0.004  0.000e+00
      0.950    31.0101   1.314702     6.6679     2.8330     1.1064          0     11.750  33.770171  1000.3051      0.945     -0.001  0.000e+00
      0.950    31.0097   1.316360     6.6770     2.7202     1.1118          0     12.000  33.770174  1000.3120      0.945     -0.011  0.000e+00
      0.961    31.0101   1.316575     6.6781     2.6260     1.1095          0     12.250  33.770177  1000.3128      0.956     -0.014  0.000e+00
      0.961    31.0113   1.312482     6.6556     2.5528     1.1064          0     12.500  33.770179  1000.2956      0.956     -0.014  0.000e+00
      0.983    31.0103   1.306411     6.6225     2.5018     1.1209          0     12.750  33.770182  1000.2715      0.977     -0.015  0.000e+00
      0.983    31.0071   1.310254     6.6439     2.4573     1.1225          0     13.000  33.770185  1000.2884      0.977     -0.010  0.000e+00
      0.983    31.0060   1.306924     6.6258     2.4308     1.1179          0     13.250  33.770188  1000.2753      0.977      0.002  0.000e+00
      0.994    31.0081   1.313581     6.6620     2.4032     1.1187          0     13.500  33.770191  1000.3016      0.988      0.015  0.000e+00
      0.983    31.0093   1.320980     6.7024     2.3792     1.1248          0     13.750  33.770194  1000.3311      0.977      0.022  0.000e+00
      0.972    31.0100   1.321982     6.7078     2.3549     1.1217          0     14.000  33.770197  1000.3348      0.967      0.014  0.000e+00
      0.972    31.0103   1.322345     6.7097     2.3367     1.1194          0     14.250  33.770200  1000.3362      0.967      0.006  0.000e+00
      0.961    31.0096   1.322144     6.7087     2.3221     1.1179          0     14.500  33.770203  1000.3356      0.956     -0.004  0.000e+00
      0.983    31.0086   1.321311     6.7043     2.3068     1.1026          0     14.750  33.770205  1000.3327      0.977     -0.007  0.000e+00
      0.983    31.0089   1.321638     6.7060     2.2920     1.0950          0     15.000  33.770208  1000.3339      0.977     -0.005  0.000e+00
      0.993    31.0100   1.323567     6.7165     2.2772     1.0920          0     15.250  33.770211  1000.3414      0.988     -0.000  0.000e+00
      1.004    31.0112   1.325721     6.7281     2.2721     1.0973          0     15.500  33.770214  1000.3497      0.999      0.007  0.000e+00
      1.015    31.0122   1.326178     6.7305     2.2563     1.1110          0     15.750  33.770217  1000.3512      1.009      0.019  0.000e+00
      0.961    31.0117   1.324982     6.7240     2.2412     1.1156          0     16.000  33.770220  1000.3463      0.956      0.012  0.000e+00
      0.982    31.0101   1.324404     6.7210     2.2290     1.1179          0     16.250  33.770223  1000.3447      0.977      0.009  0.000e+00
      0.950    31.0080   1.323992     6.7191     2.2158     1.1179          0     16.500  33.770226  1000.3438      0.945     -0.004  0.000e+00
      0.961    31.0055   1.323719     6.7179     2.2009     1.1164          0     16.750  33.770229  1000.3437      0.956     -0.017  0.000e+00
      0.961    31.0028   1.323357     6.7163     2.1881     1.1087          0     17.000  33.770231  1000.3434      0.956     -0.022  0.000e+00
      1.004    31.0010   1.322954     6.7143     2.1756     1.1057          0     17.250  33.770234  1000.3427      0.999     -0.014  0.000e+00
      0.993    31.0005   1.320900     6.7031     2.1652     1.1049          0     17.500  33.770237  1000.3345      0.988     -0.007  0.000e+00
      0.982    31.0025   1.321168     6.7043     2.1517     1.1042          0     17.750  33.770240  1000.3347      0.977      0.001  0.000e+00
      0.972    31.0057   1.323907     6.7189     2.1377     1.0836          0     18.000  33.770243  1000.3444      0.966      0.012  0.000e+00
      0.950    31.0075   1.325251     6.7260     2.1306     1.0851          0     18.250  33.770246  1000.3491      0.945      0.001  0.000e+00
      0.940    31.0087   1.325672     6.7282     2.1193     1.0805          0     18.500  33.770249  1000.3502      0.934     -0.005  0.000e+00
      0.972    31.0090   1.326048     6.7302     2.1133     1.0836          0     18.750  33.770252  1000.3518      0.967     -0.010  0.000e+00
      0.994    31.0094   1.326039     6.7301     2.1061     1.1232          0     19.000  33.770255  1000.3517      0.988     -0.007  0.000e+00
      0.983    31.0096   1.325918     6.7294     2.0987     1.1194          0     19.250  33.770258  1000.3511      0.977     -0.009  0.000e+00
      0.994    31.0106   1.326025     6.7299     2.0917     1.1148          0     19.500  33.770260  1000.3511      0.988      0.004  0.000e+00
      0.994    31.0115   1.326675     6.7333     2.0859     1.1179          0     19.750  33.770263  1000.3534      0.988      0.015  0.000e+00
      0.961    31.0129   1.327356     6.7369     2.0778     1.1148          0     20.000  33.770266  1000.3554      0.956      0.014  0.000e+00
      0.961    31.0132   1.327737     6.7389     2.0710     1.1171          0     20.250  33.770269  1000.3568      0.956      0.010  0.000e+00
      0.972    31.0126   1.327898     6.7399     2.0681     1.1194          0     20.500  33.770272  1000.3578      0.967      0.003  0.000e+00
      0.983    31.0113   1.327912     6.7401     2.0618     1.1156          0     20.750  33.770275  1000.3585      0.977     -0.006  0.000e+00
      0.994    31.0103   1.327804     6.7397     2.0578     1.1202          0     21.000  33.770278  1000.3585      0.988     -0.005  0.000e+00
      1.015    31.0098   1.327038     6.7355     2.0487     1.1164          0     21.250  33.770281  1000.3557      1.010      0.008  0.000e+00
      0.983    31.0102   1.327240     6.7366     2.0382     1.1187          0     21.500  33.770284  1000.3562      0.977      0.007  0.000e+00
      1.005    31.0107   1.327607     6.7385     2.0375     1.1187          0     21.750  33.770286  1000.3576      0.999      0.016  0.000e+00
      0.983    31.0111   1.328369     6.7426     2.0294     1.1179          0     22.000  33.770289  1000.3604      0.977      0.018  0.000e+00
      0.972    31.0117   1.328974     6.7459     2.0233     1.1652          0     22.250  33.770292  1000.3625      0.967      0.007  0.000e+00
      0.993    31.0123   1.329305     6.7476     2.0195     1.1644          0     22.500  33.770295  1000.3638      0.988      0.001  0.000e+00
      0.993    31.0127   1.329494     6.7486     2.0141     1.1682          0     22.750  33.770298  1000.3643      0.988     -0.003  0.000e+00
      0.972    31.0124   1.329444     6.7484     2.0080     1.1667          0     23.000  33.770301  1000.3642      0.966     -0.011  0.000e+00
      0.994    31.0118   1.329305     6.7477     1.9990     1.1270          0     23.250  33.770304  1000.3639      0.988     -0.009  0.000e+00
      0.993    31.0111   1.329350     6.7480     1.9918     1.1293          0     23.500  33.770307  1000.3644      0.988      0.001  0.000e+00
      0.983    31.0099   1.329373     6.7483     1.9822     1.1255          0     23.750  33.770310  1000.3650      0.977     -0.002  0.000e+00
      0.972    31.0085   1.328691     6.7448     1.9677     1.1270          0     24.000  33.770313  1000.3627      0.967     -0.001  0.000e+00
      0.972    31.0074   1.327782     6.7399     1.9536     1.1316          0     24.250  33.770315  1000.3595      0.967     -0.004  0.000e+00
      0.961    31.0053   1.324686     6.7232     1.9366     1.1049          0     24.500  33.770318  1000.3478      0.956     -0.014  0.000e+00
      0.983    31.0017   1.321007     6.7035     1.9242     1.1064          0     24.750  33.770321  1000.3344      0.977     -0.009  0.000e+00
      0.994    30.9961   1.319164     6.6942     1.9108     1.1034          0     25.000  33.770324  1000.3293      0.988     -0.001  0.000e+00
      0.994    30.9898   1.319186     6.6952     1.9043     1.1087          0     25.250  33.770327  1000.3320      0.988     -0.001  0.000e+00
      0.983    30.9851   1.319271     6.6963     1.8869     1.1164          0     25.500  33.770330  1000.3342      0.977      0.003  0.000e+00
      0.972    30.9814   1.319772     6.6995     1.8734     1.1209          0     25.750  33.770333  1000.3378      0.967      0.004  0.000e+00
      0.983    30.9787   1.319490     6.6983     1.8685     1.1240          0     26.000  33.770336  1000.3378      0.977      0.007  0.000e+00
      0.994    30.9760   1.320327     6.7033     1.8563     1.1217          0     26.250  33.770339  1000.3424      0.988      0.008  0.000e+00
      0.994    30.9736   1.320654     6.7054     1.8467     1.1194          0     26.500  33.770341  1000.3447      0.988      0.008  0.000e+00
      0.983    30.9715   1.322520     6.7159     1.8457     1.1248          0     26.750  33.770344  1000.3531      0.978      0.000  0.000e+00
      0.994    30.9696   1.319951     6.7021     1.8421     1.1232          0     27.000  33.770347  1000.3435      0.988      0.001  0.000e+00
      0.983    30.9676   1.317675     6.6898     1.8383     1.1217          0     27.250  33.770350  1000.3350      0.977      0.002  0.000e+00
      0.983    30.9647   1.315685     6.6793     1.8289     1.1194          0     27.500  33.770353  1000.3282      0.977      0.003  0.000e+00
