public/post/ctd_rufiji/SBE19plus_01906740_2018_02_13_0937.cnv
* Sea-Bird SBE19plus  Data File:
* FileName = C:\Users\all user\Desktop\CTD tafiri 2018\SBE19plus_01906740_2018_02_13_0937.hex
* Software version 2.6.3.104
* Temperature SN = 6740
* Conductivity SN = 6740
* System UpLoad Time = Feb 13 2018 14:06:28
* <ApplicationData>
* <Seaterm232>
# nquan = 13
# nvalues = 432                                   
# units = specified
# name 0 = prdM: Pressure, Strain Gauge [db]
# name 1 = tv290C: Temperature [ITS-90, deg C]
# name 2 = c0S/m: Conductivity [S/m]
# name 3 = sal00: Salinity, Practical [PSU]
# name 4 = sbeox0ML/L: Oxygen, SBE 43 [ml/l]
# name 5 = flECO-AFL: Fluorescence, WET Labs ECO-AFL/FL [mg/m^3]
# name 6 = nbf: Bottles Fired
# name 7 = timeS: Time, Elapsed [seconds]
# name 8 = timeJ: Julian Days
# name 9 = density00: Density [density, kg/m^3]
# name 10 = depSM: Depth [salt water, m], lat = 0.00
# name 11 = dz/dtM: Descent Rate [m/s]
# name 12 = flag:  0.000e+00
# span 0 =      0.156,      5.000                 
# span 1 =    29.6264,    30.1122                 
# span 2 =   0.051582,   0.453477                 
# span 3 =     0.2274,     2.1738                 
# span 4 =     1.5436,     3.8966                 
# span 5 =    -0.0319,     2.2661                 
# span 6 =          0,          0                 
# span 7 =      0.000,    107.750                 
# span 8 =  34.446400,  34.447648                 
# span 9 =   995.8481,   997.2783                 
# span 10 =      0.155,      4.972                
# span 11 =     -0.577,      0.698                
# span 12 = 0.0000e+00, 0.0000e+00                
# interval = seconds: 0.25
# start_time = Feb 03 2018 10:42:49 [Instrument's time stamp, header]
# bad_flag = -9.990e-29
*END*
[from data line 112]
      1.421    30.1040   0.364659     1.7236     2.2905     2.1570          0     28.000  34.446725   996.9130      1.413      0.023  0.000e+00
      1.378    30.1000   0.364666     1.7238     2.2815     2.1578          0     28.250  34.446727   996.9142      1.370      0.028  0.000e+00
      1.324    30.0972   0.364779     1.7245     2.2704     2.1509          0     28.500  34.446730   996.9153      1.317      0.014  0.000e+00
      1.324    30.0964   0.365065     1.7259     2.2639     2.1738          0     28.750  34.446733   996.9166      1.317     -0.005  0.000e+00
      1.345    30.0971   0.365809     1.7296     2.2517     2.1753          0     29.000  34.446736   996.9193      1.338     -0.030  0.000e+00
      1.410    30.0981   0.366654     1.7338     2.2441     2.1738          0     29.250  34.446739   996.9224      1.403     -0.032  0.000e+00
      1.443    30.0973   0.366902     1.7351     2.2410     2.1784          0     29.500  34.446742   996.9237      1.435     -0.016  0.000e+00
      1.464    30.0942   0.366736     1.7344     2.2305     2.1441          0     29.750  34.446745   996.9242      1.456      0.010  0.000e+00
      1.410    30.0904   0.366495     1.7333     2.2315     2.1326          0     30.000  34.446748   996.9243      1.403      0.036  0.000e+00
      1.345    30.0888   0.366247     1.7321     2.2122     2.1448          0     30.250  34.446751   996.9236      1.338      0.034  0.000e+00
      1.345    30.0892   0.365809     1.7299     2.1973     2.1372          0     30.500  34.446753   996.9219      1.338      0.022  0.000e+00
      1.324    30.0900   0.365548     1.7286     2.1910     2.1937          0     30.750  34.446756   996.9205      1.317     -0.011  0.000e+00
      1.367    30.0905   0.366571     1.7337     2.1891     2.1967          0     31.000  34.446759   996.9244      1.360     -0.032  0.000e+00
      1.454    30.0903   0.367257     1.7371     2.1847     2.1929          0     31.250  34.446762   996.9274      1.446     -0.027  0.000e+00
      1.475    30.0910   0.367436     1.7380     2.1727     2.1959          0     31.500  34.446765   996.9279      1.467     -0.001  0.000e+00
      1.454    30.0890   0.366833     1.7350     2.1669     2.1334          0     31.750  34.446768   996.9262      1.446      0.026  0.000e+00
      1.367    30.0876   0.366033     1.7311     2.1541     2.1341          0     32.000  34.446771   996.9233      1.360      0.036  0.000e+00
      1.324    30.0890   0.365871     1.7302     2.1509     2.1288          0     32.250  34.446774   996.9221      1.317      0.023  0.000e+00
      1.313    30.0907   0.365861     1.7301     2.1472     2.1227          0     32.500  34.446777   996.9214      1.306     -0.009  0.000e+00
      1.324    30.0882   0.366554     1.7337     2.1461     2.1311          0     32.750  34.446780   996.9249      1.317     -0.035  0.000e+00
      1.400    30.0833   0.367353     1.7378     2.1534     2.1990          0     33.000  34.446782   996.9298      1.392     -0.048  0.000e+00
      1.443    30.0808   0.367664     1.7395     2.1548     2.2036          0     33.250  34.446785   996.9320      1.435     -0.039  0.000e+00
      1.454    30.0795   0.367226     1.7373     2.1661     2.1921          0     33.500  34.446788   996.9309      1.446     -0.004  0.000e+00
      1.421    30.0774   0.366457     1.7335     2.1618     2.2074          0     33.750  34.446791   996.9285      1.413      0.030  0.000e+00
      1.367    30.0782   0.366157     1.7320     2.1590     2.1517          0     34.000  34.446794   996.9269      1.360      0.046  0.000e+00
      1.367    30.0777   0.365871     1.7306     2.1593     2.1708          0     34.250  34.446797   996.9260      1.360      0.039  0.000e+00
      1.356    30.0660   0.365896     1.7311     2.1558     2.1708          0     34.500  34.446800   996.9299      1.349      0.014  0.000e+00
      1.400    30.0565   0.366299     1.7335     2.1579     2.1685          0     34.750  34.446803   996.9348      1.392     -0.004  0.000e+00
      1.421    30.0514   0.366692     1.7356     2.1493     2.2081          0     35.000  34.446806   996.9380      1.413     -0.019  0.000e+00
      1.421    30.0496   0.366799     1.7362     2.1466     2.2127          0     35.250  34.446808   996.9390      1.413     -0.016  0.000e+00
      1.378    30.0499   0.366681     1.7356     2.1462     2.2135          0     35.500  34.446811   996.9383      1.370     -0.011  0.000e+00
      1.378    30.0497   0.366426     1.7344     2.1458     2.2081          0     35.750  34.446814   996.9374      1.370      0.002  0.000e+00
      1.367    30.0471   0.366102     1.7328     2.1384     2.2181          0     36.000  34.446817   996.9370      1.360      0.006  0.000e+00
      1.367    30.0437   0.365810     1.7315     2.1296     2.2097          0     36.250  34.446820   996.9370      1.360     -0.004  0.000e+00
      1.410    30.0414   0.365747     1.7312     2.1197     2.2165          0     36.500  34.446823   996.9377      1.403     -0.002  0.000e+00
      1.410    30.0407   0.365944     1.7322     2.1167     2.2104          0     36.750  34.446826   996.9387      1.403     -0.007  0.000e+00
      1.432    30.0394   0.366192     1.7335     2.1055     2.2066          0     37.000  34.446829   996.9401      1.424      0.004  0.000e+00
      1.400    30.0352   0.366361     1.7345     2.0996     2.2059          0     37.250  34.446832   996.9420      1.392      0.012  0.000e+00
      1.378    30.0311   0.366516     1.7354     2.0813     2.2005          0     37.500  34.446834   996.9438      1.370      0.016  0.000e+00
      1.389    30.0286   0.366492     1.7354     2.0763     2.2028          0     37.750  34.446837   996.9446      1.381      0.011  0.000e+00
      1.378    30.0272   0.366254     1.7343     2.0631     2.1952          0     38.000  34.446840   996.9442      1.370      0.002  0.000e+00
      1.400    30.0249   0.365999     1.7331     2.0550     2.2181          0     38.250  34.446843   996.9441      1.392     -0.004  0.000e+00
      1.400    30.0227   0.365834     1.7323     2.0506     2.2081          0     38.500  34.446846   996.9442      1.392     -0.013  0.000e+00
      1.389    30.0209   0.365696     1.7317     2.0409     2.2097          0     38.750  34.446849   996.9442      1.381     -0.012  0.000e+00
      1.378    30.0198   0.365610     1.7313     2.0251     2.2211          0     39.000  34.446852   996.9442      1.370     -0.013  0.000e+00
      1.389    30.0189   0.365586     1.7312     2.0234     2.2143          0     39.250  34.446855   996.9445      1.381     -0.001  0.000e+00
      1.367    30.0157   0.365561     1.7312     2.0144     2.2181          0     39.500  34.446858   996.9453      1.360     -0.004  0.000e+00
      1.324    30.0090   0.365944     1.7333     2.0119     2.2112          0     39.750  34.446861   996.9488      1.317     -0.022  0.000e+00
      1.173    30.0057   0.366388     1.7357     1.9934     2.2081          0     40.000  34.446863   996.9509      1.166     -0.074  0.000e+00
      1.043    30.0054   0.366664     1.7371     1.9724     2.2097          0     40.250  34.446866   996.9514      1.037     -0.150  0.000e+00
      0.935    30.0051   0.366006     1.7338     1.9668     2.2112          0     40.500  34.446869   996.9485      0.930     -0.225  0.000e+00
      0.859    30.0056   0.365827     1.7329     1.9523     2.2143          0     40.750  34.446872   996.9474      0.854     -0.289  0.000e+00
      0.783    30.0056   0.365692     1.7322     1.9277     2.2150          0     41.000  34.446875   996.9466      0.779     -0.341  0.000e+00
      0.718    29.9985   0.365561     1.7318     1.9369     2.2143          0     41.250  34.446878   996.9481      0.715     -0.373  0.000e+00
      0.686    29.9923   0.365682     1.7326     1.9030     2.2013          0     41.500  34.446881   996.9505      0.682     -0.367  0.000e+00
      0.697    29.9886   0.365748     1.7331     1.9157     2.2028          0     41.750  34.446884   996.9520      0.693     -0.318  0.000e+00
      0.621    29.9851   0.365923     1.7341     1.9707     2.1998          0     42.000  34.446887   996.9534      0.618     -0.259  0.000e+00
      0.502    29.9820   0.366247     1.7358     1.8796     2.2059          0     42.250  34.446889   996.9552      0.499     -0.235  0.000e+00
      0.394    29.9837   0.366599     1.7375     1.8849     0.8058          0     42.500  34.446892   996.9554      0.392     -0.239  0.000e+00
      0.362    29.9936   0.366433     1.7364     1.8937     0.8119          0     42.750  34.446895   996.9514      0.360     -0.244  0.000e+00
      0.416    30.0041   0.366096     1.7343     1.8831     0.8097          0     43.000  34.446898   996.9469      0.413     -0.221  0.000e+00
      0.480    30.0109   0.365975     1.7335     1.8898     0.8081          0     43.250  34.446901   996.9445      0.478     -0.177  0.000e+00
      0.643    30.0153   0.365882     1.7328     1.8937     0.4999          0     43.500  34.446904   996.9434      0.639     -0.092  0.000e+00
      0.783    30.0154   0.365961     1.7332     1.8854     0.5030          0     43.750  34.446907   996.9443      0.779      0.026  0.000e+00
      0.880    30.0148   0.365954     1.7332     1.8929     0.5136          0     44.000  34.446910   996.9449      0.876      0.166  0.000e+00
      0.956    30.0130   0.365727     1.7321     1.9094     0.4999          0     44.250  34.446913   996.9450      0.951      0.290  0.000e+00
      0.956    30.0098   0.365854     1.7329     1.9113     0.4930          0     44.500  34.446916   996.9465      0.951      0.351  0.000e+00
      1.032    30.0056   0.366082     1.7342     1.9046     2.0640          0     44.750  34.446918   996.9491      1.026      0.366  0.000e+00
      1.161    30.0017   0.365734     1.7326     1.9089     2.0723          0     45.000  34.446921   996.9497      1.155      0.362  0.000e+00
      1.280    29.9979   0.365758     1.7328     1.9261     2.0685          0     45.250  34.446924   996.9515      1.273      0.355  0.000e+00
      1.367    29.9950   0.365861     1.7334     1.9376     2.0723          0     45.500  34.446927   996.9533      1.359      0.335  0.000e+00
      1.432    29.9919   0.366292     1.7357     1.9468     2.1227          0     45.750  34.446930   996.9562      1.424      0.327  0.000e+00
      1.464    29.9909   0.366668     1.7376     1.9370     2.1196          0     46.000  34.446933   996.9581      1.456      0.322  0.000e+00
      1.475    30.0014   0.366936     1.7386     1.9433     2.1181          0     46.250  34.446936   996.9557      1.467      0.307  0.000e+00
      1.453    30.0193   0.367181     1.7392     1.9578     2.1151          0     46.500  34.446939   996.9506      1.445      0.272  0.000e+00
      1.453    30.0363   0.367136     1.7384     1.9635     2.1799          0     46.750  34.446942   996.9448      1.445      0.203  0.000e+00
      1.443    30.0463   0.367088     1.7378     1.9596     2.1746          0     47.000  34.446944   996.9413      1.435      0.124  0.000e+00
      1.464    30.0545   0.366954     1.7368     1.9479     2.1769          0     47.250  34.446947   996.9381      1.456      0.066  0.000e+00
      1.518    30.0602   0.366861     1.7362     1.9404     2.1753          0     47.500  34.446950   996.9361      1.510      0.043  0.000e+00
      1.583    30.0645   0.366750     1.7355     1.9392     2.1525          0     47.750  34.446953   996.9346      1.575      0.049  0.000e+00
      1.594    30.0685   0.366554     1.7343     1.9293     2.1540          0     48.000  34.446956   996.9326      1.585      0.066  0.000e+00
      1.627    30.0722   0.366450     1.7337     1.9249     2.1486          0     48.250  34.446959   996.9311      1.618      0.091  0.000e+00
      1.616    30.0755   0.366330     1.7330     1.9075     2.1479          0     48.500  34.446962   996.9295      1.607      0.106  0.000e+00
      1.605    30.0774   0.366299     1.7328     1.8890     2.1464          0     48.750  34.446965   996.9288      1.596      0.102  0.000e+00
      1.616    30.0776   0.366313     1.7328     1.8774     2.1380          0     49.000  34.446968   996.9288      1.607      0.090  0.000e+00
      1.659    30.0761   0.366450     1.7336     1.8718     2.1341          0     49.250  34.446970   996.9300      1.650      0.076  0.000e+00
      1.702    30.0749   0.366674     1.7347     1.8842     2.1296          0     49.500  34.446973   996.9314      1.693      0.066  0.000e+00
      1.746    30.0747   0.366795     1.7353     1.8746     2.1357          0     49.750  34.446976   996.9321      1.736      0.069  0.000e+00
      1.778    30.0762   0.366554     1.7341     1.8813     2.1402          0     50.000  34.446979   996.9309      1.768      0.088  0.000e+00
      1.789    30.0803   0.366330     1.7328     1.8842     2.1364          0     50.250  34.446982   996.9287      1.779      0.100  0.000e+00
      1.778    30.0831   0.366282     1.7325     1.8782     2.1395          0     50.500  34.446985   996.9276      1.768      0.107  0.000e+00
      1.800    30.0828   0.366299     1.7326     1.8791     2.1425          0     50.750  34.446988   996.9278      1.790      0.107  0.000e+00
      1.778    30.0831   0.366292     1.7325     1.8771     2.1845          0     51.000  34.446991   996.9276      1.768      0.084  0.000e+00
      1.789    30.0851   0.366268     1.7323     1.8731     2.1761          0     51.250  34.446994   996.9269      1.779      0.057  0.000e+00
      1.853    30.0876   0.366247     1.7321     1.8728     2.1738          0     51.500  34.446997   996.9263      1.843      0.050  0.000e+00
      1.875    30.0896   0.366213     1.7319     1.8758     2.1822          0     51.750  34.446999   996.9256      1.865      0.050  0.000e+00
      1.940    30.0908   0.366109     1.7313     1.8708     2.1914          0     52.000  34.447002   996.9251      1.929      0.070  0.000e+00
      1.983    30.0910   0.365968     1.7306     1.8659     2.1891          0     52.250  34.447005   996.9247      1.972      0.099  0.000e+00
      2.070    30.0920   0.365672     1.7291     1.8691     2.1860          0     52.500  34.447008   996.9237      2.058      0.142  0.000e+00
      2.113    30.0932   0.365389     1.7276     1.8374     2.1944          0     52.750  34.447011   996.9224      2.101      0.174  0.000e+00
      2.178    30.0940   0.365244     1.7269     1.8399     2.1853          0     53.000  34.447014   996.9219      2.166      0.208  0.000e+00
      2.221    30.0944   0.365179     1.7265     1.8370     2.1723          0     53.250  34.447017   996.9217      2.209      0.221  0.000e+00
      2.264    30.0941   0.365155     1.7264     1.8439     2.1837          0     53.500  34.447020   996.9219      2.252      0.219  0.000e+00
      2.297    30.0930   0.365207     1.7267     1.8398     2.1776          0     53.750  34.447023   996.9226      2.284      0.216  0.000e+00
      2.351    30.0913   0.365231     1.7269     1.8377     2.1723          0     54.000  34.447025   996.9235      2.338      0.205  0.000e+00
      2.437    30.0898   0.365193     1.7268     1.8325     2.2196          0     54.250  34.447028   996.9242      2.424      0.208  0.000e+00
      2.545    30.0880   0.365158     1.7267     1.8401     2.2211          0     54.500  34.447031   996.9252      2.531      0.220  0.000e+00
      2.621    30.0867   0.365541     1.7286     1.8435     2.2257          0     54.750  34.447034   996.9273      2.607      0.244  0.000e+00
      2.654    30.0866   0.366027     1.7311     1.8336     2.2211          0     55.000  34.447037   996.9293      2.639      0.254  0.000e+00
      2.718    30.0871   0.366375     1.7328     1.8125     2.2158          0     55.250  34.447040   996.9308      2.703      0.267  0.000e+00
