public/post/ctd_rufiji/SBE19plus_01906740_2018_02_13_0917.cnv
* Sea-Bird SBE19plus  Data File:
* FileName = C:\Users\all user\Desktop\CTD tafiri 2018\SBE19plus_01906740_2018_02_13_0917.hex
* Software version 2.6.3.104
* Temperature SN = 6740
* Conductivity SN = 6740
* System UpLoad Time = Feb 13 2018 14:03:21
* <ApplicationData>
* <Seaterm232>
# nquan = 13
# nvalues = 335                                   
# units = specified
# name 0 = prdM: Pressure, Strain Gauge [db]
# name 1 = tv290C: Temperature [ITS-90, deg C]
# name 2 = c0S/m: Conductivity [S/m]
# name 3 = sal00: Salinity, Practical [PSU]
# name 4 = sbeox0ML/L: Oxygen, SBE 43 [ml/l]
# name 5 = flECO-AFL: Fluorescence, WET Labs ECO-AFL/FL [mg/m^3]
# name 6 = nbf: Bottles Fired
# name 7 = timeS: Time, Elapsed [seconds]
# name 8 = timeJ: Julian Days
# name 9 = density00: Density [density, kg/m^3]
# name 10 = depSM: Depth [salt water, m], lat = 0.00
# name 11 = dz/dtM: Descent Rate [m/s]
# name 12 = flag:  0.000e+00
# span 0 =      0.152,      4.434                 
# span 1 =    29.5899,    30.9310                 
# span 2 =   0.000504,   0.011969                 
# span 3 =     0.0139,     0.0559                 
# span 4 =     1.7115,     5.2393                 
# span 5 =    -0.0822,     1.6748                 
# span 6 =          0,          0                 
# span 7 =      0.000,     83.500                 
# span 8 =  34.296956,  34.297922                 
# span 9 =   995.3947,   995.8018                 
# span 10 =      0.151,      4.410                
# span 11 =     -0.525,      0.468                
# span 12 = 0.0000e+00, 0.0000e+00                
# interval = seconds: 0.25
# start_time = Feb 03 2018 07:07:37 [Instrument's time stamp, header]
# bad_flag = -9.990e-29
*END*
      0.152    29.6392   0.000667     0.0143     3.8190    -0.0502          0      0.000  34.296956   995.7688      0.151 1.5790e-16  0.000e+00
      0.152    29.6312   0.000604     0.0142     3.7896    -0.0494          0      0.250  34.296959   995.7711      0.151      0.000  0.000e+00
      0.174    29.6294   0.000595     0.0141     3.7740    -0.0494          0      0.500  34.296962   995.7717      0.173      0.006  0.000e+00
      0.185    29.6536   0.000504     0.0139     3.7811    -0.0540          0      0.750  34.296965   995.7643      0.183      0.013  0.000e+00
      0.206    29.9543   0.000530     0.0141     3.7814    -0.0754          0      1.000  34.296968   995.6743      0.205      0.024  0.000e+00
      0.195    30.2579   0.000841     0.0149     3.5870    -0.0799          0      1.250  34.296970   995.5829      0.194      0.028  0.000e+00
      0.228    30.4424   0.003561     0.0238     3.6960    -0.0784          0      1.500  34.296973   995.5334      0.226      0.038  0.000e+00
      0.282    30.5475   0.008902     0.0439     3.6727    -0.0693          0      1.750  34.296976   995.5166      0.280      0.058  0.000e+00
      0.325    30.6082   0.011886     0.0557     3.5518    -0.0761          0      2.000  34.296979   995.5070      0.323      0.080  0.000e+00
      0.357    30.6300   0.011868     0.0556     3.7467    -0.0731          0      2.250  34.296982   995.5004      0.355      0.099  0.000e+00
      0.401    30.6370   0.011871     0.0556     3.6802    -0.0822          0      2.500  34.296985   995.4984      0.398      0.117  0.000e+00
      0.466    30.6517   0.011904     0.0557     3.6183    -0.0799          0      2.750  34.296988   995.4942      0.463      0.142  0.000e+00
      0.595    30.6988   0.011922     0.0558     3.5546     0.2924          0      3.000  34.296991   995.4804      0.592      0.186  0.000e+00
      0.671    30.7806   0.011969     0.0559     3.5119     0.2832          0      3.250  34.296994   995.4555      0.667      0.230  0.000e+00
      0.747    30.8435   0.011925     0.0557     3.4939     0.2832          0      3.500  34.296997   995.4363      0.743      0.259  0.000e+00
      0.779    30.8772   0.011946     0.0557     3.6076     0.2863          0      3.750  34.296999   995.4261      0.775      0.272  0.000e+00
      0.812    30.8913   0.011943     0.0557     3.6489     0.2848          0      4.000  34.297002   995.4218      0.807      0.274  0.000e+00
      0.909    30.8962   0.011949     0.0557     3.6752     1.4292          0      4.250  34.297005   995.4207      0.904      0.281  0.000e+00
      0.974    30.9010   0.011946     0.0557     3.6925     1.4231          0      4.500  34.297008   995.4195      0.968      0.278  0.000e+00
      1.060    30.9050   0.011949     0.0557     3.6788     1.4284          0      4.750  34.297011   995.4187      1.054      0.270  0.000e+00
      1.114    30.9093   0.011949     0.0557     3.5876     1.4254          0      5.000  34.297014   995.4176      1.108      0.255  0.000e+00
      1.168    30.9119   0.011925     0.0556     3.5062     1.4467          0      5.250  34.297017   995.4170      1.162      0.254  0.000e+00
      1.168    30.9131   0.011954     0.0557     3.3958     1.4490          0      5.500  34.297020   995.4166      1.162      0.241  0.000e+00
      1.201    30.9132   0.011949     0.0557     3.2325     1.4544          0      5.750  34.297023   995.4167      1.194      0.228  0.000e+00
      1.190    30.9119   0.011937     0.0557     3.1263     1.4544          0      6.000  34.297025   995.4171      1.183      0.192  0.000e+00
      1.201    30.9089   0.011922     0.0556     3.0530     1.4658          0      6.250  34.297028   995.4180      1.194      0.143  0.000e+00
      1.190    30.9062   0.011922     0.0556     3.0220     1.4643          0      6.500  34.297031   995.4188      1.183      0.098  0.000e+00
      1.201    30.9037   0.011904     0.0555     2.9901     1.4612          0      6.750  34.297034   995.4196      1.194      0.058  0.000e+00
      1.201    30.8967   0.011922     0.0556     2.9690     1.4635          0      7.000  34.297037   995.4218      1.194      0.032  0.000e+00
      1.211    30.8751   0.011937     0.0557     2.9395     1.4055          0      7.250  34.297040   995.4286      1.205      0.018  0.000e+00
      1.211    30.8528   0.011910     0.0556     2.9171     1.4025          0      7.500  34.297043   995.4354      1.205      0.015  0.000e+00
      1.179    30.8385   0.011895     0.0556     2.9001     1.4002          0      7.750  34.297046   995.4397      1.173      0.001  0.000e+00
      1.190    30.8285   0.011910     0.0556     2.8785     1.3994          0      8.000  34.297049   995.4428      1.183     -0.001  0.000e+00
      1.211    30.8206   0.011895     0.0556     2.8530     1.4025          0      8.250  34.297052   995.4453      1.205      0.001  0.000e+00
      1.211    30.8155   0.011904     0.0556     2.8547     1.4254          0      8.500  34.297054   995.4470      1.205      0.004  0.000e+00
      1.211    30.8090   0.011886     0.0555     2.8359     1.4292          0      8.750  34.297057   995.4489      1.205      0.003  0.000e+00
      1.211    30.8004   0.011889     0.0556     2.8180     1.4315          0      9.000  34.297060   995.4516      1.205      0.005  0.000e+00
      1.211    30.7931   0.011871     0.0555     2.7598     1.4238          0      9.250  34.297063   995.4538      1.205      0.006  0.000e+00
      1.211    30.7875   0.011868     0.0555     2.7086     1.4025          0      9.500  34.297066   995.4555      1.205      0.009  0.000e+00
      1.190    30.7828   0.011874     0.0555     2.7051     1.4017          0      9.750  34.297069   995.4569      1.183      0.007  0.000e+00
      1.211    30.7802   0.011871     0.0555     2.6975     1.3979          0     10.000  34.297072   995.4578      1.205      0.001  0.000e+00
      1.211    30.7779   0.011871     0.0555     2.6540     1.4055          0     10.250  34.297075   995.4585      1.204     -0.003  0.000e+00
      1.190    30.7757   0.011868     0.0555     2.6470     1.4315          0     10.500  34.297078   995.4591      1.183     -0.007  0.000e+00
      1.190    30.7748   0.011862     0.0555     2.6294     1.4238          0     10.750  34.297080   995.4593      1.183     -0.010  0.000e+00
      1.211    30.7740   0.011868     0.0555     2.6155     1.4231          0     11.000  34.297083   995.4597      1.205     -0.006  0.000e+00
      1.190    30.7734   0.011862     0.0555     2.6176     1.4315          0     11.250  34.297086   995.4598      1.183     -0.007  0.000e+00
      1.222    30.7728   0.011856     0.0554     2.6161     1.4238          0     11.500  34.297089   995.4601      1.215      0.001  0.000e+00
      1.211    30.7716   0.011856     0.0554     2.6001     1.4269          0     11.750  34.297092   995.4604      1.205      0.007  0.000e+00
      1.233    30.7703   0.011850     0.0554     2.5957     1.4208          0     12.000  34.297095   995.4609      1.226      0.010  0.000e+00
      1.201    30.7693   0.011856     0.0554     2.6083     1.4315          0     12.250  34.297098   995.4611      1.194      0.009  0.000e+00
      1.201    30.7681   0.011844     0.0554     2.5906     1.4338          0     12.500  34.297101   995.4614      1.194      0.010  0.000e+00
      1.190    30.7668   0.011850     0.0554     2.5606     1.4162          0     12.750  34.297104   995.4618      1.183      0.000  0.000e+00
      1.201    30.7659   0.011856     0.0554     2.5048     1.4170          0     13.000  34.297106   995.4621      1.194     -0.006  0.000e+00
      1.212    30.7660   0.011844     0.0554     2.4873     1.4162          0     13.250  34.297109   995.4621      1.205     -0.003  0.000e+00
      1.211    30.7663   0.011844     0.0554     2.4426     1.4109          0     13.500  34.297112   995.4620      1.205     -0.008  0.000e+00
      1.233    30.7643   0.011838     0.0554     2.4320     1.4162          0     13.750  34.297115   995.4627      1.226      0.003  0.000e+00
      1.201    30.7614   0.011832     0.0554     2.4245     1.4124          0     14.000  34.297118   995.4635      1.194      0.001  0.000e+00
      1.212    30.7592   0.011829     0.0553     2.4079     1.4200          0     14.250  34.297121   995.4642      1.205      0.009  0.000e+00
      1.190    30.7589   0.011835     0.0554     2.4067     1.4139          0     14.500  34.297124   995.4642      1.183      0.003  0.000e+00
      1.201    30.7619   0.011844     0.0554     2.3956     1.4071          0     14.750  34.297127   995.4633      1.194      0.000  0.000e+00
      1.212    30.7663   0.011844     0.0554     2.4077     1.4002          0     15.000  34.297130   995.4620      1.205     -0.004  0.000e+00
      1.222    30.7694   0.011838     0.0554     2.3882     1.4002          0     15.250  34.297133   995.4611      1.216     -0.002  0.000e+00
      1.201    30.7707   0.011850     0.0554     2.3874     1.4025          0     15.500  34.297135   995.4606      1.194     -0.004  0.000e+00
      1.201    30.7728   0.011850     0.0554     2.3578     1.3979          0     15.750  34.297138   995.4600      1.194     -0.006  0.000e+00
      1.201    30.7786   0.011856     0.0554     2.3924     1.4009          0     16.000  34.297141   995.4582      1.194      0.001  0.000e+00
      1.212    30.7880   0.011868     0.0555     2.3445     1.4040          0     16.250  34.297144   995.4554      1.205      0.001  0.000e+00
      1.222    30.7994   0.011862     0.0554     2.3227     1.3979          0     16.500  34.297147   995.4519      1.216      0.008  0.000e+00
      1.212    30.8083   0.011868     0.0555     2.3214     1.4032          0     16.750  34.297150   995.4491      1.205      0.004  0.000e+00
      1.223    30.8143   0.011868     0.0555     2.3152     1.3895          0     17.000  34.297153   995.4473      1.216      0.004  0.000e+00
      1.212    30.8204   0.011862     0.0554     2.3209     1.3910          0     17.250  34.297156   995.4453      1.205      0.004  0.000e+00
      1.223    30.8278   0.011868     0.0555     2.3012     1.3941          0     17.500  34.297159   995.4431      1.216      0.011  0.000e+00
      1.190    30.8342   0.011868     0.0554     2.2916     1.3865          0     17.750  34.297161   995.4410      1.184      0.001  0.000e+00
      1.212    30.8392   0.011868     0.0554     2.2961     1.4154          0     18.000  34.297164   995.4395      1.205     -0.001  0.000e+00
      1.201    30.8407   0.011850     0.0554     2.3084     1.4170          0     18.250  34.297167   995.4389      1.194     -0.008  0.000e+00
      1.233    30.8376   0.011850     0.0554     2.2847     1.4109          0     18.500  34.297170   995.4400      1.226     -0.002  0.000e+00
      1.201    30.8336   0.011850     0.0554     2.2876     1.4139          0     18.750  34.297173   995.4412      1.194     -0.003  0.000e+00
      1.222    30.8314   0.011862     0.0554     2.2806     1.4048          0     19.000  34.297176   995.4420      1.216     -0.000  0.000e+00
      1.222    30.8320   0.011856     0.0554     2.2795     1.4055          0     19.250  34.297179   995.4418      1.216      0.006  0.000e+00
      1.222    30.8331   0.011838     0.0553     2.3062     1.4002          0     19.500  34.297182   995.4414      1.216      0.008  0.000e+00
      1.212    30.8322   0.011838     0.0553     2.3104     1.3987          0     19.750  34.297185   995.4416      1.205      0.010  0.000e+00
      1.233    30.8294   0.011844     0.0554     2.3138     1.3994          0     20.000  34.297188   995.4426      1.226      0.008  0.000e+00
      1.222    30.8275   0.011838     0.0553     2.3114     1.4238          0     20.250  34.297190   995.4431      1.216      0.007  0.000e+00
      1.222    30.8275   0.011838     0.0553     2.3160     1.4215          0     20.500  34.297193   995.4431      1.216      0.002  0.000e+00
      1.201    30.8276   0.011826     0.0553     2.3065     1.4299          0     20.750  34.297196   995.4429      1.194      0.001  0.000e+00
      1.212    30.8257   0.011829     0.0553     2.2864     1.4315          0     21.000  34.297199   995.4436      1.205     -0.007  0.000e+00
      1.233    30.8234   0.011835     0.0553     2.2704     1.4284          0     21.250  34.297202   995.4444      1.226     -0.002  0.000e+00
      1.211    30.8216   0.011838     0.0553     2.2614     1.4269          0     21.500  34.297205   995.4449      1.205     -0.003  0.000e+00
      1.211    30.8205   0.011838     0.0553     2.2497     1.4269          0     21.750  34.297208   995.4452      1.205     -0.004  0.000e+00
      1.233    30.8209   0.011838     0.0553     2.2426     1.4231          0     22.000  34.297211   995.4452      1.226     -0.002  0.000e+00
      1.233    30.8214   0.011838     0.0553     2.2410     1.3971          0     22.250  34.297214   995.4450      1.226      0.006  0.000e+00
      1.222    30.8230   0.011838     0.0553     2.2439     1.4025          0     22.500  34.297216   995.4445      1.216      0.008  0.000e+00
      1.222    30.8233   0.011829     0.0553     2.2472     1.4009          0     22.750  34.297219   995.4444      1.216      0.009  0.000e+00
      1.222    30.8221   0.011823     0.0553     2.2689     1.4009          0     23.000  34.297222   995.4447      1.216      0.004  0.000e+00
      1.233    30.8181   0.011826     0.0553     2.2592     1.4086          0     23.250  34.297225   995.4460      1.226      0.003  0.000e+00
      1.212    30.8139   0.011818     0.0553     2.2606     1.4101          0     23.500  34.297228   995.4472      1.205      0.002  0.000e+00
      1.222    30.8102   0.011818     0.0553     2.2667     1.4124          0     23.750  34.297231   995.4484      1.216     -0.001  0.000e+00
      1.222    30.8073   0.011823     0.0553     2.2653     1.4109          0     24.000  34.297234   995.4493      1.216     -0.006  0.000e+00
      1.212    30.8046   0.011821     0.0553     2.2605     1.4101          0     24.250  34.297237   995.4501      1.205     -0.006  0.000e+00
      1.233    30.8015   0.011829     0.0553     2.2624     1.3903          0     24.500  34.297240   995.4512      1.226     -0.000  0.000e+00
      1.222    30.7988   0.011823     0.0553     2.2646     1.3926          0     24.750  34.297242   995.4520      1.216 -1.904e-10  0.000e+00
      1.222    30.7957   0.011821     0.0553     2.2621     1.3887          0     25.000  34.297245   995.4529      1.216      0.000  0.000e+00
      1.201    30.7922   0.011812     0.0553     2.2616     1.3872          0     25.250  34.297248   995.4539      1.194     -0.006  0.000e+00
      1.212    30.7886   0.011818     0.0553     2.2625     1.3781          0     25.500  34.297251   995.4550      1.205     -0.004  0.000e+00
      1.212    30.7859   0.011835     0.0554     2.2616     1.3803          0     25.750  34.297254   995.4559      1.205     -0.007  0.000e+00
      1.212    30.7859   0.011832     0.0553     2.2534     1.3781          0     26.000  34.297257   995.4559      1.205     -0.007  0.000e+00
      1.212    30.7874   0.011823     0.0553     2.2397     1.3720          0     26.250  34.297260   995.4554      1.205     -0.006  0.000e+00
      1.222    30.7819   0.011812     0.0553     2.2455     1.4277          0     26.500  34.297263   995.4571      1.216     -0.006  0.000e+00
      1.212    30.7726   0.011815     0.0553     2.2332     1.4185          0     26.750  34.297266   995.4600      1.205     -0.001  0.000e+00
      1.212    30.7673   0.011812     0.0553     2.2283     1.4269          0     27.000  34.297269   995.4616      1.205      0.001  0.000e+00
      1.212    30.7648   0.011818     0.0553     2.2389     1.4269          0     27.250  34.297271   995.4624      1.205      0.004  0.000e+00
      1.223    30.7611   0.011815     0.0553     2.2193     1.4277          0     27.500  34.297274   995.4636      1.216      0.003  0.000e+00
