public/post/ctd_rufiji/SBE19plus_01906740_2018_02_13_0937.cnv
* Sea-Bird SBE19plus  Data File:
* FileName = C:\Users\all user\Desktop\CTD tafiri 2018\SBE19plus_01906740_2018_02_13_0937.hex
* Software version 2.6.3.104
* Temperature SN = 6740
* Conductivity SN = 6740
* System UpLoad Time = Feb 13 2018 14:06:28
* <ApplicationData>
* <Seaterm232>
# nquan = 13
# nvalues = 432                                   
# units = specified
# name 0 = prdM: Pressure, Strain Gauge [db]
# name 1 = tv290C: Temperature [ITS-90, deg C]
# name 2 = c0S/m: Conductivity [S/m]
# name 3 = sal00: Salinity, Practical [PSU]
# name 4 = sbeox0ML/L: Oxygen, SBE 43 [ml/l]
# name 5 = flECO-AFL: Fluorescence, WET Labs ECO-AFL/FL [mg/m^3]
# name 6 = nbf: Bottles Fired
# name 7 = timeS: Time, Elapsed [seconds]
# name 8 = timeJ: Julian Days
# name 9 = density00: Density [density, kg/m^3]
# name 10 = depSM: Depth [salt water, m], lat = 0.00
# name 11 = dz/dtM: Descent Rate [m/s]
# name 12 = flag:  0.000e+00
# span 0 =      0.156,      5.000                 
# span 1 =    29.6264,    30.1122                 
# span 2 =   0.051582,   0.453477                 
# span 3 =     0.2274,     2.1738                 
# span 4 =     1.5436,     3.8966                 
# span 5 =    -0.0319,     2.2661                 
# span 6 =          0,          0                 
# span 7 =      0.000,    107.750                 
# span 8 =  34.446400,  34.447648                 
# span 9 =   995.8481,   997.2783                 
# span 10 =      0.155,      4.972                
# span 11 =     -0.577,      0.698                
# span 12 = 0.0000e+00, 0.0000e+00                
# interval = seconds: 0.25
# start_time = Feb 03 2018 10:42:49 [Instrument's time stamp, header]
# bad_flag = -9.990e-29
*END*
[from data line 334]
      4.902    30.0570   0.440607     2.1084     1.9038     2.2577          0     83.500  34.447367   997.2298      4.875     -0.012  0.000e+00
      4.902    30.0575   0.441106     2.1109     1.9132     2.2631          0     83.750  34.447370   997.2315      4.875     -0.002  0.000e+00
      4.924    30.0577   0.444359     2.1274     1.8972     2.2432          0     84.000  34.447373   997.2438      4.897      0.005  0.000e+00
      4.946    30.0583   0.453477     2.1738     1.8627     2.2509          0     84.250  34.447376   997.2783      4.918      0.017  0.000e+00
      4.935    30.0589   0.450346     2.1578     1.8307     2.2501          0     84.500  34.447378   997.2662      4.908      0.026  0.000e+00
      4.891    30.0587   0.446201     2.1367     1.7486     2.2471          0     84.750  34.447381   997.2504      4.865      0.019  0.000e+00
      4.891    30.0593   0.451826     2.1653     1.6899     2.2226          0     85.000  34.447384   997.2715      4.864      0.005  0.000e+00
      4.881    30.0601   0.453061     2.1716     1.7297     2.2242          0     85.250  34.447387   997.2759      4.854     -0.009  0.000e+00
      4.891    30.0605   0.452447     2.1684     1.7339     2.2211          0     85.500  34.447390   997.2734      4.864     -0.015  0.000e+00
      4.913    30.0606   0.452110     2.1667     1.7481     2.2234          0     85.750  34.447393   997.2722      4.886     -0.015  0.000e+00
      4.902    30.0608   0.450448     2.1583     1.7732     2.2196          0     86.000  34.447396   997.2658      4.875     -0.019  0.000e+00
      4.891    30.0616   0.450317     2.1576     1.8058     2.2379          0     86.250  34.447399   997.2650      4.864     -0.018  0.000e+00
      4.891    30.0618   0.449611     2.1540     1.8147     2.2287          0     86.500  34.447402   997.2623      4.864     -0.008  0.000e+00
      4.848    30.0617   0.449054     2.1511     1.8034     2.2356          0     86.750  34.447405   997.2600      4.821     -0.009  0.000e+00
      4.848    30.0617   0.449398     2.1529     1.8145     2.2341          0     87.000  34.447407   997.2613      4.821     -0.019  0.000e+00
      4.870    30.0605   0.449398     2.1529     1.8386     2.2364          0     87.250  34.447410   997.2618      4.843     -0.021  0.000e+00
      4.913    30.0601   0.449118     2.1515     1.8411     2.2387          0     87.500  34.447413   997.2610      4.886     -0.013  0.000e+00
      4.924    30.0600   0.448405     2.1479     1.8445     2.2394          0     87.750  34.447416   997.2584      4.897     -0.001  0.000e+00
      4.881    30.0604   0.445814     2.1347     1.8186     2.2364          0     88.000  34.447419   997.2483      4.854      0.005  0.000e+00
      4.891    30.0609   0.446218     2.1367     1.8054     2.2410          0     88.250  34.447422   997.2497      4.864      0.012  0.000e+00
      4.881    30.0607   0.447498     2.1432     1.7347     2.2493          0     88.500  34.447425   997.2545      4.854      0.014  0.000e+00
      4.837    30.0608   0.447260     2.1420     1.6895     2.2493          0     88.750  34.447428   997.2534      4.811      0.004  0.000e+00
      4.794    30.0589   0.446403     2.1378     1.6662     2.2524          0     89.000  34.447431   997.2506      4.768     -0.027  0.000e+00
      4.805    30.0576   0.445007     2.1307     1.6523     2.2341          0     89.250  34.447433   997.2458      4.779     -0.053  0.000e+00
      4.870    30.0573   0.440445     2.1075     1.6821     2.2349          0     89.500  34.447436   997.2289      4.843     -0.050  0.000e+00
      4.913    30.0580   0.435713     2.0835     1.7544     2.2356          0     89.750  34.447439   997.2109      4.886     -0.022  0.000e+00
      4.935    30.0588   0.437769     2.0939     1.7166     2.2349          0     90.000  34.447442   997.2186      4.908      0.015  0.000e+00
      4.892    30.0596   0.439812     2.1042     1.7035     2.2371          0     90.250  34.447445   997.2258      4.865      0.026  0.000e+00
      4.859    30.0604   0.440802     2.1092     1.6120     2.2394          0     90.500  34.447448   997.2292      4.832      0.031  0.000e+00
      4.837    30.0604   0.441608     2.1133     1.6322     2.2394          0     90.750  34.447451   997.2321      4.811      0.029  0.000e+00
      4.805    30.0599   0.442900     2.1199     1.5729     2.2326          0     91.000  34.447454   997.2371      4.779      0.006  0.000e+00
      4.794    30.0571   0.442603     2.1185     1.5605     2.2287          0     91.250  34.447457   997.2368      4.768     -0.031  0.000e+00
      4.773    30.0540   0.440632     2.1086     1.5446     2.2081          0     91.500  34.447459   997.2303      4.746     -0.071  0.000e+00
      4.805    30.0524   0.435590     2.0831     1.5731     2.2158          0     91.750  34.447462   997.2119      4.779     -0.078  0.000e+00
      4.870    30.0526   0.436907     2.0898     1.6128     2.2112          0     92.000  34.447465   997.2171      4.843     -0.049  0.000e+00
      4.902    30.0531   0.439289     2.1018     1.6381     2.2135          0     92.250  34.447468   997.2261      4.875     -0.001  0.000e+00
      4.892    30.0535   0.441379     2.1124     1.6771     2.2013          0     92.500  34.447471   997.2338      4.865      0.031  0.000e+00
      4.816    30.0527   0.443410     2.1228     1.6911     2.1975          0     92.750  34.447474   997.2415      4.789      0.032  0.000e+00
      4.729    30.0493   0.442946     2.1206     1.6674     2.1990          0     93.000  34.447477   997.2405      4.703      0.007  0.000e+00
      4.632    30.0458   0.443045     2.1212     1.6462     2.1944          0     93.250  34.447480   997.2416      4.607     -0.049  0.000e+00
      4.589    30.0443   0.442107     2.1165     1.6228     2.2181          0     93.500  34.447483   997.2383      4.564     -0.108  0.000e+00
      4.675    30.0435   0.443566     2.1240     1.6243     2.2181          0     93.750  34.447486   997.2445      4.650     -0.138  0.000e+00
      4.794    30.0434   0.443247     2.1224     1.6932     2.2295          0     94.000  34.447488   997.2439      4.768     -0.118  0.000e+00
      4.816    30.0427   0.441973     2.1159     1.7059     2.2303          0     94.250  34.447491   997.2394      4.789     -0.071  0.000e+00
      4.816    30.0421   0.443498     2.1237     1.6943     2.2196          0     94.500  34.447494   997.2454      4.789     -0.009  0.000e+00
      4.762    30.0417   0.443541     2.1239     1.6889     2.2303          0     94.750  34.447497   997.2454      4.736      0.041  0.000e+00
      4.610    30.0416   0.441743     2.1148     1.7057     2.2394          0     95.000  34.447500   997.2380      4.585      0.034  0.000e+00
      4.459    30.0411   0.441011     2.1111     1.6913     2.2326          0     95.250  34.447503   997.2347      4.435     -0.029  0.000e+00
      4.405    30.0407   0.442589     2.1191     1.6881     2.2349          0     95.500  34.447506   997.2406      4.381     -0.120  0.000e+00
      4.383    30.0405   0.443516     2.1239     1.7072     2.2555          0     95.750  34.447509   997.2441      4.359     -0.217  0.000e+00
      4.297    30.0405   0.442727     2.1199     1.6894     2.2555          0     96.000  34.447512   997.2407      4.273     -0.294  0.000e+00
      4.135    30.0397   0.442670     2.1196     1.6837     2.2432          0     96.250  34.447514   997.2400      4.112     -0.350  0.000e+00
      4.038    30.0385   0.443810     2.1255     1.6741     2.2471          0     96.500  34.447517   997.2443      4.015     -0.380  0.000e+00
      3.962    30.0380   0.444270     2.1278     1.6878     2.2211          0     96.750  34.447520   997.2459      3.940     -0.378  0.000e+00
      3.843    30.0367   0.443958     2.1263     1.6873     2.2204          0     97.000  34.447523   997.2446      3.822     -0.370  0.000e+00
      3.637    30.0359   0.443233     2.1226     1.6719     2.2242          0     97.250  34.447526   997.2412      3.617     -0.405  0.000e+00
      3.475    30.0348   0.442780     2.1204     1.6499     2.2150          0     97.500  34.447529   997.2391      3.456     -0.469  0.000e+00
      3.356    30.0343   0.443824     2.1257     1.6509     2.2280          0     97.750  34.447532   997.2427      3.338     -0.518  0.000e+00
      3.248    30.0340   0.443923     2.1262     1.6494     2.2303          0     98.000  34.447535   997.2427      3.230     -0.532  0.000e+00
      3.118    30.0337   0.444040     2.1268     1.6418     2.2188          0     98.250  34.447538   997.2427      3.101     -0.534  0.000e+00
      3.010    30.0335   0.444160     2.1275     1.6582     2.2272          0     98.500  34.447541   997.2428      2.994     -0.541  0.000e+00
      2.924    30.0330   0.444026     2.1268     1.6536     2.2204          0     98.750  34.447543   997.2421      2.908     -0.528  0.000e+00
      2.794    30.0328   0.443735     2.1253     1.6444     2.2196          0     99.000  34.447546   997.2404      2.779     -0.500  0.000e+00
      2.621    30.0330   0.443459     2.1239     1.6406     2.2196          0     99.250  34.447549   997.2386      2.607     -0.481  0.000e+00
      2.481    30.0332   0.443240     2.1228     1.6454     2.2249          0     99.500  34.447552   997.2370      2.467     -0.486  0.000e+00
      2.319    30.0332   0.443024     2.1217     1.6455     2.2272          0     99.750  34.447555   997.2355      2.306     -0.511  0.000e+00
      2.146    30.0328   0.443024     2.1217     1.6466     2.2181          0    100.000  34.447558   997.2349      2.134     -0.545  0.000e+00
      2.027    30.0326   0.442758     2.1204     1.6379     2.2173          0    100.250  34.447561   997.2334      2.015     -0.566  0.000e+00
      1.929    30.0321   0.441920     2.1162     1.6514     2.2143          0    100.500  34.447564   997.2299      1.919     -0.574  0.000e+00
      1.789    30.0302   0.442320     2.1183     1.6585     2.2059          0    100.750  34.447567   997.2315      1.779     -0.577  0.000e+00
      1.659    30.0289   0.442298     2.1182     1.6445     2.2043          0    101.000  34.447569   997.2313      1.650     -0.562  0.000e+00
      1.562    30.0288   0.441545     2.1144     1.6583     2.2165          0    101.250  34.447572   997.2280      1.553     -0.532  0.000e+00
      1.443    30.0298   0.441297     2.1131     1.6552     2.2104          0    101.500  34.447575   997.2262      1.435     -0.509  0.000e+00
      1.248    30.0325   0.441470     2.1139     1.6443     2.2135          0    101.750  34.447578   997.2251      1.241     -0.506  0.000e+00
      1.162    30.0338   0.441371     2.1133     1.6614     2.2097          0    102.000  34.447581   997.2239      1.155     -0.498  0.000e+00
      0.978    30.0346   0.441269     2.1128     2.3713     2.2112          0    102.250  34.447584   997.2224      0.972     -0.520  0.000e+00
      0.848    30.0339   0.441120     2.1120     1.8151     2.2204          0    102.500  34.447587   997.2215      0.843     -0.538  0.000e+00
      0.740    30.0331   0.440781     2.1103     1.7316     2.2127          0    102.750  34.447590   997.2200      0.736     -0.538  0.000e+00
      0.707    30.0333   0.438242     2.0974     1.7074     2.2188          0    103.000  34.447593   997.2102      0.704     -0.515  0.000e+00
      0.707    30.0357   0.439030     2.1013     1.6574     2.1883          0    103.250  34.447595   997.2124      0.704     -0.464  0.000e+00
      0.729    30.0393   0.440293     2.1076     1.6151     2.1784          0    103.500  34.447598   997.2160      0.725     -0.375  0.000e+00
      0.740    30.0425   0.440632     2.1092     1.5802     2.1944          0    103.750  34.447601   997.2163      0.736     -0.268  0.000e+00
      0.653    30.0443   0.440070     2.1063     1.5436     2.1883          0    104.000  34.447604   997.2132      0.650     -0.201  0.000e+00
      0.502    30.0443   0.439939     2.1056     1.5730     2.0769          0    104.250  34.447607   997.2120      0.499     -0.164  0.000e+00
      0.307    30.0433   0.440455     2.1083     1.7866     2.0792          0    104.500  34.447610   997.2135      0.306     -0.197  0.000e+00
      0.156    30.0420   0.440346     2.1078     1.7134     2.0815          0    104.750  34.447613   997.2128      0.155     -0.268  0.000e+00
      0.188    30.0406   0.426551     2.0378     1.8561     2.0754          0    105.000  34.447616   997.1612      0.187     -0.321  0.000e+00
      0.188    30.0393   0.094745     0.4210     1.9429    -0.0265          0    105.250  34.447619   995.9538      0.187     -0.347  0.000e+00
      0.199    30.0222   0.069187     0.3049     1.9541    -0.0311          0    105.500  34.447622   995.8720      0.198     -0.337  0.000e+00
      0.199    29.9862   0.072565     0.3204     2.0069    -0.0220          0    105.750  34.447624   995.8945      0.198     -0.285  0.000e+00
      0.188    29.9465   0.061669     0.2715     1.9883    -0.0227          0    106.000  34.447627   995.8698      0.187     -0.197  0.000e+00
      0.188    29.9089   0.051743     0.2274     1.9749    -0.0273          0    106.250  34.447630   995.8481      0.187     -0.101  0.000e+00
      0.221    29.8687   0.064550     0.2849     1.9543    -0.0288          0    106.500  34.447633   995.9034      0.220     -0.016  0.000e+00
      0.199    29.8240   0.066910     0.2958     2.0023    -0.0227          0    106.750  34.447636   995.9249      0.198      0.017  0.000e+00
      0.188    29.7751   0.057498     0.2537     2.0400    -0.0319          0    107.000  34.447639   995.9080      0.187      0.004  0.000e+00
      0.199    29.7283   0.057039     0.2519     2.1141    -0.0258          0    107.250  34.447642   995.9207      0.198      0.003  0.000e+00
      0.188    29.6832   0.052176     0.2303     2.2679    -0.0204          0    107.500  34.447645   995.9180      0.187     -0.002  0.000e+00
      0.178    29.6264   0.051582     0.2279     2.4988    -0.0288          0    107.750  34.447648   995.9332      0.177     -0.006  0.000e+00
