public/post/ctd_rufiji/SBE19plus_01906740_2018_02_13_0916.cnv
* Sea-Bird SBE19plus  Data File:
* FileName = C:\Users\all user\Desktop\CTD tafiri 2018\SBE19plus_01906740_2018_02_13_0916.hex
* Software version 2.6.3.104
* Temperature SN = 6740
* Conductivity SN = 6740
* System UpLoad Time = Feb 13 2018 14:03:11
* <ApplicationData>
* <Seaterm232>
# nquan = 13
# nvalues = 314                                   
# units = specified
# name 0 = prdM: Pressure, Strain Gauge [db]
# name 1 = tv290C: Temperature [ITS-90, deg C]
# name 2 = c0S/m: Conductivity [S/m]
# name 3 = sal00: Salinity, Practical [PSU]
# name 4 = sbeox0ML/L: Oxygen, SBE 43 [ml/l]
# name 5 = flECO-AFL: Fluorescence, WET Labs ECO-AFL/FL [mg/m^3]
# name 6 = nbf: Bottles Fired
# name 7 = timeS: Time, Elapsed [seconds]
# name 8 = timeJ: Julian Days
# name 9 = density00: Density [density, kg/m^3]
# name 10 = depSM: Depth [salt water, m], lat = 0.00
# name 11 = dz/dtM: Descent Rate [m/s]
# name 12 = flag:  0.000e+00
# span 0 =      0.160,      4.743                 
# span 1 =    29.7203,    30.9090                 
# span 2 =   0.000785,   0.012428                 
# span 3 =     0.0147,     0.0578                 
# span 4 =     0.5410,     6.8557                 
# span 5 =    -0.0342,     1.8885                 
# span 6 =          0,          0                 
# span 7 =      0.000,     78.250                 
# span 8 =  34.294641,  34.295547                 
# span 9 =   995.4148,   995.7452                 
# span 10 =      0.159,      4.717                
# span 11 =     -0.569,      0.483                
# span 12 = 0.0000e+00, 0.0000e+00                
# interval = seconds: 0.25
# start_time = Feb 03 2018 07:04:17 [Instrument's time stamp, header]
# bad_flag = -9.990e-29
*END*
[from data line 112]
      0.981    30.8148   0.012380     0.0575     2.2557     1.4284          0     28.000  34.294965   995.4476      0.975      0.006  0.000e+00
      0.992    30.8133   0.012377     0.0575     2.3380     1.4299          0     28.250  34.294968   995.4481      0.986      0.006  0.000e+00
      0.981    30.8117   0.012386     0.0575     2.5247     1.4223          0     28.500  34.294971   995.4486      0.975      0.001  0.000e+00
      0.991    30.8102   0.012380     0.0575     2.5484     1.4307          0     28.750  34.294974   995.4491      0.986      0.003  0.000e+00
      0.981    30.8087   0.012368     0.0575     2.6275     1.4322          0     29.000  34.294977   995.4494      0.975      0.004  0.000e+00
      0.970    30.8071   0.012371     0.0575     1.8527     1.4315          0     29.250  34.294980   995.4499      0.965      0.000  0.000e+00
      0.970    30.8051   0.012368     0.0575     1.7032     1.4177          0     29.500  34.294983   995.4505      0.965     -0.007  0.000e+00
      0.992    30.8029   0.012362     0.0574     1.6363     1.4040          0     29.750  34.294986   995.4512      0.986     -0.005  0.000e+00
      0.992    30.8010   0.012371     0.0575     1.6220     1.4032          0     30.000  34.294988   995.4519      0.986      0.000  0.000e+00
      0.992    30.7992   0.012362     0.0574     1.6471     1.4086          0     30.250  34.294991   995.4524      0.986      0.002  0.000e+00
      0.992    30.7973   0.012362     0.0574     1.7078     1.4025          0     30.500  34.294994   995.4530      0.986      0.006  0.000e+00
      0.992    30.7951   0.012362     0.0574     1.8336     1.4009          0     30.750  34.294997   995.4537      0.986      0.007  0.000e+00
      0.981    30.7938   0.012371     0.0575     1.9813     1.3994          0     31.000  34.295000   995.4541      0.976      0.007  0.000e+00
      0.981    30.7917   0.012362     0.0574     2.1775     1.4025          0     31.250  34.295003   995.4547      0.976      0.005  0.000e+00
      0.981    30.7900   0.012368     0.0575     3.1290     1.4055          0     31.500  34.295006   995.4552      0.976     -0.001  0.000e+00
      0.981    30.7883   0.012371     0.0575     3.7012     1.4238          0     31.750  34.295009   995.4557      0.976     -0.007  0.000e+00
      0.981    30.7867   0.012368     0.0575     3.8013     1.4277          0     32.000  34.295012   995.4562      0.976     -0.007  0.000e+00
      0.992    30.7854   0.012368     0.0575     3.4168     1.4238          0     32.250  34.295014   995.4567      0.986     -0.003  0.000e+00
      0.970    30.7837   0.012359     0.0574     3.0105     1.4223          0     32.500  34.295017   995.4571      0.965     -0.006  0.000e+00
      1.003    30.7821   0.012362     0.0575     2.7400     1.4284          0     32.750  34.295020   995.4577      0.997      0.002  0.000e+00
      1.014    30.7804   0.012353     0.0574     2.5188     1.4292          0     33.000  34.295023   995.4583      1.008      0.012  0.000e+00
      1.003    30.7784   0.012353     0.0574     2.2910     1.4368          0     33.250  34.295026   995.4589      0.997      0.015  0.000e+00
      1.003    30.7766   0.012359     0.0574     2.0309     1.4246          0     33.500  34.295029   995.4594      0.997      0.015  0.000e+00
      1.046    30.7748   0.012356     0.0574     1.9966     1.4254          0     33.750  34.295032   995.4602      1.040      0.026  0.000e+00
      1.025    30.7736   0.012368     0.0575     2.0863     1.4284          0     34.000  34.295035   995.4605      1.019      0.027  0.000e+00
      1.024    30.7733   0.012377     0.0575     2.2657     1.4254          0     34.250  34.295038   995.4606      1.019      0.025  0.000e+00
      1.014    30.7733   0.012362     0.0575     2.4252     1.4254          0     34.500  34.295041   995.4605      1.008      0.020  0.000e+00
      1.024    30.7729   0.012374     0.0575     2.2379     1.4269          0     34.750  34.295043   995.4607      1.019      0.010  0.000e+00
      1.003    30.7722   0.012362     0.0575     2.2798     1.4132          0     35.000  34.295046   995.4608      0.997      0.001  0.000e+00
      1.013    30.7712   0.012359     0.0574     2.3014     1.4177          0     35.250  34.295049   995.4612      1.008     -0.001  0.000e+00
      1.014    30.7690   0.012356     0.0574     2.3588     1.4170          0     35.500  34.295052   995.4618      1.008     -0.007  0.000e+00
      1.035    30.7668   0.012353     0.0574     2.4883     1.4147          0     35.750  34.295055   995.4626      1.030     -0.007  0.000e+00
      1.035    30.7645   0.012353     0.0574     2.2216     1.4139          0     36.000  34.295058   995.4633      1.030      0.004  0.000e+00
      1.035    30.7621   0.012347     0.0574     2.1468     1.4170          0     36.250  34.295061   995.4640      1.030      0.009  0.000e+00
      1.014    30.7607   0.012353     0.0574     2.1513     1.4139          0     36.500  34.295064   995.4644      1.008      0.008  0.000e+00
      1.003    30.7592   0.012356     0.0574     2.1866     1.4170          0     36.750  34.295067   995.4648      0.997      0.001  0.000e+00
      0.992    30.7575   0.012359     0.0575     2.1690     1.4208          0     37.000  34.295069   995.4653      0.987     -0.005  0.000e+00
      1.003    30.7560   0.012368     0.0575     2.1869     1.4109          0     37.250  34.295072   995.4658      0.997     -0.013  0.000e+00
      1.003    30.7551   0.012362     0.0575     2.1056     1.4132          0     37.500  34.295075   995.4661      0.997     -0.017  0.000e+00
      1.014    30.7544   0.012359     0.0575     2.1852     1.4116          0     37.750  34.295078   995.4663      1.008     -0.018  0.000e+00
      0.992    30.7534   0.012353     0.0574     2.2399     1.4124          0     38.000  34.295081   995.4666      0.986     -0.017  0.000e+00
      1.003    30.7517   0.012353     0.0574     2.2566     1.4498          0     38.250  34.295084   995.4671      0.997     -0.011  0.000e+00
      1.003    30.7500   0.012347     0.0574     2.2265     1.4505          0     38.500  34.295087   995.4676      0.997     -0.002  0.000e+00
      1.014    30.7488   0.012347     0.0574     2.2092     1.4544          0     38.750  34.295090   995.4680      1.008      0.004  0.000e+00
      1.024    30.7477   0.012347     0.0574     2.1892     1.4498          0     39.000  34.295093   995.4684      1.019      0.010  0.000e+00
      1.014    30.7465   0.012356     0.0575     2.1867     1.4277          0     39.250  34.295095   995.4688      1.008      0.008  0.000e+00
      1.013    30.7447   0.012359     0.0575     2.2875     1.4269          0     39.500  34.295098   995.4693      1.008      0.008  0.000e+00
      1.014    30.7440   0.012362     0.0575     2.3331     1.4246          0     39.750  34.295101   995.4696      1.008      0.007  0.000e+00
      1.003    30.7429   0.012362     0.0575     2.3617     1.4315          0     40.000  34.295104   995.4699      0.997      0.006  0.000e+00
      1.002    30.7418   0.012353     0.0574     2.3343     1.4139          0     40.250  34.295107   995.4702      0.997     -0.001  0.000e+00
      1.013    30.7396   0.012356     0.0575     2.3698     1.4109          0     40.500  34.295110   995.4709      1.008     -0.002  0.000e+00
      1.013    30.7378   0.012353     0.0574     1.6083     1.4185          0     40.750  34.295113   995.4715      1.008     -0.004  0.000e+00
      1.013    30.7358   0.012353     0.0575     1.5123     1.4116          0     41.000  34.295116   995.4721      1.008     -0.004  0.000e+00
      1.013    30.7340   0.012347     0.0574     1.4543     1.4101          0     41.250  34.295119   995.4726      1.008      0.001  0.000e+00
      1.035    30.7323   0.012356     0.0575     1.4334     1.4307          0     41.500  34.295122   995.4733      1.029      0.008  0.000e+00
      1.046    30.7305   0.012362     0.0575     1.4676     1.4231          0     41.750  34.295124   995.4739      1.040      0.016  0.000e+00
      1.057    30.7295   0.012353     0.0575     1.5544     1.4238          0     42.000  34.295127   995.4742      1.051      0.026  0.000e+00
      1.056    30.7290   0.012356     0.0575     1.6765     1.4238          0     42.250  34.295130   995.4744      1.051      0.029  0.000e+00
      1.056    30.7287   0.012368     0.0575     1.9100     1.4200          0     42.500  34.295133   995.4745      1.051      0.028  0.000e+00
      1.056    30.7299   0.012362     0.0575     2.0095     1.4261          0     42.750  34.295136   995.4741      1.051      0.027  0.000e+00
      1.132    30.7315   0.012371     0.0575     2.0147     1.4277          0     43.000  34.295139   995.4740      1.126      0.044  0.000e+00
      1.186    30.7354   0.012386     0.0576     2.0153     1.4277          0     43.250  34.295142   995.4731      1.180      0.067  0.000e+00
      1.305    30.7437   0.012413     0.0577     2.0171     1.5146          0     43.500  34.295145   995.4711      1.298      0.110  0.000e+00
      1.402    30.7654   0.012413     0.0577     2.0191     1.5116          0     43.750  34.295148   995.4648      1.395      0.167  0.000e+00
      1.500    30.7870   0.012422     0.0577     2.0320     1.5116          0     44.000  34.295150   995.4586      1.491      0.229  0.000e+00
      1.586    30.8036   0.012407     0.0576     2.0457     1.5131          0     44.250  34.295153   995.4538      1.577      0.288  0.000e+00
      1.673    30.8193   0.012416     0.0576     2.0727     1.5108          0     44.500  34.295156   995.4494      1.664      0.334  0.000e+00
      1.738    30.8360   0.012407     0.0576     2.1103     1.5070          0     44.750  34.295159   995.4444      1.728      0.356  0.000e+00
      1.792    30.8479   0.012389     0.0575     2.1331     1.5100          0     45.000  34.295162   995.4410      1.782      0.347  0.000e+00
      1.889    30.8578   0.012413     0.0576     2.1538     1.5123          0     45.250  34.295165   995.4384      1.879      0.341  0.000e+00
      2.019    30.8631   0.012422     0.0576     2.1749     1.5085          0     45.500  34.295168   995.4374      2.008      0.337  0.000e+00
      2.159    30.8695   0.012422     0.0576     2.1903     1.4734          0     45.750  34.295171   995.4360      2.147      0.354  0.000e+00
      2.300    30.8770   0.012416     0.0576     2.2103     1.4750          0     46.000  34.295174   995.4343      2.287      0.384  0.000e+00
      2.397    30.8828   0.012422     0.0576     2.2299     1.4795          0     46.250  34.295177   995.4329      2.384      0.413  0.000e+00
      2.527    30.8881   0.012413     0.0576     2.2542     1.4757          0     46.500  34.295179   995.4318      2.513      0.445  0.000e+00
      2.646    30.8925   0.012413     0.0576     2.2773     1.4452          0     46.750  34.295182   995.4310      2.631      0.476  0.000e+00
      2.722    30.8952   0.012407     0.0575     2.3095     1.4406          0     47.000  34.295185   995.4305      2.707      0.483  0.000e+00
      2.819    30.8959   0.012413     0.0576     2.3383     1.4406          0     47.250  34.295188   995.4307      2.804      0.469  0.000e+00
      2.916    30.8967   0.012407     0.0575     2.3683     1.4421          0     47.500  34.295191   995.4309      2.900      0.444  0.000e+00
      3.035    30.8975   0.012413     0.0576     2.4001     1.4498          0     47.750  34.295194   995.4312      3.018      0.426  0.000e+00
      3.122    30.8983   0.012413     0.0576     2.4252     1.4597          0     48.000  34.295197   995.4313      3.105      0.410  0.000e+00
      3.187    30.8967   0.012401     0.0575     2.4448     1.4528          0     48.250  34.295200   995.4321      3.169      0.394  0.000e+00
      3.273    30.8961   0.012407     0.0575     2.4603     1.4528          0     48.500  34.295203   995.4326      3.255      0.375  0.000e+00
      3.360    30.8974   0.012407     0.0575     2.4708     1.4490          0     48.750  34.295205   995.4326      3.341      0.363  0.000e+00
      3.435    30.8977   0.012395     0.0575     2.4675     1.4215          0     49.000  34.295208   995.4328      3.416      0.356  0.000e+00
      3.479    30.8958   0.012395     0.0575     2.4632     1.4238          0     49.250  34.295211   995.4336      3.459      0.333  0.000e+00
      3.511    30.8950   0.012389     0.0575     2.4579     1.4254          0     49.500  34.295214   995.4340      3.492      0.301  0.000e+00
      3.522    30.8856   0.012389     0.0575     2.4529     1.4330          0     49.750  34.295217   995.4370      3.503      0.257  0.000e+00
      3.597    30.8787   0.012407     0.0576     2.4422     1.4154          0     50.000  34.295220   995.4395      3.578      0.234  0.000e+00
      3.727    30.8800   0.012413     0.0576     2.4261     1.4109          0     50.250  34.295223   995.4397      3.707      0.236  0.000e+00
      3.900    30.8852   0.012413     0.0576     2.4180     1.4124          0     50.500  34.295226   995.4388      3.879      0.265  0.000e+00
      4.019    30.8900   0.012401     0.0575     2.4256     1.4200          0     50.750  34.295229   995.4378      3.997      0.308  0.000e+00
      4.105    30.8930   0.012401     0.0575     2.4310     1.4811          0     51.000  34.295231   995.4373      4.083      0.352  0.000e+00
      4.181    30.8959   0.012401     0.0575     2.4375     1.4933          0     51.250  34.295234   995.4367      4.158      0.393  0.000e+00
      4.246    30.8986   0.012401     0.0575     2.4452     1.4864          0     51.500  34.295237   995.4362      4.223      0.415  0.000e+00
      4.332    30.9003   0.012401     0.0575     2.4566     1.4872          0     51.750  34.295240   995.4360      4.309      0.420  0.000e+00
      4.386    30.9003   0.012389     0.0575     2.4668     1.4345          0     52.000  34.295243   995.4362      4.362      0.388  0.000e+00
      4.430    30.9004   0.012395     0.0575     2.4789     1.4406          0     52.250  34.295246   995.4364      4.405      0.336  0.000e+00
      4.549    30.9010   0.012407     0.0575     2.4906     1.4399          0     52.500  34.295249   995.4368      4.524      0.303  0.000e+00
      4.668    30.9019   0.012395     0.0575     2.4952     1.4391          0     52.750  34.295252   995.4370      4.642      0.304  0.000e+00
      4.700    30.9018   0.012401     0.0575     2.5011     1.4421          0     53.000  34.295255   995.4372      4.674      0.303  0.000e+00
      4.689    30.9020   0.012401     0.0575     2.5076     1.4673          0     53.250  34.295258   995.4371      4.663      0.282  0.000e+00
      4.700    30.9018   0.012395     0.0575     2.5151     1.4566          0     53.500  34.295260   995.4372      4.674      0.250  0.000e+00
      4.711    30.9023   0.012407     0.0575     2.5169     1.4666          0     53.750  34.295263   995.4371      4.685      0.208  0.000e+00
      4.711    30.9043   0.012401     0.0575     2.5165     1.4605          0     54.000  34.295266   995.4365      4.685      0.164  0.000e+00
      4.722    30.9061   0.012401     0.0575     2.5117     1.3895          0     54.250  34.295269   995.4360      4.696      0.116  0.000e+00
      4.732    30.9068   0.012407     0.0575     2.5069     1.3842          0     54.500  34.295272   995.4358      4.706      0.063  0.000e+00
      4.711    30.9070   0.012407     0.0575     2.5032     1.3895          0     54.750  34.295275   995.4356      4.685      0.023  0.000e+00
      4.711    30.9070   0.012395     0.0575     2.4964     1.3865          0     55.000  34.295278   995.4356      4.685      0.012  0.000e+00
      4.711    30.9075   0.012407     0.0575     2.4850     1.4154          0     55.250  34.295281   995.4355      4.685      0.009  0.000e+00
