public/post/ctd_rufiji/SBE19plus_01906740_2018_02_13_0903.cnv
* Sea-Bird SBE19plus  Data File:
* FileName = C:\Users\all user\Desktop\CTD tafiri 2018\SBE19plus_01906740_2018_02_13_0903.hex
* Software version 2.6.3.104
* Temperature SN = 6740
* Conductivity SN = 6740
* System UpLoad Time = Feb 13 2018 14:01:01
* <ApplicationData>
* <Seaterm232>
# nquan = 13
# nvalues = 367                                   
# units = specified
# name 0 = prdM: Pressure, Strain Gauge [db]
# name 1 = tv290C: Temperature [ITS-90, deg C]
# name 2 = c0S/m: Conductivity [S/m]
# name 3 = sal00: Salinity, Practical [PSU]
# name 4 = sbeox0ML/L: Oxygen, SBE 43 [ml/l]
# name 5 = flECO-AFL: Fluorescence, WET Labs ECO-AFL/FL [mg/m^3]
# name 6 = nbf: Bottles Fired
# name 7 = timeS: Time, Elapsed [seconds]
# name 8 = timeJ: Julian Days
# name 9 = density00: Density [density, kg/m^3]
# name 10 = depSM: Depth [salt water, m], lat = 0.00
# name 11 = dz/dtM: Descent Rate [m/s]
# name 12 = flag:  0.000e+00
# span 0 =      0.100,      6.337                 
# span 1 =    25.3639,    30.2945                 
# span 2 =   0.000610,   0.057121                 
# span 3 =     0.0131,     0.2497                 
# span 4 =     0.9725,     4.6320                 
# span 5 =    -0.0288,     2.3890                 
# span 6 =          0,          0                 
# span 7 =      0.000,     91.500                 
# span 8 =  34.251065,  34.252124                 
# span 9 =   995.6382,   996.9638                 
# span 10 =      0.099,      6.302                
# span 11 =     -0.450,      0.573                
# span 12 = 0.0000e+00, 0.0000e+00                
# interval = seconds: 0.25
# start_time = Feb 03 2018 06:01:32 [Instrument's time stamp, header]
# bad_flag = -9.990e-29
*END*
[from data line 112]
      1.429    30.2001   0.055875     0.2445     2.2920     2.0144          0     28.000  34.251389   995.7782      1.422      0.006  0.000e+00
      1.440    30.2028   0.055881     0.2445     2.2811     2.0151          0     28.250  34.251392   995.7774      1.432      0.001  0.000e+00
      1.451    30.2053   0.055896     0.2445     2.2662     2.0052          0     28.500  34.251395   995.7768      1.443      0.001  0.000e+00
      1.440    30.2068   0.055881     0.2445     2.2480     2.0067          0     28.750  34.251398   995.7762      1.432     -0.001  0.000e+00
      1.440    30.2065   0.055887     0.2445     2.2489     1.9915          0     29.000  34.251400   995.7763      1.432     -0.004  0.000e+00
      1.430    30.2054   0.055875     0.2444     2.2332     1.9953          0     29.250  34.251403   995.7766      1.422     -0.006  0.000e+00
      1.451    30.2064   0.055869     0.2444     2.2300     1.9938          0     29.500  34.251406   995.7763      1.443     -0.005  0.000e+00
      1.451    30.2074   0.055863     0.2444     2.2155     2.0708          0     29.750  34.251409   995.7760      1.443     -0.001  0.000e+00
      1.473    30.2069   0.055844     0.2443     2.2038     2.0708          0     30.000  34.251412   995.7762      1.465      0.013  0.000e+00
      1.440    30.2046   0.055811     0.2442     2.1790     2.0693          0     30.250  34.251415   995.7766      1.432      0.007  0.000e+00
      1.440    30.2006   0.055747     0.2439     2.1695     2.0693          0     30.500  34.251418   995.7777      1.432      0.003  0.000e+00
      1.462    30.1933   0.055638     0.2434     2.1556     2.0456          0     30.750  34.251421   995.7796      1.454      0.009  0.000e+00
      1.440    30.1817   0.055604     0.2433     2.1440     2.0434          0     31.000  34.251424   995.7830      1.432      0.004  0.000e+00
      1.462    30.1691   0.055577     0.2433     2.1290     2.0411          0     31.250  34.251427   995.7869      1.454      0.006  0.000e+00
      1.462    30.1581   0.055604     0.2434     2.1329     2.0365          0     31.500  34.251429   995.7903      1.454      0.002  0.000e+00
      1.473    30.1503   0.055598     0.2435     2.1265     2.0739          0     31.750  34.251432   995.7928      1.465      0.006  0.000e+00
      1.484    30.1444   0.055616     0.2436     2.1222     2.0655          0     32.000  34.251435   995.7947      1.475      0.012  0.000e+00
      1.440    30.1399   0.055571     0.2434     2.1206     2.0746          0     32.250  34.251438   995.7957      1.432      0.012  0.000e+00
      1.462    30.1351   0.055553     0.2433     2.1163     2.0693          0     32.500  34.251441   995.7972      1.454      0.008  0.000e+00
      1.462    30.1296   0.055507     0.2431     2.1255     2.0708          0     32.750  34.251444   995.7988      1.454      0.003  0.000e+00
      1.473    30.1231   0.055489     0.2431     2.1222     2.0449          0     33.000  34.251447   995.8008      1.465      0.006  0.000e+00
      1.473    30.1165   0.055483     0.2431     2.1262     2.0411          0     33.250  34.251450   995.8028      1.465      0.002  0.000e+00
      1.462    30.1103   0.055559     0.2435     2.1175     2.0472          0     33.500  34.251453   995.8049      1.454     -0.000  0.000e+00
      1.451    30.1069   0.055586     0.2436     2.1217     2.0525          0     33.750  34.251455   995.8059      1.443     -0.005  0.000e+00
      1.473    30.1084   0.055592     0.2436     2.1228     2.0487          0     34.000  34.251458   995.8056      1.465     -0.000  0.000e+00
      1.473    30.1119   0.055592     0.2436     2.1039     2.0609          0     34.250  34.251461   995.8045      1.465      0.009  0.000e+00
      1.462    30.1157   0.055616     0.2437     2.0936     2.0594          0     34.500  34.251464   995.8034      1.454      0.001  0.000e+00
      1.484    30.1193   0.055616     0.2437     2.0970     2.0594          0     34.750  34.251467   995.8024      1.475      0.004  0.000e+00
      1.473    30.1236   0.055592     0.2436     2.0950     2.0716          0     35.000  34.251470   995.8009      1.465      0.004  0.000e+00
      1.473    30.1258   0.055559     0.2434     2.0774     2.0746          0     35.250  34.251473   995.8002      1.465      0.006  0.000e+00
      1.484    30.1233   0.055474     0.2430     2.0880     2.0678          0     35.500  34.251476   995.8007      1.475      0.011  0.000e+00
      1.484    30.1152   0.055379     0.2426     2.0865     2.0708          0     35.750  34.251479   995.8029      1.475      0.012  0.000e+00
      1.484    30.1016   0.055322     0.2425     2.0755     2.0990          0     36.000  34.251481   995.8068      1.475      0.007  0.000e+00
      1.484    30.0880   0.055273     0.2423     2.0797     2.0975          0     36.250  34.251484   995.8108      1.475      0.008  0.000e+00
      1.484    30.0784   0.055243     0.2422     2.0645     2.0945          0     36.500  34.251487   995.8137      1.475      0.008  0.000e+00
      1.484    30.0728   0.055215     0.2421     2.0500     2.0975          0     36.750  34.251490   995.8153      1.475      0.004  0.000e+00
      1.505    30.0697   0.055185     0.2420     2.0320     2.0998          0     37.000  34.251493   995.8163      1.497      0.011  0.000e+00
      1.484    30.0681   0.055158     0.2419     2.0383     2.0411          0     37.250  34.251496   995.8166      1.475      0.007  0.000e+00
      1.494    30.0674   0.055139     0.2418     2.0247     2.0449          0     37.500  34.251499   995.8168      1.486      0.006  0.000e+00
      1.494    30.0669   0.055121     0.2417     2.0089     2.0418          0     37.750  34.251502   995.8169      1.486      0.006  0.000e+00
      1.473    30.0657   0.055094     0.2416     2.0082     2.0380          0     38.000  34.251505   995.8170      1.465      0.001  0.000e+00
      1.473    30.0641   0.055067     0.2415     2.0053     2.0533          0     38.250  34.251508   995.8174      1.465     -0.004  0.000e+00
      1.494    30.0600   0.055042     0.2414     1.9965     2.0502          0     38.500  34.251510   995.8187      1.486     -0.003  0.000e+00
      1.473    30.0490   0.055036     0.2414     1.9910     2.0449          0     38.750  34.251513   995.8220      1.465     -0.008  0.000e+00
      1.484    30.0339   0.055018     0.2414     1.9724     2.0472          0     39.000  34.251516   995.8266      1.475     -0.009  0.000e+00
      1.473    30.0164   0.054966     0.2413     1.9607     2.0006          0     39.250  34.251519   995.8317      1.465     -0.006  0.000e+00
      1.494    29.9933   0.054899     0.2411     1.9507     1.9991          0     39.500  34.251522   995.8386      1.486     -0.003  0.000e+00
      1.494    29.9644   0.054869     0.2411     1.9497     1.9922          0     39.750  34.251525   995.8474      1.486      0.004  0.000e+00
      1.473    29.9314   0.054830     0.2410     1.9514     2.0014          0     40.000  34.251528   995.8572      1.465      0.004  0.000e+00
      1.473    29.8862   0.054808     0.2412     1.9534     2.0495          0     40.250  34.251531   995.8709      1.465     -0.001  0.000e+00
      1.484    29.8265   0.054784     0.2413     1.9494     2.0464          0     40.500  34.251534   995.8890      1.475     -0.003  0.000e+00
      1.483    29.7629   0.054751     0.2415     1.9513     2.0464          0     40.750  34.251536   995.9083      1.475      0.001  0.000e+00
      1.473    29.6942   0.054711     0.2416     1.9574     2.0479          0     41.000  34.251539   995.9289      1.465     -0.004  0.000e+00
      1.483    29.6145   0.054666     0.2418     1.9463     2.0434          0     41.250  34.251542   995.9530      1.475     -0.002  0.000e+00
      1.484    29.5308   0.054608     0.2419     1.9470     2.0464          0     41.500  34.251545   995.9780      1.475     -0.004  0.000e+00
      1.484    29.4517   0.054571     0.2421     1.9630     2.0502          0     41.750  34.251548   996.0017      1.475     -0.000  0.000e+00
      1.494    29.3735   0.054556     0.2424     1.9621     2.0449          0     42.000  34.251551   996.0252      1.486      0.008  0.000e+00
      1.494    29.2964   0.054532     0.2426     1.9579     2.0533          0     42.250  34.251554   996.0483      1.486      0.009  0.000e+00
      1.505    29.2285   0.054514     0.2429     1.9669     2.0716          0     42.500  34.251557   996.0686      1.497      0.011  0.000e+00
      1.484    29.1742   0.054526     0.2432     1.9684     2.0739          0     42.750  34.251560   996.0847      1.475      0.009  0.000e+00
      1.494    29.1335   0.054538     0.2434     1.9680     2.0723          0     43.000  34.251562   996.0970      1.486      0.009  0.000e+00
      1.505    29.1016   0.054562     0.2437     1.9679     2.0731          0     43.250  34.251565   996.1066      1.497      0.009  0.000e+00
      1.483    29.0702   0.054590     0.2439     1.9669     2.0365          0     43.500  34.251568   996.1160      1.475      0.004  0.000e+00
      1.505    29.0416   0.054614     0.2442     1.9685     2.0258          0     43.750  34.251571   996.1247      1.497      0.004  0.000e+00
      1.484    29.0214   0.054617     0.2443     1.9643     2.0380          0     44.000  34.251574   996.1306      1.475     -0.002  0.000e+00
      1.473    29.0076   0.054590     0.2442     1.9591     2.0327          0     44.250  34.251577   996.1345      1.465     -0.008  0.000e+00
      1.473    29.0062   0.054562     0.2441     1.9589     2.0174          0     44.500  34.251580   996.1348      1.465     -0.012  0.000e+00
      1.484    29.0190   0.054532     0.2439     1.9562     2.0105          0     44.750  34.251583   996.1310      1.475     -0.009  0.000e+00
      1.462    29.0340   0.054514     0.2438     1.9575     2.0022          0     45.000  34.251586   996.1264      1.454     -0.017  0.000e+00
      1.473    29.0435   0.054520     0.2438     1.9681     1.9938          0     45.250  34.251589   996.1236      1.465     -0.017  0.000e+00
      1.494    29.0484   0.054526     0.2438     1.9677     1.9991          0     45.500  34.251591   996.1223      1.486     -0.006  0.000e+00
      1.484    29.0525   0.054538     0.2438     1.9467     1.9945          0     45.750  34.251594   996.1210      1.475     -0.004  0.000e+00
      1.494    29.0580   0.054550     0.2438     1.9469     1.9938          0     46.000  34.251597   996.1195      1.486      0.007  0.000e+00
      1.473    29.0652   0.054553     0.2438     1.9520     1.9793          0     46.250  34.251600   996.1173      1.465      0.006  0.000e+00
      1.484    29.0723   0.054550     0.2438     1.9541     1.9884          0     46.500  34.251603   996.1152      1.475      0.006  0.000e+00
      1.473    29.0795   0.054556     0.2438     1.9579     2.0121          0     46.750  34.251606   996.1130      1.465      0.001  0.000e+00
      1.494    29.0849   0.054550     0.2437     1.9677     2.0029          0     47.000  34.251609   996.1115      1.486      0.006  0.000e+00
      1.462    29.0899   0.054556     0.2437     1.9757     2.0105          0     47.250  34.251612   996.1099      1.454     -0.005  0.000e+00
      1.484    29.0942   0.054556     0.2437     1.9869     2.0098          0     47.500  34.251615   996.1087      1.475     -0.007  0.000e+00
      1.484    29.0964   0.054562     0.2437     2.0012     1.9960          0     47.750  34.251617   996.1081      1.475     -0.003  0.000e+00
      1.473    29.0963   0.054562     0.2437     2.0096     1.9938          0     48.000  34.251620   996.1080      1.465     -0.004  0.000e+00
      1.473    29.0972   0.054590     0.2438     2.0208     2.0006          0     48.250  34.251623   996.1079      1.465     -0.001  0.000e+00
      1.484    29.0962   0.054641     0.2441     2.0174     2.0075          0     48.500  34.251626   996.1084      1.475     -0.001  0.000e+00
      1.494    29.0915   0.054726     0.2445     2.0197     1.9938          0     48.750  34.251629   996.1101      1.486      0.004  0.000e+00
      1.484    29.0922   0.054842     0.2450     2.0200     1.9823          0     49.000  34.251632   996.1103      1.475      0.003  0.000e+00
      1.462    29.0966   0.054933     0.2454     2.0202     1.9907          0     49.250  34.251635   996.1092      1.454      0.002  0.000e+00
      1.494    29.0984   0.054973     0.2456     2.0246     1.9747          0     49.500  34.251638   996.1089      1.486      0.001  0.000e+00
      1.494    29.1005   0.055024     0.2458     2.0220     1.9846          0     49.750  34.251641   996.1085      1.486      0.006  0.000e+00
      1.505    29.1015   0.055055     0.2459     2.0184     1.9762          0     50.000  34.251644   996.1083      1.497      0.012  0.000e+00
      1.516    29.0857   0.055067     0.2460     2.0183     1.9754          0     50.250  34.251646   996.1131      1.508      0.017  0.000e+00
      1.505    29.0465   0.055036     0.2461     2.0245     1.9777          0     50.500  34.251649   996.1246      1.497      0.015  0.000e+00
      1.386    29.0022   0.055015     0.2462     2.0210     1.9854          0     50.750  34.251652   996.1372      1.379     -0.017  0.000e+00
      1.224    28.9702   0.055024     0.2464     2.0184     1.9236          0     51.000  34.251655   996.1460      1.217     -0.081  0.000e+00
      1.127    28.9425   0.054945     0.2462     2.0113     1.9236          0     51.250  34.251658   996.1535      1.121     -0.158  0.000e+00
      1.062    28.9216   0.054945     0.2463     2.0326     1.9343          0     51.500  34.251661   996.1594      1.056     -0.235  0.000e+00
      1.008    28.9104   0.054933     0.2463     2.0319     1.9274          0     51.750  34.251664   996.1625      1.002     -0.289  0.000e+00
      1.019    28.8915   0.054906     0.2462     2.0385     1.9579          0     52.000  34.251667   996.1680      1.013     -0.308  0.000e+00
      1.029    28.8752   0.054933     0.2464     2.0232     1.9610          0     52.250  34.251670   996.1730      1.024     -0.288  0.000e+00
      1.094    28.8662   0.054951     0.2466     2.0165     1.9564          0     52.500  34.251672   996.1760      1.088     -0.216  0.000e+00
      1.170    28.8642   0.054945     0.2465     2.0157     1.9671          0     52.750  34.251675   996.1769      1.164     -0.099  0.000e+00
      1.267    28.8689   0.054906     0.2463     2.0043     1.9549          0     53.000  34.251678   996.1758      1.260      0.026  0.000e+00
      1.321    28.8814   0.054912     0.2463     1.9890     2.1631          0     53.250  34.251681   996.1724      1.314      0.120  0.000e+00
      1.397    28.8893   0.054912     0.2463     1.9843     2.1624          0     53.500  34.251684   996.1704      1.389      0.195  0.000e+00
      1.483    28.8915   0.054918     0.2463     1.9762     2.1547          0     53.750  34.251687   996.1701      1.475      0.253  0.000e+00
      1.548    28.8935   0.054951     0.2464     1.9750     2.1555          0     54.000  34.251690   996.1699      1.540      0.282  0.000e+00
      1.581    28.8963   0.054991     0.2466     1.9720     2.0846          0     54.250  34.251693   996.1694      1.572      0.288  0.000e+00
      1.646    28.8976   0.055003     0.2466     1.9734     2.0823          0     54.500  34.251696   996.1693      1.637      0.277  0.000e+00
      1.710    28.9013   0.055018     0.2467     1.9272     2.0815          0     54.750  34.251698   996.1686      1.701      0.264  0.000e+00
      1.775    28.9140   0.055030     0.2467     1.9004     2.0838          0     55.000  34.251701   996.1651      1.766      0.253  0.000e+00
      1.829    28.9784   0.055048     0.2465     1.9088     2.1715          0     55.250  34.251704   996.1464      1.819      0.248  0.000e+00
