public/post/ctd_rufiji/SBE19plus_01906740_2018_02_13_0899.cnv
* Sea-Bird SBE19plus  Data File:
* FileName = C:\Users\all user\Desktop\CTD tafiri 2018\SBE19plus_01906740_2018_02_13_0899.hex
* Software version 2.6.3.104
* Temperature SN = 6740
* Conductivity SN = 6740
* System UpLoad Time = Feb 13 2018 14:00:23
* <ApplicationData>
* <Seaterm232>
# nquan = 13
# nvalues = 471                                   
# units = specified
# name 0 = prdM: Pressure, Strain Gauge [db]
# name 1 = tv290C: Temperature [ITS-90, deg C]
# name 2 = c0S/m: Conductivity [S/m]
# name 3 = sal00: Salinity, Practical [PSU]
# name 4 = sbeox0ML/L: Oxygen, SBE 43 [ml/l]
# name 5 = flECO-AFL: Fluorescence, WET Labs ECO-AFL/FL [mg/m^3]
# name 6 = nbf: Bottles Fired
# name 7 = timeS: Time, Elapsed [seconds]
# name 8 = timeJ: Julian Days
# name 9 = density00: Density [density, kg/m^3]
# name 10 = depSM: Depth [salt water, m], lat = 0.00
# name 11 = dz/dtM: Descent Rate [m/s]
# name 12 = flag:  0.000e+00
# span 0 =      0.083,      8.981                 
# span 1 =    30.1928,    30.9699                 
# span 2 =   0.128314,   1.347370                 
# span 3 =     0.5741,     6.8554                 
# span 4 =     0.5487,     5.6045                 
# span 5 =    -0.0471,     2.2356                 
# span 6 =          0,          0                 
# span 7 =      0.000,    117.500                 
# span 8 =  33.781528,  33.782888                 
# span 9 =   995.8784,  1000.4992                 
# span 10 =      0.083,      8.932                
# span 11 =     -0.603,      0.406                
# span 12 = 0.0000e+00, 0.0000e+00                
# interval = seconds: 0.25
# start_time = Feb 02 2018 18:45:24 [Instrument's time stamp, header]
# bad_flag = -9.990e-29
*END*
[from data line 334]
      8.960    30.9434   1.228030     6.2025     1.9806     1.6787          0     83.500  33.782494  1000.0163      8.910      0.099  0.000e+00
      8.960    30.9428   1.226119     6.1922     1.9691     1.6863          0     83.750  33.782497  1000.0088      8.910      0.058  0.000e+00
      8.960    30.9425   1.221756     6.1684     1.9642     1.6588          0     84.000  33.782500   999.9913      8.910      0.025  0.000e+00
      8.960    30.9423   1.231131     6.2195     1.9479     1.6619          0     84.250  33.782503  1000.0293      8.910      0.011  0.000e+00
      8.971    30.9419   1.246207     6.3018     1.9371     1.6588          0     84.500  33.782506  1000.0905      8.921      0.006  0.000e+00
      8.960    30.9414   1.262927     6.3931     1.9284     1.6504          0     84.750  33.782509  1000.1584      8.910      0.002  0.000e+00
      8.971    30.9410   1.266857     6.4147     1.9108     1.5757          0     85.000  33.782512  1000.1746      8.921      0.004  0.000e+00
      8.981    30.9401   1.277354     6.4722     1.8972     1.5741          0     85.250  33.782514  1000.2175      8.932      0.009  0.000e+00
      8.960    30.9349   1.281150     6.4936     1.8860     1.5696          0     85.500  33.782517  1000.2350      8.910      0.006  0.000e+00
      8.971    30.9245   1.283280     6.5066     1.8745     1.5772          0     85.750  33.782520  1000.2480      8.921      0.006  0.000e+00
      8.971    30.9135   1.286641     6.5265     1.8606     1.5711          0     86.000  33.782523  1000.2662      8.921      0.005  0.000e+00
      8.971    30.9066   1.289089     6.5408     1.8547     1.3475          0     86.250  33.782526  1000.2790      8.921      0.004  0.000e+00
      8.949    30.9030   1.291089     6.5522     1.8425     1.3399          0     86.500  33.782529  1000.2886      8.900     -0.004  0.000e+00
      8.960    30.9011   1.293994     6.5684     1.8350     1.3384          0     86.750  33.782532  1000.3012      8.910     -0.005  0.000e+00
      8.960    30.8982   1.295751     6.5784     1.8299     1.3338          0     87.000  33.782535  1000.3096      8.910     -0.009  0.000e+00
      8.960    30.8953   1.296615     6.5835     1.8275     1.4940          0     87.250  33.782538  1000.3143      8.910     -0.009  0.000e+00
      8.970    30.8932   1.297678     6.5896     1.8213     1.4986          0     87.500  33.782541  1000.3195      8.921     -0.002  0.000e+00
      8.938    30.8904   1.298409     6.5940     1.8204     1.5017          0     87.750  33.782543  1000.3235      8.889     -0.009  0.000e+00
      8.960    30.8868   1.299451     6.6002     1.8135     1.5024          0     88.000  33.782546  1000.3293      8.910     -0.007  0.000e+00
      8.960    30.8839   1.300551     6.6066     1.8094     1.5230          0     88.250  33.782549  1000.3350      8.910     -0.003  0.000e+00
      8.960    30.8816   1.301433     6.6117     1.8025     1.5169          0     88.500  33.782552  1000.3396      8.910      0.001  0.000e+00
      8.927    30.8800   1.302556     6.6181     1.7961     1.5169          0     88.750  33.782555  1000.3447      8.878     -0.009  0.000e+00
      8.884    30.8788   1.299380     6.6008     1.7928     1.5306          0     89.000  33.782558  1000.3320      8.835     -0.027  0.000e+00
      8.787    30.8788   1.294065     6.5717     1.7838     1.5841          0     89.250  33.782561  1000.3100      8.738     -0.065  0.000e+00
      8.635    30.8790   1.293166     6.5668     1.7759     1.5848          0     89.500  33.782564  1000.3056      8.588     -0.132  0.000e+00
      8.484    30.8790   1.296267     6.5838     1.7699     1.5841          0     89.750  33.782567  1000.3175      8.437     -0.214  0.000e+00
      8.387    30.8790   1.302636     6.6187     1.7680     1.5810          0     90.000  33.782569  1000.3430      8.340     -0.301  0.000e+00
      8.376    30.8791   1.306342     6.6390     1.7620     1.5856          0     90.250  33.782572  1000.3580      8.330     -0.346  0.000e+00
      8.365    30.8773   1.310501     6.6621     1.7592     1.4483          0     90.500  33.782575  1000.3757      8.319     -0.355  0.000e+00
      8.246    30.8713   1.312157     6.6720     1.7542     1.4429          0     90.750  33.782578  1000.3844      8.201     -0.357  0.000e+00
      8.062    30.8664   1.312380     6.6739     1.7578     1.4498          0     91.000  33.782581  1000.3866      8.018     -0.371  0.000e+00
      7.889    30.8628   1.312765     6.6765     1.7547     1.4528          0     91.250  33.782584  1000.3888      7.846     -0.387  0.000e+00
      7.835    30.8599   1.311983     6.6726     1.7572     1.4841          0     91.500  33.782587  1000.3867      7.792     -0.384  0.000e+00
      7.792    30.8584   1.312778     6.6772     1.7552     1.4902          0     91.750  33.782590  1000.3903      7.749     -0.380  0.000e+00
      7.879    30.8570   1.314645     6.6876     1.7522     1.4849          0     92.000  33.782593  1000.3989      7.835     -0.347  0.000e+00
      7.922    30.8577   1.312997     6.6784     1.7557     1.4833          0     92.250  33.782595  1000.3921      7.878     -0.294  0.000e+00
      7.879    30.8588   1.303800     6.6278     1.7552     1.6069          0     92.500  33.782598  1000.3539      7.835     -0.226  0.000e+00
      7.716    30.8579   1.297126     6.5913     1.7575     1.6016          0     92.750  33.782601  1000.3264      7.674     -0.171  0.000e+00
      7.533    30.8568   1.294999     6.5798     1.7539     1.6069          0     93.000  33.782604  1000.3174      7.491     -0.161  0.000e+00
      7.360    30.8558   1.296695     6.5892     1.7596     1.6100          0     93.250  33.782607  1000.3240      7.319     -0.212  0.000e+00
      7.262    30.8543   1.301638     6.6166     1.7537     1.6573          0     93.500  33.782610  1000.3443      7.222     -0.299  0.000e+00
      7.187    30.8528   1.307448     6.6487     1.7545     1.6657          0     93.750  33.782613  1000.3683      7.147     -0.383  0.000e+00
      7.100    30.8521   1.313149     6.6801     1.7561     1.6680          0     94.000  33.782616  1000.3914      7.061     -0.461  0.000e+00
      6.960    30.8506   1.307216     6.6477     1.7487     1.6657          0     94.250  33.782619  1000.3673      6.921     -0.501  0.000e+00
      6.776    30.8488   1.303960     6.6301     1.7432     1.6672          0     94.500  33.782622  1000.3539      6.739     -0.515  0.000e+00
      6.560    30.8487   1.304205     6.6314     1.7365     1.7504          0     94.750  33.782624  1000.3540      6.524     -0.524  0.000e+00
      6.419    30.8490   1.309942     6.6629     1.7284     1.7466          0     95.000  33.782627  1000.3767      6.384     -0.537  0.000e+00
      6.398    30.8487   1.313792     6.6841     1.7210     1.7489          0     95.250  33.782630  1000.3924      6.362     -0.530  0.000e+00
      6.365    30.8484   1.314891     6.6902     1.7218     1.7504          0     95.500  33.782633  1000.3968      6.330     -0.515  0.000e+00
      6.322    30.8469   1.311679     6.6727     1.7154     1.8503          0     95.750  33.782636  1000.3842      6.287     -0.476  0.000e+00
      6.214    30.8448   1.308090     6.6533     1.7097     1.8465          0     96.000  33.782639  1000.3700      6.179     -0.430  0.000e+00
      6.073    30.8441   1.308800     6.6573     1.7009     1.8412          0     96.250  33.782642  1000.3725      6.040     -0.384  0.000e+00
      5.933    30.8443   1.311340     6.6713     1.7025     1.8503          0     96.500  33.782645  1000.3822      5.900     -0.355  0.000e+00
      5.835    30.8439   1.314234     6.6872     1.6995     2.0823          0     96.750  33.782648  1000.3937      5.803     -0.344  0.000e+00
      5.749    30.8433   1.315231     6.6928     1.7007     2.0853          0     97.000  33.782650  1000.3977      5.717     -0.365  0.000e+00
      5.641    30.8429   1.311992     6.6750     1.7042     2.0937          0     97.250  33.782653  1000.3842      5.610     -0.409  0.000e+00
      5.457    30.8425   1.310232     6.6654     1.6956     2.0945          0     97.500  33.782656  1000.3763      5.427     -0.456  0.000e+00
      5.273    30.8421   1.310862     6.6690     1.6901     2.0838          0     97.750  33.782659  1000.3783      5.244     -0.501  0.000e+00
      5.133    30.8421   1.313171     6.6816     1.6880     2.2211          0     98.000  33.782662  1000.3871      5.104     -0.525  0.000e+00
      5.068    30.8418   1.316294     6.6989     1.6926     2.2219          0     98.250  33.782665  1000.3997      5.040     -0.523  0.000e+00
      5.046    30.8413   1.317582     6.7060     1.6960     2.2242          0     98.500  33.782668  1000.4050      5.018     -0.497  0.000e+00
      5.003    30.8402   1.316621     6.7009     1.7000     2.2196          0     98.750  33.782671  1000.4014      4.975     -0.461  0.000e+00
      4.873    30.8375   1.314833     6.6914     1.6969     2.2356          0     99.000  33.782674  1000.3946      4.846     -0.430  0.000e+00
      4.743    30.8351   1.315333     6.6945     1.6935     2.2341          0     99.250  33.782677  1000.3971      4.717     -0.398  0.000e+00
      4.603    30.8339   1.317479     6.7065     1.6932     2.2341          0     99.500  33.782679  1000.4057      4.577     -0.373  0.000e+00
      4.462    30.8326   1.317631     6.7075     1.6932     2.2341          0     99.750  33.782682  1000.4063      4.438     -0.377  0.000e+00
      4.408    30.8312   1.318217     6.7109     1.6863     2.2143          0    100.000  33.782685  1000.4090      4.384     -0.391  0.000e+00
      4.343    30.8297   1.316987     6.7043     1.6818     2.2081          0    100.250  33.782688  1000.4043      4.319     -0.411  0.000e+00
      4.203    30.8289   1.313957     6.6878     1.6732     2.2089          0    100.500  33.782691  1000.3917      4.180     -0.438  0.000e+00
      3.997    30.8282   1.312635     6.6806     1.6698     2.2104          0    100.750  33.782694  1000.3857      3.975     -0.469  0.000e+00
      3.878    30.8274   1.312322     6.6790     1.6643     2.2059          0    101.000  33.782697  1000.3843      3.857     -0.476  0.000e+00
      3.781    30.8267   1.312930     6.6825     1.6663     2.2097          0    101.250  33.782700  1000.3866      3.760     -0.477  0.000e+00
      3.760    30.8261   1.314283     6.6900     1.6675     2.2112          0    101.500  33.782703  1000.3923      3.739     -0.455  0.000e+00
      3.770    30.8257   1.312800     6.6819     1.6699     2.2120          0    101.750  33.782705  1000.3864      3.750     -0.411  0.000e+00
      3.749    30.8257   1.309697     6.6648     1.6699     2.2066          0    102.000  33.782708  1000.3737      3.728     -0.364  0.000e+00
      3.630    30.8256   1.308286     6.6571     1.6764     2.0136          0    102.250  33.782711  1000.3675      3.610     -0.319  0.000e+00
      3.424    30.8259   1.308112     6.6561     1.6765     2.0151          0    102.500  33.782714  1000.3657      3.405     -0.299  0.000e+00
      3.251    30.8298   1.308612     6.6583     1.6888     2.0090          0    102.750  33.782717  1000.3654      3.233     -0.311  0.000e+00
      3.122    30.8357   1.309371     6.6617     1.6934     2.0166          0    103.000  33.782720  1000.3654      3.104     -0.362  0.000e+00
      3.057    30.8386   1.310978     6.6702     1.7045     2.0205          0    103.250  33.782723  1000.3705      3.040     -0.412  0.000e+00
      3.014    30.8391   1.311491     6.6729     1.7144     2.0205          0    103.500  33.782726  1000.3722      2.997     -0.450  0.000e+00
      2.895    30.8417   1.309920     6.6640     1.7175     2.0296          0    103.750  33.782729  1000.3642      2.879     -0.477  0.000e+00
      2.722    30.8456   1.308987     6.6583     1.7192     2.0296          0    104.000  33.782731  1000.3580      2.707     -0.489  0.000e+00
      2.570    30.8488   1.309554     6.6610     1.7176     1.6565          0    104.250  33.782734  1000.3583      2.556     -0.478  0.000e+00
      2.527    30.8512   1.310897     6.6681     1.7129     1.6542          0    104.500  33.782737  1000.3626      2.513     -0.440  0.000e+00
      2.538    30.8521   1.310558     6.6661     1.7095     1.6619          0    104.750  33.782740  1000.3609      2.524     -0.393  0.000e+00
      2.527    30.8535   1.308625     6.6553     1.7033     1.6489          0    105.000  33.782743  1000.3524      2.513     -0.349  0.000e+00
      2.408    30.8592   1.308670     6.6548     1.6903     1.2720          0    105.250  33.782746  1000.3497      2.395     -0.331  0.000e+00
      2.235    30.8677   1.307612     6.6479     1.6824     1.2545          0    105.500  33.782749  1000.3411      2.223     -0.333  0.000e+00
      2.051    30.8766   1.307518     6.6462     1.6827     1.2697          0    105.750  33.782752  1000.3362      2.040     -0.344  0.000e+00
      1.889    30.8817   1.307527     6.6456     1.6782     1.2659          0    106.000  33.782755  1000.3335      1.879     -0.373  0.000e+00
      1.770    30.8826   1.308330     6.6499     1.6780     1.2674          0    106.250  33.782758  1000.3358      1.761     -0.425  0.000e+00
      1.684    30.8827   1.310000     6.6590     1.6815     1.1705          0    106.500  33.782760  1000.3422      1.674     -0.487  0.000e+00
      1.522    30.8834   1.307960     6.6477     1.6825     1.1713          0    106.750  33.782763  1000.3329      1.513     -0.548  0.000e+00
      1.327    30.8864   1.305538     6.6341     1.6740     1.1652          0    107.000  33.782766  1000.3209      1.320     -0.590  0.000e+00
      1.143    30.8878   1.303714     6.6239     1.6797     1.1667          0    107.250  33.782769  1000.3121      1.137     -0.603  0.000e+00
      1.046    30.8894   1.306274     6.6377     1.6682     1.1789          0    107.500  33.782772  1000.3215      1.040     -0.590  0.000e+00
      1.035    30.8896   1.308567     6.6503     1.6723     1.1820          0    107.750  33.782775  1000.3307      1.029     -0.547  0.000e+00
      1.024    30.8891   1.309205     6.6538     1.6733     1.1766          0    108.000  33.782778  1000.3334      1.018     -0.488  0.000e+00
      1.002    30.8886   1.310125     6.6590     1.6624     1.1728          0    108.250  33.782781  1000.3373      0.997     -0.420  0.000e+00
      1.003    30.8836   1.311129     6.6651     1.6561     1.3048          0    108.500  33.782784  1000.3434      0.997     -0.333  0.000e+00
      1.024    30.8777   1.311388     6.6673     1.6511     1.2964          0    108.750  33.782786  1000.3470      1.019     -0.218  0.000e+00
      1.067    30.8681   1.311361     6.6685     1.6509     1.2964          0    109.000  33.782789  1000.3511      1.062     -0.101  0.000e+00
      1.100    30.8602   1.310665     6.6657     1.6521     1.2995          0    109.250  33.782792  1000.3517      1.094     -0.010  0.000e+00
      1.035    30.8557   1.305921     6.6403     1.6488     1.4246          0    109.500  33.782795  1000.3340      1.029      0.017  0.000e+00
      0.884    30.8528   1.303344     6.6265     2.2878     1.4177          0    109.750  33.782798  1000.3240      0.879     -0.021  0.000e+00
      0.754    30.8502   1.307643     6.6504     3.8478     1.4170          0    110.000  33.782801  1000.3420      0.750     -0.086  0.000e+00
      0.667    30.8481   1.310955     6.6689     5.6045     1.4254          0    110.250  33.782804  1000.3560      0.664     -0.160  0.000e+00
      0.657    30.8469   1.311236     6.6706     2.3551     1.4284          0    110.500  33.782807  1000.3576      0.653     -0.220  0.000e+00
      0.700    30.8449   1.311361     6.6716     1.9566     1.6527          0    110.750  33.782810  1000.3592      0.696     -0.245  0.000e+00
