public/post/ctd_rufiji/SBE19plus_01906740_2018_02_13_0909.cnv
* Sea-Bird SBE19plus  Data File:
* FileName = C:\Users\all user\Desktop\CTD tafiri 2018\SBE19plus_01906740_2018_02_13_0909.hex
* Software version 2.6.3.104
* Temperature SN = 6740
* Conductivity SN = 6740
* System UpLoad Time = Feb 13 2018 14:02:04
* <ApplicationData>
* <Seaterm232>
# nquan = 13
# nvalues = 400                                   
# units = specified
# name 0 = prdM: Pressure, Strain Gauge [db]
# name 1 = tv290C: Temperature [ITS-90, deg C]
# name 2 = c0S/m: Conductivity [S/m]
# name 3 = sal00: Salinity, Practical [PSU]
# name 4 = sbeox0ML/L: Oxygen, SBE 43 [ml/l]
# name 5 = flECO-AFL: Fluorescence, WET Labs ECO-AFL/FL [mg/m^3]
# name 6 = nbf: Bottles Fired
# name 7 = timeS: Time, Elapsed [seconds]
# name 8 = timeJ: Julian Days
# name 9 = density00: Density [density, kg/m^3]
# name 10 = depSM: Depth [salt water, m], lat = 0.00
# name 11 = dz/dtM: Descent Rate [m/s]
# name 12 = flag:  0.000e+00
# span 0 =      0.119,      6.519                 
# span 1 =    29.7234,    30.3323                 
# span 2 =   0.002850,   0.025577                 
# span 3 =     0.0213,     0.1126                 
# span 4 =     0.8491,     6.2410                 
# span 5 =    -0.0296,     1.8663                 
# span 6 =          0,          0                 
# span 7 =      0.000,     99.750                 
# span 8 =  34.272269,  34.273423                 
# span 9 =   995.5727,   995.8187                 
# span 10 =      0.118,      6.484                
# span 11 =     -0.448,      0.561                
# span 12 = 0.0000e+00, 0.0000e+00                
# interval = seconds: 0.25
# start_time = Feb 03 2018 06:32:04 [Instrument's time stamp, header]
# bad_flag = -9.990e-29
*END*
[from data line 223]
      2.109    30.2383   0.025364     0.1117     1.2783     1.6459          0     55.750  34.272914   995.6701      2.097      0.061  0.000e+00
      2.109    30.2384   0.025373     0.1118     1.8265     1.6436          0     56.000  34.272917   995.6701      2.097      0.037  0.000e+00
      2.098    30.2410   0.025400     0.1119     1.9246     1.6573          0     56.250  34.272920   995.6693      2.087      0.020  0.000e+00
      2.109    30.2453   0.025421     0.1120     1.9454     1.6588          0     56.500  34.272922   995.6681      2.097      0.019  0.000e+00
      2.130    30.2516   0.025475     0.1122     1.9490     1.6558          0     56.750  34.272925   995.6665      2.119      0.024  0.000e+00
      2.163    30.2592   0.025478     0.1122     1.9559     1.6558          0     57.000  34.272928   995.6643      2.151      0.034  0.000e+00
      2.217    30.2647   0.025454     0.1121     2.2254     1.6634          0     57.250  34.272931   995.6628      2.205      0.053  0.000e+00
      2.249    30.2662   0.025511     0.1123     1.9634     1.7305          0     57.500  34.272934   995.6626      2.237      0.074  0.000e+00
      2.303    30.2679   0.025478     0.1122     2.4637     1.7359          0     57.750  34.272937   995.6623      2.291      0.099  0.000e+00
      2.379    30.2688   0.025469     0.1121     3.0213     1.7229          0     58.000  34.272940   995.6623      2.366      0.138  0.000e+00
      2.444    30.2662   0.025481     0.1122     2.2130     1.7168          0     58.250  34.272943   995.6634      2.431      0.175  0.000e+00
      2.466    30.2649   0.025499     0.1123     1.9680     1.7496          0     58.500  34.272946   995.6640      2.452      0.192  0.000e+00
      2.444    30.2668   0.025499     0.1123     1.8712     1.7527          0     58.750  34.272948   995.6633      2.431      0.183  0.000e+00
      2.476    30.2704   0.025520     0.1123     1.7824     1.7504          0     59.000  34.272951   995.6624      2.463      0.167  0.000e+00
      2.509    30.2739   0.025514     0.1123     1.7089     1.7504          0     59.250  34.272954   995.6615      2.495      0.148  0.000e+00
      2.574    30.2761   0.025478     0.1122     3.3813     1.6893          0     59.500  34.272957   995.6610      2.560      0.141  0.000e+00
      2.671    30.2733   0.025511     0.1123     2.9056     1.6909          0     59.750  34.272960   995.6624      2.656      0.146  0.000e+00
      2.779    30.2702   0.025544     0.1124     2.5516     1.6901          0     60.000  34.272963   995.6639      2.764      0.171  0.000e+00
      2.844    30.2715   0.025550     0.1125     2.0789     1.6954          0     60.250  34.272966   995.6638      2.828      0.206  0.000e+00
      2.930    30.2756   0.025559     0.1125     1.9117     1.7695          0     60.500  34.272969   995.6630      2.914      0.255  0.000e+00
      2.984    30.2806   0.025571     0.1125     1.7188     1.7595          0     60.750  34.272972   995.6617      2.968      0.293  0.000e+00
      3.103    30.2848   0.025577     0.1126     1.5489     1.7672          0     61.000  34.272975   995.6610      3.086      0.321  0.000e+00
      3.190    30.2881   0.025568     0.1125     1.3965     1.7649          0     61.250  34.272977   995.6603      3.172      0.339  0.000e+00
      3.298    30.2912   0.025565     0.1125     1.2642     1.7702          0     61.500  34.272980   995.6598      3.280      0.349  0.000e+00
      3.417    30.2943   0.025559     0.1125     1.6971     1.7092          0     61.750  34.272983   995.6594      3.398      0.360  0.000e+00
      3.557    30.2977   0.025538     0.1124     2.7862     1.7130          0     62.000  34.272986   995.6589      3.538      0.385  0.000e+00
      3.720    30.3009   0.025520     0.1123     2.3800     1.7145          0     62.250  34.272989   995.6586      3.699      0.429  0.000e+00
      3.882    30.3038   0.025490     0.1122     2.5211     1.7160          0     62.500  34.272992   995.6584      3.860      0.476  0.000e+00
      4.022    30.3062   0.025478     0.1121     2.0932     1.7115          0     62.750  34.272995   995.6582      4.000      0.520  0.000e+00
      4.152    30.3069   0.025439     0.1119     2.3571     1.7115          0     63.000  34.272998   995.6584      4.129      0.544  0.000e+00
      4.271    30.3048   0.025103     0.1105     1.9342     1.7145          0     63.250  34.273001   995.6585      4.247      0.561  0.000e+00
      4.368    30.3024   0.024492     0.1079     4.1277     1.7221          0     63.500  34.273003   995.6578      4.344      0.556  0.000e+00
      4.487    30.3013   0.023924     0.1056     6.2410     1.7016          0     63.750  34.273006   995.6568      4.462      0.539  0.000e+00
      4.638    30.3022   0.023534     0.1039     3.6940     1.7061          0     64.000  34.273009   995.6560      4.613      0.523  0.000e+00
      4.790    30.3039   0.023274     0.1028     3.8577     1.6993          0     64.250  34.273012   995.6554      4.763      0.513  0.000e+00
      4.876    30.3054   0.023067     0.1019     2.2138     1.7031          0     64.500  34.273015   995.6546      4.849      0.498  0.000e+00
      4.898    30.3054   0.022723     0.1005     1.7993     1.7435          0     64.750  34.273018   995.6536      4.871      0.466  0.000e+00
      4.887    30.3081   0.022475     0.0995     2.1665     1.7397          0     65.000  34.273021   995.6520      4.860      0.409  0.000e+00
      4.941    30.3094   0.022403     0.0992     2.4023     1.7420          0     65.250  34.273024   995.6516      4.914      0.353  0.000e+00
      4.995    30.3101   0.022355     0.0990     1.6837     1.7351          0     65.500  34.273027   995.6515      4.968      0.298  0.000e+00
      5.125    30.3104   0.022316     0.0988     1.6566     1.7420          0     65.750  34.273030   995.6518      5.097      0.262  0.000e+00
      5.276    30.3110   0.022268     0.0986     2.5760     1.7305          0     66.000  34.273032   995.6522      5.247      0.256  0.000e+00
      5.428    30.3113   0.022236     0.0984     2.6060     1.7351          0     66.250  34.273035   995.6527      5.398      0.288  0.000e+00
      5.547    30.3131   0.022107     0.0979     2.0451     1.7290          0     66.500  34.273038   995.6522      5.516      0.349  0.000e+00
      5.633    30.3140   0.022044     0.0976     1.7164     1.7267          0     66.750  34.273041   995.6521      5.602      0.412  0.000e+00
      5.752    30.3120   0.021987     0.0974     2.9353     1.7572          0     67.000  34.273044   995.6531      5.720      0.463  0.000e+00
      5.882    30.3096   0.021945     0.0972     3.1563     1.7603          0     67.250  34.273047   995.6543      5.849      0.488  0.000e+00
      6.022    30.3091   0.021889     0.0970     2.9096     1.7618          0     67.500  34.273050   995.6549      5.989      0.502  0.000e+00
      6.163    30.3105   0.021859     0.0969     2.4337     1.7588          0     67.750  34.273053   995.6550      6.129      0.500  0.000e+00
      6.303    30.3120   0.021829     0.0967     2.0259     1.7405          0     68.000  34.273056   995.6550      6.269      0.501  0.000e+00
      6.357    30.3130   0.021835     0.0968     1.7518     1.7351          0     68.250  34.273058   995.6550      6.322      0.488  0.000e+00
      6.357    30.3121   0.021790     0.0966     1.7117     1.7389          0     68.500  34.273061   995.6551      6.322      0.453  0.000e+00
      6.390    30.3137   0.021823     0.0967     1.4986     1.7420          0     68.750  34.273064   995.6549      6.355      0.405  0.000e+00
      6.401    30.3157   0.021820     0.0967     1.2876     1.7374          0     69.000  34.273067   995.6543      6.365      0.332  0.000e+00
      6.401    30.3174   0.021787     0.0966     1.4958     1.6413          0     69.250  34.273070   995.6537      6.365      0.248  0.000e+00
      6.422    30.3184   0.021748     0.0964     1.7913     1.6428          0     69.500  34.273073   995.6534      6.387      0.169  0.000e+00
      6.455    30.3198   0.021694     0.0962     2.0228     1.6474          0     69.750  34.273076   995.6529      6.419      0.110  0.000e+00
      6.465    30.3216   0.021628     0.0959     2.1500     1.6413          0     70.000  34.273079   995.6522      6.430      0.072  0.000e+00
      6.487    30.3230   0.021595     0.0957     2.2050     1.6359          0     70.250  34.273082   995.6518      6.451      0.066  0.000e+00
      6.509    30.3229   0.021664     0.0960     2.2103     1.6420          0     70.500  34.273084   995.6521      6.473      0.072  0.000e+00
      6.509    30.3178   0.021868     0.0969     2.2061     1.6459          0     70.750  34.273087   995.6543      6.473      0.068  0.000e+00
      6.498    30.3118   0.021966     0.0973     2.2004     1.6474          0     71.000  34.273090   995.6564      6.462      0.061  0.000e+00
      6.498    30.2700   0.021954     0.0973     2.1937     1.6970          0     71.250  34.273093   995.6692      6.462      0.051  0.000e+00
      6.519    30.2256   0.021954     0.0974     2.1922     1.6916          0     71.500  34.273096   995.6828      6.484      0.040  0.000e+00
      6.498    30.2097   0.022011     0.0977     2.1886     1.6962          0     71.750  34.273099   995.6878      6.462      0.023  0.000e+00
      6.509    30.2039   0.022026     0.0977     2.1928     1.6932          0     72.000  34.273102   995.6896      6.473      0.014  0.000e+00
      6.498    30.2005   0.022026     0.0977     2.2013     1.6909          0     72.250  34.273105   995.6906      6.462      0.003  0.000e+00
      6.465    30.1985   0.022044     0.0978     2.1998     1.6924          0     72.500  34.273108   995.6911      6.430     -0.012  0.000e+00
      6.401    30.1961   0.021889     0.0972     2.2038     1.6855          0     72.750  34.273111   995.6911      6.365     -0.036  0.000e+00
      6.303    30.1919   0.021859     0.0971     2.1976     1.6886          0     73.000  34.273113   995.6919      6.269     -0.079  0.000e+00
      6.217    30.1863   0.021862     0.0971     2.1994     1.6886          0     73.250  34.273116   995.6932      6.183     -0.134  0.000e+00
      6.184    30.1914   0.021868     0.0971     2.2005     1.6794          0     73.500  34.273119   995.6915      6.150     -0.179  0.000e+00
      6.130    30.2052   0.021862     0.0971     2.1894     1.6863          0     73.750  34.273122   995.6870      6.097     -0.211  0.000e+00
      6.011    30.2203   0.021841     0.0969     2.1876     1.6832          0     74.000  34.273125   995.6818      5.978     -0.256  0.000e+00
      5.936    30.2332   0.021820     0.0968     2.1842     1.6848          0     74.250  34.273128   995.6775      5.903     -0.285  0.000e+00
      5.903    30.2439   0.021820     0.0968     2.1707     1.6634          0     74.500  34.273131   995.6741      5.871     -0.288  0.000e+00
      5.892    30.2521   0.021948     0.0973     2.1714     1.6565          0     74.750  34.273134   995.6719      5.860     -0.264  0.000e+00
      5.860    30.2578   0.021972     0.0974     2.1653     1.6573          0     75.000  34.273137   995.6701      5.828     -0.234  0.000e+00
      5.784    30.2593   0.021966     0.0974     2.1586     1.6504          0     75.250  34.273139   995.6693      5.752     -0.219  0.000e+00
      5.719    30.2468   0.021972     0.0974     2.1513     1.6375          0     75.500  34.273142   995.6729      5.688     -0.216  0.000e+00
      5.687    30.2372   0.021993     0.0976     2.1500     1.6474          0     75.750  34.273145   995.6757      5.656     -0.200  0.000e+00
      5.611    30.2316   0.021984     0.0975     2.1480     1.6413          0     76.000  34.273148   995.6770      5.580     -0.188  0.000e+00
      5.460    30.2297   0.021981     0.0975     2.1422     1.6466          0     76.250  34.273151   995.6769      5.430     -0.222  0.000e+00
      5.373    30.2274   0.021981     0.0975     2.1402     1.6283          0     76.500  34.273154   995.6773      5.344     -0.267  0.000e+00
      5.352    30.2229   0.022005     0.0976     2.1399     1.6306          0     76.750  34.273157   995.6786      5.322     -0.292  0.000e+00
      5.287    30.2184   0.021996     0.0976     2.1336     1.6413          0     77.000  34.273160   995.6797      5.258     -0.301  0.000e+00
      5.222    30.2162   0.021987     0.0976     2.1342     1.6375          0     77.250  34.273163   995.6800      5.193     -0.297  0.000e+00
      5.157    30.2151   0.022020     0.0977     2.1292     1.6344          0     77.500  34.273166   995.6802      5.129     -0.293  0.000e+00
      5.060    30.2137   0.021981     0.0975     2.1216     1.6703          0     77.750  34.273168   995.6800      5.032     -0.296  0.000e+00
      4.962    30.2131   0.021978     0.0975     2.1147     1.6748          0     78.000  34.273171   995.6798      4.935     -0.291  0.000e+00
      4.930    30.2128   0.021990     0.0976     2.1125     1.6703          0     78.250  34.273174   995.6798      4.903     -0.271  0.000e+00
      4.887    30.2116   0.021960     0.0975     2.1038     1.6748          0     78.500  34.273177   995.6798      4.860     -0.268  0.000e+00
      4.790    30.2106   0.021939     0.0974     2.0928     1.6703          0     78.750  34.273180   995.6797      4.763     -0.282  0.000e+00
      4.735    30.2104   0.021945     0.0974     2.0838     1.6710          0     79.000  34.273183   995.6795      4.709     -0.278  0.000e+00
      4.681    30.2099   0.021915     0.0973     2.0762     1.6718          0     79.250  34.273186   995.6793      4.656     -0.270  0.000e+00
      4.595    30.2099   0.021874     0.0971     2.0677     1.6672          0     79.500  34.273189   995.6788      4.570     -0.265  0.000e+00
      4.530    30.2125   0.021895     0.0972     2.0590     1.6535          0     79.750  34.273192   995.6778      4.505     -0.258  0.000e+00
      4.487    30.2144   0.021912     0.0972     2.0542     1.6550          0     80.000  34.273194   995.6771      4.462     -0.253  0.000e+00
      4.422    30.2169   0.021853     0.0970     2.0488     1.6436          0     80.250  34.273197   995.6758      4.398     -0.259  0.000e+00
      4.357    30.2249   0.021835     0.0969     2.0398     1.6451          0     80.500  34.273200   995.6730      4.333     -0.258  0.000e+00
      4.346    30.2337   0.021853     0.0970     2.0405     1.6657          0     80.750  34.273203   995.6704      4.322     -0.236  0.000e+00
      4.238    30.2385   0.021790     0.0967     2.0359     1.6665          0     81.000  34.273206   995.6682      4.215     -0.239  0.000e+00
      4.141    30.2456   0.021763     0.0966     2.0276     1.6718          0     81.250  34.273209   995.6655      4.118     -0.249  0.000e+00
      4.087    30.2539   0.021763     0.0966     2.0240     1.6687          0     81.500  34.273212   995.6628      4.064     -0.252  0.000e+00
      4.043    30.2580   0.021724     0.0964     2.0169     1.6695          0     81.750  34.273215   995.6612      4.021     -0.255  0.000e+00
      3.925    30.2615   0.021676     0.0962     2.0126     1.6504          0     82.000  34.273218   995.6594      3.903     -0.275  0.000e+00
      3.892    30.2710   0.021619     0.0959     2.0090     1.6588          0     82.250  34.273220   995.6562      3.871     -0.278  0.000e+00
      3.860    30.2772   0.021610     0.0959     2.0094     1.6558          0     82.500  34.273223   995.6541      3.838     -0.272  0.000e+00
      3.795    30.2787   0.021566     0.0957     2.0039     1.6626          0     82.750  34.273226   995.6532      3.774     -0.267  0.000e+00
      3.676    30.2849   0.021512     0.0955     2.0047     1.6588          0     83.000  34.273229   995.6507      3.656     -0.259  0.000e+00
