public/post/ctd_rufiji/SBE19plus_01906740_2018_02_13_0893.cnv
* Sea-Bird SBE19plus  Data File:
* FileName = C:\Users\all user\Desktop\CTD tafiri 2018\SBE19plus_01906740_2018_02_13_0893.hex
* Software version 2.6.3.104
* Temperature SN = 6740
* Conductivity SN = 6740
* System UpLoad Time = Feb 13 2018 13:59:16
* <ApplicationData>
* <Seaterm232>
# nquan = 13
# nvalues = 320                                   
# units = specified
# name 0 = prdM: Pressure, Strain Gauge [db]
# name 1 = tv290C: Temperature [ITS-90, deg C]
# name 2 = c0S/m: Conductivity [S/m]
# name 3 = sal00: Salinity, Practical [PSU]
# name 4 = sbeox0ML/L: Oxygen, SBE 43 [ml/l]
# name 5 = flECO-AFL: Fluorescence, WET Labs ECO-AFL/FL [mg/m^3]
# name 6 = nbf: Bottles Fired
# name 7 = timeS: Time, Elapsed [seconds]
# name 8 = timeJ: Julian Days
# name 9 = density00: Density [density, kg/m^3]
# name 10 = depSM: Depth [salt water, m], lat = 0.00
# name 11 = dz/dtM: Descent Rate [m/s]
# name 12 = flag:  0.000e+00
# span 0 =      0.094,      5.575                 
# span 1 =    29.9003,    30.7048                 
# span 2 =   0.001715,   2.633362                 
# span 3 =     0.0175,    14.2804                 
# span 4 =     3.0871,     4.4783                 
# span 5 =    -0.1929,     2.3127                 
# span 6 =          0,          0                 
# span 7 =      0.000,     79.750                 
# span 8 =  33.757234,  33.758157                 
# span 9 =   995.5855,  1006.0758                 
# span 10 =      0.093,      5.545                
# span 11 =     -0.616,      0.610                
# span 12 = 0.0000e+00, 0.0000e+00                
# interval = seconds: 0.25
# start_time = Feb 02 2018 18:10:25 [Instrument's time stamp, header]
# bad_flag = -9.990e-29
*END*
[from data line 112]
      1.295    30.1150   0.365165     1.7258     3.6094     1.0851          0     28.000  33.757558   996.9107      1.288      0.018  0.000e+00
      1.262    30.1162   0.367829     1.7391     3.6011     1.0820          0     28.250  33.757561   996.9201      1.255      0.009  0.000e+00
      1.252    30.1165   0.363684     1.7183     3.6042     1.0866          0     28.500  33.757564   996.9045      1.245     -0.004  0.000e+00
      1.241    30.1157   0.364659     1.7232     3.6103     1.0866          0     28.750  33.757567   996.9083      1.234     -0.013  0.000e+00
      1.230    30.1130   0.371376     1.7569     3.6180     1.0828          0     29.000  33.757569   996.9343      1.223     -0.022  0.000e+00
      1.273    30.1142   0.373434     1.7672     3.6503     1.0790          0     29.250  33.757572   996.9418      1.266     -0.017  0.000e+00
      1.284    30.1192   0.376870     1.7843     3.6359     1.0820          0     29.500  33.757575   996.9530      1.277     -0.009  0.000e+00
      1.306    30.1284   0.373286     1.7660     3.6425     1.0805          0     29.750  33.757578   996.9366      1.298      0.004  0.000e+00
      1.306    30.1388   0.368922     1.7438     3.6444     1.0820          0     30.000  33.757581   996.9169      1.298      0.018  0.000e+00
      1.295    30.1437   0.371327     1.7556     3.6452     1.0820          0     30.250  33.757584   996.9242      1.288      0.032  0.000e+00
      1.262    30.1481   0.369043     1.7440     3.6450     1.0767          0     30.500  33.757587   996.9141      1.255      0.026  0.000e+00
      1.241    30.1513   0.369812     1.7478     3.6186     1.1011          0     30.750  33.757590   996.9158      1.234      0.011  0.000e+00
      1.241    30.1521   0.373002     1.7637     3.6186     1.1095          0     31.000  33.757593   996.9275      1.234     -0.007  0.000e+00
      1.262    30.1543   0.372802     1.7626     3.6227     1.1064          0     31.250  33.757595   996.9261      1.255     -0.023  0.000e+00
      1.273    30.1572   0.373565     1.7664     3.6407     1.1087          0     31.500  33.757598   996.9280      1.266     -0.024  0.000e+00
      1.295    30.1598   0.373527     1.7661     3.6413     1.0546          0     31.750  33.757601   996.9271      1.287     -0.015  0.000e+00
      1.284    30.1624   0.378441     1.7906     3.6278     1.0576          0     32.000  33.757604   996.9445      1.277     -0.003  0.000e+00
      1.262    30.1684   0.378358     1.7900     3.6304     1.0569          0     32.250  33.757607   996.9422      1.255      0.005  0.000e+00
      1.273    30.1768   0.377967     1.7877     3.6287     1.0561          0     32.500  33.757610   996.9379      1.266      0.015  0.000e+00
      1.262    30.1839   0.377638     1.7858     3.6101     1.0622          0     32.750  33.757613   996.9343      1.255      0.013  0.000e+00
      1.273    30.1900   0.375076     1.7728     3.6145     1.0698          0     33.000  33.757616   996.9228      1.266      0.006  0.000e+00
      1.262    30.1929   0.376791     1.7812     3.6002     1.0721          0     33.250  33.757619   996.9282      1.255     -0.005  0.000e+00
      1.262    30.1946   0.378448     1.7895     3.5940     1.0675          0     33.500  33.757622   996.9338      1.255     -0.011  0.000e+00
      1.240    30.1970   0.381204     1.8032     3.5874     1.0691          0     33.750  33.757624   996.9432      1.234     -0.019  0.000e+00
      1.219    30.2014   0.382313     1.8086     3.5887     1.0546          0     34.000  33.757627   996.9458      1.212     -0.023  0.000e+00
      1.230    30.2075   0.382129     1.8075     3.5929     1.0622          0     34.250  33.757630   996.9431      1.223     -0.023  0.000e+00
      1.262    30.2149   0.382965     1.8114     3.6021     1.0546          0     34.500  33.757633   996.9439      1.255     -0.018  0.000e+00
      1.305    30.2219   0.383554     1.8141     3.6139     1.0599          0     34.750  33.757636   996.9440      1.298      0.002  0.000e+00
      1.327    30.2294   0.379864     1.7953     3.6085     1.0691          0     35.000  33.757639   996.9278      1.320      0.022  0.000e+00
      1.284    30.2335   0.378714     1.7894     3.6380     1.0698          0     35.250  33.757642   996.9219      1.277      0.030  0.000e+00
      1.262    30.2340   0.383256     1.8121     3.6425     1.0683          0     35.500  33.757645   996.9386      1.255      0.028  0.000e+00
      1.240    30.2366   0.378427     1.7879     3.6434     1.0744          0     35.750  33.757648   996.9196      1.234      0.020  0.000e+00
      1.197    30.2385   0.382642     1.8089     3.6484     1.0706          0     36.000  33.757650   996.9346      1.191     -0.005  0.000e+00
      1.219    30.2405   0.390177     1.8466     3.6432     1.0691          0     36.250  33.757653   996.9622      1.212     -0.029  0.000e+00
      1.229    30.2506   0.381156     1.8010     3.6421     1.0660          0     36.500  33.757656   996.9251      1.223     -0.046  0.000e+00
      1.262    30.2551   0.384216     1.8162     3.6341     1.0706          0     36.750  33.757659   996.9352      1.255     -0.044  0.000e+00
      1.283    30.2595   0.384865     1.8193     3.6213     1.0652          0     37.000  33.757662   996.9362      1.276     -0.022  0.000e+00
      1.262    30.2678   0.381509     1.8022     3.6046     1.0721          0     37.250  33.757665   996.9208      1.255      0.003  0.000e+00
      1.251    30.2693   0.386145     1.8253     3.6070     1.0630          0     37.500  33.757668   996.9376      1.244      0.016  0.000e+00
      1.262    30.2723   0.385972     1.8244     3.5955     1.0706          0     37.750  33.757671   996.9360      1.255      0.026  0.000e+00
      1.262    30.2763   0.377327     1.7810     3.5959     1.0706          0     38.000  33.757674   996.9024      1.255      0.029  0.000e+00
      1.273    30.2728   0.381634     1.8026     3.5883     1.0797          0     38.250  33.757677   996.9197      1.266      0.019  0.000e+00
      1.262    30.2704   0.393373     1.8615     3.5865     1.0836          0     38.500  33.757679   996.9643      1.255      0.008  0.000e+00
      1.283    30.2761   0.386586     1.8273     3.6000     1.0797          0     38.750  33.757682   996.9371      1.276      0.004  0.000e+00
      1.273    30.2755   0.388096     1.8349     3.5984     1.0775          0     39.000  33.757685   996.9429      1.266      0.004  0.000e+00
      1.273    30.2752   0.400173     1.8955     3.5904     1.0950          0     39.250  33.757688   996.9882      1.266      0.010  0.000e+00
      1.262    30.2855   0.388905     1.8386     3.5918     1.0950          0     39.500  33.757691   996.9426      1.255      0.007  0.000e+00
      1.284    30.2901   0.385878     1.8232     3.5921     1.0950          0     39.750  33.757694   996.9298      1.276      0.007  0.000e+00
      1.284    30.2907   0.390226     1.8450     3.5953     1.0935          0     40.000  33.757697   996.9459      1.277      0.007  0.000e+00
      1.262    30.2986   0.385704     1.8221     3.5881     1.0675          0     40.250  33.757700   996.9262      1.255      0.001  0.000e+00
      1.273    30.3012   0.383630     1.8116     3.5839     1.0706          0     40.500  33.757703   996.9177      1.266      0.001  0.000e+00
      1.273    30.2972   0.387815     1.8327     3.5805     1.0706          0     40.750  33.757705   996.9346      1.266     -0.003  0.000e+00
      1.175    30.2953   0.384452     1.8159     3.5642     1.0652          0     41.000  33.757708   996.9223      1.169     -0.026  0.000e+00
      1.057    30.2935   0.366936     1.7285     3.5520     1.0683          0     41.250  33.757711   996.8571      1.051     -0.077  0.000e+00
      0.916    30.2812   0.363264     1.7106     3.5456     1.0729          0     41.500  33.757714   996.8469      0.911     -0.151  0.000e+00
      0.797    30.2639   0.363450     1.7121     3.5707     1.0668          0     41.750  33.757717   996.8528      0.793     -0.237  0.000e+00
      0.732    30.2432   0.339890     1.5956     3.5838     1.0622          0     42.000  33.757720   996.7719      0.728     -0.302  0.000e+00
      0.646    30.2028   0.344454     1.6195     3.5723     1.0652          0     42.250  33.757723   996.8018      0.642     -0.353  0.000e+00
      0.602    30.1353   0.346818     1.6335     3.3707     1.1896          0     42.500  33.757726   996.8326      0.599     -0.381  0.000e+00
      0.559    30.0768   0.289261     1.3501     3.3027     1.1965          0     42.750  33.757729   996.6387      0.556     -0.372  0.000e+00
      0.581    30.0224   0.333686     1.5717     3.2976     1.1888          0     43.000  33.757731   996.8208      0.578     -0.310  0.000e+00
      0.570    29.9704   0.355561     1.6826     3.3297     1.1843          0     43.250  33.757734   996.9193      0.567     -0.237  0.000e+00
      0.559    29.9288   0.343443     1.6234     3.3307     1.2239          0     43.500  33.757737   996.8876      0.556     -0.167  0.000e+00
      0.570    29.9071   0.328501     1.5495     3.3700     1.2293          0     43.750  33.757740   996.8391      0.567     -0.107  0.000e+00
      0.602    29.9003   0.341062     1.6124     3.3838     1.2255          0     44.000  33.757743   996.8883      0.599     -0.055  0.000e+00
      0.635    29.9039   0.359670     1.7055     3.4105     1.2323          0     44.250  33.757746   996.9568      0.631     -0.003  0.000e+00
      0.732    29.9121   0.354120     1.6774     3.3978     1.2209          0     44.500  33.757749   996.9338      0.728      0.053  0.000e+00
      0.851    29.9196   0.365255     1.7330     3.3508     1.2453          0     44.750  33.757752   996.9735      0.846      0.120  0.000e+00
      0.970    29.9339   0.515992     2.5000     3.3286     1.2423          0     45.000  33.757755   997.5418      0.965      0.187  0.000e+00
      1.067    30.0097   0.397391     1.8915     3.3400     1.2384          0     45.250  33.757758   997.0654      1.061      0.261  0.000e+00
      1.132    30.0929   0.384837     1.8252     3.3591     1.2415          0     45.500  33.757760   996.9909      1.126      0.316  0.000e+00
      1.165    30.1554   0.397454     1.8863     3.3339     1.1476          0     45.750  33.757763   997.0175      1.158      0.338  0.000e+00
      1.165    30.2065   0.535460     2.5864     3.3986     1.1377          0     46.000  33.757766   997.5237      1.158      0.324  0.000e+00
      1.165    30.2595   0.482638     2.3134     3.4299     1.1454          0     46.250  33.757769   997.3040      1.158      0.280  0.000e+00
      1.208    30.3050   0.507981     2.4405     3.3103     1.1415          0     46.500  33.757772   997.3850      1.201      0.222  0.000e+00
      1.316    30.3331   0.677847     3.3176     3.4000     1.0805          0     46.750  33.757775   998.0298      1.309      0.187  0.000e+00
      1.403    30.3545   0.734958     3.6158     3.3634     1.0820          0     47.000  33.757778   998.2455      1.395      0.175  0.000e+00
      1.446    30.3755   0.760707     3.7500     3.3287     1.0805          0     47.250  33.757781   998.3390      1.438      0.178  0.000e+00
      1.478    30.4047   0.729998     3.5861     3.3184     1.0866          0     47.500  33.757784   998.2082      1.470      0.190  0.000e+00
      1.511    30.4344   0.709176     3.4747     3.3438     1.0546          0     47.750  33.757786   998.1163      1.502      0.206  0.000e+00
      1.554    30.4579   0.742091     3.6458     3.3230     1.0607          0     48.000  33.757789   998.2365      1.545      0.218  0.000e+00
      1.565    30.4771   0.791018     3.9022     3.4471     1.0569          0     48.250  33.757792   998.4213      1.556      0.207  0.000e+00
      1.597    30.4966   0.802285     3.9603     3.4788     1.0622          0     48.500  33.757795   998.4585      1.588      0.178  0.000e+00
      1.629    30.5161   0.761254     3.7423     3.4420     1.0576          0     48.750  33.757798   998.2905      1.620      0.143  0.000e+00
      1.694    30.5320   0.843897     4.1779     3.3943     1.0744          0     49.000  33.757801   998.6097      1.685      0.134  0.000e+00
      1.770    30.5507   0.983766     4.9237     3.4070     1.0820          0     49.250  33.757804   999.1585      1.760      0.148  0.000e+00
      1.846    30.5771   1.144391     5.7909     3.3760     1.0729          0     49.500  33.757807   999.7948      1.836      0.173  0.000e+00
      1.932    30.6053   1.251445     6.3736     3.3795     1.0851          0     49.750  33.757810  1000.2190      1.922      0.205  0.000e+00
      2.008    30.6254   1.356270     6.9492     3.3588     1.1232          0     50.000  33.757813  1000.6403      1.997      0.237  0.000e+00
      2.084    30.6401   1.463983     7.5456     3.3556     1.1309          0     50.250  33.757815  1001.0786      2.072      0.271  0.000e+00
      2.213    30.6560   1.610149     8.3621     3.4200     1.1354          0     50.500  33.757818  1001.6801      2.201      0.308  0.000e+00
      2.365    30.6692   1.788507     9.3692     3.4479     1.1232          0     50.750  33.757821  1002.4238      2.352      0.352  0.000e+00
      2.419    30.6782   1.899467    10.0008     3.4940     1.1141          0     51.000  33.757824  1002.8898      2.405      0.371  0.000e+00
      2.538    30.6838   1.782897     9.3346     3.5538     1.1194          0     51.250  33.757827  1002.3943      2.524      0.391  0.000e+00
      2.581    30.6860   1.586779     8.2257     3.6427     1.1187          0     51.500  33.757830  1001.5710      2.567      0.391  0.000e+00
      2.689    30.6892   1.563862     8.0965     3.6631     1.1225          0     51.750  33.757833  1001.4746      2.674      0.391  0.000e+00
      2.775    30.6915   1.896284     9.9798     3.6215     1.1782          0     52.000  33.757836  1002.8716      2.760      0.386  0.000e+00
      2.797    30.6937   1.989877    10.5163     3.6638     1.1805          0     52.250  33.757839  1003.2690      2.782      0.357  0.000e+00
      2.797    30.6947   1.886038     9.9206     3.7707     1.1736          0     52.500  33.757841  1002.8267      2.781      0.300  0.000e+00
      2.808    30.6960   1.824682     9.5701     3.8121     1.1774          0     52.750  33.757844  1002.5663      2.792      0.241  0.000e+00
      2.851    30.6963   1.788257     9.3627     3.7756     1.1805          0     53.000  33.757847  1002.4125      2.835      0.205  0.000e+00
      2.862    30.6949   1.815986     9.5207     3.8006     1.2178          0     53.250  33.757850  1002.5302      2.846      0.158  0.000e+00
      2.884    30.6926   1.862216     9.7848     3.8176     1.2094          0     53.500  33.757853  1002.7270      2.868      0.126  0.000e+00
      2.883    30.6904   1.914732    10.0857     3.7998     1.2178          0     53.750  33.757856  1002.9509      2.868      0.086  0.000e+00
      2.851    30.6880   1.912718    10.0746     3.8096     1.2156          0     54.000  33.757859  1002.9433      2.835      0.053  0.000e+00
      2.851    30.6868   1.924708    10.1436     3.7067     1.2194          0     54.250  33.757862  1002.9949      2.835      0.038  0.000e+00
      2.884    30.6854   1.845633     9.6916     3.6706     1.2148          0     54.500  33.757865  1002.6602      2.868      0.033  0.000e+00
      2.992    30.6842   1.933936    10.1970     3.6385     1.2148          0     54.750  33.757867  1003.0360      2.975      0.052  0.000e+00
      3.122    30.6830   2.095001    11.1251     3.6281     1.2171          0     55.000  33.757870  1003.7255      3.104      0.096  0.000e+00
      3.273    30.6829   2.267665    12.1285     3.6367     1.2896          0     55.250  33.757873  1004.4706      3.255      0.174  0.000e+00
