public/post/ctd_rufiji/SBE19plus_01906740_2018_02_13_0894.cnv
* Sea-Bird SBE19plus  Data File:
* FileName = C:\Users\all user\Desktop\CTD tafiri 2018\SBE19plus_01906740_2018_02_13_0894.hex
* Software version 2.6.3.104
* Temperature SN = 6740
* Conductivity SN = 6740
* System UpLoad Time = Feb 13 2018 13:59:25
* <ApplicationData>
* <Seaterm232>
# nquan = 13
# nvalues = 327                                   
# units = specified
# name 0 = prdM: Pressure, Strain Gauge [db]
# name 1 = tv290C: Temperature [ITS-90, deg C]
# name 2 = c0S/m: Conductivity [S/m]
# name 3 = sal00: Salinity, Practical [PSU]
# name 4 = sbeox0ML/L: Oxygen, SBE 43 [ml/l]
# name 5 = flECO-AFL: Fluorescence, WET Labs ECO-AFL/FL [mg/m^3]
# name 6 = nbf: Bottles Fired
# name 7 = timeS: Time, Elapsed [seconds]
# name 8 = timeJ: Julian Days
# name 9 = density00: Density [density, kg/m^3]
# name 10 = depSM: Depth [salt water, m], lat = 0.00
# name 11 = dz/dtM: Descent Rate [m/s]
# name 12 = flag:  0.000e+00
# span 0 =      0.051,      2.603                 
# span 1 =    28.8535,    30.8383                 
# span 2 =   0.000735,   2.034368                 
# span 3 =     0.0143,    10.7483                 
# span 4 =     1.3862,     7.7525                 
# span 5 =    -0.0471,     2.0594                 
# span 6 =          0,          0                 
# span 7 =      0.000,     81.500                 
# span 8 =  33.762616,  33.763559                 
# span 9 =   995.8707,  1003.4039                 
# span 10 =      0.051,      2.588                
# span 11 =     -0.433,      0.394                
# span 12 = 0.0000e+00, 0.0000e+00                
# interval = seconds: 0.25
# start_time = Feb 02 2018 18:18:10 [Instrument's time stamp, header]
# bad_flag = -9.990e-29
*END*
[from data line 112]
      1.176    30.7788   1.793381     9.3764     2.0006     1.2842          0     28.000  33.762940  1002.3890      1.170     -0.051  0.000e+00
      1.241    30.7825   1.790202     9.3576     2.0503     1.2781          0     28.250  33.762943  1002.3742      1.234     -0.058  0.000e+00
      1.295    30.7636   1.788261     9.3502     2.0747     1.2796          0     28.500  33.762946  1002.3750      1.288     -0.030  0.000e+00
      1.306    30.7217   1.791365     9.3757     2.0477     1.2552          0     28.750  33.762948  1002.4073      1.299      0.009  0.000e+00
      1.284    30.6907   1.795437     9.4047     2.1240     1.2522          0     29.000  33.762951  1002.4386      1.277      0.040  0.000e+00
      1.230    30.6794   1.797612     9.4192     2.1468     1.2522          0     29.250  33.762954  1002.4527      1.223      0.049  0.000e+00
      1.208    30.6799   1.798756     9.4256     2.0430     1.2598          0     29.500  33.762957  1002.4572      1.202      0.037  0.000e+00
      1.176    30.6906   1.798957     9.4247     1.9802     1.2567          0     29.750  33.762960  1002.4530      1.169      0.007  0.000e+00
      1.198    30.7021   1.796934     9.4111     1.9485     1.2552          0     30.000  33.762963  1002.4393      1.191     -0.024  0.000e+00
      1.219    30.7058   1.792326     9.3841     1.9803     1.2529          0     30.250  33.762966  1002.4182      1.212     -0.048  0.000e+00
      1.252    30.7041   1.790340     9.3732     1.9996     1.2545          0     30.500  33.762969  1002.4108      1.245     -0.044  0.000e+00
      1.252    30.7063   1.790963     9.3763     2.0737     1.2369          0     30.750  33.762972  1002.4124      1.245     -0.023  0.000e+00
      1.252    30.7078   1.793837     9.3924     2.0230     1.2209          0     31.000  33.762975  1002.4238      1.245      0.004  0.000e+00
      1.252    30.6980   1.797136     9.4130     2.0626     1.2339          0     31.250  33.762977  1002.4422      1.245      0.028  0.000e+00
      1.251    30.6929   1.797764     9.4175     2.0665     1.2285          0     31.500  33.762980  1002.4472      1.245      0.036  0.000e+00
      1.251    30.7004   1.797425     9.4142     2.0722     1.2682          0     31.750  33.762983  1002.4424      1.245      0.035  0.000e+00
      1.241    30.7078   1.796630     9.4082     2.0310     1.2606          0     32.000  33.762986  1002.4356      1.234      0.018  0.000e+00
      1.208    30.7109   1.795285     9.4000     2.0093     1.2659          0     32.250  33.762989  1002.4283      1.202     -0.005  0.000e+00
      1.219    30.7110   1.794205     9.3938     2.0541     1.2697          0     32.500  33.762992  1002.4238      1.212     -0.019  0.000e+00
      1.219    30.7110   1.795899     9.4035     2.0425     1.2674          0     32.750  33.762995  1002.4309      1.212     -0.022  0.000e+00
      1.241    30.7159   1.796547     9.4062     2.0232     1.2629          0     33.000  33.762998  1002.4315      1.234     -0.017  0.000e+00
      1.252    30.7230   1.796934     9.4071     2.0280     1.2644          0     33.250  33.763001  1002.4299      1.245     -0.008  0.000e+00
      1.241    30.7308   1.796463     9.4029     2.0308     1.2567          0     33.500  33.763003  1002.4243      1.234     -0.002  0.000e+00
      1.241    30.7365   1.795172     9.3945     2.0366     1.2651          0     33.750  33.763006  1002.4162      1.234      0.004  0.000e+00
      1.263    30.7373   1.795231     9.3947     2.0595     1.2911          0     34.000  33.763009  1002.4162      1.256      0.017  0.000e+00
      1.252    30.7366   1.796438     9.4017     1.9417     1.2888          0     34.250  33.763012  1002.4216      1.245      0.023  0.000e+00
      1.241    30.7370   1.797410     9.4072     1.9925     1.2918          0     34.500  33.763015  1002.4255      1.234      0.015  0.000e+00
      1.209    30.7376   1.796561     9.4022     2.0091     1.2911          0     34.750  33.763018  1002.4215      1.202     -0.001  0.000e+00
      1.187    30.7388   1.794544     9.3905     2.0615     1.2796          0     35.000  33.763021  1002.4123      1.181     -0.022  0.000e+00
      1.252    30.7387   1.791625     9.3740     2.0243     1.2812          0     35.250  33.763024  1002.4004      1.245     -0.016  0.000e+00
      1.295    30.7376   1.790301     9.3666     2.0541     1.2804          0     35.500  33.763027  1002.3955      1.288      0.004  0.000e+00
      1.317    30.7312   1.789291     9.3621     2.0062     1.2896          0     35.750  33.763030  1002.3942      1.310      0.023  0.000e+00
      1.338    30.6916   1.791571     9.3825     1.9997     1.2667          0     36.000  33.763032  1002.4221      1.331      0.043  0.000e+00
      1.295    30.6585   1.794746     9.4068     2.0283     1.2682          0     36.250  33.763035  1002.4505      1.288      0.053  0.000e+00
      1.241    30.6466   1.796243     9.4176     1.8504     1.2651          0     36.500  33.763038  1002.4620      1.234      0.042  0.000e+00
      1.198    30.6481   1.795276     9.4118     1.7940     1.2682          0     36.750  33.763041  1002.4570      1.191      0.016  0.000e+00
      1.187    30.6519   1.791365     9.3888     1.8761     1.2667          0     37.000  33.763044  1002.4387      1.180     -0.020  0.000e+00
      1.198    30.6490   1.787536     9.3676     1.9425     1.2812          0     37.250  33.763047  1002.4240      1.191     -0.059  0.000e+00
      1.230    30.6407   1.784988     9.3547     1.8846     1.2835          0     37.500  33.763050  1002.4171      1.223     -0.068  0.000e+00
      1.284    30.5941   1.784636     9.3614     1.9266     1.2812          0     37.750  33.763053  1002.4372      1.277     -0.047  0.000e+00
      1.284    30.5208   1.785004     9.3773     1.8669     1.2751          0     38.000  33.763056  1002.4722      1.277     -0.018  0.000e+00
      1.306    30.4707   1.786577     9.3958     1.9262     1.2674          0     38.250  33.763058  1002.5019      1.299      0.026  0.000e+00
      1.284    30.4558   1.789278     9.4141     1.9670     1.2629          0     38.500  33.763061  1002.5201      1.277      0.052  0.000e+00
      1.262    30.4555   1.790773     9.4227     1.8289     1.2651          0     38.750  33.763064  1002.5265      1.255      0.055  0.000e+00
      1.241    30.4583   1.790896     9.4228     1.8331     1.2682          0     39.000  33.763067  1002.5256      1.234      0.036  0.000e+00
      1.208    30.4573   1.788993     9.4122     1.9028     1.2773          0     39.250  33.763070  1002.5179      1.201      0.002  0.000e+00
      1.219    30.4520   1.785744     9.3946     1.9276     1.2781          0     39.500  33.763073  1002.5065      1.212     -0.027  0.000e+00
      1.241    30.4484   1.784857     9.3902     1.9500     1.2735          0     39.750  33.763076  1002.5045      1.234     -0.041  0.000e+00
      1.273    30.4364   1.784392     9.3898     2.0475     1.2827          0     40.000  33.763079  1002.5082      1.266     -0.028  0.000e+00
      1.273    30.4167   1.784588     9.3947     2.0463     1.2758          0     40.250  33.763082  1002.5180      1.266     -0.015  0.000e+00
      1.262    30.4093   1.785597     9.4018     2.1014     1.2796          0     40.500  33.763084  1002.5256      1.255      0.003  0.000e+00
      1.262    30.4088   1.786979     9.4098     2.0777     1.2812          0     40.750  33.763087  1002.5317      1.255      0.017  0.000e+00
      1.230    30.4122   1.787940     9.4147     2.0581     1.2751          0     41.000  33.763090  1002.5341      1.223      0.016  0.000e+00
      1.240    30.4156   1.787940     9.4140     1.9592     1.2766          0     41.250  33.763093  1002.5326      1.234      0.013  0.000e+00
      1.251    30.4184   1.787116     9.4088     1.9334     1.2743          0     41.500  33.763096  1002.5279      1.244      0.002  0.000e+00
      1.251    30.4197   1.786171     9.4031     1.9761     1.2812          0     41.750  33.763099  1002.5233      1.244     -0.008  0.000e+00
      1.219    30.4192   1.785181     9.3976     1.9798     1.2766          0     42.000  33.763102  1002.5191      1.212     -0.022  0.000e+00
      1.240    30.4180   1.784495     9.3939     1.9731     1.2827          0     42.250  33.763105  1002.5169      1.234     -0.017  0.000e+00
      1.273    30.4175   1.784377     9.3933     1.9228     1.2911          0     42.500  33.763108  1002.5168      1.266     -0.002  0.000e+00
      1.273    30.4180   1.785019     9.3969     1.9188     1.2896          0     42.750  33.763111  1002.5192      1.266      0.009  0.000e+00
      1.284    30.4187   1.786474     9.4051     1.8674     1.2880          0     43.000  33.763113  1002.5251      1.277      0.023  0.000e+00
      1.262    30.4191   1.788141     9.4145     1.8913     1.2934          0     43.250  33.763116  1002.5319      1.255      0.019  0.000e+00
      1.240    30.4196   1.788900     9.4188     1.8727     1.3056          0     43.500  33.763119  1002.5349      1.234      0.010  0.000e+00
      1.208    30.4206   1.788400     9.4157     1.8761     1.3048          0     43.750  33.763122  1002.5321      1.201     -0.004  0.000e+00
      1.219    30.4226   1.786244     9.4030     1.8932     1.3056          0     44.000  33.763125  1002.5221      1.212     -0.011  0.000e+00
      1.219    30.4243   1.784451     9.3924     1.9065     1.3041          0     44.250  33.763128  1002.5137      1.212     -0.028  0.000e+00
      1.262    30.4244   1.783442     9.3867     2.0106     1.3010          0     44.500  33.763131  1002.5096      1.255     -0.026  0.000e+00
      1.262    30.4073   1.783432     9.3898     2.0310     1.2697          0     44.750  33.763134  1002.5173      1.255     -0.014  0.000e+00
      1.305    30.3862   1.783849     9.3962     2.0071     1.2804          0     45.000  33.763137  1002.5289      1.298      0.009  0.000e+00
      1.273    30.3746   1.785367     9.4071     1.9725     1.2728          0     45.250  33.763139  1002.5405      1.266      0.026  0.000e+00
      1.230    30.3669   1.786950     9.4176     1.9407     1.2804          0     45.500  33.763142  1002.5506      1.223      0.025  0.000e+00
      1.187    30.3634   1.787293     9.4203     1.9552     1.2842          0     45.750  33.763145  1002.5535      1.180      0.007  0.000e+00
      1.176    30.3629   1.786288     9.4146     1.9486     1.2911          0     46.000  33.763148  1002.5494      1.169     -0.022  0.000e+00
      1.230    30.3642   1.784236     9.4026     2.0037     1.2865          0     46.250  33.763151  1002.5403      1.223     -0.030  0.000e+00
      1.273    30.3659   1.783173     9.3962     2.0472     1.2941          0     46.500  33.763154  1002.5352      1.266     -0.027  0.000e+00
      1.305    30.3636   1.783016     9.3957     1.9454     1.2567          0     46.750  33.763157  1002.5357      1.298     -0.004  0.000e+00
      1.316    30.3539   1.783457     9.4001     1.9137     1.2575          0     47.000  33.763160  1002.5420      1.309      0.018  0.000e+00
      1.284    30.3477   1.783991     9.4043     1.9533     1.2659          0     47.250  33.763163  1002.5470      1.277      0.042  0.000e+00
      1.240    30.3450   1.783981     9.4048     1.8972     1.2667          0     47.500  33.763166  1002.5480      1.234      0.046  0.000e+00
      1.208    30.3433   1.783433     9.4020     1.9346     1.2636          0     47.750  33.763168  1002.5463      1.201      0.029  0.000e+00
      1.219    30.3416   1.782693     9.3981     1.9606     1.2705          0     48.000  33.763171  1002.5440      1.212      0.001  0.000e+00
      1.262    30.3389   1.782448     9.3972     1.9662     1.2598          0     48.250  33.763174  1002.5444      1.255     -0.020  0.000e+00
      1.284    30.3383   1.782644     9.3984     2.1045     1.2621          0     48.500  33.763177  1002.5456      1.276     -0.024  0.000e+00
      1.273    30.3361   1.783658     9.4046     2.1655     1.2674          0     48.750  33.763180  1002.5509      1.266     -0.020  0.000e+00
      1.208    30.3257   1.784868     9.4135     2.1408     1.3056          0     49.000  33.763183  1002.5605      1.201     -0.022  0.000e+00
      1.164    30.3194   1.785666     9.4193     2.1253     1.3033          0     49.250  33.763186  1002.5666      1.158     -0.025  0.000e+00
      1.197    30.3177   1.785314     9.4176     2.0213     1.3041          0     49.500  33.763189  1002.5660      1.190     -0.021  0.000e+00
      1.208    30.3161   1.783663     9.4085     2.0074     1.3094          0     49.750  33.763192  1002.5597      1.201     -0.023  0.000e+00
      1.262    30.3129   1.782571     9.4028     2.0388     1.3140          0     50.000  33.763194  1002.5568      1.255     -0.018  0.000e+00
      1.283    30.3095   1.782184     9.4012     2.1099     1.3117          0     50.250  33.763197  1002.5568      1.276     -0.008  0.000e+00
      1.305    30.3046   1.783433     9.4093     2.0359     1.3132          0     50.500  33.763200  1002.5644      1.298      0.018  0.000e+00
      1.294    30.3022   1.785054     9.4191     2.0527     1.3147          0     50.750  33.763203  1002.5724      1.287      0.045  0.000e+00
      1.262    30.3030   1.786269     9.4259     1.9650     1.3269          0     51.000  33.763206  1002.5770      1.255      0.060  0.000e+00
      1.251    30.3053   1.786730     9.4281     2.0125     1.3277          0     51.250  33.763209  1002.5779      1.244      0.051  0.000e+00
      1.230    30.3069   1.785970     9.4234     1.9784     1.3239          0     51.500  33.763212  1002.5738      1.223      0.018  0.000e+00
      1.229    30.3091   1.784496     9.4146     2.0069     1.3338          0     51.750  33.763215  1002.5665      1.223     -0.008  0.000e+00
      1.284    30.3128   1.783159     9.4062     2.0610     1.3353          0     52.000  33.763218  1002.5594      1.276     -0.018  0.000e+00
      1.305    30.3167   1.782047     9.3991     2.1196     1.3353          0     52.250  33.763220  1002.5530      1.298     -0.009  0.000e+00
      1.229    30.3152   1.783114     9.4055     1.9668     1.3422          0     52.500  33.763223  1002.5579      1.223     -0.016  0.000e+00
      1.089    30.3145   1.784118     9.4114     1.8890     1.3399          0     52.750  33.763226  1002.5619      1.083     -0.050  0.000e+00
      0.970    30.3152   1.783849     9.4097     2.2669     1.3338          0     53.000  33.763229  1002.5599      0.965     -0.105  0.000e+00
      0.873    30.3159   1.784682     9.4144     2.0465     1.3216          0     53.250  33.763232  1002.5627      0.868     -0.175  0.000e+00
      0.862    30.3185   1.783457     9.4069     1.5224     1.3292          0     53.500  33.763235  1002.5562      0.857     -0.226  0.000e+00
      0.884    30.3211   1.782013     9.3981     1.4241     1.3269          0     53.750  33.763238  1002.5490      0.879     -0.251  0.000e+00
      0.927    30.3231   1.780676     9.3901     1.4858     1.3254          0     54.000  33.763241  1002.5426      0.922     -0.243  0.000e+00
      0.981    30.3233   1.779536     9.3835     1.6554     1.3742          0     54.250  33.763244  1002.5379      0.976     -0.181  0.000e+00
      1.003    30.3154   1.779374     9.3840     1.8938     1.3765          0     54.500  33.763247  1002.5409      0.997     -0.087  0.000e+00
      1.046    30.2955   1.779374     9.3878     1.9732     1.3811          0     54.750  33.763249  1002.5502      1.040      0.014  0.000e+00
      1.100    30.2741   1.779693     9.3937     1.9495     1.3742          0     55.000  33.763252  1002.5615      1.094      0.094  0.000e+00
      1.154    30.2600   1.780407     9.4005     2.1492     1.3765          0     55.250  33.763255  1002.5712      1.147      0.149  0.000e+00
