public/post/ctd_rufiji/SBE19plus_01906740_2018_02_13_0891.cnv
* Sea-Bird SBE19plus  Data File:
* FileName = C:\Users\all user\Desktop\CTD tafiri 2018\SBE19plus_01906740_2018_02_13_0891.hex
* Software version 2.6.3.104
* Temperature SN = 6740
* Conductivity SN = 6740
* System UpLoad Time = Feb 13 2018 13:58:55
* <ApplicationData>
* <Seaterm232>
# nquan = 13
# nvalues = 473                                   
# units = specified
# name 0 = prdM: Pressure, Strain Gauge [db]
# name 1 = tv290C: Temperature [ITS-90, deg C]
# name 2 = c0S/m: Conductivity [S/m]
# name 3 = sal00: Salinity, Practical [PSU]
# name 4 = sbeox0ML/L: Oxygen, SBE 43 [ml/l]
# name 5 = flECO-AFL: Fluorescence, WET Labs ECO-AFL/FL [mg/m^3]
# name 6 = nbf: Bottles Fired
# name 7 = timeS: Time, Elapsed [seconds]
# name 8 = timeJ: Julian Days
# name 9 = density00: Density [density, kg/m^3]
# name 10 = depSM: Depth [salt water, m], lat = 0.00
# name 11 = dz/dtM: Descent Rate [m/s]
# name 12 = flag:  0.000e+00
# span 0 =      0.082,      6.223                 
# span 1 =    29.2321,    31.0014                 
# span 2 =   0.001265,   2.934978                 
# span 3 =     0.0159,    16.0425                 
# span 4 =     1.4754,     3.6515                 
# span 5 =     0.5678,     2.4927                 
# span 6 =          0,          0                 
# span 7 =      0.000,    118.000                 
# span 8 =  33.749630,  33.750995                 
# span 9 =   995.8926,  1007.3412                 
# span 10 =      0.082,      6.189                
# span 11 =     -0.431,      0.685                
# span 12 = 0.0000e+00, 0.0000e+00                
# interval = seconds: 0.25
# start_time = Feb 02 2018 17:59:28 [Instrument's time stamp, header]
# bad_flag = -9.990e-29
*END*
[from data line 445]
      1.704    30.7675   2.253958    12.0282     1.7651     1.2400          0    111.250  33.750917  1004.3621      1.695     -0.329  0.000e+00
      1.639    30.7675   2.252010    12.0169     1.7624     1.2438          0    111.500  33.750920  1004.3534      1.630     -0.324  0.000e+00
      1.607    30.7671   2.250639    12.0090     1.7660     1.2163          0    111.750  33.750923  1004.3476      1.598     -0.302  0.000e+00
      1.509    30.7669   2.247867    11.9929     1.7695     1.2217          0    112.000  33.750926  1004.3353      1.501     -0.291  0.000e+00
      1.401    30.7671   2.244255    11.9719     1.7731     1.2178          0    112.250  33.750929  1004.3191      1.393     -0.288  0.000e+00
      1.304    30.7669   2.240222    11.9484     1.7763     1.2232          0    112.500  33.750932  1004.3014      1.297     -0.296  0.000e+00
      1.228    30.7668   2.235670    11.9220     1.7701     1.2140          0    112.750  33.750935  1004.2815      1.221     -0.309  0.000e+00
      1.152    30.7666   2.230297    11.8908     1.7679     1.2140          0    113.000  33.750937  1004.2581      1.146     -0.321  0.000e+00
      1.055    30.7664   2.224840    11.8591     1.7538     1.2209          0    113.250  33.750940  1004.2342      1.049     -0.334  0.000e+00
      1.012    30.7663   2.223343    11.8504     1.7570     1.2194          0    113.500  33.750943  1004.2276      1.006     -0.337  0.000e+00
      0.936    30.7659   2.220324    11.8330     1.7625     1.2186          0    113.750  33.750946  1004.2144      0.931     -0.334  0.000e+00
      0.839    30.7658   2.219503    11.8282     1.6086     1.2232          0    114.000  33.750949  1004.2105      0.834     -0.322  0.000e+00
      0.785    30.7657   2.207128    11.7564     1.5142     1.2224          0    114.250  33.750952  1004.1570      0.780     -0.306  0.000e+00
      0.774    30.7657   2.184744    11.6264     1.4912     1.2194          0    114.500  33.750955  1004.0605      0.770     -0.280  0.000e+00
      0.752    30.7655   2.155980    11.4596     1.4754     1.2194          0    114.750  33.750958  1003.9368      0.748     -0.250  0.000e+00
      0.763    30.7650   2.145081    11.3966     1.5668     1.1957          0    115.000  33.750961  1003.8903      0.759     -0.206  0.000e+00
      0.785    30.7650   2.133183    11.3277     1.4898     1.1988          0    115.250  33.750964  1003.8393      0.780     -0.151  0.000e+00
      0.720    30.7645   2.116575    11.2318     1.5528     1.1919          0    115.500  33.750966  1003.7679      0.716     -0.120  0.000e+00
      0.590    30.7642   2.109117    11.1887     1.6527     1.1873          0    115.750  33.750969  1003.7355      0.587     -0.117  0.000e+00
      0.396    30.7639   2.099070    11.1308     1.7177     1.0508          0    116.000  33.750972  1003.6918      0.393     -0.162  0.000e+00
      0.212    30.7635   2.055695    10.8806     1.6160     1.0477          0    116.250  33.750975  1003.5055      0.211     -0.253  0.000e+00
      0.093    30.7632   1.994202    10.5268     1.6302     1.0424          0    116.500  33.750978  1003.2426      0.092     -0.352  0.000e+00
      0.082    30.7626   1.960774    10.3350     1.8914     1.0462          0    116.750  33.750981  1003.1005      0.082     -0.411  0.000e+00
      0.082    30.7624   1.937617    10.2023     1.6107     1.0286          0    117.000  33.750984  1003.0021      0.082     -0.431  0.000e+00
      0.093    30.7623   1.931724    10.1686     1.5810     1.0279          0    117.250  33.750987  1002.9772      0.092     -0.400  0.000e+00
      0.115    30.7622   1.927559    10.1448     1.5413     1.0218          0    117.500  33.750990  1002.9597      0.114     -0.311  0.000e+00
      0.104    30.7621   1.924375    10.1266     1.5192     1.0240          0    117.750  33.750992  1002.9461      0.103     -0.202  0.000e+00
      0.115    30.7623   1.921711    10.1113     1.5367     0.5678          0    118.000  33.750995  1002.9348      0.114     -0.093  0.000e+00
