public/post/ctd_rufiji/SBE19plus_01906740_2018_02_13_0904.cnv
* Sea-Bird SBE19plus  Data File:
* FileName = C:\Users\all user\Desktop\CTD tafiri 2018\SBE19plus_01906740_2018_02_13_0904.hex
* Software version 2.6.3.104
* Temperature SN = 6740
* Conductivity SN = 6740
* System UpLoad Time = Feb 13 2018 14:01:11
* <ApplicationData>
* <Seaterm232>
# nquan = 13
# nvalues = 354                                   
# units = specified
# name 0 = prdM: Pressure, Strain Gauge [db]
# name 1 = tv290C: Temperature [ITS-90, deg C]
# name 2 = c0S/m: Conductivity [S/m]
# name 3 = sal00: Salinity, Practical [PSU]
# name 4 = sbeox0ML/L: Oxygen, SBE 43 [ml/l]
# name 5 = flECO-AFL: Fluorescence, WET Labs ECO-AFL/FL [mg/m^3]
# name 6 = nbf: Bottles Fired
# name 7 = timeS: Time, Elapsed [seconds]
# name 8 = timeJ: Julian Days
# name 9 = density00: Density [density, kg/m^3]
# name 10 = depSM: Depth [salt water, m], lat = 0.00
# name 11 = dz/dtM: Descent Rate [m/s]
# name 12 = flag:  0.000e+00
# span 0 =      0.129,      3.610                 
# span 1 =    26.4857,    30.4678                 
# span 2 =   0.000732,   0.054310                 
# span 3 =     0.0137,     0.2369                 
# span 4 =     1.4636,     4.2086                 
# span 5 =    -0.0662,     2.1479                 
# span 6 =          0,          0                 
# span 7 =      0.000,     88.250                 
# span 8 =  34.254873,  34.255894                 
# span 9 =   995.6918,   996.6706                 
# span 10 =      0.128,      3.590                
# span 11 =     -0.473,      0.566                
# span 12 = 0.0000e+00, 0.0000e+00                
# interval = seconds: 0.25
# start_time = Feb 03 2018 06:07:01 [Instrument's time stamp, header]
# bad_flag = -9.990e-29
*END*
[from data line 334]
      0.864    29.7022   0.052507     0.2317     1.9881     1.9892          0     83.500  34.255839   995.9164      0.859     -0.006  0.000e+00
      0.724    29.7445   0.052513     0.2316     3.4105     1.9869          0     83.750  34.255842   995.9030      0.720     -0.036  0.000e+00
      0.518    29.8209   0.052495     0.2311     2.0980     1.9808          0     84.000  34.255845   995.8788      0.515     -0.122  0.000e+00
      0.335    29.9089   0.052449     0.2306     1.9874     1.9808          0     84.250  34.255848   995.8511      0.333     -0.234  0.000e+00
      0.183    29.9572   0.052428     0.2303     2.0893     1.9838          0     84.500  34.255851   995.8356      0.182     -0.354  0.000e+00
      0.140    29.9102   0.052443     0.2305     2.5456     1.9793          0     84.750  34.255854   995.8498      0.139     -0.440  0.000e+00
      0.151    29.8495   0.034399     0.1514     2.5919     1.5528          0     85.000  34.255856   995.8087      0.150     -0.467  0.000e+00
      0.140    29.8251   0.006980     0.0367     2.5214     1.5482          0     85.250  34.255859   995.7299      0.139     -0.445  0.000e+00
      0.162    29.7994   0.006897     0.0364     2.4326     1.5497          0     85.500  34.255862   995.7375      0.161     -0.366  0.000e+00
      0.129    29.7469   0.005964     0.0328     2.3539     1.5543          0     85.750  34.255865   995.7504      0.128     -0.258  0.000e+00
      0.151    29.6812   0.004697     0.0280     2.6104     1.5543          0     86.000  34.255868   995.7665      0.150     -0.142  0.000e+00
      0.129    29.6220   0.003407     0.0233     2.4363    -0.0296          0     86.250  34.255871   995.7806      0.128     -0.062  0.000e+00
      0.151    29.5843   0.004042     0.0256     2.3012    -0.0258          0     86.500  34.255874   995.7937      0.150     -0.012  0.000e+00
      0.151    29.5604   0.004736     0.0282     2.2258    -0.0319          0     86.750  34.255877   995.8027      0.150      0.001  0.000e+00
      0.151    29.5463   0.004282     0.0265     2.3163    -0.0334          0     87.000  34.255880   995.8057      0.150      0.001  0.000e+00
      0.151    29.5365   0.004457     0.0271     2.4197    -0.0296          0     87.250  34.255883   995.8091      0.150      0.004  0.000e+00
      0.140    29.5298   0.004650     0.0279     2.5448    -0.0296          0     87.500  34.255885   995.8116      0.139     -0.000  0.000e+00
      0.172    29.5344   0.004650     0.0279     2.7121    -0.0281          0     87.750  34.255888   995.8103      0.171      0.012  0.000e+00
      0.151    29.5495   0.004751     0.0282     2.9159    -0.0258          0     88.000  34.255891   995.8060      0.150      0.007  0.000e+00
      0.172    29.5629   0.004682     0.0280     3.1386    -0.0334          0     88.250  34.255894   995.8019      0.171      0.014  0.000e+00
