public/post/ctd_rufiji/SBE19plus_01906740_2018_02_13_0909.cnv
* Sea-Bird SBE19plus  Data File:
* FileName = C:\Users\all user\Desktop\CTD tafiri 2018\SBE19plus_01906740_2018_02_13_0909.hex
* Software version 2.6.3.104
* Temperature SN = 6740
* Conductivity SN = 6740
* System UpLoad Time = Feb 13 2018 14:02:04
* <ApplicationData>
* <Seaterm232>
# nquan = 13
# nvalues = 400                                   
# units = specified
# name 0 = prdM: Pressure, Strain Gauge [db]
# name 1 = tv290C: Temperature [ITS-90, deg C]
# name 2 = c0S/m: Conductivity [S/m]
# name 3 = sal00: Salinity, Practical [PSU]
# name 4 = sbeox0ML/L: Oxygen, SBE 43 [ml/l]
# name 5 = flECO-AFL: Fluorescence, WET Labs ECO-AFL/FL [mg/m^3]
# name 6 = nbf: Bottles Fired
# name 7 = timeS: Time, Elapsed [seconds]
# name 8 = timeJ: Julian Days
# name 9 = density00: Density [density, kg/m^3]
# name 10 = depSM: Depth [salt water, m], lat = 0.00
# name 11 = dz/dtM: Descent Rate [m/s]
# name 12 = flag:  0.000e+00
# span 0 =      0.119,      6.519                 
# span 1 =    29.7234,    30.3323                 
# span 2 =   0.002850,   0.025577                 
# span 3 =     0.0213,     0.1126                 
# span 4 =     0.8491,     6.2410                 
# span 5 =    -0.0296,     1.8663                 
# span 6 =          0,          0                 
# span 7 =      0.000,     99.750                 
# span 8 =  34.272269,  34.273423                 
# span 9 =   995.5727,   995.8187                 
# span 10 =      0.118,      6.484                
# span 11 =     -0.448,      0.561                
# span 12 = 0.0000e+00, 0.0000e+00                
# interval = seconds: 0.25
# start_time = Feb 03 2018 06:32:04 [Instrument's time stamp, header]
# bad_flag = -9.990e-29
*END*
[from data line 334]
      3.579    30.2899   0.021512     0.0955     2.0190     1.6596          0     83.500  34.273235   995.6487      3.559     -0.257  0.000e+00
      3.514    30.2927   0.021500     0.0954     2.0193     1.6588          0     83.750  34.273238   995.6475      3.494     -0.257  0.000e+00
      3.471    30.2981   0.021491     0.0954     2.0331     1.6611          0     84.000  34.273241   995.6456      3.452     -0.245  0.000e+00
      3.481    30.3009   0.021485     0.0953     2.0461     1.6596          0     84.250  34.273244   995.6448      3.462     -0.231  0.000e+00
      3.427    30.3030   0.021497     0.0954     2.0590     1.6596          0     84.500  34.273247   995.6440      3.409     -0.213  0.000e+00
      3.319    30.3066   0.021497     0.0954     2.0801     1.6481          0     84.750  34.273249   995.6424      3.301     -0.204  0.000e+00
      3.233    30.3096   0.021500     0.0954     2.0919     1.6848          0     85.000  34.273252   995.6411      3.215     -0.203  0.000e+00
      3.211    30.3108   0.021515     0.0954     2.1157     1.6848          0     85.250  34.273255   995.6407      3.194     -0.210  0.000e+00
      3.168    30.3097   0.021518     0.0954     2.1319     1.6733          0     85.500  34.273258   995.6408      3.151     -0.213  0.000e+00
      3.103    30.3102   0.021539     0.0955     2.1450     1.6832          0     85.750  34.273261   995.6405      3.086     -0.219  0.000e+00
      3.049    30.3126   0.021533     0.0955     2.1564     1.6817          0     86.000  34.273264   995.6395      3.032     -0.230  0.000e+00
      3.038    30.3139   0.021533     0.0955     2.1711     1.6604          0     86.250  34.273267   995.6390      3.022     -0.227  0.000e+00
      2.974    30.3132   0.021554     0.0956     2.1842     1.6558          0     86.500  34.273270   995.6390      2.957     -0.209  0.000e+00
      2.855    30.3144   0.021566     0.0956     2.1851     1.6581          0     86.750  34.273273   995.6382      2.839     -0.207  0.000e+00
      2.790    30.3161   0.021571     0.0957     2.1902     1.6634          0     87.000  34.273275   995.6373      2.774     -0.220  0.000e+00
      2.768    30.3163   0.021566     0.0956     2.1957     1.6550          0     87.250  34.273278   995.6372      2.753     -0.232  0.000e+00
      2.692    30.3156   0.021571     0.0957     2.1989     1.6527          0     87.500  34.273281   995.6371      2.678     -0.241  0.000e+00
      2.606    30.3167   0.021598     0.0958     2.1946     1.6520          0     87.750  34.273284   995.6364      2.592     -0.252  0.000e+00
      2.595    30.3181   0.021604     0.0958     2.1988     1.6588          0     88.000  34.273287   995.6360      2.581     -0.251  0.000e+00
      2.530    30.3176   0.021616     0.0958     2.1900     1.6504          0     88.250  34.273290   995.6359      2.516     -0.251  0.000e+00
      2.401    30.3178   0.021658     0.0960     2.1870     1.6527          0     88.500  34.273293   995.6354      2.387     -0.254  0.000e+00
      2.303    30.3190   0.021682     0.0961     2.1909     1.6466          0     88.750  34.273296   995.6347      2.291     -0.263  0.000e+00
      2.260    30.3188   0.021682     0.0961     2.1877     1.6520          0     89.000  34.273299   995.6345      2.248     -0.278  0.000e+00
      2.184    30.3177   0.021787     0.0966     2.1998     1.6336          0     89.250  34.273302   995.6348      2.172     -0.295  0.000e+00
      2.044    30.3191   0.021909     0.0971     2.1868     1.6367          0     89.500  34.273304   995.6342      2.033     -0.317  0.000e+00
      1.979    30.3203   0.021921     0.0971     2.1908     1.6329          0     89.750  34.273307   995.6335      1.968     -0.333  0.000e+00
      1.936    30.3188   0.021948     0.0972     2.2036     1.6398          0     90.000  34.273310   995.6339      1.925     -0.342  0.000e+00
      1.838    30.3188   0.022077     0.0978     2.1878     1.6291          0     90.250  34.273313   995.6339      1.828     -0.335  0.000e+00
      1.709    30.3213   0.022253     0.0985     2.1749     1.6443          0     90.500  34.273316   995.6331      1.699     -0.334  0.000e+00
      1.622    30.3226   0.022245     0.0985     2.1773     1.6466          0     90.750  34.273319   995.6323      1.613     -0.345  0.000e+00
      1.568    30.3211   0.022328     0.0988     2.1866     1.6443          0     91.000  34.273322   995.6328      1.559     -0.351  0.000e+00
      1.492    30.3211   0.022514     0.0996     2.1767     1.6497          0     91.250  34.273325   995.6330      1.484     -0.342  0.000e+00
      1.406    30.3233   0.022684     0.1003     2.1821     1.6588          0     91.500  34.273328   995.6325      1.398     -0.331  0.000e+00
      1.341    30.3250   0.022711     0.1004     2.2026     1.6527          0     91.750  34.273330   995.6318      1.334     -0.332  0.000e+00
      1.222    30.3245   0.022765     0.1006     2.1886     1.6504          0     92.000  34.273333   995.6315      1.215     -0.339  0.000e+00
      1.103    30.3244   0.022885     0.1012     2.1944     1.6565          0     92.250  34.273336   995.6314      1.097     -0.342  0.000e+00
      0.995    30.3255   0.022789     0.1007     2.4013     1.6871          0     92.500  34.273339   995.6303      0.989     -0.350  0.000e+00
      0.995    30.3256   0.022738     0.1005     2.1997     1.6779          0     92.750  34.273342   995.6301      0.989     -0.346  0.000e+00
      0.984    30.3255   0.022897     0.1012     2.1884     1.6893          0     93.000  34.273345   995.6306      0.979     -0.326  0.000e+00
      0.995    30.3258   0.022981     0.1016     2.1876     1.6832          0     93.250  34.273348   995.6308      0.989     -0.278  0.000e+00
      0.995    30.3264   0.023049     0.1018     2.1553     1.7122          0     93.500  34.273351   995.6308      0.989     -0.218  0.000e+00
      1.006    30.3271   0.023142     0.1022     2.1399     1.7214          0     93.750  34.273354   995.6310      1.000     -0.150  0.000e+00
      1.006    30.3276   0.023265     0.1027     2.1311     1.7145          0     94.000  34.273356   995.6312      1.000     -0.077  0.000e+00
      1.027    30.3286   0.023340     0.1031     2.1380     1.7130          0     94.250  34.273359   995.6312      1.022     -0.016  0.000e+00
      1.049    30.3291   0.023436     0.1035     2.1151     1.7160          0     94.500  34.273362   995.6315      1.043      0.024  0.000e+00
      1.027    30.3294   0.023543     0.1039     2.1610     1.6848          0     94.750  34.273365   995.6316      1.022      0.027  0.000e+00
      1.049    30.3295   0.023702     0.1046     2.1560     1.6817          0     95.000  34.273368   995.6322      1.043      0.032  0.000e+00
      1.038    30.3297   0.023807     0.1050     2.1606     1.6871          0     95.250  34.273371   995.6324      1.032      0.028  0.000e+00
      1.027    30.3296   0.023912     0.1055     2.1635     1.6817          0     95.500  34.273374   995.6327      1.022      0.021  0.000e+00
      0.898    30.3298   0.024067     0.1061     2.1617     1.6848          0     95.750  34.273377   995.6326      0.893     -0.023  0.000e+00
      0.746    30.3308   0.024268     0.1070     2.4057     1.6817          0     96.000  34.273380   995.6322      0.742     -0.097  0.000e+00
      0.584    30.3319   0.024049     0.1060     2.3368     1.6832          0     96.250  34.273383   995.6305      0.581     -0.197  0.000e+00
      0.498    30.3303   0.023570     0.1040     2.1400     1.6794          0     96.500  34.273385   995.6291      0.495     -0.285  0.000e+00
      0.422    30.3296   0.023456     0.1035     3.1052     1.6184          0     96.750  34.273388   995.6286      0.420     -0.351  0.000e+00
      0.325    30.3302   0.023364     0.1032     2.1907     1.6062          0     97.000  34.273391   995.6277      0.323     -0.408  0.000e+00
      0.206    30.3311   0.023325     0.1030     2.1094     1.6069          0     97.250  34.273394   995.6268      0.205     -0.443  0.000e+00
      0.119    30.3323   0.023358     0.1031     2.0450     1.6138          0     97.500  34.273397   995.6261      0.118     -0.448  0.000e+00
      0.141    30.3300   0.023669     0.1044     1.9905     1.5970          0     97.750  34.273400   995.6279      0.140     -0.389  0.000e+00
      0.130    30.3271   0.015116     0.0690     1.9436     0.0337          0     98.000  34.273403   995.6021      0.129     -0.318  0.000e+00
      0.130    30.3188   0.004276     0.0264     1.9816     0.0315          0     98.250  34.273406   995.5727      0.129     -0.246  0.000e+00
      0.162    30.2794   0.003493     0.0236     2.0111     0.0330          0     98.500  34.273409   995.5827      0.161     -0.178  0.000e+00
      0.152    30.2241   0.003031     0.0220     2.0108     0.0330          0     98.750  34.273411   995.5983      0.151     -0.114  0.000e+00
      0.141    30.1586   0.003526     0.0237     2.2829    -0.0265          0     99.000  34.273414   995.6194      0.140     -0.055  0.000e+00
      0.151    30.0746   0.003333     0.0230     2.3493    -0.0281          0     99.250  34.273417   995.6444      0.151     -0.007  0.000e+00
      0.130    29.9992   0.002850     0.0213     2.4502    -0.0296          0     99.500  34.273420   995.6658      0.129      0.008  0.000e+00
      0.162    29.9496   0.003327     0.0230     2.5709    -0.0242          0     99.750  34.273423   995.6822      0.161      0.007  0.000e+00
