public/post/ctd_rufiji/SBE19plus_01906740_2018_02_13_0914.cnv
* Sea-Bird SBE19plus  Data File:
* FileName = C:\Users\all user\Desktop\CTD tafiri 2018\SBE19plus_01906740_2018_02_13_0914.hex
* Software version 2.6.3.104
* Temperature SN = 6740
* Conductivity SN = 6740
* System UpLoad Time = Feb 13 2018 14:02:54
* <ApplicationData>
* <Seaterm232>
# nquan = 13
# nvalues = 358                                   
# units = specified
# name 0 = prdM: Pressure, Strain Gauge [db]
# name 1 = tv290C: Temperature [ITS-90, deg C]
# name 2 = c0S/m: Conductivity [S/m]
# name 3 = sal00: Salinity, Practical [PSU]
# name 4 = sbeox0ML/L: Oxygen, SBE 43 [ml/l]
# name 5 = flECO-AFL: Fluorescence, WET Labs ECO-AFL/FL [mg/m^3]
# name 6 = nbf: Bottles Fired
# name 7 = timeS: Time, Elapsed [seconds]
# name 8 = timeJ: Julian Days
# name 9 = density00: Density [density, kg/m^3]
# name 10 = depSM: Depth [salt water, m], lat = 0.00
# name 11 = dz/dtM: Descent Rate [m/s]
# name 12 = flag:  0.000e+00
# span 0 =      0.133,      2.500                 
# span 1 =    29.3604,    30.7451                 
# span 2 =   0.000773,   0.013968                 
# span 3 =     0.0147,     0.0640                 
# span 4 =     0.4695,     7.2516                 
# span 5 =    -0.0700,     1.7984                 
# span 6 =          0,          0                 
# span 7 =      0.000,     89.250                 
# span 8 =  34.286910,  34.287943                 
# span 9 =   995.4748,   995.8552                 
# span 10 =      0.132,      2.486                
# span 11 =     -0.507,      0.316                
# span 12 = 0.0000e+00, 0.0000e+00                
# interval = seconds: 0.25
# start_time = Feb 03 2018 06:53:09 [Instrument's time stamp, header]
# bad_flag = -9.990e-29
*END*
[from data line 112]
      1.159    30.6693   0.013807     0.0633     1.6119     1.4345          0     28.000  34.287234   995.4976      1.152      0.006  0.000e+00
      1.159    30.6670   0.013807     0.0633     1.7950     1.4383          0     28.250  34.287237   995.4983      1.152      0.005  0.000e+00
      1.148    30.6646   0.013810     0.0633     1.8673     1.4376          0     28.500  34.287240   995.4990      1.141      0.004  0.000e+00
      1.180    30.6624   0.013807     0.0633     1.9924     1.4589          0     28.750  34.287242   995.4998      1.174      0.004  0.000e+00
      1.159    30.6605   0.013810     0.0634     2.0368     1.4635          0     29.000  34.287245   995.5003      1.152      0.004  0.000e+00
      1.159    30.6587   0.013801     0.0633     2.0173     1.4612          0     29.250  34.287248   995.5009      1.152     -0.001  0.000e+00
      1.159    30.6568   0.013795     0.0633     2.0148     1.4597          0     29.500  34.287251   995.5014      1.152      0.001  0.000e+00
      1.126    30.6548   0.013795     0.0633     2.0009     1.4521          0     29.750  34.287254   995.5019      1.120     -0.008  0.000e+00
      1.159    30.6522   0.013795     0.0633     1.9967     1.4505          0     30.000  34.287257   995.5029      1.152     -0.006  0.000e+00
      1.180    30.6497   0.013789     0.0633     1.9965     1.4521          0     30.250  34.287260   995.5037      1.174      0.001  0.000e+00
      1.159    30.6475   0.013795     0.0633     2.0005     1.4498          0     30.500  34.287263   995.5043      1.152      0.001  0.000e+00
      1.159    30.6453   0.013801     0.0633     2.0037     1.4368          0     30.750  34.287266   995.5050      1.152     -0.003  0.000e+00
      1.169    30.6432   0.013801     0.0633     2.0086     1.4322          0     31.000  34.287269   995.5057      1.163      0.006  0.000e+00
      1.159    30.6417   0.013789     0.0633     2.0080     1.4284          0     31.250  34.287271   995.5061      1.152      0.006  0.000e+00
      1.169    30.6400   0.013795     0.0633     2.0079     1.4345          0     31.500  34.287274   995.5067      1.163      0.009  0.000e+00
      1.159    30.6381   0.013789     0.0633     2.0050     1.4612          0     31.750  34.287277   995.5072      1.152      0.009  0.000e+00
      1.159    30.6359   0.013789     0.0633     2.0014     1.4605          0     32.000  34.287280   995.5079      1.152     -0.003  0.000e+00
      1.169    30.6335   0.013789     0.0633     2.0004     1.4681          0     32.250  34.287283   995.5087      1.163     -0.003  0.000e+00
      1.137    30.6311   0.013789     0.0633     1.9928     1.4612          0     32.500  34.287286   995.5092      1.131     -0.005  0.000e+00
      1.180    30.6287   0.013789     0.0633     2.0085     1.4627          0     32.750  34.287289   995.5102      1.174      0.000  0.000e+00
      1.159    30.6268   0.013783     0.0633     2.2878     1.4498          0     33.000  34.287292   995.5107      1.152     -0.002  0.000e+00
      1.148    30.6248   0.013783     0.0633     2.5171     1.4467          0     33.250  34.287295   995.5112      1.142     -0.003  0.000e+00
      1.148    30.6229   0.013783     0.0633     2.6598     1.4490          0     33.500  34.287297   995.5118      1.142     -0.007  0.000e+00
      1.148    30.6206   0.013777     0.0633     2.7821     1.4498          0     33.750  34.287300   995.5125      1.142     -0.006  0.000e+00
      1.170    30.6186   0.013780     0.0633     2.7495     1.4711          0     34.000  34.287303   995.5132      1.163     -0.002  0.000e+00
      1.137    30.6163   0.013783     0.0633     2.0292     1.4719          0     34.250  34.287306   995.5138      1.131     -0.007  0.000e+00
      1.148    30.6146   0.013783     0.0633     1.8039     1.4681          0     34.500  34.287309   995.5144      1.142     -0.004  0.000e+00
      1.137    30.6132   0.013789     0.0633     1.6567     1.4750          0     34.750  34.287312   995.5148      1.131     -0.014  0.000e+00
      1.148    30.6117   0.013780     0.0633     1.5204     1.4597          0     35.000  34.287315   995.5152      1.142     -0.006  0.000e+00
      1.159    30.6100   0.013780     0.0633     1.4726     1.4612          0     35.250  34.287318   995.5158      1.153      0.000  0.000e+00
      1.159    30.6082   0.013771     0.0632     1.5086     1.4635          0     35.500  34.287321   995.5163      1.153      0.002  0.000e+00
      1.137    30.6062   0.013780     0.0633     2.2356     1.4658          0     35.750  34.287323   995.5169      1.131     -0.002  0.000e+00
      1.159    30.6041   0.013783     0.0633     3.2534     1.4711          0     36.000  34.287326   995.5177      1.153      0.000  0.000e+00
      1.148    30.6020   0.013783     0.0633     3.7601     1.4795          0     36.250  34.287329   995.5183      1.142      0.006  0.000e+00
      1.137    30.6004   0.013774     0.0633     3.8815     1.4666          0     36.500  34.287332   995.5187      1.131     -0.001  0.000e+00
      1.137    30.5990   0.013774     0.0633     3.6127     1.4696          0     36.750  34.287335   995.5191      1.131     -0.004  0.000e+00
      1.137    30.5975   0.013780     0.0633     3.4373     1.4765          0     37.000  34.287338   995.5196      1.131     -0.009  0.000e+00
      1.137    30.5954   0.013777     0.0633     3.1689     1.4597          0     37.250  34.287341   995.5202      1.131     -0.012  0.000e+00
      1.126    30.5936   0.013780     0.0633     2.7992     1.4612          0     37.500  34.287344   995.5207      1.120     -0.012  0.000e+00
      1.126    30.5916   0.013780     0.0633     2.3884     1.4627          0     37.750  34.287347   995.5213      1.120     -0.011  0.000e+00
      1.137    30.5899   0.013771     0.0633     2.0641     1.4597          0     38.000  34.287350   995.5219      1.131     -0.012  0.000e+00
      1.105    30.5882   0.013774     0.0633     1.9832     1.4315          0     38.250  34.287352   995.5223      1.099     -0.014  0.000e+00
      1.126    30.5866   0.013774     0.0633     1.7808     1.4414          0     38.500  34.287355   995.5229      1.120     -0.010  0.000e+00
      1.137    30.5850   0.013762     0.0632     1.7719     1.4383          0     38.750  34.287358   995.5234      1.131     -0.006  0.000e+00
      1.159    30.5834   0.013777     0.0633     1.7142     1.4322          0     39.000  34.287361   995.5240      1.152      0.004  0.000e+00
      1.126    30.5815   0.013774     0.0633     1.5280     1.4742          0     39.250  34.287364   995.5244      1.120      0.004  0.000e+00
      1.115    30.5807   0.013783     0.0633     1.1215     1.4757          0     39.500  34.287367   995.5247      1.109      0.002  0.000e+00
      1.115    30.5805   0.013783     0.0633     0.8807     1.4681          0     39.750  34.287370   995.5247      1.109     -0.002  0.000e+00
      1.137    30.5805   0.013780     0.0633     0.9236     1.4742          0     40.000  34.287373   995.5248      1.131      0.000  0.000e+00
      1.137    30.5799   0.013768     0.0633     1.0053     1.4505          0     40.250  34.287376   995.5249      1.131      0.005  0.000e+00
      1.137    30.5780   0.013762     0.0632     1.1352     1.4483          0     40.500  34.287378   995.5255      1.131     -0.001  0.000e+00
      1.170    30.5765   0.013765     0.0632     1.2677     1.4467          0     40.750  34.287381   995.5262      1.163      0.007  0.000e+00
      1.137    30.5754   0.013768     0.0633     1.4154     1.4513          0     41.000  34.287384   995.5263      1.131      0.007  0.000e+00
      1.137    30.5741   0.013780     0.0633     1.5876     1.4475          0     41.250  34.287387   995.5268      1.131      0.015  0.000e+00
      1.137    30.5733   0.013783     0.0633     1.7370     1.4833          0     41.500  34.287390   995.5270      1.131      0.012  0.000e+00
      1.137    30.5726   0.013783     0.0633     1.7854     1.4887          0     41.750  34.287393   995.5272      1.131      0.006  0.000e+00
      1.148    30.5718   0.013783     0.0633     1.7838     1.4841          0     42.000  34.287396   995.5275      1.142      0.001  0.000e+00
      1.159    30.5705   0.013780     0.0633     1.7806     1.4811          0     42.250  34.287399   995.5280      1.153      0.004  0.000e+00
      1.148    30.5682   0.013771     0.0633     1.7747     1.4467          0     42.500  34.287402   995.5286      1.142      0.002  0.000e+00
      1.159    30.5653   0.013774     0.0633     1.7703     1.4475          0     42.750  34.287405   995.5296      1.153      0.003  0.000e+00
      1.170    30.5621   0.013768     0.0633     1.7748     1.4490          0     43.000  34.287407   995.5306      1.163      0.016  0.000e+00
      1.148    30.5591   0.013774     0.0633     1.7749     1.4536          0     43.250  34.287410   995.5314      1.142      0.012  0.000e+00
      1.148    30.5565   0.013777     0.0633     1.7720     1.4467          0     43.500  34.287413   995.5322      1.142      0.008  0.000e+00
      1.159    30.5540   0.013780     0.0633     1.7722     1.4460          0     43.750  34.287416   995.5331      1.153      0.006  0.000e+00
      1.170    30.5518   0.013780     0.0633     1.7683     1.4498          0     44.000  34.287419   995.5338      1.164      0.005  0.000e+00
      1.159    30.5499   0.013777     0.0633     1.7670     1.4490          0     44.250  34.287422   995.5343      1.153      0.003  0.000e+00
      1.137    30.5482   0.013780     0.0633     1.7643     1.4467          0     44.500  34.287425   995.5347      1.131     -0.002  0.000e+00
      1.137    30.5466   0.013780     0.0633     1.7658     1.4597          0     44.750  34.287428   995.5352      1.131     -0.009  0.000e+00
      1.148    30.5448   0.013780     0.0633     1.7595     1.4643          0     45.000  34.287431   995.5358      1.142     -0.009  0.000e+00
      1.148    30.5430   0.013783     0.0633     1.7567     1.4658          0     45.250  34.287433   995.5364      1.142     -0.005  0.000e+00
      1.159    30.5413   0.013780     0.0633     1.7603     1.4612          0     45.500  34.287436   995.5370      1.153     -0.004  0.000e+00
      1.148    30.5394   0.013774     0.0633     1.7571     1.4574          0     45.750  34.287439   995.5375      1.142     -0.006  0.000e+00
      1.148    30.5376   0.013777     0.0633     1.7590     1.4597          0     46.000  34.287442   995.5380      1.142     -0.004  0.000e+00
      1.170    30.5361   0.013774     0.0633     1.7571     1.4627          0     46.250  34.287445   995.5386      1.163      0.007  0.000e+00
      1.159    30.5348   0.013780     0.0633     1.7581     1.4620          0     46.500  34.287448   995.5390      1.153      0.012  0.000e+00
      1.148    30.5336   0.013774     0.0633     1.7595     1.4452          0     46.750  34.287451   995.5393      1.142      0.007  0.000e+00
      1.159    30.5322   0.013777     0.0633     1.7594     1.4528          0     47.000  34.287454   995.5397      1.153      0.004  0.000e+00
      1.148    30.5308   0.013768     0.0633     1.7603     1.4498          0     47.250  34.287457   995.5401      1.142      0.001  0.000e+00
      1.170    30.5295   0.013768     0.0633     1.7648     1.4498          0     47.500  34.287459   995.5406      1.163      0.003  0.000e+00
      1.170    30.5284   0.013783     0.0634     1.7636     1.4742          0     47.750  34.287462   995.5410      1.163      0.007  0.000e+00
      1.170    30.5276   0.013780     0.0633     1.7608     1.4711          0     48.000  34.287465   995.5412      1.163      0.007  0.000e+00
      1.170    30.5274   0.013783     0.0634     1.7527     1.4727          0     48.250  34.287468   995.5413      1.163      0.006  0.000e+00
      1.181    30.5275   0.013780     0.0633     1.7583     1.4727          0     48.500  34.287471   995.5413      1.174      0.013  0.000e+00
      1.202    30.5272   0.013777     0.0633     1.7537     1.4658          0     48.750  34.287474   995.5415      1.196      0.022  0.000e+00
      1.192    30.5262   0.013768     0.0633     1.7503     1.4849          0     49.000  34.287477   995.5417      1.185      0.021  0.000e+00
      1.192    30.5250   0.013768     0.0633     1.7547     1.4742          0     49.250  34.287480   995.5421      1.185      0.021  0.000e+00
      1.170    30.5241   0.013777     0.0633     1.7535     1.4841          0     49.500  34.287483   995.5423      1.164      0.009  0.000e+00
      1.170    30.5234   0.013768     0.0633     1.7557     1.4872          0     49.750  34.287486   995.5425      1.164      0.004  0.000e+00
      1.181    30.5229   0.013774     0.0633     1.7616     1.4658          0     50.000  34.287488   995.5427      1.174      0.001  0.000e+00
      1.181    30.5220   0.013780     0.0634     1.7589     1.4589          0     50.250  34.287491   995.5430      1.174     -0.003  0.000e+00
      1.181    30.5213   0.013783     0.0634     1.7562     1.4650          0     50.500  34.287494   995.5432      1.174     -0.007  0.000e+00
      1.191    30.5211   0.013789     0.0634     1.7575     1.4620          0     50.750  34.287497   995.5433      1.185     -0.006  0.000e+00
      1.181    30.5218   0.013789     0.0634     1.7555     1.4513          0     51.000  34.287500   995.5431      1.174     -0.001  0.000e+00
      1.202    30.5223   0.013783     0.0634     1.7593     1.4544          0     51.250  34.287503   995.5430      1.196      0.008  0.000e+00
      1.202    30.5222   0.013780     0.0634     1.7595     1.4483          0     51.500  34.287506   995.5430      1.196      0.016  0.000e+00
      1.224    30.5210   0.013780     0.0634     1.7563     1.4483          0     51.750  34.287509   995.5435      1.217      0.022  0.000e+00
      1.213    30.5197   0.013780     0.0634     1.7558     1.4528          0     52.000  34.287512   995.5439      1.206      0.021  0.000e+00
      1.213    30.5182   0.013771     0.0633     1.7595     1.4475          0     52.250  34.287514   995.5443      1.207      0.021  0.000e+00
      1.235    30.5168   0.013774     0.0633     1.7616     1.4551          0     52.500  34.287517   995.5448      1.228      0.025  0.000e+00
      1.256    30.5156   0.013774     0.0633     1.7577     1.4513          0     52.750  34.287520   995.5453      1.249      0.030  0.000e+00
      1.245    30.5148   0.013771     0.0633     1.7614     1.4498          0     53.000  34.287523   995.5455      1.239      0.032  0.000e+00
      1.191    30.5134   0.013783     0.0634     1.7601     1.4818          0     53.250  34.287526   995.5457      1.185      0.011  0.000e+00
      1.127    30.5129   0.013789     0.0634     1.7583     1.4818          0     53.500  34.287529   995.5456      1.120     -0.020  0.000e+00
      1.051    30.5132   0.013783     0.0634     1.7551     1.4780          0     53.750  34.287532   995.5451      1.045     -0.066  0.000e+00
      1.029    30.5134   0.013789     0.0634     1.7594     1.4818          0     54.000  34.287535   995.5450      1.024     -0.100  0.000e+00
      1.019    30.5130   0.013789     0.0634     1.7589     1.4597          0     54.250  34.287538   995.5451      1.013     -0.128  0.000e+00
      1.019    30.5119   0.013801     0.0634     1.7594     1.4627          0     54.500  34.287541   995.5454      1.013     -0.143  0.000e+00
      1.040    30.5127   0.013801     0.0634     1.7573     1.4650          0     54.750  34.287543   995.5453      1.034     -0.133  0.000e+00
      1.040    30.5167   0.013801     0.0634     1.7608     1.4597          0     55.000  34.287546   995.5441      1.034     -0.102  0.000e+00
      1.073    30.5222   0.013801     0.0634     1.7642     1.4597          0     55.250  34.287549   995.5425      1.067     -0.051  0.000e+00
