public/post/ctd_rufiji/SBE19plus_01906740_2018_02_13_0928.cnv
* Sea-Bird SBE19plus  Data File:
* FileName = C:\Users\all user\Desktop\CTD tafiri 2018\SBE19plus_01906740_2018_02_13_0928.hex
* Software version 2.6.3.104
* Temperature SN = 6740
* Conductivity SN = 6740
* System UpLoad Time = Feb 13 2018 14:05:05
* <ApplicationData>
* <Seaterm232>
# nquan = 13
# nvalues = 349                                   
# units = specified
# name 0 = prdM: Pressure, Strain Gauge [db]
# name 1 = tv290C: Temperature [ITS-90, deg C]
# name 2 = c0S/m: Conductivity [S/m]
# name 3 = sal00: Salinity, Practical [PSU]
# name 4 = sbeox0ML/L: Oxygen, SBE 43 [ml/l]
# name 5 = flECO-AFL: Fluorescence, WET Labs ECO-AFL/FL [mg/m^3]
# name 6 = nbf: Bottles Fired
# name 7 = timeS: Time, Elapsed [seconds]
# name 8 = timeJ: Julian Days
# name 9 = density00: Density [density, kg/m^3]
# name 10 = depSM: Depth [salt water, m], lat = 0.00
# name 11 = dz/dtM: Descent Rate [m/s]
# name 12 = flag:  0.000e+00
# span 0 =      0.157,      3.357                 
# span 1 =    28.9393,    30.5162                 
# span 2 =   0.007904,   0.088037                 
# span 3 =     0.0402,     0.3883                 
# span 4 =     1.6196,     4.1635                 
# span 5 =    -0.0342,     2.2425                 
# span 6 =          0,          0                 
# span 7 =      0.000,     87.000                 
# span 8 =  34.422326,  34.423333                 
# span 9 =   995.5405,   996.0137                 
# span 10 =      0.156,      3.339                
# span 11 =     -0.496,      0.538                
# span 12 = 0.0000e+00, 0.0000e+00                
# interval = seconds: 0.25
# start_time = Feb 03 2018 10:08:09 [Instrument's time stamp, header]
# bad_flag = -9.990e-29
*END*
[from data line 112]
      1.173    30.4896   0.073536     0.3216     2.2696     2.2150          0     28.000  34.422650   995.7465      1.167      0.003  0.000e+00
      1.152    30.4896   0.073536     0.3216     2.2740     2.2143          0     28.250  34.422653   995.7464      1.145     -0.008  0.000e+00
      1.173    30.4891   0.073511     0.3215     2.2442     2.2066          0     28.500  34.422656   995.7466      1.167     -0.007  0.000e+00
      1.205    30.4880   0.073499     0.3215     2.2322     2.2257          0     28.750  34.422659   995.7470      1.199      0.000  0.000e+00
      1.195    30.4869   0.073478     0.3214     2.2176     2.2219          0     29.000  34.422662   995.7472      1.188     -0.001  0.000e+00
      1.194    30.4859   0.073478     0.3214     2.2062     2.2326          0     29.250  34.422665   995.7476      1.188      0.001  0.000e+00
      1.184    30.4858   0.073478     0.3214     2.2004     2.2280          0     29.500  34.422668   995.7475      1.177     -0.002  0.000e+00
      1.216    30.4854   0.073478     0.3214     2.1814     2.2226          0     29.750  34.422671   995.7478      1.209      0.012  0.000e+00
      1.195    30.4837   0.073471     0.3214     2.1656     2.2257          0     30.000  34.422674   995.7482      1.188      0.019  0.000e+00
      1.195    30.4809   0.073490     0.3215     2.1577     2.2295          0     30.250  34.422677   995.7491      1.188      0.016  0.000e+00
      1.205    30.4788   0.073493     0.3215     2.1474     2.2211          0     30.500  34.422679   995.7499      1.199      0.008  0.000e+00
      1.184    30.4784   0.073517     0.3216     2.1341     2.2089          0     30.750  34.422682   995.7500      1.177     -0.003  0.000e+00
      1.205    30.4778   0.073493     0.3215     2.1251     2.2158          0     31.000  34.422685   995.7502      1.198      0.002  0.000e+00
      1.205    30.4740   0.073493     0.3215     2.0956     2.2120          0     31.250  34.422688   995.7513      1.198      0.003  0.000e+00
      1.173    30.4716   0.073505     0.3216     2.0906     2.2112          0     31.500  34.422691   995.7520      1.166     -0.004  0.000e+00
      1.205    30.4707   0.073484     0.3215     2.0893     2.2127          0     31.750  34.422694   995.7524      1.198     -0.006  0.000e+00
      1.183    30.4615   0.073490     0.3216     2.0778     2.2188          0     32.000  34.422697   995.7551      1.177     -0.004  0.000e+00
      1.194    30.4365   0.073490     0.3218     2.0890     2.2143          0     32.250  34.422700   995.7630      1.188     -0.004  0.000e+00
      1.194    30.4169   0.073493     0.3219     2.0837     2.2211          0     32.500  34.422703   995.7690      1.188     -0.004  0.000e+00
      1.194    30.4113   0.073499     0.3220     2.0773     2.2158          0     32.750  34.422705   995.7708      1.188      0.000  0.000e+00
      1.173    30.4129   0.073499     0.3219     2.0491     2.1998          0     33.000  34.422708   995.7702      1.166     -0.009  0.000e+00
      1.162    30.4171   0.073490     0.3219     2.0270     2.2028          0     33.250  34.422711   995.7688      1.156     -0.012  0.000e+00
      1.151    30.4218   0.073484     0.3218     1.9940     2.2028          0     33.500  34.422714   995.7673      1.145     -0.016  0.000e+00
      1.151    30.4258   0.073484     0.3218     1.9850     2.2005          0     33.750  34.422717   995.7661      1.145     -0.027  0.000e+00
      1.130    30.4257   0.073465     0.3217     1.9846     2.2135          0     34.000  34.422720   995.7660      1.123     -0.031  0.000e+00
      1.140    30.4210   0.073450     0.3217     1.9849     2.2135          0     34.250  34.422723   995.7674      1.134     -0.035  0.000e+00
      1.108    30.4167   0.073447     0.3217     1.9625     2.2127          0     34.500  34.422726   995.7686      1.102     -0.040  0.000e+00
      1.108    30.4141   0.073441     0.3217     1.9534     2.2097          0     34.750  34.422729   995.7694      1.102     -0.040  0.000e+00
      1.130    30.4117   0.073429     0.3216     1.9509     2.2242          0     35.000  34.422731   995.7702      1.124     -0.029  0.000e+00
      1.130    30.4099   0.073422     0.3216     1.9689     2.2242          0     35.250  34.422734   995.7707      1.124     -0.020  0.000e+00
      1.141    30.4088   0.073422     0.3216     1.9692     2.2326          0     35.500  34.422737   995.7711      1.134     -0.009  0.000e+00
      1.119    30.4080   0.073422     0.3216     1.9725     2.2272          0     35.750  34.422740   995.7713      1.113     -0.006  0.000e+00
      1.130    30.4072   0.073413     0.3216     1.9765     2.2043          0     36.000  34.422743   995.7715      1.124      0.002  0.000e+00
      1.119    30.4056   0.073407     0.3216     1.9797     2.2013          0     36.250  34.422746   995.7720      1.113      0.001  0.000e+00
      1.130    30.4044   0.073422     0.3217     1.9343     2.1998          0     36.500  34.422749   995.7724      1.124      0.007  0.000e+00
      1.119    30.4045   0.073447     0.3218     1.9406     2.2005          0     36.750  34.422752   995.7724      1.113      0.001  0.000e+00
      1.130    30.4063   0.073447     0.3217     1.9013     2.2013          0     37.000  34.422755   995.7719      1.124     -0.004  0.000e+00
      1.130    30.4087   0.073441     0.3217     1.8860     2.2303          0     37.250  34.422758   995.7711      1.123     -0.002  0.000e+00
      1.140    30.4096   0.073413     0.3216     1.8821     2.2196          0     37.500  34.422760   995.7708      1.134      0.002  0.000e+00
      1.119    30.4075   0.073407     0.3216     1.8846     2.2280          0     37.750  34.422763   995.7714      1.113      0.004  0.000e+00
      1.140    30.4064   0.073401     0.3215     1.9032     2.2257          0     38.000  34.422766   995.7718      1.134      0.005  0.000e+00
      1.151    30.4068   0.073395     0.3215     1.9053     2.1975          0     38.250  34.422769   995.7717      1.145      0.011  0.000e+00
      1.130    30.4068   0.073395     0.3215     1.9142     2.1982          0     38.500  34.422772   995.7716      1.123      0.007  0.000e+00
      1.140    30.4069   0.073413     0.3216     1.8944     2.1998          0     38.750  34.422775   995.7716      1.134      0.009  0.000e+00
      1.130    30.4071   0.073441     0.3217     1.8774     2.1990          0     39.000  34.422778   995.7716      1.123      0.003  0.000e+00
      1.130    30.4077   0.073447     0.3217     1.8726     2.2158          0     39.250  34.422781   995.7715      1.124      0.000  0.000e+00
      1.141    30.4083   0.073435     0.3217     1.8690     2.2081          0     39.500  34.422784   995.7713      1.134      0.000  0.000e+00
      1.151    30.4084   0.073419     0.3216     1.8465     2.2097          0     39.750  34.422786   995.7713      1.145      0.006  0.000e+00
      1.173    30.4077   0.073419     0.3216     1.8471     2.2158          0     40.000  34.422789   995.7716      1.167      0.009  0.000e+00
      1.140    30.4083   0.073413     0.3216     1.8438     2.1952          0     40.250  34.422792   995.7712      1.134      0.008  0.000e+00
      1.151    30.4088   0.073413     0.3216     1.8494     2.2051          0     40.500  34.422795   995.7711      1.145      0.013  0.000e+00
      1.151    30.4087   0.073422     0.3216     1.8446     2.1998          0     40.750  34.422798   995.7712      1.145      0.011  0.000e+00
      1.130    30.4076   0.073429     0.3217     1.8318     2.1967          0     41.000  34.422801   995.7715      1.124      0.005  0.000e+00
      1.130    30.4052   0.073429     0.3217     1.8086     2.2005          0     41.250  34.422804   995.7722      1.124     -0.004  0.000e+00
      1.141    30.4019   0.073422     0.3217     1.8290     2.1998          0     41.500  34.422807   995.7732      1.134     -0.009  0.000e+00
      1.173    30.3984   0.073413     0.3216     1.8134     2.2028          0     41.750  34.422810   995.7744      1.167     -0.004  0.000e+00
      1.184    30.3957   0.073401     0.3216     1.8191     2.1937          0     42.000  34.422812   995.7753      1.177      0.007  0.000e+00
      1.162    30.3932   0.073419     0.3217     1.8119     2.1982          0     42.250  34.422815   995.7760      1.156      0.016  0.000e+00
      1.184    30.3905   0.073422     0.3217     1.8055     2.1769          0     42.500  34.422818   995.7770      1.177      0.021  0.000e+00
      1.173    30.3885   0.073435     0.3218     1.8067     2.1784          0     42.750  34.422821   995.7776      1.167      0.024  0.000e+00
      1.162    30.3875   0.073429     0.3218     1.8054     2.1753          0     43.000  34.422824   995.7778      1.156      0.022  0.000e+00
      1.162    30.3869   0.073419     0.3217     1.7964     2.1792          0     43.250  34.422827   995.7780      1.156      0.013  0.000e+00
      1.184    30.3863   0.073401     0.3217     1.7830     2.2066          0     43.500  34.422830   995.7782      1.177      0.007  0.000e+00
      1.184    30.3856   0.073407     0.3217     1.7819     2.2028          0     43.750  34.422833   995.7784      1.177      0.001  0.000e+00
      1.184    30.3849   0.073413     0.3217     1.7850     2.1929          0     44.000  34.422836   995.7787      1.177      0.004  0.000e+00
      1.184    30.3842   0.073389     0.3216     1.7747     2.2051          0     44.250  34.422839   995.7788      1.177      0.009  0.000e+00
      1.151    30.3834   0.073389     0.3216     1.7915     2.1883          0     44.500  34.422841   995.7789      1.145     -0.002  0.000e+00
      1.162    30.3828   0.073383     0.3216     1.7816     2.1937          0     44.750  34.422844   995.7791      1.156     -0.002  0.000e+00
      1.108    30.3819   0.073389     0.3216     1.7882     2.1853          0     45.000  34.422847   995.7792      1.102     -0.019  0.000e+00
      1.043    30.3809   0.073376     0.3216     1.7844     2.1929          0     45.250  34.422850   995.7792      1.037     -0.052  0.000e+00
      0.924    30.3793   0.073383     0.3216     1.7781     2.1914          0     45.500  34.422853   995.7792      0.919     -0.109  0.000e+00
      0.816    30.3768   0.073383     0.3216     1.7736     2.2165          0     45.750  34.422856   995.7794      0.812     -0.172  0.000e+00
      0.751    30.3706   0.073429     0.3219     1.7850     2.2165          0     46.000  34.422859   995.7812      0.747     -0.227  0.000e+00
      0.794    30.3658   0.073517     0.3223     1.7954     2.2143          0     46.250  34.422862   995.7832      0.790     -0.242  0.000e+00
      0.881    30.3682   0.073631     0.3228     1.7791     2.2143          0     46.500  34.422865   995.7832      0.876     -0.208  0.000e+00
      0.989    30.3825   0.073695     0.3230     1.7855     2.2143          0     46.750  34.422867   995.7795      0.983     -0.136  0.000e+00
      1.065    30.4015   0.073729     0.3230     1.7989     2.2104          0     47.000  34.422870   995.7741      1.059     -0.030  0.000e+00
      1.140    30.4159   0.073753     0.3231     1.7925     2.2158          0     47.250  34.422873   995.7700      1.134      0.086  0.000e+00
      1.162    30.4255   0.073741     0.3229     1.7994     2.2036          0     47.500  34.422876   995.7671      1.155      0.183  0.000e+00
      1.173    30.4314   0.073738     0.3229     1.7953     2.1998          0     47.750  34.422879   995.7653      1.166      0.236  0.000e+00
      1.173    30.4395   0.073741     0.3229     1.7803     2.2051          0     48.000  34.422882   995.7628      1.166      0.236  0.000e+00
      1.162    30.4465   0.073741     0.3228     1.7623     2.1998          0     48.250  34.422885   995.7605      1.156      0.187  0.000e+00
      1.162    30.4537   0.073735     0.3227     1.7842     2.1982          0     48.500  34.422888   995.7583      1.156      0.126  0.000e+00
      1.205    30.4598   0.073701     0.3226     1.8113     2.2013          0     48.750  34.422891   995.7565      1.199      0.081  0.000e+00
      1.259    30.4645   0.073671     0.3224     1.8152     2.1982          0     49.000  34.422894   995.7552      1.252      0.064  0.000e+00
      1.281    30.4671   0.073646     0.3223     1.8543     2.2028          0     49.250  34.422896   995.7544      1.274      0.061  0.000e+00
      1.324    30.4686   0.073637     0.3222     1.8457     2.1975          0     49.500  34.422899   995.7541      1.317      0.079  0.000e+00
      1.346    30.4698   0.073618     0.3221     1.8416     2.2051          0     49.750  34.422902   995.7537      1.338      0.099  0.000e+00
      1.357    30.4678   0.073625     0.3222     1.8061     2.1822          0     50.000  34.422905   995.7544      1.349      0.113  0.000e+00
      1.454    30.4571   0.073618     0.3222     1.8127     2.1799          0     50.250  34.422908   995.7581      1.446      0.140  0.000e+00
      1.573    30.4432   0.073640     0.3224     1.8106     2.1914          0     50.500  34.422911   995.7631      1.564      0.177  0.000e+00
      1.692    30.4357   0.073710     0.3227     1.8310     2.1868          0     50.750  34.422914   995.7662      1.683      0.218  0.000e+00
      1.822    30.4387   0.073824     0.3232     1.8287     2.1845          0     51.000  34.422917   995.7662      1.812      0.272  0.000e+00
      1.919    30.4470   0.073906     0.3236     1.8389     2.1868          0     51.250  34.422920   995.7643      1.908      0.330  0.000e+00
      2.038    30.4565   0.073959     0.3237     1.8503     2.1898          0     51.500  34.422922   995.7621      2.027      0.383  0.000e+00
      2.189    30.4645   0.074035     0.3240     1.8752     2.1837          0     51.750  34.422925   995.7605      2.177      0.440  0.000e+00
      2.341    30.4733   0.074124     0.3244     1.9176     2.2066          0     52.000  34.422928   995.7587      2.328      0.487  0.000e+00
      2.459    30.4809   0.074164     0.3245     1.9118     2.2196          0     52.250  34.422931   995.7570      2.446      0.502  0.000e+00
      2.611    30.4866   0.074176     0.3245     1.8836     2.2112          0     52.500  34.422934   995.7560      2.596      0.517  0.000e+00
      2.730    30.4902   0.074213     0.3247     1.9507     2.2081          0     52.750  34.422937   995.7555      2.715      0.527  0.000e+00
      2.838    30.4934   0.074219     0.3247     1.9404     2.2127          0     53.000  34.422940   995.7550      2.822      0.528  0.000e+00
      3.000    30.4960   0.074207     0.3246     1.9438     2.2066          0     53.250  34.422943   995.7549      2.984      0.538  0.000e+00
      3.097    30.4974   0.074207     0.3246     1.9363     2.2127          0     53.500  34.422946   995.7549      3.080      0.529  0.000e+00
      3.162    30.4987   0.074222     0.3246     1.9347     2.2127          0     53.750  34.422948   995.7548      3.145      0.498  0.000e+00
      3.184    30.5010   0.074271     0.3249     1.9897     2.2127          0     54.000  34.422951   995.7544      3.166      0.448  0.000e+00
      3.238    30.5021   0.074305     0.3250     2.0022     2.1654          0     54.250  34.422954   995.7544      3.220      0.397  0.000e+00
      3.238    30.5021   0.074360     0.3252     2.0324     2.1608          0     54.500  34.422957   995.7546      3.220      0.326  0.000e+00
      3.260    30.5020   0.074400     0.3254     2.0672     2.1608          0     54.750  34.422960   995.7548      3.242      0.259  0.000e+00
      3.260    30.5015   0.074430     0.3256     2.0877     2.1685          0     55.000  34.422963   995.7551      3.242      0.188  0.000e+00
      3.281    30.5011   0.074452     0.3257     2.0862     2.1769          0     55.250  34.422966   995.7554      3.263      0.124  0.000e+00
