public/post/ctd_rufiji/SBE19plus_01906740_2018_02_13_0908.cnv
* Sea-Bird SBE19plus  Data File:
* FileName = C:\Users\all user\Desktop\CTD tafiri 2018\SBE19plus_01906740_2018_02_13_0908.hex
* Software version 2.6.3.104
* Temperature SN = 6740
* Conductivity SN = 6740
* System UpLoad Time = Feb 13 2018 14:01:53
* <ApplicationData>
* <Seaterm232>
# nquan = 13
# nvalues = 306                                   
# units = specified
# name 0 = prdM: Pressure, Strain Gauge [db]
# name 1 = tv290C: Temperature [ITS-90, deg C]
# name 2 = c0S/m: Conductivity [S/m]
# name 3 = sal00: Salinity, Practical [PSU]
# name 4 = sbeox0ML/L: Oxygen, SBE 43 [ml/l]
# name 5 = flECO-AFL: Fluorescence, WET Labs ECO-AFL/FL [mg/m^3]
# name 6 = nbf: Bottles Fired
# name 7 = timeS: Time, Elapsed [seconds]
# name 8 = timeJ: Julian Days
# name 9 = density00: Density [density, kg/m^3]
# name 10 = depSM: Depth [salt water, m], lat = 0.00
# name 11 = dz/dtM: Descent Rate [m/s]
# name 12 = flag:  0.000e+00
# span 0 =      0.150,      3.706                 
# span 1 =    29.5642,    30.2478                 
# span 2 =   0.002382,   0.043529                 
# span 3 =     0.0197,     0.1907                 
# span 4 =     0.4697,     7.6991                 
# span 5 =    -0.0799,     2.1715                 
# span 6 =          0,          0                 
# span 7 =      0.000,     76.250                 
# span 8 =  34.268623,  34.269505                 
# span 9 =   995.6757,   995.8408                 
# span 10 =      0.149,      3.686                
# span 11 =     -0.461,      0.510                
# span 12 = 0.0000e+00, 0.0000e+00                
# interval = seconds: 0.25
# start_time = Feb 03 2018 06:26:49 [Instrument's time stamp, header]
# bad_flag = -9.990e-29
*END*
      0.266    29.7756   0.003170     0.0224     3.6249    -0.0761          0      0.000  34.268623   995.7346      0.265 1.0527e-16  0.000e+00
      0.396    29.8892   0.003398     0.0232     3.5447    -0.0799          0      0.250  34.268626   995.7016      0.394      0.035  0.000e+00
      0.450    29.9478   0.002382     0.0197     3.4533    -0.0769          0      0.500  34.268628   995.6815      0.448      0.075  0.000e+00
      0.504    29.9788   0.003609     0.0240     3.4317    -0.0769          0      0.750  34.268631   995.6757      0.502      0.118  0.000e+00
      0.559    29.9931   0.018989     0.0853     3.4397     0.0459          0      1.000  34.268634   995.7177      0.556      0.159  0.000e+00
      0.634    30.0014   0.020770     0.0928     3.4610     0.0421          0      1.250  34.268637   995.7211      0.631      0.200  0.000e+00
      0.688    30.0033   0.021344     0.0952     3.4811     0.0406          0      1.500  34.268640   995.7226      0.685      0.232  0.000e+00
      0.742    29.9969   0.034146     0.1499     3.5654     0.0505          0      1.750  34.268643   995.7658      0.738      0.250  0.000e+00
      0.775    29.9874   0.041028     0.1799     3.5041     1.8648          0      2.000  34.268646   995.7913      0.771      0.245  0.000e+00
      0.797    29.9961   0.040962     0.1796     3.5498     1.8648          0      2.250  34.268649   995.7885      0.792      0.212  0.000e+00
      0.829    30.0125   0.039882     0.1748     3.6056     1.8633          0      2.500  34.268652   995.7801      0.825      0.196  0.000e+00
      0.840    30.0192   0.040398     0.1770     3.6094     1.8633          0      2.750  34.268655   995.7799      0.835      0.171  0.000e+00
      0.905    30.0230   0.041533     0.1820     3.6445     1.8503          0      3.000  34.268657   995.7827      0.900      0.156  0.000e+00
      0.959    30.0316   0.042085     0.1844     3.6580     1.8457          0      3.250  34.268660   995.7821      0.954      0.147  0.000e+00
      1.002    30.0485   0.042194     0.1848     3.6659     1.8435          0      3.500  34.268663   995.7775      0.997      0.147  0.000e+00
      0.992    30.0673   0.042417     0.1857     3.6770     1.8435          0      3.750  34.268666   995.7725      0.986      0.139  0.000e+00
      0.992    30.0817   0.042650     0.1867     3.7258     1.8549          0      4.000  34.268669   995.7688      0.986      0.128  0.000e+00
      1.013    30.0996   0.042813     0.1873     3.7395     1.8236          0      4.250  34.268672   995.7640      1.008      0.117  0.000e+00
      1.035    30.1215   0.042879     0.1875     3.7414     1.8267          0      4.500  34.268675   995.7576      1.029      0.103  0.000e+00
      1.035    30.1439   0.042952     0.1878     3.7456     1.8267          0      4.750  34.268678   995.7510      1.029      0.084  0.000e+00
      1.046    30.1626   0.043021     0.1880     3.7408     1.8313          0      5.000  34.268681   995.7455      1.040      0.058  0.000e+00
      1.057    30.1788   0.043160     0.1885     3.7434     1.8099          0      5.250  34.268683   995.7411      1.051      0.043  0.000e+00
      1.111    30.1917   0.043218     0.1888     3.7519     1.8175          0      5.500  34.268686   995.7376      1.105      0.051  0.000e+00
      1.132    30.1988   0.043308     0.1891     3.7202     1.8068          0      5.750  34.268689   995.7358      1.126      0.068  0.000e+00
      1.143    30.2072   0.043314     0.1891     3.7264     1.8114          0      6.000  34.268692   995.7333      1.137      0.076  0.000e+00
      1.154    30.2158   0.043381     0.1894     3.7269     1.8282          0      6.250  34.268695   995.7309      1.147      0.076  0.000e+00
      1.165    30.2232   0.043432     0.1896     3.7421     1.8198          0      6.500  34.268698   995.7288      1.158      0.076  0.000e+00
      1.164    30.2286   0.043465     0.1897     3.7646     1.8221          0      6.750  34.268701   995.7273      1.158      0.073  0.000e+00
      1.164    30.2325   0.043490     0.1898     3.7778     1.8282          0      7.000  34.268704   995.7262      1.158      0.062  0.000e+00
      1.164    30.2364   0.043505     0.1899     3.7654     1.8190          0      7.250  34.268707   995.7250      1.158      0.045  0.000e+00
      1.154    30.2395   0.043496     0.1898     3.7701     1.8259          0      7.500  34.268709   995.7240      1.147      0.021  0.000e+00
      1.165    30.2414   0.043459     0.1896     3.7709     1.8236          0      7.750  34.268712   995.7234      1.158      0.012  0.000e+00
      1.165    30.2423   0.043426     0.1895     3.7905     1.8229          0      8.000  34.268715   995.7230      1.158      0.006  0.000e+00
      1.165    30.2415   0.043393     0.1893     3.7809     1.8221          0      8.250  34.268718   995.7231      1.158      0.002  0.000e+00
      1.165    30.2401   0.043381     0.1893     3.8014     1.8526          0      8.500  34.268721   995.7235      1.158      0.000  0.000e+00
      1.186    30.2390   0.043381     0.1893     3.8101     1.8396          0      8.750  34.268724   995.7239      1.180      0.007  0.000e+00
      1.175    30.2377   0.043375     0.1893     3.8250     1.8496          0      9.000  34.268727   995.7243      1.169      0.009  0.000e+00
      1.186    30.2362   0.043360     0.1892     3.8307     1.8480          0      9.250  34.268730   995.7247      1.180      0.013  0.000e+00
      1.186    30.2351   0.043354     0.1892     3.8406     1.8320          0      9.500  34.268733   995.7250      1.180      0.016  0.000e+00
      1.175    30.2340   0.043348     0.1892     3.8353     1.8320          0      9.750  34.268736   995.7253      1.169      0.011  0.000e+00
      1.165    30.2337   0.043348     0.1892     3.8274     1.8320          0     10.000  34.268738   995.7254      1.158      0.005  0.000e+00
      1.165    30.2339   0.043348     0.1892     3.8231     1.8351          0     10.250  34.268741   995.7253      1.158     -0.001  0.000e+00
      1.165    30.2340   0.043351     0.1892     3.8165     1.8335          0     10.500  34.268744   995.7253      1.158     -0.006  0.000e+00
      1.176    30.2337   0.043348     0.1892     3.8181     1.8381          0     10.750  34.268747   995.7254      1.169     -0.009  0.000e+00
      1.154    30.2337   0.043342     0.1891     3.8151     1.8297          0     11.000  34.268750   995.7253      1.148     -0.011  0.000e+00
      1.186    30.2338   0.043369     0.1893     3.8121     1.8419          0     11.250  34.268753   995.7255      1.180     -0.006  0.000e+00
      1.187    30.2343   0.043411     0.1894     3.8127     1.8221          0     11.500  34.268756   995.7255      1.180      0.002  0.000e+00
      1.165    30.2334   0.043420     0.1895     3.8203     1.8244          0     11.750  34.268759   995.7257      1.159      0.004  0.000e+00
      1.165    30.2327   0.043414     0.1895     3.8496     1.8259          0     12.000  34.268762   995.7259      1.158      0.004  0.000e+00
      1.165    30.2349   0.043399     0.1894     3.8455     1.8229          0     12.250  34.268764   995.7251      1.159      0.001  0.000e+00
      1.176    30.2379   0.043390     0.1893     3.8051     1.8221          0     12.500  34.268767   995.7243      1.169      0.001  0.000e+00
      1.165    30.2404   0.043381     0.1893     3.7125     1.8595          0     12.750  34.268770   995.7234      1.159     -0.003  0.000e+00
      1.176    30.2417   0.043387     0.1893     3.5914     1.8602          0     13.000  34.268773   995.7231      1.169      0.000  0.000e+00
      1.187    30.2427   0.043381     0.1893     3.4560     1.8648          0     13.250  34.268776   995.7228      1.180     -0.001  0.000e+00
      1.165    30.2436   0.043375     0.1893     3.3302     1.8625          0     13.500  34.268779   995.7224      1.159      0.000  0.000e+00
      1.165    30.2440   0.043375     0.1893     3.2054     1.8732          0     13.750  34.268782   995.7223      1.159      0.003  0.000e+00
      1.176    30.2447   0.043366     0.1892     3.0950     1.8747          0     14.000  34.268785   995.7221      1.169      0.003  0.000e+00
      1.176    30.2452   0.043369     0.1892     2.9988     1.8717          0     14.250  34.268788   995.7219      1.169      0.002  0.000e+00
      1.165    30.2453   0.043326     0.1890     2.9238     1.8747          0     14.500  34.268791   995.7217      1.159     -0.002  0.000e+00
      1.187    30.2436   0.043308     0.1890     2.8623     1.8549          0     14.750  34.268793   995.7223      1.180      0.003  0.000e+00
      1.165    30.2421   0.043320     0.1890     2.8009     1.8519          0     15.000  34.268796   995.7227      1.159     -0.002  0.000e+00
      1.165    30.2422   0.043320     0.1890     2.7440     1.8541          0     15.250  34.268799   995.7227      1.159     -0.004  0.000e+00
      1.197    30.2428   0.043348     0.1891     2.7020     1.8541          0     15.500  34.268802   995.7227      1.191      0.008  0.000e+00
      1.187    30.2432   0.043366     0.1892     2.6653     1.8519          0     15.750  34.268805   995.7226      1.180      0.009  0.000e+00
      1.165    30.2432   0.043354     0.1892     2.6201     1.8404          0     16.000  34.268808   995.7225      1.159      0.002  0.000e+00
      1.187    30.2431   0.043363     0.1892     2.5867     1.8511          0     16.250  34.268811   995.7226      1.180      0.005  0.000e+00
      1.197    30.2431   0.043354     0.1892     2.5662     1.8526          0     16.500  34.268814   995.7226      1.191      0.010  0.000e+00
      1.176    30.2438   0.043360     0.1892     2.5533     1.8465          0     16.750  34.268817   995.7223      1.169      0.004  0.000e+00
      1.176    30.2445   0.043375     0.1893     2.5330     1.8366          0     17.000  34.268819   995.7222      1.169      0.005  0.000e+00
      1.187    30.2450   0.043393     0.1893     2.5168     1.8274          0     17.250  34.268822   995.7221      1.180      0.002  0.000e+00
      1.165    30.2455   0.043405     0.1894     2.4954     1.8358          0     17.500  34.268825   995.7219      1.159     -0.008  0.000e+00
      1.176    30.2460   0.043420     0.1894     2.4743     1.8335          0     17.750  34.268828   995.7219      1.169     -0.004  0.000e+00
      1.176    30.2463   0.043444     0.1896     2.4630     1.8534          0     18.000  34.268831   995.7218      1.169     -0.003  0.000e+00
      1.176    30.2462   0.043453     0.1896     2.4484     1.8679          0     18.250  34.268834   995.7219      1.169     -0.008  0.000e+00
      1.187    30.2464   0.043472     0.1897     2.4276     1.8534          0     18.500  34.268837   995.7219      1.180     -0.004  0.000e+00
      1.187    30.2467   0.043490     0.1897     2.4156     1.8541          0     18.750  34.268840   995.7219      1.180      0.004  0.000e+00
      1.176    30.2470   0.043499     0.1898     2.4175     1.8251          0     19.000  34.268843   995.7218      1.169      0.003  0.000e+00
      1.176    30.2470   0.043511     0.1898     2.4111     1.8206          0     19.250  34.268845   995.7219      1.169      0.001  0.000e+00
      1.176    30.2471   0.043511     0.1898     2.4243     1.8259          0     19.500  34.268848   995.7218      1.169      0.004  0.000e+00
      1.187    30.2471   0.043511     0.1898     2.4197     1.8160          0     19.750  34.268851   995.7219      1.180      0.002  0.000e+00
      1.176    30.2473   0.043517     0.1899     2.4178     1.8274          0     20.000  34.268854   995.7218      1.169      0.000  0.000e+00
      1.154    30.2474   0.043517     0.1899     2.4200     1.8221          0     20.250  34.268857   995.7217      1.148     -0.008  0.000e+00
      1.187    30.2476   0.043529     0.1899     2.4239     1.8198          0     20.500  34.268860   995.7218      1.180     -0.006  0.000e+00
      1.176    30.2478   0.043523     0.1899     2.4075     1.8229          0     20.750  34.268863   995.7217      1.170     -0.004  0.000e+00
      1.176    30.2474   0.043511     0.1898     2.3983     1.8335          0     21.000  34.268866   995.7217      1.169     -0.001  0.000e+00
      1.165    30.2477   0.043511     0.1898     2.3794     1.8503          0     21.250  34.268869   995.7216      1.159     -0.004  0.000e+00
      1.176    30.2475   0.043496     0.1898     2.3696     1.8503          0     21.500  34.268872   995.7217      1.169     -0.003  0.000e+00
      1.187    30.2472   0.043496     0.1898     2.3604     1.8503          0     21.750  34.268874   995.7218      1.180      0.001  0.000e+00
      1.176    30.2469   0.043490     0.1897     2.3470     1.8450          0     22.000  34.268877   995.7218      1.169      0.004  0.000e+00
      1.165    30.2468   0.043484     0.1897     2.3546     1.8015          0     22.250  34.268880   995.7218      1.159      0.002  0.000e+00
      1.176    30.2471   0.043472     0.1897     2.3568     1.8099          0     22.500  34.268883   995.7217      1.170     -0.004  0.000e+00
      1.176    30.2469   0.043465     0.1896     2.3765     1.7962          0     22.750  34.268886   995.7218      1.170      0.000  0.000e+00
      1.198    30.2468   0.043459     0.1896     2.3521     1.8030          0     23.000  34.268889   995.7219      1.191      0.007  0.000e+00
      1.176    30.2467   0.043459     0.1896     2.3374     1.8358          0     23.250  34.268892   995.7218      1.170      0.006  0.000e+00
      1.176    30.2463   0.043453     0.1896     2.3700     1.8290          0     23.500  34.268895   995.7219      1.170      0.002  0.000e+00
      1.176    30.2461   0.043459     0.1896     2.3694     1.8419          0     23.750  34.268898   995.7220      1.169      0.000  0.000e+00
      1.176    30.2460   0.043450     0.1896     2.3437     1.8351          0     24.000  34.268900   995.7220      1.169      0.002  0.000e+00
      1.165    30.2460   0.043444     0.1896     2.3093     1.8320          0     24.250  34.268903   995.7219      1.159     -0.001  0.000e+00
      1.165    30.2461   0.043438     0.1895     2.2917     1.8160          0     24.500  34.268906   995.7218      1.159     -0.008  0.000e+00
      1.176    30.2462   0.043450     0.1896     2.2788     1.8267          0     24.750  34.268909   995.7219      1.169     -0.008  0.000e+00
      1.187    30.2460   0.043444     0.1896     2.2710     1.8221          0     25.000  34.268912   995.7220      1.180     -0.005  0.000e+00
      1.176    30.2463   0.043444     0.1896     2.2756     1.8251          0     25.250  34.268915   995.7218      1.169      0.001  0.000e+00
      1.176    30.2467   0.043432     0.1895     2.2694     1.8808          0     25.500  34.268918   995.7217      1.169      0.002  0.000e+00
      1.176    30.2460   0.043426     0.1895     2.2615     1.8694          0     25.750  34.268921   995.7219      1.169      0.003  0.000e+00
      1.176    30.2452   0.043405     0.1894     2.2723     1.8770          0     26.000  34.268924   995.7221      1.169      0.004  0.000e+00
      1.176    30.2435   0.043366     0.1892     2.2638     1.8694          0     26.250  34.268927   995.7225      1.169      0.004  0.000e+00
      1.187    30.2415   0.043354     0.1892     2.2553     1.8366          0     26.500  34.268929   995.7231      1.180      0.004  0.000e+00
      1.187    30.2396   0.043342     0.1891     2.2538     1.8412          0     26.750  34.268932   995.7236      1.180      0.003  0.000e+00
      1.176    30.2385   0.043348     0.1892     2.2464     1.8435          0     27.000  34.268935   995.7239      1.169      0.001  0.000e+00
      1.198    30.2373   0.043348     0.1892     2.2224     1.8442          0     27.250  34.268938   995.7244      1.191      0.008  0.000e+00
      1.198    30.2364   0.043339     0.1891     2.2029     1.8099          0     27.500  34.268941   995.7246      1.191      0.011  0.000e+00
