public/post/ctd_rufiji/SBE19plus_01906740_2018_02_13_0904.cnv
* Sea-Bird SBE19plus  Data File:
* FileName = C:\Users\all user\Desktop\CTD tafiri 2018\SBE19plus_01906740_2018_02_13_0904.hex
* Software version 2.6.3.104
* Temperature SN = 6740
* Conductivity SN = 6740
* System UpLoad Time = Feb 13 2018 14:01:11
* <ApplicationData>
* <Seaterm232>
# nquan = 13
# nvalues = 354                                   
# units = specified
# name 0 = prdM: Pressure, Strain Gauge [db]
# name 1 = tv290C: Temperature [ITS-90, deg C]
# name 2 = c0S/m: Conductivity [S/m]
# name 3 = sal00: Salinity, Practical [PSU]
# name 4 = sbeox0ML/L: Oxygen, SBE 43 [ml/l]
# name 5 = flECO-AFL: Fluorescence, WET Labs ECO-AFL/FL [mg/m^3]
# name 6 = nbf: Bottles Fired
# name 7 = timeS: Time, Elapsed [seconds]
# name 8 = timeJ: Julian Days
# name 9 = density00: Density [density, kg/m^3]
# name 10 = depSM: Depth [salt water, m], lat = 0.00
# name 11 = dz/dtM: Descent Rate [m/s]
# name 12 = flag:  0.000e+00
# span 0 =      0.129,      3.610                 
# span 1 =    26.4857,    30.4678                 
# span 2 =   0.000732,   0.054310                 
# span 3 =     0.0137,     0.2369                 
# span 4 =     1.4636,     4.2086                 
# span 5 =    -0.0662,     2.1479                 
# span 6 =          0,          0                 
# span 7 =      0.000,     88.250                 
# span 8 =  34.254873,  34.255894                 
# span 9 =   995.6918,   996.6706                 
# span 10 =      0.128,      3.590                
# span 11 =     -0.473,      0.566                
# span 12 = 0.0000e+00, 0.0000e+00                
# interval = seconds: 0.25
# start_time = Feb 03 2018 06:07:01 [Instrument's time stamp, header]
# bad_flag = -9.990e-29
*END*
[from data line 112]
      1.328    30.4069   0.053050     0.2310     2.1211     1.9869          0     28.000  34.255197   995.7046      1.321     -0.000  0.000e+00
      1.361    30.3989   0.053056     0.2311     2.0842     1.9892          0     28.250  34.255200   995.7073      1.353      0.005  0.000e+00
      1.328    30.3929   0.053084     0.2313     2.0952     1.9762          0     28.500  34.255203   995.7091      1.321      0.004  0.000e+00
      1.350    30.3904   0.053102     0.2313     2.0837     1.9709          0     28.750  34.255205   995.7100      1.342     -0.001  0.000e+00
      1.339    30.3911   0.053078     0.2312     2.0856     1.9754          0     29.000  34.255208   995.7097      1.332     -0.001  0.000e+00
      1.350    30.3927   0.053053     0.2311     2.0867     1.9724          0     29.250  34.255211   995.7091      1.342      0.000  0.000e+00
      1.371    30.3916   0.053029     0.2310     2.0946     1.9701          0     29.500  34.255214   995.7095      1.364      0.009  0.000e+00
      1.360    30.3875   0.053011     0.2310     2.0795     1.9999          0     29.750  34.255217   995.7107      1.353      0.011  0.000e+00
      1.339    30.3822   0.053029     0.2311     2.0504     1.9968          0     30.000  34.255220   995.7123      1.331      0.009  0.000e+00
      1.328    30.3779   0.053032     0.2311     2.0475     1.9953          0     30.250  34.255223   995.7136      1.321     -0.003  0.000e+00
      1.339    30.3755   0.053029     0.2311     2.0341     1.9960          0     30.500  34.255226   995.7143      1.331     -0.001  0.000e+00
      1.328    30.3743   0.053029     0.2311     2.0334     2.0281          0     30.750  34.255229   995.7146      1.321     -0.011  0.000e+00
      1.360    30.3739   0.053023     0.2311     2.0184     2.0228          0     31.000  34.255231   995.7149      1.353     -0.005  0.000e+00
      1.350    30.3736   0.053017     0.2310     2.0414     2.0220          0     31.250  34.255234   995.7149      1.342     -0.006  0.000e+00
      1.361    30.3731   0.052999     0.2310     2.0475     2.0205          0     31.500  34.255237   995.7151      1.353     -0.002  0.000e+00
      1.350    30.3715   0.052971     0.2309     2.0477     1.9922          0     31.750  34.255240   995.7154      1.342      0.006  0.000e+00
      1.361    30.3686   0.052926     0.2307     2.0399     1.9869          0     32.000  34.255243   995.7162      1.353      0.014  0.000e+00
      1.350    30.3630   0.052880     0.2305     2.0418     1.9823          0     32.250  34.255246   995.7178      1.342      0.013  0.000e+00
      1.350    30.3557   0.052832     0.2303     2.0154     1.9823          0     32.500  34.255249   995.7198      1.342      0.007  0.000e+00
      1.350    30.3472   0.052804     0.2302     1.9649     1.9838          0     32.750  34.255252   995.7224      1.342      0.004  0.000e+00
      1.361    30.3404   0.052777     0.2301     1.9363     1.9671          0     33.000  34.255255   995.7244      1.353     -0.001  0.000e+00
      1.339    30.3354   0.052759     0.2301     1.9369     1.9770          0     33.250  34.255258   995.7258      1.332     -0.004  0.000e+00
      1.339    30.3321   0.052747     0.2300     1.9196     1.9678          0     33.500  34.255260   995.7268      1.332     -0.008  0.000e+00
      1.371    30.3300   0.052741     0.2300     1.9209     1.9724          0     33.750  34.255263   995.7276      1.364      0.001  0.000e+00
      1.361    30.3268   0.052735     0.2300     1.9214     2.0037          0     34.000  34.255266   995.7285      1.353      0.002  0.000e+00
      1.361    30.3227   0.052735     0.2300     1.9595     1.9960          0     34.250  34.255269   995.7297      1.353      0.006  0.000e+00
      1.371    30.3173   0.052735     0.2300     1.9683     1.9991          0     34.500  34.255272   995.7315      1.364      0.010  0.000e+00
      1.339    30.3110   0.052732     0.2301     1.9339     2.0022          0     34.750  34.255275   995.7332      1.332      0.004  0.000e+00
      1.350    30.3040   0.052732     0.2301     1.9336     1.9831          0     35.000  34.255278   995.7355      1.342      0.001  0.000e+00
      1.339    30.2975   0.052719     0.2301     1.9247     1.9884          0     35.250  34.255281   995.7374      1.332     -0.001  0.000e+00
      1.371    30.2911   0.052701     0.2300     1.9302     1.9808          0     35.500  34.255284   995.7394      1.364     -0.001  0.000e+00
      1.371    30.2850   0.052686     0.2300     1.9161     1.9831          0     35.750  34.255286   995.7412      1.364     -0.002  0.000e+00
      1.371    30.2802   0.052668     0.2299     1.9188     2.0006          0     36.000  34.255289   995.7427      1.364      0.005  0.000e+00
      1.361    30.2765   0.052644     0.2298     1.9124     1.9991          0     36.250  34.255292   995.7437      1.353      0.006  0.000e+00
      1.339    30.2746   0.052637     0.2298     1.9117     1.9960          0     36.500  34.255295   995.7441      1.332      0.001  0.000e+00
      1.361    30.2741   0.052634     0.2298     1.9098     1.9938          0     36.750  34.255298   995.7444      1.353      0.007  0.000e+00
      1.371    30.2737   0.052616     0.2297     1.9007     2.0037          0     37.000  34.255301   995.7445      1.364      0.005  0.000e+00
      1.361    30.2729   0.052616     0.2297     1.8761     2.0128          0     37.250  34.255304   995.7447      1.353      0.002  0.000e+00
      1.361    30.2703   0.052610     0.2297     1.8479     2.0098          0     37.500  34.255307   995.7455      1.353     -0.005  0.000e+00
      1.350    30.2658   0.052622     0.2298     1.8597     2.0075          0     37.750  34.255310   995.7468      1.342     -0.006  0.000e+00
      1.361    30.2601   0.052622     0.2298     1.8352     2.0090          0     38.000  34.255313   995.7487      1.353     -0.002  0.000e+00
      1.361    30.2546   0.052616     0.2298     1.8484     1.9907          0     38.250  34.255315   995.7503      1.353      0.002  0.000e+00
      1.350    30.2495   0.052616     0.2298     1.8554     1.9762          0     38.500  34.255318   995.7518      1.342      0.001  0.000e+00
      1.361    30.2448   0.052622     0.2299     1.8564     1.9838          0     38.750  34.255321   995.7534      1.353     -0.004  0.000e+00
      1.350    30.2405   0.052610     0.2298     1.8576     1.9808          0     39.000  34.255324   995.7546      1.342     -0.006  0.000e+00
      1.382    30.2364   0.052622     0.2299     1.8776     1.9793          0     39.250  34.255327   995.7560      1.375      0.004  0.000e+00
      1.361    30.2326   0.052622     0.2299     1.8713     1.9877          0     39.500  34.255330   995.7571      1.353      0.005  0.000e+00
      1.371    30.2297   0.052628     0.2300     1.8913     1.9762          0     39.750  34.255333   995.7581      1.364      0.009  0.000e+00
      1.361    30.2273   0.052644     0.2300     1.8976     1.9892          0     40.000  34.255336   995.7588      1.353      0.005  0.000e+00
      1.350    30.2257   0.052644     0.2300     1.8773     1.9976          0     40.250  34.255339   995.7592      1.342      0.001  0.000e+00
      1.350    30.2243   0.052656     0.2301     1.8700     1.9983          0     40.500  34.255341   995.7597      1.342     -0.001  0.000e+00
      1.361    30.2235   0.052662     0.2301     1.8716     1.9922          0     40.750  34.255344   995.7600      1.353     -0.004  0.000e+00
      1.371    30.2226   0.052674     0.2302     1.8669     1.9953          0     41.000  34.255347   995.7604      1.364     -0.001  0.000e+00
      1.372    30.2213   0.052686     0.2302     1.8736     1.9991          0     41.250  34.255350   995.7608      1.364     -0.003  0.000e+00
      1.371    30.2201   0.052689     0.2303     1.8664     1.9716          0     41.500  34.255353   995.7612      1.364      0.005  0.000e+00
      1.361    30.2190   0.052701     0.2303     1.8646     1.9648          0     41.750  34.255356   995.7615      1.353      0.004  0.000e+00
      1.328    30.2184   0.052707     0.2304     1.8624     1.9678          0     42.000  34.255359   995.7616      1.321     -0.003  0.000e+00
      1.339    30.2186   0.052707     0.2304     1.8616     1.9693          0     42.250  34.255362   995.7616      1.332     -0.007  0.000e+00
      1.350    30.2187   0.052701     0.2303     1.8112     1.9739          0     42.500  34.255365   995.7616      1.342     -0.011  0.000e+00
      1.361    30.2185   0.052701     0.2303     1.8147     1.9709          0     42.750  34.255367   995.7617      1.353     -0.012  0.000e+00
      1.361    30.2184   0.052713     0.2304     1.7902     1.9678          0     43.000  34.255370   995.7618      1.353     -0.009  0.000e+00
      1.361    30.2187   0.052719     0.2304     1.7900     1.9724          0     43.250  34.255373   995.7617      1.353     -0.004  0.000e+00
      1.350    30.2206   0.052732     0.2305     1.7947     1.9739          0     43.500  34.255376   995.7611      1.342     -0.000  0.000e+00
      1.350    30.2246   0.052726     0.2304     1.8002     1.9648          0     43.750  34.255379   995.7599      1.342      0.005  0.000e+00
      1.361    30.2296   0.052726     0.2304     1.8106     1.9648          0     44.000  34.255382   995.7584      1.353      0.011  0.000e+00
      1.361    30.2345   0.052726     0.2304     1.8051     1.9739          0     44.250  34.255385   995.7569      1.353      0.006  0.000e+00
      1.371    30.2385   0.052735     0.2304     1.8139     1.9648          0     44.500  34.255388   995.7557      1.364      0.005  0.000e+00
      1.350    30.2425   0.052747     0.2304     1.8011     1.9487          0     44.750  34.255391   995.7544      1.342     -0.000  0.000e+00
      1.350    30.2479   0.052771     0.2305     1.8125     1.9434          0     45.000  34.255394   995.7528      1.342     -0.001  0.000e+00
      1.361    30.2558   0.052786     0.2305     1.8305     1.9495          0     45.250  34.255396   995.7505      1.353      0.001  0.000e+00
      1.361    30.2646   0.052792     0.2305     1.8209     1.9495          0     45.500  34.255399   995.7478      1.353      0.003  0.000e+00
      1.350    30.2728   0.052792     0.2305     1.8240     1.9747          0     45.750  34.255402   995.7452      1.342     -0.001  0.000e+00
      1.361    30.2793   0.052810     0.2305     1.8241     1.9716          0     46.000  34.255405   995.7434      1.353     -0.003  0.000e+00
      1.372    30.2849   0.052810     0.2305     1.8267     1.9716          0     46.250  34.255408   995.7417      1.364      0.002  0.000e+00
      1.361    30.2891   0.052810     0.2305     1.8341     1.9747          0     46.500  34.255411   995.7404      1.353      0.002  0.000e+00
      1.361    30.2923   0.052807     0.2305     1.8362     1.9983          0     46.750  34.255414   995.7393      1.353      0.007  0.000e+00
      1.372    30.2944   0.052798     0.2304     1.8230     1.9983          0     47.000  34.255417   995.7387      1.364      0.007  0.000e+00
      1.339    30.2954   0.052798     0.2304     1.8143     1.9953          0     47.250  34.255420   995.7383      1.332     -0.002  0.000e+00
      1.350    30.2956   0.052792     0.2304     1.8145     1.9930          0     47.500  34.255422   995.7382      1.343     -0.004  0.000e+00
      1.350    30.2951   0.052783     0.2304     1.8004     1.9724          0     47.750  34.255425   995.7384      1.343     -0.006  0.000e+00
      1.361    30.2935   0.052771     0.2303     1.8048     1.9678          0     48.000  34.255428   995.7389      1.353     -0.007  0.000e+00
      1.382    30.2907   0.052765     0.2303     1.7974     1.9716          0     48.250  34.255431   995.7398      1.375      0.000  0.000e+00
      1.361    30.2871   0.052777     0.2304     1.8064     1.9747          0     48.500  34.255434   995.7409      1.353      0.004  0.000e+00
      1.372    30.2849   0.052783     0.2304     1.7915     1.9693          0     48.750  34.255437   995.7416      1.364      0.007  0.000e+00
      1.393    30.2853   0.052804     0.2305     1.7892     1.9495          0     49.000  34.255440   995.7416      1.386      0.016  0.000e+00
      1.350    30.2882   0.052804     0.2305     1.7898     1.9518          0     49.250  34.255443   995.7405      1.343      0.014  0.000e+00
      1.372    30.2919   0.052798     0.2304     1.7900     1.9449          0     49.500  34.255446   995.7395      1.364      0.009  0.000e+00
      1.361    30.2946   0.052795     0.2304     1.7865     1.9472          0     49.750  34.255448   995.7386      1.353      0.003  0.000e+00
      1.372    30.2957   0.052798     0.2304     1.7789     1.9861          0     50.000  34.255451   995.7383      1.364     -0.001  0.000e+00
      1.382    30.2957   0.052804     0.2304     1.7918     1.9838          0     50.250  34.255454   995.7384      1.375     -0.001  0.000e+00
      1.382    30.2960   0.052810     0.2305     1.7924     1.9823          0     50.500  34.255457   995.7383      1.375      0.006  0.000e+00
      1.372    30.2973   0.052823     0.2305     1.7915     1.9854          0     50.750  34.255460   995.7379      1.364      0.002  0.000e+00
      1.350    30.2998   0.052817     0.2305     1.7866     1.9800          0     51.000  34.255463   995.7370      1.343     -0.004  0.000e+00
      1.372    30.3013   0.052810     0.2304     1.7936     1.9861          0     51.250  34.255466   995.7366      1.364      0.004  0.000e+00
      1.393    30.3025   0.052804     0.2304     1.8022     1.9816          0     51.500  34.255469   995.7363      1.386      0.004  0.000e+00
      1.382    30.3035   0.052810     0.2304     1.7913     1.9899          0     51.750  34.255472   995.7360      1.375      0.006  0.000e+00
      1.404    30.3044   0.052798     0.2304     1.7879     1.9625          0     52.000  34.255475   995.7358      1.396      0.010  0.000e+00
      1.415    30.3040   0.052771     0.2303     1.7924     1.9724          0     52.250  34.255477   995.7359      1.407      0.017  0.000e+00
      1.372    30.3007   0.052759     0.2302     1.8035     1.9640          0     52.500  34.255480   995.7366      1.364      0.014  0.000e+00
      1.231    30.2950   0.052847     0.2306     1.7849     1.9632          0     52.750  34.255483   995.7381      1.224     -0.027  0.000e+00
      1.155    30.2982   0.052862     0.2307     1.7932     1.9610          0     53.000  34.255486   995.7368      1.149     -0.081  0.000e+00
      1.069    30.3050   0.052902     0.2308     1.7853     1.9503          0     53.250  34.255489   995.7344      1.063     -0.151  0.000e+00
      1.015    30.3150   0.052874     0.2307     1.8088     1.9465          0     53.500  34.255492   995.7310      1.009     -0.209  0.000e+00
      0.972    30.3185   0.052844     0.2305     1.5824     1.9419          0     53.750  34.255495   995.7297      0.966     -0.248  0.000e+00
      0.939    30.3182   0.052832     0.2305     1.4666     1.9526          0     54.000  34.255498   995.7296      0.934     -0.271  0.000e+00
      0.928    30.3224   0.052823     0.2304     1.5182     1.9549          0     54.250  34.255501   995.7282      0.923     -0.260  0.000e+00
      0.907    30.3279   0.052798     0.2303     1.5471     1.9564          0     54.500  34.255503   995.7263      0.902     -0.220  0.000e+00
      0.885    30.3333   0.052759     0.2301     1.5786     1.9594          0     54.750  34.255506   995.7244      0.880     -0.166  0.000e+00
      0.885    30.3411   0.052747     0.2300     1.6472     1.9602          0     55.000  34.255509   995.7220      0.880     -0.126  0.000e+00
      0.972    30.3470   0.052747     0.2300     1.6767     1.9976          0     55.250  34.255512   995.7206      0.966     -0.066  0.000e+00
