public/post/ctd_rufiji/SBE19plus_01906740_2018_02_13_0931.cnv
* Sea-Bird SBE19plus  Data File:
* FileName = C:\Users\all user\Desktop\CTD tafiri 2018\SBE19plus_01906740_2018_02_13_0931.hex
* Software version 2.6.3.104
* Temperature SN = 6740
* Conductivity SN = 6740
* System UpLoad Time = Feb 13 2018 14:05:31
* <ApplicationData>
* <Seaterm232>
# nquan = 13
# nvalues = 379                                   
# units = specified
# name 0 = prdM: Pressure, Strain Gauge [db]
# name 1 = tv290C: Temperature [ITS-90, deg C]
# name 2 = c0S/m: Conductivity [S/m]
# name 3 = sal00: Salinity, Practical [PSU]
# name 4 = sbeox0ML/L: Oxygen, SBE 43 [ml/l]
# name 5 = flECO-AFL: Fluorescence, WET Labs ECO-AFL/FL [mg/m^3]
# name 6 = nbf: Bottles Fired
# name 7 = timeS: Time, Elapsed [seconds]
# name 8 = timeJ: Julian Days
# name 9 = density00: Density [density, kg/m^3]
# name 10 = depSM: Depth [salt water, m], lat = 0.00
# name 11 = dz/dtM: Descent Rate [m/s]
# name 12 = flag:  0.000e+00
# span 0 =      0.135,      4.449                 
# span 1 =    29.7786,    30.2362                 
# span 2 =   0.009209,   0.208508                 
# span 3 =     0.0455,     0.9549                 
# span 4 =     1.4811,     5.9359                 
# span 5 =    -0.0342,     2.5019                 
# span 6 =          0,          0                 
# span 7 =      0.000,     94.500                 
# span 8 =  34.430694,  34.431788                 
# span 9 =   995.6635,   996.3248                 
# span 10 =      0.134,      4.424                
# span 11 =     -0.466,      0.497                
# span 12 = 0.0000e+00, 0.0000e+00                
# interval = seconds: 0.25
# start_time = Feb 03 2018 10:20:12 [Instrument's time stamp, header]
# bad_flag = -9.990e-29
*END*
      0.480    29.8335   0.139900     0.6334     3.5693     2.5011          0      0.000  34.430694   996.1762      0.477 2.1053e-16  0.000e+00
      0.523    29.9468   0.175364     0.8001     3.3050     2.5004          0      0.250  34.430697   996.2669      0.520      0.012  0.000e+00
      0.610    30.0218   0.171713     0.7815     3.5989     2.4965          0      0.500  34.430700   996.2307      0.607      0.043  0.000e+00
      0.599    30.0710   0.177622     0.8089     4.7853     2.5019          0      0.750  34.430703   996.2362      0.596      0.063  0.000e+00
      0.577    30.1099   0.182482     0.8314     4.0166     2.3012          0      1.000  34.430706   996.2412      0.574      0.070  0.000e+00
      0.556    30.1420   0.182893     0.8328     4.4432     2.2982          0      1.250  34.430709   996.2324      0.553      0.064  0.000e+00
      0.567    30.1689   0.182173     0.8290     4.3340     2.2936          0      1.500  34.430712   996.2213      0.564      0.056  0.000e+00
      0.610    30.1857   0.181438     0.8252     3.9717     2.2951          0      1.750  34.430715   996.2136      0.607      0.054  0.000e+00
      0.664    30.1965   0.179850     0.8174     3.8409     2.2486          0      2.000  34.430718   996.2048      0.660      0.058  0.000e+00
      0.718    30.1711   0.180437     0.8206     4.4408     2.2455          0      2.250  34.430720   996.2151      0.714      0.064  0.000e+00
      0.750    30.1204   0.175536     0.7981     5.1969     2.2471          0      2.500  34.430723   996.2139      0.746      0.076  0.000e+00
      0.815    30.1110   0.182780     0.8328     4.7480     2.2516          0      2.750  34.430726   996.2429      0.811      0.120  0.000e+00
      0.859    30.1437   0.184322     0.8396     4.7688     2.2600          0      3.000  34.430729   996.2383      0.854      0.159  0.000e+00
      0.859    30.1750   0.184355     0.8392     3.5580     2.2593          0      3.250  34.430732   996.2285      0.854      0.172  0.000e+00
      0.891    30.1991   0.173849     0.7889     3.1493     2.2638          0      3.500  34.430735   996.1836      0.886      0.169  0.000e+00
      0.913    30.2164   0.164521     0.7444     3.0030     2.2600          0      3.750  34.430738   996.1452      0.908      0.152  0.000e+00
      0.924    30.2271   0.162090     0.7328     2.8206     2.2623          0      4.000  34.430741   996.1333      0.919      0.130  0.000e+00
      0.935    30.2321   0.161708     0.7309     2.6701     2.2387          0      4.250  34.430744   996.1304      0.929      0.108  0.000e+00
      0.967    30.2333   0.179205     0.8138     2.7241     2.2379          0      4.500  34.430747   996.1922      0.962      0.094  0.000e+00
      0.999    30.2345   0.184579     0.8393     3.0548     2.2394          0      4.750  34.430749   996.2110      0.994      0.083  0.000e+00
      1.032    30.2358   0.184750     0.8401     3.3577     2.2402          0      5.000  34.430752   996.2114      1.026      0.086  0.000e+00
      0.989    30.2362   0.185033     0.8415     3.6783     2.2226          0      5.250  34.430755   996.2121      0.983      0.077  0.000e+00
      0.999    30.2329   0.185377     0.8431     4.5099     2.2257          0      5.500  34.430758   996.2144      0.994      0.063  0.000e+00
      0.999    30.2278   0.185534     0.8440     5.4168     2.2280          0      5.750  34.430761   996.2166      0.994      0.050  0.000e+00
      1.010    30.2237   0.184994     0.8415     5.6187     2.2280          0      6.000  34.430764   996.2160      1.005      0.040  0.000e+00
      1.021    30.2210   0.184544     0.8394     4.7692     2.2242          0      6.250  34.430767   996.2153      1.015      0.030  0.000e+00
      1.064    30.2211   0.184763     0.8404     5.9359     2.2295          0      6.500  34.430770   996.2162      1.059      0.028  0.000e+00
      1.086    30.2198   0.185438     0.8437     4.4975     2.2257          0      6.750  34.430773   996.2191      1.080      0.035  0.000e+00
      1.065    30.2189   0.186251     0.8475     4.6329     2.2204          0      7.000  34.430775   996.2222      1.059      0.038  0.000e+00
      1.054    30.2202   0.186074     0.8467     4.6449     2.2417          0      7.250  34.430778   996.2211      1.048      0.046  0.000e+00
      1.000    30.2213   0.185296     0.8430     4.4901     2.2387          0      7.500  34.430781   996.2178      0.994      0.023  0.000e+00
      1.010    30.2260   0.184859     0.8408     3.9585     2.2425          0      7.750  34.430784   996.2148      1.005      0.005  0.000e+00
      1.021    30.2315   0.184502     0.8390     4.1511     2.2417          0      8.000  34.430787   996.2118      1.016     -0.010  0.000e+00
      1.075    30.2343   0.184181     0.8374     4.1297     2.2410          0      8.250  34.430790   996.2100      1.070     -0.009  0.000e+00
      1.119    30.2358   0.184049     0.8368     4.1532     2.2532          0      8.500  34.430793   996.2093      1.113      0.004  0.000e+00
      1.108    30.2348   0.184509     0.8390     4.2637     2.2478          0      8.750  34.430796   996.2112      1.102      0.021  0.000e+00
      1.097    30.2321   0.185463     0.8436     4.3352     2.2486          0      9.000  34.430799   996.2154      1.091      0.040  0.000e+00
      1.065    30.2293   0.186714     0.8496     3.6976     2.2478          0      9.250  34.430802   996.2206      1.059      0.042  0.000e+00
      1.043    30.2267   0.187203     0.8520     3.7552     2.2379          0      9.500  34.430804   996.2231      1.037      0.035  0.000e+00
      1.086    30.2264   0.186991     0.8510     3.7397     2.2341          0      9.750  34.430807   996.2226      1.080      0.022  0.000e+00
      1.087    30.2275   0.186817     0.8501     3.8527     2.2440          0     10.000  34.430810   996.2216      1.081      0.007  0.000e+00
      1.097    30.2295   0.186679     0.8494     2.8823     2.2417          0     10.250  34.430813   996.2205      1.091     -0.007  0.000e+00
      1.108    30.2304   0.186489     0.8485     2.8367     2.2387          0     10.500  34.430816   996.2196      1.102     -0.005  0.000e+00
      1.086    30.2298   0.186525     0.8487     3.0206     2.2440          0     10.750  34.430819   996.2198      1.080      0.004  0.000e+00
      1.086    30.2293   0.186316     0.8477     2.9743     2.2349          0     11.000  34.430822   996.2193      1.081      0.011  0.000e+00
      1.086    30.2288   0.186087     0.8466     2.9096     2.2371          0     11.250  34.430825   996.2186      1.080      0.016  0.000e+00
      1.086    30.2244   0.185927     0.8459     2.9167     2.2524          0     11.500  34.430828   996.2194      1.080      0.011  0.000e+00
      1.075    30.2201   0.185939     0.8460     2.5911     2.2501          0     11.750  34.430830   996.2208      1.070     -0.006  0.000e+00
      1.075    30.2066   0.185988     0.8465     2.5794     2.2493          0     12.000  34.430833   996.2252      1.070     -0.010  0.000e+00
      1.075    30.1634   0.185933     0.8470     2.7185     2.2509          0     12.250  34.430836   996.2388      1.070     -0.014  0.000e+00
      1.097    30.1286   0.185830     0.8471     2.5349     2.2471          0     12.500  34.430839   996.2495      1.091     -0.007  0.000e+00
      1.097    30.1072   0.185759     0.8471     2.3576     2.2524          0     12.750  34.430842   996.2560      1.091      0.003  0.000e+00
      1.097    30.0929   0.185830     0.8477     2.3764     2.2471          0     13.000  34.430845   996.2608      1.091      0.006  0.000e+00
      1.129    30.0972   0.185814     0.8475     2.4437     2.2478          0     13.250  34.430848   996.2595      1.123      0.018  0.000e+00
      1.097    30.1168   0.185782     0.8470     2.5883     2.2562          0     13.500  34.430851   996.2530      1.091      0.018  0.000e+00
      1.097    30.1344   0.185772     0.8467     2.6701     2.2440          0     13.750  34.430854   996.2475      1.091      0.017  0.000e+00
      1.076    30.1485   0.185775     0.8465     2.6408     2.2394          0     14.000  34.430856   996.2429      1.070      0.007  0.000e+00
      1.087    30.1586   0.185711     0.8460     2.6027     2.2364          0     14.250  34.430859   996.2395      1.081     -0.001  0.000e+00
      1.119    30.1638   0.185656     0.8456     2.5251     2.2394          0     14.500  34.430862   996.2378      1.113     -0.001  0.000e+00
      1.119    30.1665   0.185695     0.8458     2.5645     2.2234          0     14.750  34.430865   996.2371      1.113      0.003  0.000e+00
      1.119    30.1697   0.185894     0.8467     2.4916     2.2326          0     15.000  34.430868   996.2368      1.113      0.006  0.000e+00
      1.097    30.1770   0.186055     0.8473     2.3477     2.2211          0     15.250  34.430871   996.2350      1.091      0.002  0.000e+00
      1.108    30.1848   0.186023     0.8470     2.2914     2.2242          0     15.500  34.430874   996.2324      1.102      0.011  0.000e+00
      1.097    30.1888   0.185946     0.8466     2.2788     2.2249          0     15.750  34.430877   996.2308      1.091      0.008  0.000e+00
      1.108    30.1917   0.185840     0.8460     2.2300     2.2196          0     16.000  34.430880   996.2296      1.102      0.008  0.000e+00
      1.130    30.1949   0.185705     0.8453     2.4246     2.2112          0     16.250  34.430883   996.2282      1.124      0.006  0.000e+00
      1.119    30.1979   0.185611     0.8449     2.6787     2.2173          0     16.500  34.430885   996.2268      1.113      0.001  0.000e+00
      1.108    30.2005   0.185460     0.8441     2.8193     2.2158          0     16.750  34.430888   996.2254      1.102      0.001  0.000e+00
      1.097    30.2039   0.185267     0.8431     2.8125     2.2265          0     17.000  34.430891   996.2236      1.091      0.000  0.000e+00
      1.097    30.2063   0.185068     0.8421     2.6991     2.2280          0     17.250  34.430894   996.2222      1.091      0.000  0.000e+00
      1.108    30.2074   0.184920     0.8414     2.5867     2.2333          0     17.500  34.430897   996.2213      1.102     -0.003  0.000e+00
      1.119    30.2076   0.184814     0.8409     2.2425     2.2242          0     17.750  34.430900   996.2209      1.113 6.2925e-09  0.000e+00
      1.130    30.2074   0.184718     0.8404     2.0829     2.2394          0     18.000  34.430903   996.2207      1.124      0.001  0.000e+00
      1.141    30.2085   0.184618     0.8399     2.1368     2.2364          0     18.250  34.430906   996.2201      1.134      0.007  0.000e+00
      1.130    30.2104   0.184509     0.8394     2.2284     2.2356          0     18.500  34.430909   996.2190      1.124      0.015  0.000e+00
      1.119    30.2110   0.184425     0.8390     2.5649     2.2394          0     18.750  34.430911   996.2185      1.113      0.016  0.000e+00
      1.108    30.2112   0.184374     0.8387     2.6644     2.2211          0     19.000  34.430914   996.2182      1.102      0.011  0.000e+00
      1.130    30.2112   0.184425     0.8390     2.5554     2.2287          0     19.250  34.430917   996.2185      1.123      0.009  0.000e+00
      1.140    30.2062   0.184454     0.8392     2.3573     2.2265          0     19.500  34.430920   996.2202      1.134      0.006  0.000e+00
      1.129    30.2018   0.184390     0.8390     2.3681     2.2257          0     19.750  34.430923   996.2213      1.123      0.002  0.000e+00
      1.151    30.2013   0.184232     0.8382     2.3773     2.2211          0     20.000  34.430926   996.2210      1.145      0.006  0.000e+00
      1.151    30.2031   0.184152     0.8378     2.7864     2.2280          0     20.250  34.430929   996.2201      1.145      0.011  0.000e+00
      1.151    30.2051   0.184110     0.8376     2.1929     2.2226          0     20.500  34.430932   996.2194      1.145      0.018  0.000e+00
      1.129    30.2050   0.184149     0.8378     2.4548     2.2257          0     20.750  34.430935   996.2194      1.123      0.015  0.000e+00
      1.129    30.2049   0.184229     0.8381     2.4160     2.2242          0     21.000  34.430937   996.2197      1.123      0.009  0.000e+00
      1.129    30.2056   0.184239     0.8382     2.5083     2.2242          0     21.250  34.430940   996.2196      1.123     -0.002  0.000e+00
      1.119    30.2065   0.184207     0.8380     2.5268     2.2234          0     21.500  34.430943   996.2191      1.112     -0.010  0.000e+00
      1.119    30.2075   0.184171     0.8378     2.5125     2.2249          0     21.750  34.430946   996.2187      1.112     -0.014  0.000e+00
      1.129    30.2084   0.184126     0.8376     2.1752     2.2234          0     22.000  34.430949   996.2183      1.123     -0.017  0.000e+00
      1.173    30.2085   0.184117     0.8376     2.2076     2.2341          0     22.250  34.430952   996.2184      1.166     -0.001  0.000e+00
      1.183    30.2082   0.184110     0.8375     2.1101     2.2417          0     22.500  34.430955   996.2185      1.177      0.017  0.000e+00
      1.183    30.2069   0.184139     0.8377     2.1309     2.2394          0     22.750  34.430958   996.2190      1.177      0.032  0.000e+00
      1.162    30.2053   0.184136     0.8377     2.3260     2.2387          0     23.000  34.430961   996.2194      1.155      0.032  0.000e+00
      1.140    30.2041   0.184181     0.8379     2.5172     2.2097          0     23.250  34.430964   996.2199      1.134      0.024  0.000e+00
      1.129    30.2030   0.184184     0.8380     2.2140     2.2143          0     23.500  34.430966   996.2202      1.123      0.012  0.000e+00
      1.151    30.2015   0.184072     0.8375     2.3235     2.2135          0     23.750  34.430969   996.2204      1.145      0.003  0.000e+00
      1.162    30.1992   0.184056     0.8374     2.4464     2.2165          0     24.000  34.430972   996.2211      1.156     -0.006  0.000e+00
      1.173    30.1967   0.184052     0.8374     2.2649     2.2112          0     24.250  34.430975   996.2219      1.166     -0.011  0.000e+00
      1.183    30.1826   0.184069     0.8378     2.7061     2.2356          0     24.500  34.430978   996.2265      1.177     -0.001  0.000e+00
      1.162    30.1675   0.184142     0.8384     2.0284     2.2349          0     24.750  34.430981   996.2314      1.155      0.005  0.000e+00
      1.129    30.1650   0.184335     0.8393     2.0591     2.2410          0     25.000  34.430984   996.2328      1.123      0.004  0.000e+00
      1.119    30.1682   0.184416     0.8396     1.8830     2.2379          0     25.250  34.430987   996.2320      1.112     -0.003  0.000e+00
      1.140    30.1749   0.184364     0.8393     2.3004     2.2120          0     25.500  34.430990   996.2298      1.134     -0.009  0.000e+00
      1.140    30.1793   0.184210     0.8385     1.9884     2.2181          0     25.750  34.430992   996.2278      1.134     -0.018  0.000e+00
      1.151    30.1819   0.184255     0.8387     2.3433     2.2135          0     26.000  34.430995   996.2272      1.145     -0.018  0.000e+00
      1.162    30.1783   0.184239     0.8386     1.8802     2.2097          0     26.250  34.430998   996.2284      1.155     -0.012  0.000e+00
      1.129    30.1598   0.184249     0.8390     2.2825     2.2364          0     26.500  34.431001   996.2341      1.123     -0.010  0.000e+00
      1.162    30.1444   0.184220     0.8391     2.0795     2.2379          0     26.750  34.431004   996.2390      1.155      0.006  0.000e+00
      1.151    30.1381   0.184204     0.8391     2.2723     2.2356          0     27.000  34.431007   996.2409      1.144      0.014  0.000e+00
      1.162    30.1383   0.184187     0.8391     2.2195     2.2394          0     27.250  34.431010   996.2408      1.155      0.015  0.000e+00
      1.194    30.1418   0.184152     0.8388     2.0483     2.2028          0     27.500  34.431013   996.2398      1.188      0.019  0.000e+00
