public/post/ctd_rufiji/SBE19plus_01906740_2018_02_13_0916.cnv
* Sea-Bird SBE19plus  Data File:
* FileName = C:\Users\all user\Desktop\CTD tafiri 2018\SBE19plus_01906740_2018_02_13_0916.hex
* Software version 2.6.3.104
* Temperature SN = 6740
* Conductivity SN = 6740
* System UpLoad Time = Feb 13 2018 14:03:11
* <ApplicationData>
* <Seaterm232>
# nquan = 13
# nvalues = 314                                   
# units = specified
# name 0 = prdM: Pressure, Strain Gauge [db]
# name 1 = tv290C: Temperature [ITS-90, deg C]
# name 2 = c0S/m: Conductivity [S/m]
# name 3 = sal00: Salinity, Practical [PSU]
# name 4 = sbeox0ML/L: Oxygen, SBE 43 [ml/l]
# name 5 = flECO-AFL: Fluorescence, WET Labs ECO-AFL/FL [mg/m^3]
# name 6 = nbf: Bottles Fired
# name 7 = timeS: Time, Elapsed [seconds]
# name 8 = timeJ: Julian Days
# name 9 = density00: Density [density, kg/m^3]
# name 10 = depSM: Depth [salt water, m], lat = 0.00
# name 11 = dz/dtM: Descent Rate [m/s]
# name 12 = flag:  0.000e+00
# span 0 =      0.160,      4.743                 
# span 1 =    29.7203,    30.9090                 
# span 2 =   0.000785,   0.012428                 
# span 3 =     0.0147,     0.0578                 
# span 4 =     0.5410,     6.8557                 
# span 5 =    -0.0342,     1.8885                 
# span 6 =          0,          0                 
# span 7 =      0.000,     78.250                 
# span 8 =  34.294641,  34.295547                 
# span 9 =   995.4148,   995.7452                 
# span 10 =      0.159,      4.717                
# span 11 =     -0.569,      0.483                
# span 12 = 0.0000e+00, 0.0000e+00                
# interval = seconds: 0.25
# start_time = Feb 03 2018 07:04:17 [Instrument's time stamp, header]
# bad_flag = -9.990e-29
*END*
[from data line 223]
      4.732    30.9068   0.012401     0.0575     2.4733     1.4124          0     55.750  34.295286   995.4358      4.706      0.005  0.000e+00
      4.743    30.9074   0.012401     0.0575     2.4618     1.4154          0     56.000  34.295289   995.4357      4.717      0.009  0.000e+00
      4.711    30.9073   0.012407     0.0575     2.4587     1.4238          0     56.250  34.295292   995.4356      4.685      0.003  0.000e+00
      4.743    30.9074   0.012401     0.0575     2.4535     1.4277          0     56.500  34.295295   995.4357      4.717      0.009  0.000e+00
      4.743    30.9076   0.012407     0.0575     2.4488     1.4200          0     56.750  34.295298   995.4356      4.717      0.017  0.000e+00
      4.732    30.9079   0.012407     0.0575     2.4518     1.4193          0     57.000  34.295301   995.4355      4.706      0.014  0.000e+00
      4.743    30.9070   0.012401     0.0575     2.4581     1.4315          0     57.250  34.295304   995.4358      4.717      0.012  0.000e+00
      4.733    30.9051   0.012395     0.0575     2.4608     1.4711          0     57.500  34.295307   995.4363      4.706      0.006  0.000e+00
      4.743    30.9034   0.012389     0.0575     2.4614     1.4696          0     57.750  34.295310   995.4369      4.717      0.004  0.000e+00
      4.733    30.9023   0.012395     0.0575     2.4629     1.4742          0     58.000  34.295313   995.4372      4.706      0.002  0.000e+00
      4.743    30.9015   0.012401     0.0575     2.4633     1.4696          0     58.250  34.295315   995.4375      4.717      0.006  0.000e+00
      4.722    30.9010   0.012395     0.0575     2.4621     1.4368          0     58.500  34.295318   995.4375      4.696     -0.006  0.000e+00
      4.679    30.9007   0.012395     0.0575     2.4572     1.4399          0     58.750  34.295321   995.4374      4.653     -0.019  0.000e+00
      4.538    30.9002   0.012395     0.0575     2.4548     1.4383          0     59.000  34.295324   995.4370      4.513     -0.066  0.000e+00
      4.354    30.9000   0.012389     0.0575     2.4417     1.4406          0     59.250  34.295327   995.4362      4.330     -0.152  0.000e+00
      4.235    30.9001   0.012389     0.0575     2.4292     1.3964          0     59.500  34.295330   995.4356      4.212     -0.241  0.000e+00
      4.117    30.8999   0.012386     0.0575     2.4175     1.3987          0     59.750  34.295333   995.4352      4.094     -0.331  0.000e+00
      4.127    30.8988   0.012389     0.0575     2.4108     1.3971          0     60.000  34.295336   995.4356      4.105     -0.373  0.000e+00
      4.181    30.8982   0.012383     0.0574     2.3998     1.4071          0     60.250  34.295339   995.4360      4.158     -0.364  0.000e+00
      4.203    30.8970   0.012386     0.0575     2.3858     1.4002          0     60.500  34.295341   995.4365      4.180     -0.308  0.000e+00
      4.235    30.8962   0.012386     0.0575     2.3788     1.4025          0     60.750  34.295344   995.4368      4.212     -0.216  0.000e+00
      4.235    30.8949   0.012377     0.0574     2.3612     1.4002          0     61.000  34.295347   995.4372      4.212     -0.105  0.000e+00
      4.149    30.8743   0.012374     0.0574     2.3516     1.4040          0     61.250  34.295350   995.4432      4.126     -0.034  0.000e+00
      3.965    30.8228   0.012380     0.0575     2.3430     1.4071          0     61.500  34.295353   995.4584      3.943     -0.048  0.000e+00
      3.695    30.7755   0.012389     0.0576     2.3355     1.4009          0     61.750  34.295356   995.4718      3.675     -0.147  0.000e+00
      3.468    30.7560   0.012389     0.0576     2.3388     1.4048          0     62.000  34.295359   995.4769      3.449     -0.311  0.000e+00
      3.403    30.7505   0.012386     0.0576     2.3515     1.4055          0     62.250  34.295362   995.4783      3.384     -0.445  0.000e+00
      3.381    30.7487   0.012389     0.0576     2.3684     1.3971          0     62.500  34.295365   995.4787      3.363     -0.518  0.000e+00
      3.403    30.7477   0.012383     0.0576     2.3931     1.4261          0     62.750  34.295367   995.4791      3.384     -0.525  0.000e+00
      3.446    30.7473   0.012380     0.0575     2.4140     1.4269          0     63.000  34.295370   995.4794      3.427     -0.457  0.000e+00
      3.489    30.7475   0.012380     0.0575     2.4383     1.4284          0     63.250  34.295373   995.4796      3.470     -0.324  0.000e+00
      3.468    30.7486   0.012374     0.0575     2.4579     1.4330          0     63.500  34.295376   995.4791      3.449     -0.177  0.000e+00
      3.435    30.7507   0.012377     0.0575     2.4705     1.4414          0     63.750  34.295379   995.4783      3.416     -0.053  0.000e+00
      3.284    30.7540   0.012380     0.0575     2.4747     1.4338          0     64.000  34.295382   995.4766      3.266     -0.025  0.000e+00
      3.003    30.7530   0.012386     0.0576     2.4776     1.4452          0     64.250  34.295385   995.4757      2.987     -0.120  0.000e+00
      2.744    30.7513   0.012383     0.0576     2.4747     1.4399          0     64.500  34.295388   995.4751      2.729     -0.275  0.000e+00
      2.603    30.7507   0.012389     0.0576     2.4656     1.4154          0     64.750  34.295391   995.4747      2.589     -0.431  0.000e+00
      2.571    30.7501   0.012389     0.0576     2.4569     1.4162          0     65.000  34.295394   995.4747      2.557     -0.536  0.000e+00
      2.581    30.7558   0.012389     0.0576     2.4454     1.4154          0     65.250  34.295396   995.4730      2.567     -0.569  0.000e+00
      2.625    30.7728   0.012389     0.0576     2.4318     1.4101          0     65.500  34.295399   995.4679      2.610     -0.517  0.000e+00
      2.635    30.7949   0.012389     0.0575     2.4187     1.4124          0     65.750  34.295402   995.4611      2.621     -0.413  0.000e+00
      2.679    30.8181   0.012401     0.0576     2.4078     1.4467          0     66.000  34.295405   995.4542      2.664     -0.252  0.000e+00
      2.668    30.8389   0.012407     0.0576     2.3966     1.4536          0     66.250  34.295408   995.4477      2.653     -0.094  0.000e+00
      2.603    30.8545   0.012395     0.0575     2.3853     1.4505          0     66.500  34.295411   995.4425      2.589     -0.007  0.000e+00
      2.387    30.8668   0.012407     0.0576     2.3831     1.4544          0     66.750  34.295414   995.4378      2.374     -0.036  0.000e+00
      2.138    30.8766   0.012407     0.0576     2.3773     1.4383          0     67.000  34.295417   995.4336      2.126     -0.155  0.000e+00
      1.954    30.8834   0.012413     0.0576     2.3838     1.4399          0     67.250  34.295420   995.4307      1.943     -0.303  0.000e+00
      1.846    30.8879   0.012407     0.0575     2.3965     1.4391          0     67.500  34.295422   995.4289      1.836     -0.435  0.000e+00
      1.846    30.8899   0.012407     0.0575     2.4175     1.4368          0     67.750  34.295425   995.4282      1.836     -0.503  0.000e+00
      1.868    30.8927   0.012413     0.0576     2.4435     1.4277          0     68.000  34.295428   995.4275      1.857     -0.510  0.000e+00
      1.900    30.8963   0.012413     0.0576     2.4737     1.4254          0     68.250  34.295431   995.4265      1.890     -0.443  0.000e+00
      1.933    30.8989   0.012407     0.0575     2.5041     1.4231          0     68.500  34.295434   995.4258      1.922     -0.319  0.000e+00
      1.933    30.9006   0.012413     0.0576     2.5284     1.4307          0     68.750  34.295437   995.4253      1.922     -0.168  0.000e+00
      1.922    30.9016   0.012413     0.0576     2.5535     1.4551          0     69.000  34.295440   995.4250      1.911     -0.047  0.000e+00
      1.835    30.9023   0.012416     0.0576     2.5666     1.4650          0     69.250  34.295443   995.4243      1.825     -0.001  0.000e+00
      1.608    30.9036   0.012416     0.0576     2.5778     1.4627          0     69.500  34.295446   995.4229      1.600     -0.056  0.000e+00
      1.382    30.9049   0.012413     0.0576     2.5848     1.4666          0     69.750  34.295448   995.4215      1.374     -0.185  0.000e+00
      1.176    30.9055   0.012416     0.0576     2.5923     1.4658          0     70.000  34.295451   995.4204      1.170     -0.338  0.000e+00
      1.079    30.9064   0.012413     0.0576     2.6033     1.3941          0     70.250  34.295454   995.4197      1.073     -0.465  0.000e+00
      1.090    30.9069   0.012422     0.0576     2.6223     1.3994          0     70.500  34.295457   995.4196      1.084     -0.525  0.000e+00
      1.122    30.9076   0.012416     0.0576     2.6477     1.4032          0     70.750  34.295460   995.4195      1.116     -0.512  0.000e+00
      1.144    30.9086   0.012416     0.0576     2.6513     1.4017          0     71.000  34.295463   995.4193      1.138     -0.440  0.000e+00
      1.166    30.9090   0.012416     0.0576     2.6524     1.4528          0     71.250  34.295466   995.4193      1.159     -0.312  0.000e+00
      1.176    30.9090   0.012422     0.0576     2.6489     1.4566          0     71.500  34.295469   995.4194      1.170     -0.160  0.000e+00
      1.176    30.9088   0.012416     0.0576     2.6490     1.4498          0     71.750  34.295472   995.4194      1.170     -0.039  0.000e+00
      1.198    30.9080   0.012422     0.0576     2.6399     1.4559          0     72.000  34.295475   995.4198      1.192      0.040  0.000e+00
      1.122    30.9075   0.012407     0.0575     2.6355     1.4185          0     72.250  34.295477   995.4196      1.116      0.043  0.000e+00
      0.960    30.9073   0.012401     0.0575     2.9935     1.4277          0     72.500  34.295480   995.4189      0.955     -0.026  0.000e+00
      0.766    30.9079   0.012416     0.0576     2.4921     1.4261          0     72.750  34.295483   995.4179      0.761     -0.136  0.000e+00
      0.614    30.9066   0.012401     0.0575     2.4400     1.4200          0     73.000  34.295486   995.4175      0.611     -0.254  0.000e+00
      0.549    30.8941   0.012401     0.0575     2.3558     1.4238          0     73.250  34.295489   995.4211      0.546     -0.347  0.000e+00
      0.528    30.8724   0.012401     0.0575     2.3715     1.3758          0     73.500  34.295492   995.4278      0.525     -0.400  0.000e+00
      0.614    30.8502   0.012401     0.0576     2.4350     1.3811          0     73.750  34.295495   995.4350      0.611     -0.383  0.000e+00
      0.658    30.8344   0.012395     0.0575     2.4422     1.3773          0     74.000  34.295498   995.4401      0.654     -0.318  0.000e+00
      0.690    30.8255   0.012395     0.0575     2.4141     1.3819          0     74.250  34.295501   995.4430      0.686     -0.202  0.000e+00
      0.722    30.8205   0.012395     0.0576     2.7402     1.4841          0     74.500  34.295503   995.4447      0.718     -0.068  0.000e+00
      0.755    30.8174   0.012395     0.0576     2.6116     1.4925          0     74.750  34.295506   995.4458      0.751      0.046  0.000e+00
      0.744    30.8154   0.012389     0.0575     2.5792     1.4910          0     75.000  34.295509   995.4464      0.740      0.107  0.000e+00
      0.711    30.8145   0.012413     0.0576     2.6202     1.4917          0     75.250  34.295512   995.4466      0.707      0.109  0.000e+00
      0.571    30.8143   0.012395     0.0576     2.6789     1.4109          0     75.500  34.295515   995.4459      0.568      0.047  0.000e+00
      0.398    30.8186   0.012407     0.0576     2.9475     1.4170          0     75.750  34.295518   995.4439      0.396     -0.071  0.000e+00
      0.236    30.8250   0.012401     0.0576     2.5639     1.4124          0     76.000  34.295521   995.4412      0.234     -0.194  0.000e+00
      0.160    30.8291   0.012395     0.0575     2.5496     1.4101          0     76.250  34.295524   995.4395      0.159     -0.298  0.000e+00
      0.171    30.8259   0.009265     0.0452     2.8465     1.8847          0     76.500  34.295527   995.4313      0.170     -0.355  0.000e+00
      0.160    30.8165   0.002263     0.0194     3.2777     1.8808          0     76.750  34.295530   995.4148      0.159     -0.369  0.000e+00
      0.171    30.7560   0.001576     0.0172     3.2803     1.8869          0     77.000  34.295532   995.4318      0.170     -0.332  0.000e+00
      0.171    30.6008   0.001395     0.0166     2.9227     1.8885          0     77.250  34.295535   995.4792      0.170     -0.260  0.000e+00
      0.160    30.4001   0.001428     0.0166     2.9144     1.8808          0     77.500  34.295538   995.5407      0.159     -0.164  0.000e+00
      0.171    30.1836   0.001025     0.0154     3.3540    -0.0220          0     77.750  34.295541   995.6057      0.170     -0.074  0.000e+00
      0.171    29.9535   0.000785     0.0147     3.2908    -0.0143          0     78.000  34.295544   995.6748      0.170     -0.016  0.000e+00
      0.203    29.7203   0.000883     0.0149     3.2941    -0.0174          0     78.250  34.295547   995.7452      0.202      0.012  0.000e+00
