public/post/ctd_rufiji/SBE19plus_01906740_2018_02_13_0885.cnv
* Sea-Bird SBE19plus  Data File:
* FileName = C:\Users\all user\Desktop\CTD tafiri 2018\SBE19plus_01906740_2018_02_13_0885.hex
* Software version 2.6.3.104
* Temperature SN = 6740
* Conductivity SN = 6740
* System UpLoad Time = Feb 13 2018 13:57:46
* <ApplicationData>
* <Seaterm232>
# nquan = 13
# nvalues = 616                                   
# units = specified
# name 0 = prdM: Pressure, Strain Gauge [db]
# name 1 = tv290C: Temperature [ITS-90, deg C]
# name 2 = c0S/m: Conductivity [S/m]
# name 3 = sal00: Salinity, Practical [PSU]
# name 4 = sbeox0ML/L: Oxygen, SBE 43 [ml/l]
# name 5 = flECO-AFL: Fluorescence, WET Labs ECO-AFL/FL [mg/m^3]
# name 6 = nbf: Bottles Fired
# name 7 = timeS: Time, Elapsed [seconds]
# name 8 = timeJ: Julian Days
# name 9 = density00: Density [density, kg/m^3]
# name 10 = depSM: Depth [salt water, m], lat = 0.00
# name 11 = dz/dtM: Descent Rate [m/s]
# name 12 = flag:  0.000e+00
# span 0 =      0.042,      5.987                 
# span 1 =    29.1546,    31.9237                 
# span 2 =   0.008290,   3.870001                 
# span 3 =     0.0419,    21.9279                 
# span 4 =     2.0832,    12.9704                 
# span 5 =    -0.0746,     3.4571                 
# span 6 =          0,          0                 
# span 7 =      0.000,    153.750                 
# span 8 =  33.720394,  33.722173                 
# span 9 =   995.7729,  1011.8449                 
# span 10 =      0.042,      5.954                
# span 11 =     -0.448,      0.339                
# span 12 = 0.0000e+00, 0.0000e+00                
# interval = seconds: 0.25
# start_time = Feb 02 2018 17:17:22 [Instrument's time stamp, header]
# bad_flag = -9.990e-29
*END*
[from data line 445]
      5.825    30.4319   3.866281    21.9065     3.4351     3.2770          0    111.250  33.721681  1011.8277      5.793     -0.025  0.000e+00
      5.825    30.4315   3.862399    21.8824     3.0434     3.2694          0    111.500  33.721684  1011.8099      5.793     -0.034  0.000e+00
      5.781    30.4311   3.865198    21.9001     3.0060     3.3556          0    111.750  33.721687  1011.8230      5.750     -0.045  0.000e+00
      5.814    30.4310   3.844542    21.7706     3.0026     3.3572          0    112.000  33.721690  1011.7268      5.782     -0.040  0.000e+00
      5.825    30.4311   3.866209    21.9064     3.0043     3.3617          0    112.250  33.721693  1011.8279      5.793     -0.033  0.000e+00
      5.825    30.4316   3.866313    21.9069     3.0243     3.3579          0    112.500  33.721696  1011.8281      5.793     -0.018  0.000e+00
      5.846    30.4318   3.865879    21.9040     3.0749     3.2900          0    112.750  33.721698  1011.8260      5.814      0.002  0.000e+00
      5.857    30.4316   3.865807    21.9037     3.1380     3.3015          0    113.000  33.721701  1011.8259      5.825      0.016  0.000e+00
      5.868    30.4314   3.865270    21.9004     3.2105     3.2984          0    113.250  33.721704  1011.8235      5.836      0.027  0.000e+00
      5.890    30.4315   3.865412    21.9013     3.3098     3.2931          0    113.500  33.721707  1011.8242      5.857      0.042  0.000e+00
      5.857    30.4314   3.730680    21.0582     3.3530     3.3533          0    113.750  33.721710  1011.1968      5.825      0.043  0.000e+00
      5.836    30.4317   3.837742    21.7277     3.3421     3.3541          0    114.000  33.721713  1011.6948      5.803      0.022  0.000e+00
      5.814    30.4320   3.824465    21.6444     3.3468     3.3564          0    114.250  33.721716  1011.6326      5.782      0.003  0.000e+00
      5.803    30.4322   3.832470    21.6944     3.3517     3.3572          0    114.500  33.721719  1011.6697      5.771     -0.016  0.000e+00
      5.771    30.4326   3.861460    21.8760     3.3332     3.3533          0    114.750  33.721722  1011.8045      5.739     -0.042  0.000e+00
      5.749    30.4337   3.859173    21.8612     3.3219     3.2183          0    115.000  33.721725  1011.7931      5.717     -0.063  0.000e+00
      5.771    30.4344   3.859413    21.8623     3.3048     3.2114          0    115.250  33.721727  1011.7938      5.739     -0.068  0.000e+00
      5.814    30.4349   3.867058    21.9100     3.2868     3.2107          0    115.500  33.721730  1011.8293      5.782     -0.052  0.000e+00
      5.890    30.4356   3.868186    21.9168     3.2491     3.2114          0    115.750  33.721733  1011.8345      5.857     -0.005  0.000e+00
      5.955    30.4347   3.867292    21.9116     3.2373     3.1931          0    116.000  33.721736  1011.8311      5.922      0.048  0.000e+00
      5.922    30.4338   3.868491    21.9195     3.2303     3.1908          0    116.250  33.721739  1011.8372      5.889      0.079  0.000e+00
      5.911    30.4330   3.868400    21.9193     3.2423     3.1916          0    116.500  33.721742  1011.8372      5.879      0.094  0.000e+00
      5.879    30.4319   3.868588    21.9210     3.2371     3.1893          0    116.750  33.721745  1011.8387      5.846      0.091  0.000e+00
      5.868    30.4314   3.868802    21.9226     3.2433     3.3602          0    117.000  33.721748  1011.8400      5.836      0.068  0.000e+00
      5.857    30.4318   3.868847    21.9227     3.2570     3.3503          0    117.250  33.721751  1011.8399      5.825      0.029  0.000e+00
      5.857    30.4326   3.868685    21.9213     3.2656     3.3549          0    117.500  33.721753  1011.8386      5.825     -0.009  0.000e+00
      5.890    30.4331   3.868608    21.9205     3.2860     3.3617          0    117.750  33.721756  1011.8380      5.857     -0.031  0.000e+00
      5.933    30.4353   3.868659    21.9199     3.2895     3.3358          0    118.000  33.721759  1011.8371      5.900     -0.021  0.000e+00
      5.954    30.4372   3.868899    21.9206     3.2943     3.3366          0    118.250  33.721762  1011.8370      5.922      0.014  0.000e+00
      5.987    30.4369   3.868847    21.9203     3.2972     3.3282          0    118.500  33.721765  1011.8371      5.954      0.046  0.000e+00
      5.965    30.4364   3.868776    21.9201     3.3080     3.3312          0    118.750  33.721768  1011.8370      5.932      0.065  0.000e+00
      5.944    30.4361   3.868919    21.9212     3.3175     3.3343          0    119.000  33.721771  1011.8378      5.911      0.063  0.000e+00
      5.922    30.4353   3.868964    21.9218     3.3079     3.4533          0    119.250  33.721774  1011.8384      5.889      0.048  0.000e+00
      5.900    30.4335   3.868919    21.9224     3.3159     3.4502          0    119.500  33.721777  1011.8393      5.868      0.020  0.000e+00
      5.911    30.4326   3.868945    21.9229     3.3148     3.4571          0    119.750  33.721780  1011.8400      5.879     -0.008  0.000e+00
      5.954    30.4322   3.868847    21.9225     3.3113     3.4556          0    120.000  33.721782  1011.8401      5.922     -0.017  0.000e+00
      5.933    30.4318   3.868757    21.9221     3.3204     3.3984          0    120.250  33.721785  1011.8398      5.900     -0.022  0.000e+00
      5.944    30.4317   3.868705    21.9218     3.3218     3.3961          0    120.500  33.721788  1011.8397      5.911     -0.017  0.000e+00
      5.922    30.4319   3.868783    21.9222     3.3206     3.3961          0    120.750  33.721791  1011.8398      5.890     -0.006  0.000e+00
      5.901    30.4316   3.868873    21.9229     3.3146     3.3945          0    121.000  33.721794  1011.8404      5.868     -0.004  0.000e+00
      5.922    30.4315   3.868828    21.9227     3.3203     3.3121          0    121.250  33.721797  1011.8403      5.890      0.001  0.000e+00
      5.965    30.4319   3.868517    21.9205     3.3061     3.3114          0    121.500  33.721800  1011.8388      5.932      0.012  0.000e+00
      5.944    30.4326   3.868400    21.9195     3.3043     3.3060          0    121.750  33.721803  1011.8376      5.911      0.007  0.000e+00
      5.955    30.4328   3.867791    21.9156     3.3051     3.3091          0    122.000  33.721806  1011.8347      5.922      0.005  0.000e+00
      5.912    30.4325   3.867927    21.9166     3.3085     3.3045          0    122.250  33.721808  1011.8354      5.879      0.004  0.000e+00
      5.890    30.4322   3.868095    21.9178     3.3215     3.3274          0    122.500  33.721811  1011.8363      5.857     -0.008  0.000e+00
      5.836    30.4320   3.866916    21.9105     3.3350     3.3343          0    122.750  33.721814  1011.8307      5.804     -0.027  0.000e+00
      5.814    30.4310   3.865905    21.9045     3.3348     3.3259          0    123.000  33.721817  1011.8265      5.782     -0.053  0.000e+00
      5.836    30.4301   3.862963    21.8865     3.3315     3.3327          0    123.250  33.721820  1011.8135      5.804     -0.072  0.000e+00
      5.857    30.4299   3.866494    21.9088     3.3243     3.2313          0    123.500  33.721823  1011.8302      5.825     -0.074  0.000e+00
      5.879    30.4297   3.866916    21.9115     3.3095     3.2328          0    123.750  33.721826  1011.8324      5.847     -0.052  0.000e+00
      5.846    30.4291   3.867506    21.9154     3.3040     3.2320          0    124.000  33.721829  1011.8354      5.814     -0.040  0.000e+00
      5.857    30.4288   3.868258    21.9203     3.2904     3.2328          0    124.250  33.721832  1011.8391      5.825     -0.015  0.000e+00
      5.879    30.4283   3.868309    21.9208     3.2912     3.1863          0    124.500  33.721834  1011.8398      5.846      0.009  0.000e+00
      5.890    30.4277   3.868284    21.9210     3.2926     3.1962          0    124.750  33.721837  1011.8401      5.857      0.029  0.000e+00
      5.890    30.4265   3.868309    21.9216     3.2900     3.1885          0    125.000  33.721840  1011.8410      5.857      0.032  0.000e+00
      5.911    30.4263   3.868225    21.9212     3.2959     3.1878          0    125.250  33.721843  1011.8409      5.879      0.030  0.000e+00
      5.955    30.4261   3.868258    21.9215     3.3055     3.2450          0    125.500  33.721846  1011.8413      5.922      0.040  0.000e+00
      5.944    30.4258   3.868258    21.9216     3.3123     3.2488          0    125.750  33.721849  1011.8415      5.911      0.047  0.000e+00
      5.922    30.4255   3.868400    21.9227     3.3039     3.2473          0    126.000  33.721852  1011.8423      5.890      0.049  0.000e+00
      5.879    30.4248   3.868329    21.9225     3.2982     3.2450          0    126.250  33.721855  1011.8422      5.846      0.026  0.000e+00
      5.846    30.4250   3.868309    21.9223     3.2981     3.2496          0    126.500  33.721858  1011.8418      5.814     -0.004  0.000e+00
      5.803    30.4252   3.868134    21.9211     3.2981     3.2030          0    126.750  33.721861  1011.8407      5.771     -0.038  0.000e+00
      5.803    30.4250   3.868186    21.9215     3.2995     3.2007          0    127.000  33.721863  1011.8411      5.771     -0.064  0.000e+00
      5.803    30.4237   3.868167    21.9220     3.2958     3.2023          0    127.250  33.721866  1011.8419      5.771     -0.083  0.000e+00
      5.803    30.4217   3.868284    21.9236     3.2888     3.2061          0    127.500  33.721869  1011.8438      5.771     -0.089  0.000e+00
      5.868    30.4202   3.868238    21.9240     3.2986     2.9154          0    127.750  33.721872  1011.8448      5.836     -0.057  0.000e+00
      5.933    30.4199   3.868167    21.9237     3.3001     2.9024          0    128.000  33.721875  1011.8449      5.900     -0.005  0.000e+00
      5.933    30.4194   3.867972    21.9227     3.2943     2.9131          0    128.250  33.721878  1011.8444      5.900      0.040  0.000e+00
      5.879    30.4185   3.867836    21.9222     3.2901     2.9108          0    128.500  33.721881  1011.8441      5.846      0.056  0.000e+00
      5.868    30.4187   3.867460    21.9198     3.2844     2.8727          0    128.750  33.721884  1011.8421      5.836      0.058  0.000e+00
      5.825    30.4200   3.867460    21.9192     3.2910     2.8719          0    129.000  33.721887  1011.8411      5.793      0.033  0.000e+00
      5.803    30.4204   3.867532    21.9195     3.2957     2.8734          0    129.250  33.721889  1011.8411      5.771      0.001  0.000e+00
      5.749    30.4205   3.867292    21.9180     3.2952     2.8734          0    129.500  33.721892  1011.8397      5.717     -0.046  0.000e+00
      5.727    30.4205   3.867415    21.9187     3.2884     2.7781          0    129.750  33.721895  1011.8402      5.696     -0.095  0.000e+00
      5.684    30.4205   3.867389    21.9186     3.2926     2.7750          0    130.000  33.721898  1011.8398      5.653     -0.129  0.000e+00
      5.652    30.4201   3.867344    21.9185     3.2902     2.7735          0    130.250  33.721901  1011.8398      5.621     -0.138  0.000e+00
      5.673    30.4200   3.867292    21.9182     3.2906     2.7834          0    130.500  33.721904  1011.8397      5.642     -0.122  0.000e+00
      5.706    30.4198   3.867292    21.9183     3.2943     2.7735          0    130.750  33.721907  1011.8400      5.674     -0.098  0.000e+00
      5.706    30.4201   3.867084    21.9168     3.2864     2.7323          0    131.000  33.721910  1011.8388      5.674     -0.066  0.000e+00
      5.695    30.4206   3.866786    21.9147     3.2811     2.7277          0    131.250  33.721913  1011.8370      5.664     -0.041  0.000e+00
      5.706    30.4215   3.866469    21.9124     3.2912     2.7331          0    131.500  33.721916  1011.8350      5.674     -0.011  0.000e+00
      5.684    30.4226   3.865833    21.9079     3.2877     2.7270          0    131.750  33.721918  1011.8312      5.653      0.001  0.000e+00
      5.598    30.4247   3.865483    21.9048     3.2811     2.7422          0    132.000  33.721921  1011.8278      5.567     -0.013  0.000e+00
      5.565    30.4268   3.865717    21.9053     3.2737     2.7392          0    132.250  33.721924  1011.8274      5.535     -0.041  0.000e+00
      5.554    30.4272   3.866119    21.9076     3.2900     2.7407          0    132.500  33.721927  1011.8289      5.524     -0.075  0.000e+00
      5.533    30.4261   3.866106    21.9081     3.2884     2.7437          0    132.750  33.721930  1011.8295      5.502     -0.101  0.000e+00
      5.425    30.4255   3.865807    21.9065     3.2945     2.4683          0    133.000  33.721933  1011.8281      5.395     -0.136  0.000e+00
      5.273    30.4259   3.865341    21.9034     3.2842     2.4775          0    133.250  33.721936  1011.8250      5.244     -0.192  0.000e+00
      5.111    30.4275   3.865101    21.9012     3.2791     2.4759          0    133.500  33.721939  1011.8222      5.083     -0.266  0.000e+00
      4.971    30.4297   3.864537    21.8967     3.2771     2.4790          0    133.750  33.721942  1011.8175      4.943     -0.335  0.000e+00
      4.895    30.4317   3.863526    21.8895     3.2778     2.6606          0    134.000  33.721944  1011.8111      4.868     -0.383  0.000e+00
      4.830    30.4347   3.863410    21.8874     3.2814     2.6621          0    134.250  33.721947  1011.8083      4.803     -0.424  0.000e+00
      4.743    30.4368   3.863384    21.8863     3.2804     2.6575          0    134.500  33.721950  1011.8064      4.717     -0.448  0.000e+00
      4.678    30.4380   3.863267    21.8851     3.2801     2.6591          0    134.750  33.721953  1011.8048      4.653     -0.438  0.000e+00
      4.560    30.4384   3.862399    21.8795     3.2826     2.6507          0    135.000  33.721956  1011.8000      4.535     -0.408  0.000e+00
      4.430    30.4392   3.861362    21.8727     3.2819     2.5690          0    135.250  33.721959  1011.7941      4.405     -0.384  0.000e+00
      4.278    30.4409   3.859225    21.8585     3.2785     2.5820          0    135.500  33.721962  1011.7823      4.255     -0.385  0.000e+00
      4.192    30.4458   3.852576    21.8147     3.2772     2.5767          0    135.750  33.721965  1011.7477      4.169     -0.396  0.000e+00
      4.095    30.4555   3.848596    21.7855     3.2815     2.5759          0    136.000  33.721968  1011.7224      4.072     -0.420  0.000e+00
      4.008    30.4648   3.846623    21.7690     3.2824     2.1715          0    136.250  33.721970  1011.7067      3.986     -0.432  0.000e+00
      3.933    30.4728   3.835311    21.6947     3.2780     2.1593          0    136.500  33.721973  1011.6484      3.911     -0.428  0.000e+00
      3.868    30.4862   3.829583    21.6529     3.2951     2.1608          0    136.750  33.721976  1011.6126      3.846     -0.410  0.000e+00
      3.770    30.4989   3.819232    21.5826     3.2942     2.1639          0    137.000  33.721979  1011.5557      3.750     -0.381  0.000e+00
      3.608    30.5128   3.802401    21.4713     3.2889     1.9816          0    137.250  33.721982  1011.4676      3.588     -0.375  0.000e+00
      3.457    30.5274   3.796377    21.4274     3.2846     1.9777          0    137.500  33.721985  1011.4294      3.438     -0.388  0.000e+00
      3.381    30.5361   3.782554    21.3373     3.2887     1.9754          0    137.750  33.721988  1011.3591      3.363     -0.408  0.000e+00
      3.359    30.5422   3.775952    21.2935     3.2975     1.9831          0    138.000  33.721991  1011.3245      3.341     -0.402  0.000e+00
      3.327    30.5464   3.769887    21.2538     3.3039     1.8305          0    138.250  33.721994  1011.2934      3.309     -0.382  0.000e+00
      3.251    30.5495   3.763198    21.2108     3.3018     1.8259          0    138.500  33.721997  1011.2601      3.234     -0.360  0.000e+00
