public/post/ctd_rufiji/SBE19plus_01906740_2018_02_13_0891.cnv
* Sea-Bird SBE19plus  Data File:
* FileName = C:\Users\all user\Desktop\CTD tafiri 2018\SBE19plus_01906740_2018_02_13_0891.hex
* Software version 2.6.3.104
* Temperature SN = 6740
* Conductivity SN = 6740
* System UpLoad Time = Feb 13 2018 13:58:55
* <ApplicationData>
* <Seaterm232>
# nquan = 13
# nvalues = 473                                   
# units = specified
# name 0 = prdM: Pressure, Strain Gauge [db]
# name 1 = tv290C: Temperature [ITS-90, deg C]
# name 2 = c0S/m: Conductivity [S/m]
# name 3 = sal00: Salinity, Practical [PSU]
# name 4 = sbeox0ML/L: Oxygen, SBE 43 [ml/l]
# name 5 = flECO-AFL: Fluorescence, WET Labs ECO-AFL/FL [mg/m^3]
# name 6 = nbf: Bottles Fired
# name 7 = timeS: Time, Elapsed [seconds]
# name 8 = timeJ: Julian Days
# name 9 = density00: Density [density, kg/m^3]
# name 10 = depSM: Depth [salt water, m], lat = 0.00
# name 11 = dz/dtM: Descent Rate [m/s]
# name 12 = flag:  0.000e+00
# span 0 =      0.082,      6.223                 
# span 1 =    29.2321,    31.0014                 
# span 2 =   0.001265,   2.934978                 
# span 3 =     0.0159,    16.0425                 
# span 4 =     1.4754,     3.6515                 
# span 5 =     0.5678,     2.4927                 
# span 6 =          0,          0                 
# span 7 =      0.000,    118.000                 
# span 8 =  33.749630,  33.750995                 
# span 9 =   995.8926,  1007.3412                 
# span 10 =      0.082,      6.189                
# span 11 =     -0.431,      0.685                
# span 12 = 0.0000e+00, 0.0000e+00                
# interval = seconds: 0.25
# start_time = Feb 02 2018 17:59:28 [Instrument's time stamp, header]
# bad_flag = -9.990e-29
*END*
      0.538    29.2321   0.001265     0.0159     3.2420     0.9577          0      0.000  33.749630   995.8926      0.535 2.1053e-16  0.000e+00
      0.548    29.6643   0.271904     1.2753     3.1814     0.9523          0      0.250  33.749633   996.7075      0.545      0.003  0.000e+00
      0.581    29.9077   0.728819     3.6159     3.1344     0.9516          0      0.500  33.749635   998.3791      0.578      0.014  0.000e+00
      0.624    30.0431   0.626097     3.0657     3.1378     0.9546          0      0.750  33.749638   997.9283      0.621      0.033  0.000e+00
      0.657    30.1268   1.201357     6.1579     3.0954     1.3582          0      1.000  33.749641  1000.2025      0.653      0.055  0.000e+00
      0.700    30.1905   1.257352     6.4598     3.0909     1.3590          0      1.250  33.749644  1000.4072      0.696      0.081  0.000e+00
      0.732    30.2444   1.602487     8.3884     3.0561     1.3544          0      1.500  33.749647  1001.8229      0.728      0.105  0.000e+00
      0.765    30.2918   1.788533     9.4410     3.0500     1.3567          0      1.750  33.749650  1002.5896      0.760      0.125  0.000e+00
      0.819    30.3403   1.811049     9.5608     3.0651     1.3369          0      2.000  33.749653  1002.6635      0.814      0.143  0.000e+00
      0.829    30.3779   1.842412     9.7335     3.0771     1.3437          0      2.250  33.749656  1002.7798      0.825      0.146  0.000e+00
      0.873    30.4135   1.882026     9.9540     3.0784     1.3399          0      2.500  33.749659  1002.9324      0.868      0.145  0.000e+00
      0.938    30.4615   1.921587    10.1719     3.2700     1.3353          0      2.750  33.749661  1003.0792      0.932      0.150  0.000e+00
      1.002    30.5260   1.995463    10.5843     3.5147     1.2705          0      3.000  33.749664  1003.3650      0.997      0.163  0.000e+00
      1.035    30.5845   2.118011    11.2809     3.6195     1.2712          0      3.250  33.749667  1003.8634      1.029      0.170  0.000e+00
      1.057    30.6406   2.194028    11.7097     3.6515     1.2728          0      3.500  33.749670  1004.1638      1.051      0.172  0.000e+00
      1.046    30.6873   2.254292    12.0497     3.5976     1.2674          0      3.750  33.749673  1004.4010      1.040      0.159  0.000e+00
      1.057    30.7262   2.300375    12.3091     3.5792     1.2728          0      4.000  33.749676  1004.5810      1.051      0.138  0.000e+00
      1.035    30.7606   2.330051    12.4739     3.4917     1.2629          0      4.250  33.749679  1004.6921      1.029      0.110  0.000e+00
      1.024    30.7914   2.348887    12.5763     3.4005     1.2781          0      4.500  33.749682  1004.7581      1.019      0.068  0.000e+00
      1.035    30.8149   2.369830    12.6929     3.2624     1.2758          0      4.750  33.749685  1004.8370      1.029      0.030  0.000e+00
      1.046    30.8311   2.388703    12.7991     3.1717     1.2682          0      5.000  33.749688  1004.9107      1.040      0.007  0.000e+00
      1.067    30.8424   2.402641    12.8778     3.0846     1.2705          0      5.250  33.749690  1004.9655      1.062      0.003  0.000e+00
      1.046    30.8500   2.410366    12.9211     3.1315     1.2766          0      5.500  33.749693  1004.9951      1.040      0.000  0.000e+00
      1.046    30.8530   2.401737    12.8698     3.1322     1.2781          0      5.750  33.749696  1004.9560      1.040      0.004  0.000e+00
      1.057    30.8573   2.412567    12.9321     3.1456     1.2659          0      6.000  33.749699  1005.0009      1.051      0.007  0.000e+00
      1.035    30.8667   2.420271    12.9748     3.1526     1.1896          0      6.250  33.749702  1005.0294      1.029      0.008  0.000e+00
      1.057    30.8755   2.422279    12.9843     3.1812     1.2011          0      6.500  33.749705  1005.0337      1.051      0.009  0.000e+00
      1.046    30.8800   2.432837    13.0450     3.2066     1.2049          0      6.750  33.749708  1005.0772      1.040      0.002  0.000e+00
      1.057    30.8820   2.442072    13.0986     3.2114     1.1980          0      7.000  33.749711  1005.1164      1.051     -0.001  0.000e+00
      1.068    30.8847   2.454379    13.1700     3.2106     1.1507          0      7.250  33.749714  1005.1686      1.062      0.002  0.000e+00
      1.057    30.8874   2.466790    13.2421     3.1885     1.1599          0      7.500  33.749716  1005.2211      1.051      0.008  0.000e+00
      1.057    30.8855   2.477192    13.3037     3.1902     1.1522          0      7.750  33.749719  1005.2674      1.051      0.007  0.000e+00
      1.046    30.8837   2.484804    13.3489     3.1875     1.1507          0      8.000  33.749722  1005.3015      1.040      0.003  0.000e+00
      1.057    30.8860   2.490390    13.3811     3.1853     1.1629          0      8.250  33.749725  1005.3247      1.051      0.005  0.000e+00
      1.079    30.8893   2.497879    13.4242     3.1869     1.1805          0      8.500  33.749728  1005.3557      1.073      0.006  0.000e+00
      1.068    30.8921   2.503848    13.4586     3.1814     1.1721          0      8.750  33.749731  1005.3803      1.062      0.008  0.000e+00
      1.057    30.8948   2.511401    13.5022     3.1807     1.1736          0      9.000  33.749734  1005.4117      1.051      0.003  0.000e+00
      1.068    30.8978   2.514009    13.5168     3.1675     1.1820          0      9.250  33.749737  1005.4215      1.062      0.004  0.000e+00
      1.046    30.8997   2.513970    13.5160     3.1577     1.1919          0      9.500  33.749740  1005.4203      1.040      0.001  0.000e+00
      1.057    30.9016   2.514460    13.5184     3.1699     1.1850          0      9.750  33.749742  1005.4215      1.051     -0.000  0.000e+00
      1.057    30.9023   2.512617    13.5074     3.1603     1.1873          0     10.000  33.749745  1005.4131      1.051     -0.001  0.000e+00
      1.079    30.9021   2.514108    13.5162     3.1644     1.1835          0     10.250  33.749748  1005.4198      1.073     -0.001  0.000e+00
      1.068    30.9026   2.512501    13.5066     3.1768     1.1530          0     10.500  33.749751  1005.4124      1.062     -0.001  0.000e+00
      1.068    30.9061   2.528164    13.5978     3.2325     1.1614          0     10.750  33.749754  1005.4790      1.062      0.004  0.000e+00
      1.079    30.9110   2.540165    13.6671     3.2321     1.1591          0     11.000  33.749757  1005.5288      1.073      0.010  0.000e+00
      1.035    30.9130   2.545369    13.6971     3.2237     1.1576          0     11.250  33.749760  1005.5503      1.030      0.000  0.000e+00
      1.068    30.9101   2.548968    13.7191     3.1914     1.1751          0     11.500  33.749763  1005.5677      1.062      0.004  0.000e+00
      1.079    30.9082   2.551286    13.7333     3.1345     1.1881          0     11.750  33.749766  1005.5789      1.073      0.003  0.000e+00
      1.057    30.9098   2.553382    13.7452     3.0866     1.1896          0     12.000  33.749769  1005.5871      1.051     -0.002  0.000e+00
      1.057    30.9121   2.556083    13.7605     3.0068     1.1812          0     12.250  33.749771  1005.5977      1.051     -0.007  0.000e+00
      1.057    30.9137   2.557384    13.7677     2.9310     1.1850          0     12.500  33.749774  1005.6025      1.051     -0.005  0.000e+00
      1.068    30.9157   2.556548    13.7622     2.8588     1.1560          0     12.750  33.749777  1005.5978      1.062     -0.002  0.000e+00
      1.057    30.9190   2.554212    13.7476     2.7999     1.1522          0     13.000  33.749780  1005.5858      1.051     -0.002  0.000e+00
      1.078    30.9207   2.552442    13.7367     2.7404     1.1553          0     13.250  33.749783  1005.5773      1.073      0.008  0.000e+00
      1.078    30.9183   2.552713    13.7389     2.7064     1.1576          0     13.500  33.749786  1005.5798      1.073      0.004  0.000e+00
      1.057    30.9144   2.551977    13.7357     2.6836     1.1766          0     13.750  33.749789  1005.5785      1.051      0.001  0.000e+00
      1.078    30.9119   2.551811    13.7354     2.6532     1.1744          0     14.000  33.749792  1005.5792      1.072      0.009  0.000e+00
      1.068    30.9128   2.555347    13.7560     2.6259     1.1682          0     14.250  33.749795  1005.5941      1.062      0.007  0.000e+00
      1.089    30.9159   2.557478    13.7676     2.5983     1.1698          0     14.500  33.749797  1005.6019      1.083      0.010  0.000e+00
      1.078    30.9189   2.558652    13.7737     2.5859     1.1682          0     14.750  33.749800  1005.6054      1.072      0.008  0.000e+00
      1.089    30.9215   2.557788    13.7679     2.5612     1.1652          0     15.000  33.749803  1005.6003      1.083      0.011  0.000e+00
      1.111    30.9231   2.559820    13.7795     2.5440     1.1621          0     15.250  33.749806  1005.6084      1.105      0.014  0.000e+00
      1.132    30.9243   2.563099    13.7984     2.5084     1.1766          0     15.500  33.749809  1005.6222      1.126      0.027  0.000e+00
      1.143    30.9266   2.565327    13.8109     2.4515     1.1682          0     15.750  33.749812  1005.6307      1.137      0.040  0.000e+00
      1.197    30.9276   2.565016    13.8088     2.4499     1.1667          0     16.000  33.749815  1005.6291      1.191      0.055  0.000e+00
      1.208    30.9261   2.564446    13.8059     2.4420     1.1675          0     16.250  33.749818  1005.6274      1.201      0.071  0.000e+00
      1.208    30.9242   2.564429    13.8063     2.4255     1.1583          0     16.500  33.749821  1005.6284      1.201      0.074  0.000e+00
      1.208    30.9227   2.561720    13.7908     2.4119     1.1606          0     16.750  33.749823  1005.6174      1.202      0.076  0.000e+00
      1.208    30.9218   2.558856    13.7741     2.4075     1.1835          0     17.000  33.749826  1005.6053      1.202      0.066  0.000e+00
      1.208    30.9213   2.556476    13.7602     2.4010     1.1858          0     17.250  33.749829  1005.5952      1.202      0.050  0.000e+00
      1.219    30.9212   2.554450    13.7483     2.3990     1.1858          0     17.500  33.749832  1005.5864      1.212      0.038  0.000e+00
      1.208    30.9207   2.553006    13.7400     2.3793     1.1782          0     17.750  33.749835  1005.5803      1.202      0.022  0.000e+00
      1.219    30.9206   2.551308    13.7300     2.3558     1.1682          0     18.000  33.749838  1005.5730      1.212      0.007  0.000e+00
      1.230    30.9214   2.549637    13.7199     2.3385     1.1538          0     18.250  33.749841  1005.5653      1.223      0.009  0.000e+00
      1.219    30.9219   2.548885    13.7154     2.3530     1.1675          0     18.500  33.749844  1005.5617      1.212      0.009  0.000e+00
      1.230    30.9219   2.548780    13.7148     2.3488     1.1538          0     18.750  33.749847  1005.5613      1.223      0.011  0.000e+00
      1.219    30.9214   2.549792    13.7209     2.3452     1.1423          0     19.000  33.749850  1005.5660      1.212      0.009  0.000e+00
      1.230    30.9201   2.551081    13.7288     2.3618     1.1446          0     19.250  33.749852  1005.5723      1.223      0.009  0.000e+00
      1.219    30.9182   2.552115    13.7354     2.3514     1.1469          0     19.500  33.749855  1005.5778      1.212      0.004  0.000e+00
      1.241    30.9158   2.553404    13.7437     2.3576     1.1492          0     19.750  33.749858  1005.5848      1.234      0.009  0.000e+00
      1.230    30.9149   2.554196    13.7486     2.3568     1.1507          0     20.000  33.749861  1005.5887      1.223      0.005  0.000e+00
      1.241    30.9134   2.554865    13.7529     2.3345     1.1766          0     20.250  33.749864  1005.5925      1.234      0.006  0.000e+00
      1.219    30.9115   2.554915    13.7537     2.3157     1.1766          0     20.500  33.749867  1005.5936      1.212      0.004  0.000e+00
      1.230    30.9110   2.555673    13.7584     2.3059     1.1675          0     20.750  33.749870  1005.5972      1.223      0.002  0.000e+00
      1.241    30.9109   2.556808    13.7651     2.2980     1.1621          0     21.000  33.749873  1005.6023      1.234      0.006  0.000e+00
      1.219    30.9113   2.558463    13.7747     2.2795     1.1652          0     21.250  33.749876  1005.6092      1.212     -0.001  0.000e+00
      1.230    30.9120   2.559610    13.7813     2.2488     1.1713          0     21.500  33.749878  1005.6139      1.223     -0.001  0.000e+00
      1.208    30.9128   2.560618    13.7870     2.2044     1.1721          0     21.750  33.749881  1005.6178      1.202     -0.010  0.000e+00
      1.219    30.9128   2.560961    13.7890     2.2108     1.1744          0     22.000  33.749884  1005.6193      1.212     -0.009  0.000e+00
      1.219    30.9122   2.560994    13.7894     2.1786     1.1492          0     22.250  33.749887  1005.6198      1.212     -0.009  0.000e+00
      1.230    30.9104   2.560889    13.7893     2.1494     1.1576          0     22.500  33.749890  1005.6204      1.223     -0.003  0.000e+00
      1.230    30.9097   2.561493    13.7930     2.1504     1.1591          0     22.750  33.749893  1005.6233      1.223     -0.003  0.000e+00
      1.230    30.9104   2.563343    13.8037     2.1459     1.1530          0     23.000  33.749896  1005.6311      1.223     -0.000  0.000e+00
      1.208    30.9114   2.565150    13.8141     2.1693     1.1751          0     23.250  33.749899  1005.6383      1.201      0.001  0.000e+00
      1.230    30.9121   2.565687    13.8171     2.1789     1.1843          0     23.500  33.749902  1005.6404      1.223      0.002  0.000e+00
      1.230    30.9122   2.565671    13.8169     2.1738     1.1805          0     23.750  33.749905  1005.6403      1.223      0.006  0.000e+00
      1.219    30.9118   2.565637    13.8169     2.1657     1.1904          0     24.000  33.749907  1005.6403      1.212      0.001  0.000e+00
      1.240    30.9109   2.564634    13.8112     2.1812     1.1896          0     24.250  33.749910  1005.6365      1.234      0.003  0.000e+00
      1.251    30.9092   2.563687    13.8061     2.1860     1.2003          0     24.500  33.749913  1005.6333      1.244      0.008  0.000e+00
      1.219    30.9066   2.562307    13.7987     2.1719     1.1995          0     24.750  33.749916  1005.6285      1.212      0.005  0.000e+00
      1.230    30.9029   2.557351    13.7705     2.1518     1.1896          0     25.000  33.749919  1005.6089      1.223      0.006  0.000e+00
      1.230    30.8965   2.551994    13.7407     2.1433     1.1980          0     25.250  33.749922  1005.5888      1.223      0.006  0.000e+00
      1.229    30.8874   2.550810    13.7362     2.1380     1.1637          0     25.500  33.749925  1005.5884      1.223     -0.000  0.000e+00
      1.240    30.8804   2.552459    13.7479     2.1036     1.1751          0     25.750  33.749928  1005.5994      1.233      0.002  0.000e+00
      1.219    30.8764   2.556222    13.7712     2.0940     1.1713          0     26.000  33.749931  1005.6179      1.212     -0.002  0.000e+00
      1.240    30.8754   2.558619    13.7856     2.0860     1.1766          0     26.250  33.749933  1005.6290      1.233     -0.004  0.000e+00
      1.229    30.8761   2.558497    13.7847     2.0773     1.2094          0     26.500  33.749936  1005.6281      1.223     -0.002  0.000e+00
      1.218    30.8773   2.555519    13.7668     2.0623     1.2110          0     26.750  33.749939  1005.6144      1.212      0.000  0.000e+00
      1.229    30.8769   2.550567    13.7377     2.0725     1.1995          0     27.000  33.749942  1005.5930      1.222     -0.002  0.000e+00
      1.229    30.8740   2.545420    13.7082     2.0731     1.2049          0     27.250  33.749945  1005.5720      1.222     -0.002  0.000e+00
      1.229    30.8693   2.541795    13.6881     2.0683     1.2094          0     27.500  33.749948  1005.5586      1.222     -0.002  0.000e+00
