public/post/ctd_rufiji/SBE19plus_01906740_2018_02_13_0934.cnv
* Sea-Bird SBE19plus  Data File:
* FileName = C:\Users\all user\Desktop\CTD tafiri 2018\SBE19plus_01906740_2018_02_13_0934.hex
* Software version 2.6.3.104
* Temperature SN = 6740
* Conductivity SN = 6740
* System UpLoad Time = Feb 13 2018 14:06:00
* <ApplicationData>
* <Seaterm232>
# nquan = 13
# nvalues = 410                                   
# units = specified
# name 0 = prdM: Pressure, Strain Gauge [db]
# name 1 = tv290C: Temperature [ITS-90, deg C]
# name 2 = c0S/m: Conductivity [S/m]
# name 3 = sal00: Salinity, Practical [PSU]
# name 4 = sbeox0ML/L: Oxygen, SBE 43 [ml/l]
# name 5 = flECO-AFL: Fluorescence, WET Labs ECO-AFL/FL [mg/m^3]
# name 6 = nbf: Bottles Fired
# name 7 = timeS: Time, Elapsed [seconds]
# name 8 = timeJ: Julian Days
# name 9 = density00: Density [density, kg/m^3]
# name 10 = depSM: Depth [salt water, m], lat = 0.00
# name 11 = dz/dtM: Descent Rate [m/s]
# name 12 = flag:  0.000e+00
# span 0 =      0.198,      5.798                 
# span 1 =    29.2991,    30.3699                 
# span 2 =   0.013831,   0.284960                 
# span 3 =     0.0646,     1.3249                 
# span 4 =     1.6172,     3.8349                 
# span 5 =    -0.1471,     3.0245                 
# span 6 =          0,          0                 
# span 7 =      0.000,    102.250                 
# span 8 =  34.438588,  34.439771                 
# span 9 =   995.6454,   996.5974                 
# span 10 =      0.197,      5.766                
# span 11 =     -0.711,      0.533                
# span 12 = 0.0000e+00, 0.0000e+00                
# interval = seconds: 0.25
# start_time = Feb 03 2018 10:31:34 [Instrument's time stamp, header]
# bad_flag = -9.990e-29
*END*
      0.219    29.2991   0.042384     0.1882     3.7875     0.0307          0      0.000  34.438588   996.0009      0.218 -1.053e-16  0.000e+00
      0.208    29.3154   0.048851     0.2170     3.8138     0.0322          0      0.250  34.438591   996.0177      0.207     -0.003  0.000e+00
      0.208    29.3531   0.049748     0.2209     3.7951     0.0315          0      0.500  34.438594   996.0094      0.207     -0.005  0.000e+00
      0.198    29.3584   0.027103     0.1210     3.7936     0.0307          0      0.750  34.438597   995.9327      0.197     -0.009  0.000e+00
      0.241    29.3479   0.018852     0.0857     3.8100    -0.1471          0      1.000  34.438600   995.9095      0.240     -0.001  0.000e+00
      0.263    29.3368   0.017553     0.0802     3.8349    -0.1417          0      1.250  34.438602   995.9088      0.261      0.012  0.000e+00
      0.263    29.3287   0.016813     0.0771     3.8299    -0.1417          0      1.500  34.438605   995.9089      0.261      0.022  0.000e+00
      0.252    29.3227   0.015539     0.0717     3.8060    -0.1440          0      1.750  34.438608   995.9066      0.250      0.027  0.000e+00
      0.252    29.3596   0.013831     0.0646     3.7341     0.4412          0      2.000  34.438611   995.8903      0.250      0.029  0.000e+00
      0.317    29.4140   0.064630     0.2878     3.7307     0.4427          0      2.250  34.438614   996.0420      0.315      0.046  0.000e+00
      0.360    29.6157   0.093978     0.4210     3.7241     0.4412          0      2.500  34.438617   996.0820      0.358      0.065  0.000e+00
      0.414    29.8601   0.116318     0.5225     3.6746     0.4442          0      2.750  34.438620   996.0849      0.412      0.088  0.000e+00
      0.414    30.0410   0.123708     0.5550     3.6379     2.2715          0      3.000  34.438623   996.0546      0.412      0.094  0.000e+00
      0.392    30.1621   0.067179     0.2951     3.6558     2.2768          0      3.250  34.438626   995.8231      0.390      0.094  0.000e+00
      0.403    30.2377   0.157615     0.7115     3.6484     2.2738          0      3.500  34.438628   996.1119      0.401      0.094  0.000e+00
      0.436    30.2860   0.182093     0.8267     3.6684     2.2799          0      3.750  34.438631   996.1833      0.433      0.093  0.000e+00
      0.511    30.3185   0.182941     0.8301     3.6956     2.2669          0      4.000  34.438634   996.1763      0.509      0.097  0.000e+00
      0.598    30.3434   0.192128     0.8734     3.7284     3.0237          0      4.250  34.438637   996.2015      0.595      0.107  0.000e+00
      0.630    30.3609   0.191241     0.8689     3.7567     3.0230          0      4.500  34.438640   996.1929      0.627      0.125  0.000e+00
      0.663    30.3699   0.194831     0.8859     3.7330     3.0245          0      4.750  34.438643   996.2029      0.659      0.144  0.000e+00
      0.695    30.3696   0.198985     0.9057     3.7258     3.0222          0      5.000  34.438646   996.2180      0.691      0.170  0.000e+00
      0.706    30.3689   0.196765     0.8951     3.6319     2.3470          0      5.250  34.438649   996.2103      0.702      0.180  0.000e+00
      0.738    30.3689   0.195964     0.8913     3.5212     2.3447          0      5.500  34.438652   996.2076      0.734      0.172  0.000e+00
      0.771    30.3679   0.197043     0.8964     3.3588     2.3516          0      5.750  34.438655   996.2119      0.766      0.153  0.000e+00
      0.749    30.3657   0.197069     0.8966     3.1728     2.3379          0      6.000  34.438657   996.2126      0.745      0.115  0.000e+00
      0.749    30.3631   0.196397     0.8934     2.9940     2.3340          0      6.250  34.438660   996.2111      0.745      0.081  0.000e+00
      0.782    30.3541   0.196616     0.8946     2.8400     2.3401          0      6.500  34.438663   996.2149      0.777      0.069  0.000e+00
      0.782    30.3263   0.196978     0.8969     2.7236     2.3272          0      6.750  34.438666   996.2250      0.777      0.055  0.000e+00
      0.792    30.3004   0.196943     0.8972     2.6288     2.3348          0      7.000  34.438669   996.2332      0.788      0.045  0.000e+00
      0.782    30.2852   0.195980     0.8928     2.5688     2.3310          0      7.250  34.438672   996.2346      0.777      0.035  0.000e+00
      0.814    30.2770   0.195060     0.8886     2.5328     2.3272          0      7.500  34.438675   996.2340      0.810      0.030  0.000e+00
      0.836    30.2721   0.195786     0.8921     2.5236     2.3310          0      7.750  34.438678   996.2383      0.831      0.035  0.000e+00
      0.890    30.2686   0.196151     0.8939     2.5174     2.3401          0      8.000  34.438681   996.2409      0.885      0.059  0.000e+00
      0.911    30.2659   0.196335     0.8949     2.5853     2.3279          0      8.250  34.438683   996.2426      0.906      0.074  0.000e+00
      0.933    30.2670   0.196474     0.8955     2.5848     2.3012          0      8.500  34.438686   996.2428      0.928      0.083  0.000e+00
      0.944    30.2776   0.196132     0.8937     2.5706     2.2967          0      8.750  34.438689   996.2383      0.938      0.094  0.000e+00
      0.987    30.2924   0.195796     0.8918     2.5530     2.2921          0      9.000  34.438692   996.2325      0.981      0.105  0.000e+00
      0.955    30.3026   0.195538     0.8904     2.5388     2.2982          0      9.250  34.438695   996.2282      0.949      0.098  0.000e+00
      0.965    30.3097   0.195612     0.8906     2.5163     2.2913          0      9.500  34.438698   996.2263      0.960      0.079  0.000e+00
      0.976    30.3119   0.195803     0.8915     2.4898     2.2951          0      9.750  34.438701   996.2263      0.971      0.062  0.000e+00
      0.987    30.3135   0.195732     0.8911     2.4594     2.2921          0     10.000  34.438704   996.2256      0.981      0.044  0.000e+00
      0.976    30.3136   0.195612     0.8906     2.4339     2.2997          0     10.250  34.438707   996.2251      0.971      0.031  0.000e+00
      0.954    30.3127   0.195703     0.8910     2.4341     2.3111          0     10.500  34.438709   996.2256      0.949      0.014  0.000e+00
      0.965    30.3145   0.195803     0.8915     2.4570     2.3096          0     10.750  34.438712   996.2254      0.960      0.004  0.000e+00
      1.008    30.3159   0.195673     0.8908     2.4435     2.3043          0     11.000  34.438715   996.2247      1.003      0.006  0.000e+00
      1.030    30.3147   0.195409     0.8896     2.4207     2.3058          0     11.250  34.438718   996.2242      1.024      0.025  0.000e+00
      1.073    30.3073   0.195328     0.8893     2.4082     2.2616          0     11.500  34.438721   996.2265      1.067      0.042  0.000e+00
      1.052    30.2820   0.195276     0.8895     2.3989     2.2654          0     11.750  34.438724   996.2343      1.046      0.048  0.000e+00
      1.062    30.2638   0.195234     0.8896     2.3764     2.2623          0     12.000  34.438727   996.2400      1.056      0.055  0.000e+00
      1.019    30.2527   0.195364     0.8904     2.3489     2.2555          0     12.250  34.438730   996.2438      1.013      0.049  0.000e+00
      1.019    30.2471   0.195635     0.8918     2.3232     2.2654          0     12.500  34.438733   996.2465      1.013      0.037  0.000e+00
      1.008    30.2469   0.195922     0.8932     2.3052     2.2761          0     12.750  34.438736   996.2476      1.003      0.011  0.000e+00
      1.030    30.2497   0.195619     0.8917     2.2928     2.2745          0     13.000  34.438738   996.2457      1.024     -0.008  0.000e+00
      1.030    30.2517   0.195318     0.8903     2.2848     2.2699          0     13.250  34.438741   996.2440      1.024     -0.017  0.000e+00
      1.030    30.2579   0.195254     0.8898     2.2719     2.2699          0     13.500  34.438744   996.2418      1.024     -0.021  0.000e+00
      1.030    30.2571   0.195196     0.8896     2.2658     2.2982          0     13.750  34.438747   996.2418      1.024     -0.010  0.000e+00
      1.041    30.2380   0.195202     0.8899     2.2706     2.2928          0     14.000  34.438750   996.2480      1.035     -0.001  0.000e+00
      1.052    30.2127   0.195483     0.8917     2.2742     2.2936          0     14.250  34.438753   996.2571      1.046      0.016  0.000e+00
      1.052    30.1957   0.196187     0.8954     2.2650     2.2951          0     14.500  34.438756   996.2650      1.046      0.019  0.000e+00
      1.041    30.1968   0.196772     0.8982     2.2636     2.2913          0     14.750  34.438759   996.2667      1.035      0.017  0.000e+00
      1.041    30.2084   0.196742     0.8978     2.2495     2.2852          0     15.000  34.438762   996.2629      1.035      0.010  0.000e+00
      1.030    30.2145   0.197104     0.8994     2.2451     2.2898          0     15.250  34.438764   996.2622      1.025      0.004  0.000e+00
      0.998    30.2221   0.198736     0.9071     2.2444     2.3012          0     15.500  34.438767   996.2655      0.992     -0.009  0.000e+00
      1.019    30.2373   0.200900     0.9172     2.2435     2.2791          0     15.750  34.438770   996.2685      1.014     -0.015  0.000e+00
      1.009    30.2517   0.202511     0.9247     2.2341     2.2860          0     16.000  34.438773   996.2696      1.003     -0.023  0.000e+00
      1.030    30.2624   0.204730     0.9351     2.2291     2.2822          0     16.250  34.438776   996.2742      1.025     -0.020  0.000e+00
      1.030    30.2705   0.205356     0.9379     2.2276     2.2913          0     16.500  34.438779   996.2739      1.025     -0.013  0.000e+00
      1.030    30.2736   0.201032     0.9172     2.2243     2.2768          0     16.750  34.438782   996.2574      1.025     -0.004  0.000e+00
      1.019    30.2743   0.200573     0.9150     2.2136     2.2867          0     17.000  34.438785   996.2555      1.014     -0.001  0.000e+00
      1.009    30.2789   0.205168     0.9369     2.2127     2.2883          0     17.250  34.438788   996.2704      1.003      0.001  0.000e+00
      1.019    30.2835   0.207671     0.9488     2.2080     2.2890          0     17.500  34.438791   996.2780      1.014      0.005  0.000e+00
      1.041    30.2877   0.207908     0.9498     2.2008     2.2814          0     17.750  34.438793   996.2776      1.035      0.004  0.000e+00
      1.030    30.2923   0.207603     0.9483     2.2043     2.3020          0     18.000  34.438796   996.2750      1.024      0.005  0.000e+00
      1.041    30.2979   0.207246     0.9465     2.2034     2.2852          0     18.250  34.438799   996.2719      1.035      0.004  0.000e+00
      1.030    30.3034   0.206805     0.9443     2.2052     2.2913          0     18.500  34.438802   996.2685      1.024      0.006  0.000e+00
      1.019    30.3058   0.205433     0.9377     2.1972     2.2997          0     18.750  34.438805   996.2629      1.014      0.004  0.000e+00
      1.041    30.3062   0.203991     0.9307     2.1958     2.2852          0     19.000  34.438808   996.2577      1.035      0.009  0.000e+00
      1.041    30.3091   0.203535     0.9285     2.1883     2.2867          0     19.250  34.438811   996.2551      1.035      0.010  0.000e+00
      1.041    30.3106   0.203723     0.9294     2.1704     2.2829          0     19.500  34.438814   996.2553      1.035      0.006  0.000e+00
      1.052    30.3104   0.205239     0.9366     2.1610     2.2829          0     19.750  34.438817   996.2608      1.046      0.006  0.000e+00
      1.041    30.3095   0.206737     0.9438     2.1608     2.2844          0     20.000  34.438819   996.2664      1.035      0.008  0.000e+00
      1.008    30.3107   0.206448     0.9424     2.1515     2.2913          0     20.250  34.438822   996.2649      1.003     -0.002  0.000e+00
      1.019    30.3104   0.205926     0.9399     2.1441     2.2829          0     20.500  34.438825   996.2631      1.014     -0.004  0.000e+00
      1.052    30.3103   0.205732     0.9390     2.1382     2.2867          0     20.750  34.438828   996.2626      1.046      0.000  0.000e+00
      1.063    30.3096   0.205158     0.9363     2.1519     2.2890          0     21.000  34.438831   996.2608      1.057      0.002  0.000e+00
      1.052    30.3070   0.204173     0.9316     2.1641     2.2745          0     21.250  34.438834   996.2581      1.046      0.006  0.000e+00
      1.041    30.3058   0.203693     0.9293     2.1574     2.2715          0     21.500  34.438837   996.2567      1.035      0.006  0.000e+00
      1.019    30.2969   0.203480     0.9285     2.1510     2.2768          0     21.750  34.438840   996.2587      1.014      0.000  0.000e+00
      1.030    30.2820   0.203881     0.9307     2.1533     2.2669          0     22.000  34.438843   996.2649      1.025      0.002  0.000e+00
      1.052    30.2748   0.204280     0.9327     2.1491     2.3089          0     22.250  34.438845   996.2687      1.046      0.008  0.000e+00
      1.041    30.2711   0.204455     0.9336     2.1327     2.2997          0     22.500  34.438848   996.2705      1.035     -0.001  0.000e+00
      1.063    30.2699   0.204568     0.9342     2.1255     2.3096          0     22.750  34.438851   996.2714      1.057     -0.002  0.000e+00
      1.063    30.2720   0.204403     0.9333     2.1233     2.3058          0     23.000  34.438854   996.2701      1.057      0.004  0.000e+00
      1.019    30.2724   0.204743     0.9350     2.1192     2.3111          0     23.250  34.438857   996.2710      1.014      0.002  0.000e+00
      0.998    30.2759   0.204951     0.9359     2.1207     2.3073          0     23.500  34.438860   996.2706      0.992     -0.007  0.000e+00
      0.987    30.2833   0.204931     0.9357     2.1195     2.3150          0     23.750  34.438863   996.2681      0.981     -0.018  0.000e+00
      1.009    30.2893   0.204818     0.9350     2.1179     2.3104          0     24.000  34.438866   996.2659      1.003     -0.027  0.000e+00
      1.019    30.2924   0.204448     0.9332     2.1075     2.3050          0     24.250  34.438869   996.2636      1.014     -0.030  0.000e+00
      1.041    30.2929   0.204085     0.9314     2.0897     2.2852          0     24.500  34.438872   996.2622      1.035     -0.018  0.000e+00
      1.052    30.2926   0.203975     0.9309     2.0912     2.2822          0     24.750  34.438874   996.2620      1.046     -0.006  0.000e+00
      1.030    30.2681   0.204069     0.9318     2.0919     2.2783          0     25.000  34.438877   996.2700      1.024      0.006  0.000e+00
      1.019    30.2439   0.204286     0.9333     2.0867     2.2905          0     25.250  34.438880   996.2785      1.014      0.017  0.000e+00
      1.008    30.2362   0.204445     0.9342     2.0926     2.3081          0     25.500  34.438883   996.2815      1.003      0.014  0.000e+00
      1.008    30.2468   0.204361     0.9336     2.1003     2.3043          0     25.750  34.438886   996.2778      1.003      0.005  0.000e+00
      1.052    30.2639   0.204264     0.9328     2.0992     2.3020          0     26.000  34.438889   996.2722      1.046      0.003  0.000e+00
      1.041    30.2772   0.204118     0.9319     2.1007     2.3089          0     26.250  34.438892   996.2673      1.035      0.001  0.000e+00
      1.052    30.2846   0.204043     0.9314     2.1044     2.2913          0     26.500  34.438895   996.2648      1.046      0.003  0.000e+00
      1.052    30.2914   0.204017     0.9311     2.1124     2.2852          0     26.750  34.438898   996.2625      1.046      0.010  0.000e+00
      1.041    30.2975   0.203988     0.9309     2.1037     2.2768          0     27.000  34.438900   996.2604      1.035      0.017  0.000e+00
      1.019    30.2947   0.203988     0.9309     2.1082     2.2867          0     27.250  34.438903   996.2612      1.014      0.012  0.000e+00
      1.019    30.2881   0.204017     0.9312     2.1002     2.2761          0     27.500  34.438906   996.2634      1.014      0.004  0.000e+00
