public/post/ctd_rufiji/SBE19plus_01906740_2018_02_13_0886.cnv
* Sea-Bird SBE19plus  Data File:
* FileName = C:\Users\all user\Desktop\CTD tafiri 2018\SBE19plus_01906740_2018_02_13_0886.hex
* Software version 2.6.3.104
* Temperature SN = 6740
* Conductivity SN = 6740
* System UpLoad Time = Feb 13 2018 13:57:59
* <ApplicationData>
* <Seaterm232>
# nquan = 13
# nvalues = 514                                   
# units = specified
# name 0 = prdM: Pressure, Strain Gauge [db]
# name 1 = tv290C: Temperature [ITS-90, deg C]
# name 2 = c0S/m: Conductivity [S/m]
# name 3 = sal00: Salinity, Practical [PSU]
# name 4 = sbeox0ML/L: Oxygen, SBE 43 [ml/l]
# name 5 = flECO-AFL: Fluorescence, WET Labs ECO-AFL/FL [mg/m^3]
# name 6 = nbf: Bottles Fired
# name 7 = timeS: Time, Elapsed [seconds]
# name 8 = timeJ: Julian Days
# name 9 = density00: Density [density, kg/m^3]
# name 10 = depSM: Depth [salt water, m], lat = 0.00
# name 11 = dz/dtM: Descent Rate [m/s]
# name 12 = flag:  0.000e+00
# span 0 =      0.066,      8.705                 
# span 1 =    29.1025,    30.5848                 
# span 2 =   0.004421,   3.636003                 
# span 3 =     0.0270,    20.5087                 
# span 4 =     1.7087,     4.8417                 
# span 5 =    -0.0693,     3.2099                 
# span 6 =          0,          0                 
# span 7 =      0.000,    128.250                 
# span 8 =  33.725116,  33.726600                 
# span 9 =   995.7021,  1010.8327                 
# span 10 =      0.066,      8.657                
# span 11 =     -0.554,      0.429                
# span 12 = 0.0000e+00, 0.0000e+00                
# interval = seconds: 0.25
# start_time = Feb 02 2018 17:24:10 [Instrument's time stamp, header]
# bad_flag = -9.990e-29
*END*
[from data line 112]
      1.301    30.3783   3.451288    19.3449     3.1016     1.2857          0     28.000  33.725440  1009.9201      1.294      0.056  0.000e+00
      1.290    30.3747   3.449225    19.3336     3.1095     1.2773          0     28.250  33.725443  1009.9128      1.283      0.059  0.000e+00
      1.290    30.3685   3.448320    19.3304     3.1287     1.2751          0     28.500  33.725446  1009.9125      1.283      0.044  0.000e+00
      1.269    30.3472   3.448129    19.3376     3.1867     1.2758          0     28.750  33.725448  1009.9247      1.262      0.024  0.000e+00
      1.225    30.3234   3.447757    19.3447     3.2248     1.2850          0     29.000  33.725451  1009.9376      1.219     -0.012  0.000e+00
      1.236    30.3106   3.449362    19.3597     3.2761     1.2819          0     29.250  33.725454  1009.9529      1.230     -0.030  0.000e+00
      1.236    30.3037   3.450855    19.3716     3.3206     1.2781          0     29.500  33.725457  1009.9641      1.230     -0.044  0.000e+00
      1.215    30.3018   3.451394    19.3757     3.3563     1.3002          0     29.750  33.725460  1009.9677      1.208     -0.050  0.000e+00
      1.215    30.3026   3.452193    19.3803     3.3803     1.3109          0     30.000  33.725463  1009.9708      1.208     -0.047  0.000e+00
      1.258    30.3126   3.452478    19.3782     3.3842     1.2995          0     30.250  33.725466  1009.9661      1.251     -0.030  0.000e+00
      1.334    30.3272   3.452367    19.3717     3.4084     1.3079          0     30.500  33.725469  1009.9569      1.326      0.007  0.000e+00
      1.388    30.3401   3.454188    19.3779     3.4008     1.3117          0     30.750  33.725472  1009.9575      1.380      0.055  0.000e+00
      1.366    30.3590   3.455880    19.3809     3.3775     1.3109          0     31.000  33.725475  1009.9535      1.358      0.083  0.000e+00
      1.323    30.3812   3.456773    19.3777     3.3574     1.3155          0     31.250  33.725477  1009.9437      1.315      0.080  0.000e+00
      1.279    30.4066   3.456965    19.3689     3.3249     1.3193          0     31.500  33.725480  1009.9286      1.272      0.062  0.000e+00
      1.258    30.4300   3.458285    19.3679     3.2933     1.3170          0     31.750  33.725483  1009.9201      1.251      0.035  0.000e+00
      1.215    30.4498   3.458353    19.3605     3.2664     1.3147          0     32.000  33.725486  1009.9080      1.208     -0.012  0.000e+00
      1.225    30.4614   3.456809    19.3464     3.2394     1.3155          0     32.250  33.725489  1009.8937      1.219     -0.056  0.000e+00
      1.225    30.4635   3.452842    19.3211     3.2091     1.3178          0     32.500  33.725492  1009.8742      1.218     -0.086  0.000e+00
      1.247    30.4658   3.450481    19.3056     3.1721     1.3155          0     32.750  33.725495  1009.8620      1.240     -0.083  0.000e+00
      1.279    30.4680   3.451696    19.3122     3.1253     1.2934          0     33.000  33.725498  1009.8664      1.272     -0.048  0.000e+00
      1.290    30.4696   3.460611    19.3667     3.0709     1.2934          0     33.250  33.725501  1009.9064      1.283     -0.009  0.000e+00
      1.323    30.4730   3.469702    19.4215     2.9999     1.2979          0     33.500  33.725503  1009.9461      1.315      0.028  0.000e+00
      1.323    30.4893   3.472943    19.4350     2.9234     1.2926          0     33.750  33.725506  1009.9509      1.315      0.051  0.000e+00
      1.323    30.5097   3.471620    19.4188     2.8705     1.3094          0     34.000  33.725509  1009.9321      1.316      0.064  0.000e+00
      1.290    30.5221   3.468652    19.3957     2.8351     1.3163          0     34.250  33.725512  1009.9107      1.283      0.050  0.000e+00
      1.258    30.5302   3.463867    19.3629     2.8276     1.3224          0     34.500  33.725515  1009.8836      1.251      0.025  0.000e+00
      1.215    30.5336   3.459283    19.3334     2.8357     1.3224          0     34.750  33.725518  1009.8603      1.208     -0.013  0.000e+00
      1.215    30.5354   3.456635    19.3163     2.8372     1.3216          0     35.000  33.725521  1009.8470      1.208     -0.043  0.000e+00
      1.258    30.5347   3.453759    19.2989     2.8301     1.3247          0     35.250  33.725524  1009.8345      1.251     -0.049  0.000e+00
      1.312    30.5201   3.450983    19.2875     2.8457     1.3330          0     35.500  33.725527  1009.8310      1.305     -0.035  0.000e+00
      1.355    30.5003   3.451894    19.3008     2.8310     1.3323          0     35.750  33.725530  1009.8476      1.348     -0.001  0.000e+00
      1.344    30.4903   3.457069    19.3367     2.8023     1.2735          0     36.000  33.725532  1009.8775      1.337      0.029  0.000e+00
      1.333    30.4879   3.464606    19.3841     2.7583     1.2659          0     36.250  33.725535  1009.9136      1.326      0.054  0.000e+00
      1.269    30.4875   3.471354    19.4260     2.7097     1.2697          0     36.500  33.725538  1009.9445      1.262      0.050  0.000e+00
      1.247    30.4948   3.474173    19.4405     2.6878     1.2697          0     36.750  33.725541  1009.9528      1.240      0.032  0.000e+00
      1.247    30.5054   3.469130    19.4052     2.6843     1.2735          0     37.000  33.725544  1009.9231      1.240     -0.001  0.000e+00
      1.290    30.5130   3.460238    19.3473     2.6732     1.2918          0     37.250  33.725547  1009.8778      1.283     -0.024  0.000e+00
      1.322    30.5190   3.459196    19.3385     2.6755     1.2926          0     37.500  33.725550  1009.8694      1.315     -0.029  0.000e+00
      1.376    30.5192   3.462713    19.3601     2.6748     1.2903          0     37.750  33.725553  1009.8856      1.369     -0.006  0.000e+00
      1.376    30.5118   3.467988    19.3956     2.6608     1.2926          0     38.000  33.725556  1009.9144      1.369      0.027  0.000e+00
      1.322    30.5123   3.470024    19.4080     2.6572     1.3185          0     38.250  33.725558  1009.9232      1.315      0.041  0.000e+00
      1.257    30.5160   3.471204    19.4138     2.6542     1.3216          0     38.500  33.725561  1009.9261      1.251      0.035  0.000e+00
      1.225    30.5201   3.470285    19.4065     2.6516     1.3185          0     38.750  33.725564  1009.9192      1.218      0.004  0.000e+00
      1.214    30.5215   3.465344    19.3755     2.6623     1.3155          0     39.000  33.725567  1009.8956      1.207     -0.034  0.000e+00
      1.290    30.5218   3.461627    19.3524     2.6804     1.3124          0     39.250  33.725570  1009.8787      1.283     -0.050  0.000e+00
      1.376    30.5237   3.462626    19.3578     2.6829     1.3132          0     39.500  33.725573  1009.8825      1.369     -0.031  0.000e+00
      1.398    30.5250   3.464388    19.3682     2.6798     1.3155          0     39.750  33.725576  1009.8898      1.390     -0.002  0.000e+00
      1.398    30.5252   3.464500    19.3688     2.6584     1.3094          0     40.000  33.725579  1009.8902      1.390      0.041  0.000e+00
      1.344    30.5253   3.465040    19.3721     2.6159     1.2873          0     40.250  33.725582  1009.8924      1.336      0.068  0.000e+00
      1.268    30.5247   3.467740    19.3890     2.5895     1.2941          0     40.500  33.725584  1009.9048      1.261      0.058  0.000e+00
      1.214    30.5246   3.469198    19.3980     2.5772     1.2918          0     40.750  33.725587  1009.9113      1.207      0.017  0.000e+00
      1.181    30.5250   3.468329    19.3925     2.5417     1.2926          0     41.000  33.725590  1009.9069      1.175     -0.042  0.000e+00
      1.214    30.5244   3.463495    19.3629     2.5398     1.2926          0     41.250  33.725593  1009.8853      1.207     -0.092  0.000e+00
      1.225    30.5231   3.460784    19.3467     2.5755     1.3025          0     41.500  33.725596  1009.8737      1.218     -0.115  0.000e+00
      1.290    30.5240   3.460263    19.3432     2.5627     1.3041          0     41.750  33.725599  1009.8711      1.283     -0.087  0.000e+00
      1.344    30.5238   3.465890    19.3779     2.5671     1.3002          0     42.000  33.725602  1009.8972      1.336     -0.031  0.000e+00
      1.387    30.5213   3.470310    19.4062     2.5470     1.3056          0     42.250  33.725605  1009.9192      1.379      0.040  0.000e+00
      1.333    30.5186   3.470136    19.4062     2.5090     1.2941          0     42.500  33.725608  1009.9199      1.326      0.079  0.000e+00
      1.322    30.5204   3.466542    19.3833     2.4863     1.2911          0     42.750  33.725611  1009.9022      1.315      0.090  0.000e+00
      1.301    30.5235   3.462769    19.3588     2.4747     1.2796          0     43.000  33.725613  1009.8829      1.293      0.074  0.000e+00
      1.300    30.5268   3.459413    19.3368     2.4716     1.2880          0     43.250  33.725616  1009.8654      1.293      0.042  0.000e+00
      1.290    30.5193   3.457590    19.3285     2.4892     1.2880          0     43.500  33.725619  1009.8617      1.283      0.009  0.000e+00
      1.290    30.4938   3.457789    19.3397     2.5157     1.2865          0     43.750  33.725622  1009.8784      1.283     -0.025  0.000e+00
      1.311    30.4655   3.460195    19.3657     2.5352     1.2911          0     44.000  33.725625  1009.9071      1.304     -0.035  0.000e+00
      1.300    30.4454   3.462149    19.3857     2.5501     1.2918          0     44.250  33.725628  1009.9285      1.293     -0.033  0.000e+00
      1.311    30.4397   3.462714    19.3914     2.5624     1.2911          0     44.500  33.725631  1009.9347      1.304     -0.009  0.000e+00
      1.333    30.4413   3.463824    19.3976     2.5644     1.2911          0     44.750  33.725634  1009.9389      1.325      0.006  0.000e+00
      1.322    30.4447   3.466344    19.4118     2.5610     1.2934          0     45.000  33.725637  1009.9482      1.315      0.016  0.000e+00
      1.354    30.4553   3.468063    19.4183     2.5611     1.2880          0     45.250  33.725639  1009.9497      1.347      0.027  0.000e+00
      1.354    30.4707   3.467697    19.4100     2.5369     1.2896          0     45.500  33.725642  1009.9385      1.347      0.034  0.000e+00
      1.376    30.4809   3.463234    19.3784     2.5303     1.2957          0     45.750  33.725645  1009.9118      1.368      0.040  0.000e+00
      1.387    30.4870   3.460393    19.3585     2.5139     1.2941          0     46.000  33.725648  1009.8950      1.379      0.042  0.000e+00
      1.387    30.4933   3.459153    19.3484     2.5127     1.2926          0     46.250  33.725651  1009.8854      1.379      0.046  0.000e+00
      1.333    30.4889   3.458961    19.3489     2.5092     1.2880          0     46.500  33.725654  1009.8870      1.325      0.027  0.000e+00
      1.290    30.4763   3.461175    19.3675     2.5194     1.2888          0     46.750  33.725657  1009.9048      1.282     -0.003  0.000e+00
      1.246    30.4692   3.464519    19.3910     2.5264     1.2934          0     47.000  33.725660  1009.9244      1.239     -0.035  0.000e+00
      1.225    30.4631   3.466673    19.4067     2.5248     1.2941          0     47.250  33.725663  1009.9380      1.218     -0.071  0.000e+00
      1.257    30.4626   3.463756    19.3889     2.5385     1.2896          0     47.500  33.725666  1009.9250      1.250     -0.081  0.000e+00
      1.344    30.4675   3.460220    19.3651     2.5555     1.3147          0     47.750  33.725668  1009.9061      1.336     -0.062  0.000e+00
      1.355    30.4733   3.460908    19.3670     2.5521     1.3170          0     48.000  33.725671  1009.9057      1.347     -0.032  0.000e+00
      1.376    30.4772   3.465952    19.3966     2.5325     1.3208          0     48.250  33.725674  1009.9265      1.369      0.010  0.000e+00
      1.322    30.4827   3.468175    19.4082     2.5088     1.3155          0     48.500  33.725677  1009.9331      1.315      0.037  0.000e+00
      1.171    30.4911   3.466976    19.3975     2.4879     1.3140          0     48.750  33.725680  1009.9217      1.164      0.010  0.000e+00
      0.998    30.4995   3.466368    19.3905     2.4593     1.3247          0     49.000  33.725683  1009.9130      0.992     -0.066  0.000e+00
      0.900    30.5057   3.465356    19.3818     2.4439     1.3269          0     49.250  33.725686  1009.9041      0.895     -0.164  0.000e+00
      0.846    30.5102   3.463954    19.3714     2.4453     1.3254          0     49.500  33.725689  1009.8947      0.842     -0.259  0.000e+00
      0.868    30.5146   3.460349    19.3475     2.4551     1.3224          0     49.750  33.725692  1009.8755      0.863     -0.314  0.000e+00
      0.901    30.5172   3.458935    19.3377     2.4549     1.3483          0     50.000  33.725694  1009.8675      0.896     -0.304  0.000e+00
      1.009    30.5132   3.460263    19.3474     2.4500     1.3514          0     50.250  33.725697  1009.8766      1.003     -0.233  0.000e+00
      1.138    30.5032   3.466393    19.3892     2.4597     1.3491          0     50.500  33.725700  1009.9114      1.132     -0.097  0.000e+00
      1.246    30.5003   3.473030    19.4312     2.4456     1.3536          0     50.750  33.725703  1009.9441      1.240      0.066  0.000e+00
      1.365    30.5090   3.477068    19.4527     2.4237     1.3002          0     51.000  33.725706  1009.9578      1.358      0.216  0.000e+00
      1.387    30.5246   3.477572    19.4497     2.4046     1.2995          0     51.250  33.725709  1009.9505      1.379      0.300  0.000e+00
      1.398    30.5373   3.473732    19.4210     2.3817     1.3025          0     51.500  33.725712  1009.9250      1.390      0.329  0.000e+00
      1.409    30.5449   3.465356    19.3663     2.3873     1.2995          0     51.750  33.725715  1009.8819      1.401      0.309  0.000e+00
      1.398    30.5487   3.463494    19.3534     2.4130     1.3025          0     52.000  33.725718  1009.8710      1.390      0.257  0.000e+00
      1.419    30.5361   3.461757    19.3476     2.4365     1.3033          0     52.250  33.725720  1009.8709      1.411      0.185  0.000e+00
      1.463    30.5262   3.461218    19.3482     2.4619     1.3063          0     52.500  33.725723  1009.8748      1.454      0.127  0.000e+00
      1.517    30.5175   3.461627    19.3541     2.4775     1.2995          0     52.750  33.725726  1009.8823      1.508      0.096  0.000e+00
      1.581    30.5080   3.461714    19.3583     2.5071     1.3010          0     53.000  33.725729  1009.8888      1.573      0.093  0.000e+00
      1.646    30.5021   3.462496    19.3655     2.5224     1.3063          0     53.250  33.725732  1009.8964      1.637      0.125  0.000e+00
      1.668    30.4973   3.464041    19.3769     2.5418     1.2987          0     53.500  33.725735  1009.9066      1.658      0.150  0.000e+00
      1.679    30.4938   3.466238    19.3918     2.4941     1.3025          0     53.750  33.725738  1009.9188      1.669      0.164  0.000e+00
      1.614    30.4971   3.467653    19.3993     2.4745     1.3071          0     54.000  33.725741  1009.9230      1.605      0.145  0.000e+00
      1.581    30.5051   3.469025    19.4046     2.4620     1.2896          0     54.250  33.725744  1009.9242      1.573      0.101  0.000e+00
      1.581    30.5134   3.470527    19.4106     2.4622     1.2934          0     54.500  33.725747  1009.9259      1.573      0.051  0.000e+00
      1.592    30.5211   3.467411    19.3883     2.4540     1.2896          0     54.750  33.725749  1009.9069      1.583      0.008  0.000e+00
      1.624    30.5236   3.464500    19.3694     2.4526     1.2903          0     55.000  33.725752  1009.8922      1.615     -0.017  0.000e+00
      1.624    30.5261   3.463712    19.3635     2.4526     1.2667          0     55.250  33.725755  1009.8870      1.615     -0.028  0.000e+00
