public/post/ctd_rufiji/SBE19plus_01906740_2018_02_13_0918.cnv
* Sea-Bird SBE19plus  Data File:
* FileName = C:\Users\all user\Desktop\CTD tafiri 2018\SBE19plus_01906740_2018_02_13_0918.hex
* Software version 2.6.3.104
* Temperature SN = 6740
* Conductivity SN = 6740
* System UpLoad Time = Feb 13 2018 14:03:31
* <ApplicationData>
* <Seaterm232>
# nquan = 13
# nvalues = 384                                   
# units = specified
# name 0 = prdM: Pressure, Strain Gauge [db]
# name 1 = tv290C: Temperature [ITS-90, deg C]
# name 2 = c0S/m: Conductivity [S/m]
# name 3 = sal00: Salinity, Practical [PSU]
# name 4 = sbeox0ML/L: Oxygen, SBE 43 [ml/l]
# name 5 = flECO-AFL: Fluorescence, WET Labs ECO-AFL/FL [mg/m^3]
# name 6 = nbf: Bottles Fired
# name 7 = timeS: Time, Elapsed [seconds]
# name 8 = timeJ: Julian Days
# name 9 = density00: Density [density, kg/m^3]
# name 10 = depSM: Depth [salt water, m], lat = 0.00
# name 11 = dz/dtM: Descent Rate [m/s]
# name 12 = flag:  0.000e+00
# span 0 =      0.143,      5.051                 
# span 1 =    28.0758,    30.2309                 
# span 2 =   0.001582,   0.031115                 
# span 3 =     0.0169,     0.1363                 
# span 4 =     0.8597,     4.1407                 
# span 5 =    -0.1112,     1.9320                 
# span 6 =          0,          0                 
# span 7 =      0.000,     95.750                 
# span 8 =  34.388322,  34.389430                 
# span 9 =   995.6107,   996.2532                 
# span 10 =      0.143,      5.023                
# span 11 =     -0.445,      0.495                
# span 12 = 0.0000e+00, 0.0000e+00                
# interval = seconds: 0.25
# start_time = Feb 03 2018 09:19:11 [Instrument's time stamp, header]
# bad_flag = -9.990e-29
*END*
[from data line 223]
      1.354    30.1304   0.030572     0.1342     1.8375     1.8503          0     55.750  34.388967   995.7163      1.346      0.285  0.000e+00
      1.397    30.1473   0.030581     0.1342     1.8342     1.8488          0     56.000  34.388970   995.7114      1.389      0.275  0.000e+00
      1.462    30.1604   0.030587     0.1342     1.8332     1.8282          0     56.250  34.388973   995.7077      1.454      0.260  0.000e+00
      1.494    30.1709   0.030593     0.1342     1.8491     1.8236          0     56.500  34.388976   995.7046      1.486      0.249  0.000e+00
      1.537    30.1782   0.030593     0.1341     1.8657     1.8244          0     56.750  34.388979   995.7026      1.529      0.231  0.000e+00
      1.570    30.1843   0.030599     0.1341     1.8858     1.8335          0     57.000  34.388981   995.7009      1.561      0.211  0.000e+00
      1.635    30.1903   0.030599     0.1341     1.8996     1.8213          0     57.250  34.388984   995.6994      1.626      0.198  0.000e+00
      1.667    30.1952   0.030611     0.1342     1.9143     1.8496          0     57.500  34.388987   995.6980      1.658      0.179  0.000e+00
      1.700    30.1995   0.030605     0.1341     1.9295     1.8564          0     57.750  34.388990   995.6969      1.690      0.174  0.000e+00
      1.754    30.2028   0.030605     0.1341     1.9553     1.8465          0     58.000  34.388993   995.6961      1.744      0.172  0.000e+00
      1.797    30.2061   0.030599     0.1341     1.9753     1.8526          0     58.250  34.388996   995.6953      1.787      0.169  0.000e+00
      1.829    30.2086   0.030605     0.1341     1.9777     1.8778          0     58.500  34.388999   995.6947      1.819      0.170  0.000e+00
      1.905    30.2106   0.030605     0.1341     1.9791     1.8732          0     58.750  34.389002   995.6944      1.895      0.177  0.000e+00
      1.937    30.2128   0.030605     0.1341     1.9883     1.8694          0     59.000  34.389005   995.6939      1.927      0.180  0.000e+00
      1.981    30.2145   0.030611     0.1341     1.9953     1.8770          0     59.250  34.389008   995.6935      1.970      0.179  0.000e+00
      2.013    30.2163   0.030605     0.1341     1.9931     1.8313          0     59.500  34.389010   995.6931      2.002      0.180  0.000e+00
      2.056    30.2184   0.030605     0.1341     1.9875     1.8259          0     59.750  34.389013   995.6927      2.045      0.179  0.000e+00
      2.078    30.2196   0.030611     0.1341     1.9855     1.8259          0     60.000  34.389016   995.6924      2.067      0.168  0.000e+00
      2.110    30.2203   0.030617     0.1341     1.9922     1.8259          0     60.250  34.389019   995.6924      2.099      0.159  0.000e+00
      2.175    30.2197   0.030617     0.1341     1.9572     1.8160          0     60.500  34.389022   995.6928      2.163      0.157  0.000e+00
      2.273    30.2191   0.030620     0.1342     1.9837     1.8236          0     60.750  34.389025   995.6935      2.260      0.167  0.000e+00
      2.316    30.2191   0.030617     0.1341     1.9840     1.8175          0     61.000  34.389028   995.6936      2.303      0.185  0.000e+00
      2.381    30.2200   0.030620     0.1342     1.9836     1.8091          0     61.250  34.389031   995.6937      2.368      0.203  0.000e+00
      2.424    30.2206   0.030617     0.1341     1.9946     1.8129          0     61.500  34.389034   995.6937      2.411      0.217  0.000e+00
      2.446    30.2208   0.030620     0.1342     2.0033     1.8694          0     61.750  34.389036   995.6937      2.432      0.218  0.000e+00
      2.500    30.2200   0.030626     0.1342     2.0151     1.8778          0     62.000  34.389039   995.6942      2.486      0.220  0.000e+00
      2.521    30.2201   0.030620     0.1342     2.0130     1.8725          0     62.250  34.389042   995.6943      2.507      0.205  0.000e+00
      2.608    30.2206   0.030620     0.1342     2.0259     1.8770          0     62.500  34.389045   995.6945      2.593      0.194  0.000e+00
      2.716    30.2219   0.030623     0.1342     2.3885     1.9106          0     62.750  34.389048   995.6946      2.701      0.200  0.000e+00
      2.813    30.2233   0.030620     0.1341     2.8469     1.9144          0     63.000  34.389051   995.6946      2.798      0.229  0.000e+00
      2.921    30.2230   0.030617     0.1341     2.2052     1.9106          0     63.250  34.389054   995.6951      2.905      0.265  0.000e+00
      3.051    30.2227   0.030626     0.1342     3.6115     1.9137          0     63.500  34.389057   995.6958      3.034      0.317  0.000e+00
      3.148    30.2236   0.030638     0.1342     3.0583     1.8984          0     63.750  34.389060   995.6960      3.131      0.365  0.000e+00
      3.267    30.2256   0.030629     0.1342     3.0651     1.8923          0     64.000  34.389063   995.6959      3.249      0.403  0.000e+00
      3.354    30.2280   0.030626     0.1342     3.8815     1.8946          0     64.250  34.389065   995.6956      3.335      0.427  0.000e+00
      3.473    30.2299   0.030638     0.1342     2.5434     1.9007          0     64.500  34.389068   995.6956      3.454      0.434  0.000e+00
      3.548    30.2309   0.030644     0.1342     2.8398     1.9198          0     64.750  34.389071   995.6956      3.529      0.426  0.000e+00
      3.678    30.2309   0.030677     0.1344     2.1963     1.9289          0     65.000  34.389074   995.6963      3.658      0.426  0.000e+00
      3.829    30.2306   0.030743     0.1347     2.3009     1.9205          0     65.250  34.389077   995.6973      3.808      0.435  0.000e+00
      3.970    30.2303   0.030803     0.1349     3.3394     1.9198          0     65.500  34.389080   995.6982      3.948      0.449  0.000e+00
      4.089    30.2300   0.030848     0.1351     2.6424     1.9205          0     65.750  34.389083   995.6989      4.066      0.468  0.000e+00
      4.186    30.2298   0.030866     0.1352     2.2203     1.8374          0     66.000  34.389086   995.6995      4.163      0.477  0.000e+00
      4.305    30.2296   0.030860     0.1352     1.9311     1.8404          0     66.250  34.389089   995.7001      4.281      0.488  0.000e+00
      4.424    30.2298   0.030869     0.1352     2.8461     1.8328          0     66.500  34.389091   995.7006      4.400      0.490  0.000e+00
      4.554    30.2298   0.030911     0.1354     2.2703     1.8351          0     66.750  34.389094   995.7013      4.529      0.495  0.000e+00
      4.662    30.2295   0.031019     0.1358     2.6466     1.8274          0     67.000  34.389097   995.7022      4.636      0.482  0.000e+00
      4.792    30.2289   0.031076     0.1361     1.9837     1.8267          0     67.250  34.389100   995.7032      4.765      0.473  0.000e+00
      4.921    30.2290   0.031052     0.1360     1.6336     1.8221          0     67.500  34.389103   995.7036      4.894      0.474  0.000e+00
      4.975    30.2289   0.031064     0.1360     3.7657     1.8259          0     67.750  34.389106   995.7039      4.948      0.464  0.000e+00
      4.964    30.2286   0.031091     0.1361     3.5354     1.7908          0     68.000  34.389109   995.7041      4.937      0.424  0.000e+00
      4.954    30.2285   0.031103     0.1362     3.6307     1.7908          0     68.250  34.389112   995.7041      4.926      0.355  0.000e+00
      4.954    30.2278   0.031103     0.1362     3.5849     1.7893          0     68.500  34.389115   995.7043      4.926      0.274  0.000e+00
      4.997    30.2274   0.031109     0.1362     2.9810     1.7931          0     68.750  34.389117   995.7046      4.969      0.201  0.000e+00
      5.008    30.2267   0.031103     0.1362     2.7831     1.7786          0     69.000  34.389120   995.7049      4.980      0.136  0.000e+00
      5.019    30.2259   0.031103     0.1362     3.0482     1.7778          0     69.250  34.389123   995.7052      4.991      0.080  0.000e+00
      4.997    30.2258   0.031109     0.1362     2.8014     1.7756          0     69.500  34.389126   995.7051      4.969      0.037  0.000e+00
      4.997    30.2256   0.031109     0.1362     2.1233     1.7847          0     69.750  34.389129   995.7052      4.969      0.025  0.000e+00
      5.029    30.2255   0.031115     0.1363     2.6108     1.7801          0     70.000  34.389132   995.7054      5.002      0.033  0.000e+00
      5.019    30.2253   0.031115     0.1363     2.2464     1.8763          0     70.250  34.389135   995.7054      4.991      0.032  0.000e+00
      5.019    30.2248   0.031103     0.1362     2.1606     1.8717          0     70.500  34.389138   995.7055      4.991      0.023  0.000e+00
      5.019    30.2243   0.031109     0.1362     2.5600     1.8755          0     70.750  34.389141   995.7057      4.991      0.010  0.000e+00
      5.051    30.2243   0.031097     0.1362     1.9577     1.8732          0     71.000  34.389144   995.7058      5.023      0.016  0.000e+00
      5.029    30.2247   0.031103     0.1362     1.2545     1.9236          0     71.250  34.389146   995.7056      5.002      0.016  0.000e+00
      5.051    30.2249   0.031103     0.1362     1.2028     1.9182          0     71.500  34.389149   995.7056      5.023      0.024  0.000e+00
      5.040    30.2254   0.031103     0.1362     1.1902     1.9320          0     71.750  34.389152   995.7054      5.012      0.019  0.000e+00
      4.986    30.2255   0.031103     0.1362     1.1485     1.9220          0     72.000  34.389155   995.7051      4.959     -0.002  0.000e+00
      4.954    30.2257   0.031097     0.1362     1.2773     1.8557          0     72.250  34.389158   995.7049      4.926     -0.021  0.000e+00
      4.900    30.2249   0.031091     0.1362     1.3664     1.8503          0     72.500  34.389161   995.7049      4.873     -0.053  0.000e+00
      4.846    30.2236   0.031091     0.1362     1.4693     1.8450          0     72.750  34.389164   995.7050      4.819     -0.091  0.000e+00
      4.856    30.2224   0.031097     0.1362     3.2305     1.8549          0     73.000  34.389167   995.7055      4.830     -0.115  0.000e+00
      4.900    30.2217   0.031091     0.1362     4.1407     1.8465          0     73.250  34.389170   995.7059      4.873     -0.105  0.000e+00
      4.900    30.2215   0.031082     0.1361     3.7075     1.7321          0     73.500  34.389172   995.7059      4.873     -0.093  0.000e+00
      4.867    30.2209   0.031085     0.1361     3.0661     1.7199          0     73.750  34.389175   995.7060      4.841     -0.073  0.000e+00
      4.856    30.2211   0.031076     0.1361     3.2436     1.7275          0     74.000  34.389178   995.7058      4.830     -0.048  0.000e+00
      4.846    30.2218   0.031070     0.1361     3.2002     1.7290          0     74.250  34.389181   995.7056      4.819     -0.032  0.000e+00
      4.835    30.2219   0.031079     0.1361     3.1043     1.7405          0     74.500  34.389184   995.7055      4.808     -0.019  0.000e+00
      4.846    30.2226   0.031070     0.1361     1.5415     1.7366          0     74.750  34.389187   995.7053      4.819     -0.014  0.000e+00
      4.846    30.2234   0.031070     0.1361     1.0753     1.7473          0     75.000  34.389190   995.7050      4.819     -0.024  0.000e+00
      4.867    30.2235   0.031070     0.1361     0.8597     1.7366          0     75.250  34.389193   995.7051      4.841     -0.024  0.000e+00
      4.878    30.2231   0.031064     0.1360     1.0119     1.7504          0     75.500  34.389196   995.7053      4.851     -0.007  0.000e+00
      4.824    30.2218   0.031067     0.1361     1.1417     1.7504          0     75.750  34.389198   995.7055      4.798     -0.004  0.000e+00
      4.803    30.2206   0.031070     0.1361     1.0981     1.7572          0     76.000  34.389201   995.7057      4.776     -0.011  0.000e+00
      4.759    30.2199   0.031070     0.1361     2.5492     1.7534          0     76.250  34.389204   995.7057      4.733     -0.030  0.000e+00
      4.748    30.2178   0.031058     0.1360     3.2480     1.7382          0     76.500  34.389207   995.7063      4.722     -0.049  0.000e+00
      4.792    30.2164   0.031058     0.1360     3.4308     1.7374          0     76.750  34.389210   995.7069      4.765     -0.053  0.000e+00
      4.857    30.2155   0.031061     0.1361     3.2256     1.7473          0     77.000  34.389213   995.7075      4.830     -0.034  0.000e+00
      4.889    30.2150   0.031052     0.1360     3.5263     1.7389          0     77.250  34.389216   995.7078      4.862     -0.007  0.000e+00
      4.867    30.2144   0.031064     0.1361     2.8192     1.7389          0     77.500  34.389219   995.7079      4.841      0.019  0.000e+00
      4.813    30.2146   0.031052     0.1360     1.6929     1.7176          0     77.750  34.389222   995.7075      4.787      0.035  0.000e+00
      4.770    30.2121   0.031064     0.1361     1.2808     1.7214          0     78.000  34.389225   995.7081      4.744      0.024  0.000e+00
      4.662    30.2092   0.031055     0.1360     1.4339     1.7138          0     78.250  34.389227   995.7085      4.636     -0.018  0.000e+00
      4.586    30.2077   0.031046     0.1360     1.7136     1.7160          0     78.500  34.389230   995.7086      4.561     -0.086  0.000e+00
      4.619    30.2068   0.031052     0.1360     1.6047     1.7420          0     78.750  34.389233   995.7091      4.593     -0.137  0.000e+00
      4.640    30.2060   0.031052     0.1360     2.7383     1.7435          0     79.000  34.389236   995.7094      4.615     -0.159  0.000e+00
      4.662    30.2057   0.031052     0.1360     3.2220     1.7489          0     79.250  34.389239   995.7096      4.636     -0.144  0.000e+00
      4.684    30.2075   0.031055     0.1360     3.0842     1.7366          0     79.500  34.389242   995.7091      4.658     -0.099  0.000e+00
      4.727    30.2107   0.031043     0.1360     3.5795     1.7244          0     79.750  34.389245   995.7083      4.701     -0.037  0.000e+00
      4.716    30.2148   0.031037     0.1360     2.9587     1.7176          0     80.000  34.389248   995.7070      4.690      0.014  0.000e+00
      4.565    30.2186   0.031031     0.1359     2.7308     1.7244          0     80.250  34.389251   995.7051      4.540      0.017  0.000e+00
      4.348    30.2217   0.031037     0.1359     2.5807     1.7290          0     80.500  34.389253   995.7033      4.325     -0.060  0.000e+00
      4.262    30.2236   0.031034     0.1359     2.6242     1.7405          0     80.750  34.389256   995.7023      4.239     -0.164  0.000e+00
      4.219    30.2246   0.031037     0.1359     2.0055     1.7405          0     81.000  34.389259   995.7018      4.196     -0.248  0.000e+00
      4.132    30.2249   0.031037     0.1359     2.1580     1.7458          0     81.250  34.389262   995.7013      4.110     -0.321  0.000e+00
      4.013    30.2251   0.031031     0.1359     2.3367     1.7443          0     81.500  34.389265   995.7007      3.991     -0.384  0.000e+00
      3.959    30.2252   0.031037     0.1359     2.3391     1.7389          0     81.750  34.389268   995.7004      3.937     -0.412  0.000e+00
      3.905    30.2246   0.031034     0.1359     2.2766     1.7519          0     82.000  34.389271   995.7004      3.884     -0.391  0.000e+00
      3.776    30.2243   0.031025     0.1359     2.0735     1.7588          0     82.250  34.389274   995.6999      3.755     -0.353  0.000e+00
      3.603    30.2249   0.031019     0.1359     2.5236     1.7504          0     82.500  34.389277   995.6989      3.583     -0.350  0.000e+00
      3.484    30.2251   0.031019     0.1359     2.2859     1.7511          0     82.750  34.389280   995.6983      3.465     -0.386  0.000e+00
      3.397    30.2248   0.031019     0.1359     2.1605     1.7519          0     83.000  34.389282   995.6980      3.379     -0.416  0.000e+00
