public/post/ctd_rufiji/SBE19plus_01906740_2018_02_13_0914.cnv
* Sea-Bird SBE19plus  Data File:
* FileName = C:\Users\all user\Desktop\CTD tafiri 2018\SBE19plus_01906740_2018_02_13_0914.hex
* Software version 2.6.3.104
* Temperature SN = 6740
* Conductivity SN = 6740
* System UpLoad Time = Feb 13 2018 14:02:54
* <ApplicationData>
* <Seaterm232>
# nquan = 13
# nvalues = 358                                   
# units = specified
# name 0 = prdM: Pressure, Strain Gauge [db]
# name 1 = tv290C: Temperature [ITS-90, deg C]
# name 2 = c0S/m: Conductivity [S/m]
# name 3 = sal00: Salinity, Practical [PSU]
# name 4 = sbeox0ML/L: Oxygen, SBE 43 [ml/l]
# name 5 = flECO-AFL: Fluorescence, WET Labs ECO-AFL/FL [mg/m^3]
# name 6 = nbf: Bottles Fired
# name 7 = timeS: Time, Elapsed [seconds]
# name 8 = timeJ: Julian Days
# name 9 = density00: Density [density, kg/m^3]
# name 10 = depSM: Depth [salt water, m], lat = 0.00
# name 11 = dz/dtM: Descent Rate [m/s]
# name 12 = flag:  0.000e+00
# span 0 =      0.133,      2.500                 
# span 1 =    29.3604,    30.7451                 
# span 2 =   0.000773,   0.013968                 
# span 3 =     0.0147,     0.0640                 
# span 4 =     0.4695,     7.2516                 
# span 5 =    -0.0700,     1.7984                 
# span 6 =          0,          0                 
# span 7 =      0.000,     89.250                 
# span 8 =  34.286910,  34.287943                 
# span 9 =   995.4748,   995.8552                 
# span 10 =      0.132,      2.486                
# span 11 =     -0.507,      0.316                
# span 12 = 0.0000e+00, 0.0000e+00                
# interval = seconds: 0.25
# start_time = Feb 03 2018 06:53:09 [Instrument's time stamp, header]
# bad_flag = -9.990e-29
*END*
      0.228    29.3604   0.002023     0.0184     3.6775    -0.0654          0      0.000  34.286910   995.8552      0.227 1.0527e-16  0.000e+00
      0.326    29.6337   0.004718     0.0281     3.5674    -0.0700          0      0.250  34.286913   995.7816      0.324      0.026  0.000e+00
      0.412    29.9873   0.010321     0.0498     3.5867    -0.0639          0      0.500  34.286916   995.6921      0.410      0.068  0.000e+00
      0.455    30.2152   0.013876     0.0640     3.5514    -0.0685          0      0.750  34.286918   995.6339      0.453      0.110  0.000e+00
      0.499    30.3675   0.013879     0.0639     3.5523    -0.0342          0      1.000  34.286921   995.5876      0.496      0.148  0.000e+00
      0.520    30.4747   0.013887     0.0638     3.5790    -0.0342          0      1.250  34.286924   995.5549      0.517      0.174  0.000e+00
      0.585    30.5527   0.013920     0.0639     3.5184    -0.0342          0      1.500  34.286927   995.5313      0.582      0.198  0.000e+00
      0.650    30.6124   0.013935     0.0639     3.4787    -0.0326          0      1.750  34.286930   995.5133      0.647      0.216  0.000e+00
      0.737    30.6608   0.013941     0.0639     3.5370     1.3781          0      2.000  34.286933   995.4988      0.733      0.228  0.000e+00
      0.769    30.6953   0.013941     0.0638     3.6667     1.3826          0      2.250  34.286936   995.4883      0.765      0.215  0.000e+00
      0.802    30.7146   0.013941     0.0638     3.4299     1.3781          0      2.500  34.286939   995.4825      0.797      0.207  0.000e+00
      0.834    30.7244   0.013947     0.0638     3.5030     1.3796          0      2.750  34.286942   995.4796      0.829      0.205  0.000e+00
      0.856    30.7266   0.013962     0.0639     3.5828     1.4498          0      3.000  34.286944   995.4790      0.851      0.195  0.000e+00
      0.921    30.7259   0.013929     0.0638     3.5697     1.4574          0      3.250  34.286947   995.4795      0.916      0.190  0.000e+00
      0.964    30.7257   0.013902     0.0637     3.5622     1.4544          0      3.500  34.286950   995.4796      0.959      0.175  0.000e+00
      0.986    30.7243   0.013896     0.0636     3.4934     1.4452          0      3.750  34.286953   995.4801      0.980      0.159  0.000e+00
      1.018    30.7173   0.013881     0.0636     3.3965     1.4528          0      4.000  34.286956   995.4824      1.012      0.146  0.000e+00
      1.040    30.7083   0.013896     0.0637     3.2896     1.4345          0      4.250  34.286959   995.4853      1.034      0.143  0.000e+00
      1.061    30.7034   0.013902     0.0637     3.2633     1.4383          0      4.500  34.286962   995.4869      1.055      0.136  0.000e+00
      1.083    30.7026   0.013887     0.0636     3.1691     1.4368          0      4.750  34.286965   995.4873      1.077      0.127  0.000e+00
      1.104    30.7034   0.013876     0.0636     3.0170     1.4338          0      5.000  34.286968   995.4871      1.098      0.115  0.000e+00
      1.072    30.7031   0.013855     0.0635     2.9786     1.4681          0      5.250  34.286970   995.4869      1.066      0.084  0.000e+00
      1.104    30.7017   0.013876     0.0636     2.9471     1.4627          0      5.500  34.286973   995.4876      1.098      0.069  0.000e+00
      1.137    30.6970   0.013837     0.0634     2.9101     1.4597          0      5.750  34.286976   995.4891      1.131      0.065  0.000e+00
      1.115    30.6655   0.013855     0.0635     2.9018     1.4620          0      6.000  34.286979   995.4987      1.109      0.050  0.000e+00
      1.115    30.6222   0.013867     0.0636     2.8772     1.4284          0      6.250  34.286982   995.5121      1.109      0.038  0.000e+00
      1.126    30.5698   0.013861     0.0636     2.8572     1.4292          0      6.500  34.286985   995.5283      1.120      0.029  0.000e+00
      1.115    30.5237   0.013867     0.0637     2.8286     1.4200          0      6.750  34.286988   995.5424      1.109      0.019  0.000e+00
      1.093    30.4990   0.013855     0.0637     2.8119     1.4223          0      7.000  34.286991   995.5499      1.087      0.007  0.000e+00
      1.104    30.4818   0.013855     0.0637     2.7788     1.4483          0      7.250  34.286994   995.5552      1.098      0.004  0.000e+00
      1.115    30.4630   0.013870     0.0638     2.7676     1.4452          0      7.500  34.286997   995.5611      1.109     -0.007  0.000e+00
      1.126    30.4442   0.013870     0.0638     2.7223     1.4513          0      7.750  34.286999   995.5669      1.120     -0.007  0.000e+00
      1.137    30.4409   0.013843     0.0637     2.6979     1.4498          0      8.000  34.287002   995.5679      1.130      0.006  0.000e+00
      1.126    30.4300   0.013837     0.0637     2.6771     1.4513          0      8.250  34.287005   995.5712      1.120      0.008  0.000e+00
      1.104    30.4184   0.013837     0.0637     2.6741     1.4437          0      8.500  34.287008   995.5746      1.098      0.004  0.000e+00
      1.115    30.4132   0.013837     0.0637     2.6664     1.4483          0      8.750  34.287011   995.5762      1.109      0.006  0.000e+00
      1.137    30.4271   0.013843     0.0637     2.6576     1.4505          0      9.000  34.287014   995.5721      1.131      0.012  0.000e+00
      1.137    30.4748   0.013870     0.0638     2.6504     1.4452          0      9.250  34.287017   995.5576      1.131      0.009  0.000e+00
      1.137    30.5319   0.013882     0.0638     2.6162     1.4467          0      9.500  34.287020   995.5401      1.131      0.007  0.000e+00
      1.126    30.5793   0.013890     0.0637     2.6221     1.4498          0      9.750  34.287023   995.5255      1.120      0.004  0.000e+00
      1.126    30.6136   0.013882     0.0637     2.6000     1.4490          0     10.000  34.287025   995.5149      1.120      0.003  0.000e+00
      1.104    30.6355   0.013887     0.0637     2.5862     1.4498          0     10.250  34.287028   995.5081      1.098      0.000  0.000e+00
      1.126    30.6505   0.013876     0.0636     2.5722     1.4475          0     10.500  34.287031   995.5035      1.120      0.002  0.000e+00
      1.137    30.6614   0.013879     0.0636     2.5809     1.4513          0     10.750  34.287034   995.5002      1.131     -0.001  0.000e+00
      1.126    30.6685   0.013876     0.0636     2.5816     1.4452          0     11.000  34.287037   995.4979      1.120     -0.006  0.000e+00
      1.126    30.6769   0.013881     0.0636     2.5926     1.4505          0     11.250  34.287040   995.4954      1.120     -0.004  0.000e+00
      1.126    30.6854   0.013879     0.0636     2.6043     1.4544          0     11.500  34.287043   995.4927      1.120     -0.001  0.000e+00
      1.104    30.6903   0.013881     0.0636     2.6083     1.4635          0     11.750  34.287046   995.4911      1.098     -0.003  0.000e+00
      1.115    30.6935   0.013887     0.0636     2.6036     1.4681          0     12.000  34.287049   995.4902      1.109     -0.004  0.000e+00
      1.126    30.6986   0.013893     0.0637     2.6029     1.4635          0     12.250  34.287052   995.4887      1.120     -0.001  0.000e+00
      1.137    30.7031   0.013890     0.0636     2.5955     1.4574          0     12.500  34.287054   995.4873      1.130     -0.002  0.000e+00
      1.126    30.7073   0.013893     0.0636     2.5864     1.4597          0     12.750  34.287057   995.4860      1.120     -0.002  0.000e+00
      1.126    30.7106   0.013893     0.0636     2.5769     1.4551          0     13.000  34.287060   995.4850      1.120      0.003  0.000e+00
      1.126    30.7128   0.013896     0.0637     2.5650     1.4582          0     13.250  34.287063   995.4843      1.120      0.004  0.000e+00
      1.115    30.7153   0.013896     0.0637     2.5492     1.4597          0     13.500  34.287066   995.4835      1.109      0.003  0.000e+00
      1.115    30.7177   0.013902     0.0637     2.5479     1.4864          0     13.750  34.287069   995.4828      1.109      0.002  0.000e+00
      1.115    30.7204   0.013908     0.0637     2.5462     1.4826          0     14.000  34.287072   995.4820      1.109     -0.005  0.000e+00
      1.126    30.7224   0.013911     0.0637     2.5456     1.4879          0     14.250  34.287075   995.4814      1.120     -0.006  0.000e+00
      1.115    30.7241   0.013908     0.0637     2.5430     1.4750          0     14.500  34.287078   995.4808      1.109     -0.008  0.000e+00
      1.115    30.7253   0.013908     0.0637     2.5505     1.4605          0     14.750  34.287080   995.4805      1.109     -0.005  0.000e+00
      1.137    30.7251   0.013911     0.0637     2.5503     1.4673          0     15.000  34.287083   995.4806      1.130      0.001  0.000e+00
      1.137    30.7258   0.013908     0.0637     2.5536     1.4566          0     15.250  34.287086   995.4804      1.130      0.007  0.000e+00
      1.115    30.7259   0.013902     0.0637     2.5601     1.4627          0     15.500  34.287089   995.4802      1.109      0.007  0.000e+00
      1.126    30.7262   0.013908     0.0637     2.5577     1.4666          0     15.750  34.287092   995.4802      1.120      0.006  0.000e+00
      1.115    30.7273   0.013896     0.0636     2.5555     1.4589          0     16.000  34.287095   995.4798      1.109      0.002  0.000e+00
      1.158    30.7282   0.013902     0.0637     2.5646     1.4536          0     16.250  34.287098   995.4797      1.152      0.009  0.000e+00
      1.137    30.7290   0.013914     0.0637     2.5562     1.4658          0     16.500  34.287101   995.4794      1.131      0.011  0.000e+00
      1.137    30.7295   0.013917     0.0637     2.5572     1.4612          0     16.750  34.287104   995.4793      1.131      0.009  0.000e+00
      1.148    30.7300   0.013908     0.0637     2.5435     1.4849          0     17.000  34.287106   995.4791      1.141      0.008  0.000e+00
      1.148    30.7296   0.013908     0.0637     2.5586     1.4841          0     17.250  34.287109   995.4793      1.141      0.012  0.000e+00
      1.137    30.7291   0.013908     0.0637     2.5446     1.4849          0     17.500  34.287112   995.4794      1.130      0.013  0.000e+00
      1.148    30.7288   0.013902     0.0637     2.5354     1.4841          0     17.750  34.287115   995.4795      1.141      0.009  0.000e+00
      1.148    30.7284   0.013914     0.0637     2.5543     1.4421          0     18.000  34.287118   995.4796      1.141      0.007  0.000e+00
      1.137    30.7280   0.013908     0.0637     2.5391     1.4353          0     18.250  34.287121   995.4797      1.130     -0.003  0.000e+00
      1.158    30.7279   0.013902     0.0637     2.5389     1.4315          0     18.500  34.287124   995.4798      1.152      0.006  0.000e+00
      1.115    30.7279   0.013908     0.0637     2.5306     1.4399          0     18.750  34.287127   995.4796      1.109     -0.004  0.000e+00
      1.148    30.7279   0.013908     0.0637     2.5253     1.5055          0     19.000  34.287130   995.4798      1.141     -0.004  0.000e+00
      1.148    30.7279   0.013902     0.0637     2.5101     1.5062          0     19.250  34.287133   995.4798      1.141     -0.001  0.000e+00
      1.148    30.7280   0.013896     0.0636     2.5050     1.5108          0     19.500  34.287135   995.4797      1.141      0.001  0.000e+00
      1.148    30.7276   0.013896     0.0636     2.4954     1.5131          0     19.750  34.287138   995.4798      1.141      0.001  0.000e+00
      1.158    30.7273   0.013896     0.0636     2.4957     1.5108          0     20.000  34.287141   995.4800      1.152      0.006  0.000e+00
      1.137    30.7273   0.013902     0.0637     2.4985     1.4551          0     20.250  34.287144   995.4799      1.131      0.004  0.000e+00
      1.158    30.7275   0.013896     0.0636     2.5039     1.4490          0     20.500  34.287147   995.4799      1.152      0.006  0.000e+00
      1.137    30.7275   0.013902     0.0637     2.4976     1.4521          0     20.750  34.287150   995.4799      1.131      0.007  0.000e+00
      1.148    30.7276   0.013896     0.0636     2.4996     1.4536          0     21.000  34.287153   995.4798      1.141     -0.001  0.000e+00
      1.126    30.7272   0.013896     0.0636     2.5377     1.4505          0     21.250  34.287156   995.4799      1.120     -0.007  0.000e+00
      1.137    30.7260   0.013870     0.0635     2.7444     1.4467          0     21.500  34.287159   995.4802      1.131     -0.009  0.000e+00
      1.159    30.7230   0.013867     0.0635     3.1318     1.4513          0     21.750  34.287161   995.4812      1.152     -0.004  0.000e+00
      1.137    30.7193   0.013855     0.0635     3.4508     1.4498          0     22.000  34.287164   995.4822      1.131     -0.005  0.000e+00
      1.169    30.7170   0.013849     0.0635     3.5255     1.4528          0     22.250  34.287167   995.4831      1.163      0.007  0.000e+00
      1.169    30.7157   0.013849     0.0635     3.6913     1.4528          0     22.500  34.287170   995.4835      1.163      0.010  0.000e+00
      1.170    30.7144   0.013855     0.0635     3.7156     1.4498          0     22.750  34.287173   995.4839      1.163      0.019  0.000e+00
      1.148    30.7131   0.013849     0.0635     3.4885     1.4490          0     23.000  34.287176   995.4842      1.142      0.014  0.000e+00
      1.137    30.7121   0.013855     0.0635     4.3049     1.4353          0     23.250  34.287179   995.4845      1.131      0.009  0.000e+00
      1.148    30.7107   0.013837     0.0634     3.4918     1.4383          0     23.500  34.287182   995.4849      1.142      0.000  0.000e+00
      1.137    30.7090   0.013837     0.0634     3.2106     1.4399          0     23.750  34.287185   995.4854      1.131     -0.009  0.000e+00
      1.148    30.7070   0.013837     0.0634     2.9901     1.4330          0     24.000  34.287188   995.4860      1.142     -0.009  0.000e+00
      1.148    30.7050   0.013828     0.0634     2.8467     1.4353          0     24.250  34.287190   995.4866      1.141     -0.014  0.000e+00
      1.169    30.7029   0.013828     0.0634     2.5980     1.4200          0     24.500  34.287193   995.4874      1.163     -0.004  0.000e+00
      1.148    30.7002   0.013831     0.0634     2.4261     1.4238          0     24.750  34.287196   995.4881      1.142     -0.000  0.000e+00
      1.169    30.6982   0.013828     0.0634     2.8585     1.4177          0     25.000  34.287199   995.4888      1.163      0.011  0.000e+00
      1.148    30.6957   0.013828     0.0634     2.9093     1.4238          0     25.250  34.287202   995.4895      1.142      0.010  0.000e+00
      1.148    30.6936   0.013828     0.0634     2.7666     1.4414          0     25.500  34.287205   995.4902      1.142      0.005  0.000e+00
      1.148    30.6913   0.013825     0.0634     3.1128     1.4399          0     25.750  34.287208   995.4908      1.142      0.003  0.000e+00
      1.148    30.6887   0.013816     0.0633     2.5493     1.4353          0     26.000  34.287211   995.4916      1.142     -0.003  0.000e+00
      1.159    30.6863   0.013816     0.0634     1.9146     1.4444          0     26.250  34.287214   995.4924      1.152     -0.003  0.000e+00
      1.137    30.6834   0.013819     0.0634     1.9188     1.4597          0     26.500  34.287216   995.4932      1.131     -0.009  0.000e+00
      1.159    30.6810   0.013816     0.0634     1.4669     1.4597          0     26.750  34.287219   995.4940      1.152     -0.002  0.000e+00
      1.148    30.6787   0.013810     0.0633     1.0387     1.4521          0     27.000  34.287222   995.4947      1.141     -0.004  0.000e+00
      1.169    30.6763   0.013810     0.0633     1.1058     1.4627          0     27.250  34.287225   995.4955      1.163      0.006  0.000e+00
      1.159    30.6741   0.013813     0.0634     1.1948     1.4299          0     27.500  34.287228   995.4962      1.152      0.007  0.000e+00
