public/post/ctd_rufiji/SBE19plus_01906740_2018_02_13_0924.cnv
* Sea-Bird SBE19plus  Data File:
* FileName = C:\Users\all user\Desktop\CTD tafiri 2018\SBE19plus_01906740_2018_02_13_0924.hex
* Software version 2.6.3.104
* Temperature SN = 6740
* Conductivity SN = 6740
* System UpLoad Time = Feb 13 2018 14:04:27
* <ApplicationData>
* <Seaterm232>
# nquan = 13
# nvalues = 377                                   
# units = specified
# name 0 = prdM: Pressure, Strain Gauge [db]
# name 1 = tv290C: Temperature [ITS-90, deg C]
# name 2 = c0S/m: Conductivity [S/m]
# name 3 = sal00: Salinity, Practical [PSU]
# name 4 = sbeox0ML/L: Oxygen, SBE 43 [ml/l]
# name 5 = flECO-AFL: Fluorescence, WET Labs ECO-AFL/FL [mg/m^3]
# name 6 = nbf: Bottles Fired
# name 7 = timeS: Time, Elapsed [seconds]
# name 8 = timeJ: Julian Days
# name 9 = density00: Density [density, kg/m^3]
# name 10 = depSM: Depth [salt water, m], lat = 0.00
# name 11 = dz/dtM: Descent Rate [m/s]
# name 12 = flag:  0.000e+00
# span 0 =      0.168,      7.887                 
# span 1 =    29.3752,    30.4224                 
# span 2 =   0.003760,   0.083497                 
# span 3 =     0.0246,     0.3693                 
# span 4 =     0.5962,    12.2683                 
# span 5 =    -0.0326,     2.4233                 
# span 6 =          0,          0                 
# span 7 =      0.000,     94.000                 
# span 8 =  34.410532,  34.411620                 
# span 9 =   995.6863,   995.9358                 
# span 10 =      0.167,      7.844                
# span 11 =     -0.667,      0.968                
# span 12 = 0.0000e+00, 0.0000e+00                
# interval = seconds: 0.25
# start_time = Feb 03 2018 09:51:10 [Instrument's time stamp, header]
# bad_flag = -9.990e-29
*END*
[from data line 223]
      7.865    30.1490   0.080203     0.3539     2.0912     2.2471          0     55.750  34.411178   995.9044      7.822      0.015  0.000e+00
      7.865    30.1481   0.080191     0.3538     2.0924     2.2509          0     56.000  34.411181   995.9046      7.822      0.010  0.000e+00
      7.876    30.1483   0.080160     0.3537     2.0921     2.3035          0     56.250  34.411183   995.9045      7.833      0.011  0.000e+00
      7.855    30.1485   0.080126     0.3535     2.3246     2.2967          0     56.500  34.411186   995.9042      7.811      0.004  0.000e+00
      7.844    30.1486   0.080083     0.3533     2.1253     2.3012          0     56.750  34.411189   995.9040      7.801     -0.001  0.000e+00
      7.865    30.1489   0.080142     0.3536     2.1092     2.2905          0     57.000  34.411192   995.9042      7.822     -0.007  0.000e+00
      7.865    30.1486   0.080126     0.3535     2.0931     2.3028          0     57.250  34.411195   995.9042      7.822     -0.011  0.000e+00
      7.844    30.1480   0.080083     0.3533     2.0785     2.1685          0     57.500  34.411198   995.9042      7.800     -0.014  0.000e+00
      7.779    30.1476   0.080019     0.3530     2.0703     2.1670          0     57.750  34.411201   995.9038      7.736     -0.028  0.000e+00
      7.671    30.1433   0.080031     0.3531     2.0539     2.1639          0     58.000  34.411204   995.9047      7.628     -0.071  0.000e+00
      7.573    30.1377   0.080071     0.3533     2.0270     2.1670          0     58.250  34.411207   995.9061      7.532     -0.128  0.000e+00
      7.541    30.1361   0.080013     0.3531     2.0032     2.1792          0     58.500  34.411209   995.9063      7.499     -0.169  0.000e+00
      7.552    30.1400   0.079841     0.3523     2.0583     2.1738          0     58.750  34.411212   995.9045      7.510     -0.193  0.000e+00
      7.584    30.1449   0.079788     0.3520     2.0496     2.1761          0     59.000  34.411215   995.9030      7.542     -0.192  0.000e+00
      7.606    30.1485   0.079788     0.3520     2.0467     2.1784          0     59.250  34.411218   995.9020      7.564     -0.160  0.000e+00
      7.617    30.1506   0.079881     0.3524     2.0468     2.2234          0     59.500  34.411221   995.9017      7.575     -0.108  0.000e+00
      7.584    30.1513   0.079967     0.3528     2.0616     2.2257          0     59.750  34.411224   995.9016      7.542     -0.056  0.000e+00
      7.379    30.1490   0.079970     0.3528     2.0677     2.2242          0     60.000  34.411227   995.9014      7.338     -0.062  0.000e+00
      7.141    30.1428   0.079948     0.3528     2.0635     2.2280          0     60.250  34.411230   995.9022      7.102     -0.141  0.000e+00
      6.946    30.1380   0.079905     0.3526     2.0483     2.1845          0     60.500  34.411233   995.9027      6.908     -0.270  0.000e+00
      6.817    30.1351   0.079841     0.3523     2.0475     2.1914          0     60.750  34.411236   995.9028      6.779     -0.401  0.000e+00
      6.806    30.1338   0.079804     0.3522     2.0550     2.1967          0     61.000  34.411238   995.9030      6.768     -0.484  0.000e+00
      6.838    30.1344   0.079794     0.3521     2.0550     2.1868          0     61.250  34.411241   995.9029      6.801     -0.498  0.000e+00
      6.892    30.1376   0.079804     0.3521     2.0593     2.1929          0     61.500  34.411244   995.9022      6.854     -0.440  0.000e+00
      6.925    30.1403   0.079853     0.3523     2.0565     2.2234          0     61.750  34.411247   995.9017      6.887     -0.323  0.000e+00
      6.946    30.1435   0.079859     0.3523     2.0538     2.2249          0     62.000  34.411250   995.9008      6.908     -0.164  0.000e+00
      6.979    30.1452   0.079865     0.3524     2.0544     2.2295          0     62.250  34.411253   995.9005      6.940     -0.023  0.000e+00
      6.925    30.1433   0.079871     0.3524     2.0528     2.2234          0     62.500  34.411256   995.9008      6.887      0.051  0.000e+00
      6.763    30.1389   0.079859     0.3524     2.0409     2.2066          0     62.750  34.411259   995.9014      6.725      0.032  0.000e+00
      6.536    30.1331   0.079841     0.3523     2.0195     2.2028          0     63.000  34.411262   995.9021      6.500     -0.079  0.000e+00
      6.265    30.1275   0.079828     0.3523     1.9971     2.2013          0     63.250  34.411264   995.9026      6.231     -0.247  0.000e+00
      6.103    30.1247   0.079834     0.3524     1.9682     2.2051          0     63.500  34.411267   995.9028      6.070     -0.411  0.000e+00
      6.082    30.1234   0.079816     0.3523     1.9631     2.1517          0     63.750  34.411270   995.9030      6.048     -0.515  0.000e+00
      6.114    30.1231   0.079798     0.3522     1.9504     2.1509          0     64.000  34.411273   995.9032      6.080     -0.544  0.000e+00
      6.157    30.1234   0.079804     0.3522     1.9451     2.1509          0     64.250  34.411276   995.9033      6.123     -0.501  0.000e+00
      6.201    30.1239   0.079816     0.3523     1.9252     2.1509          0     64.500  34.411279   995.9034      6.166     -0.383  0.000e+00
      6.190    30.1245   0.079834     0.3524     1.9193     2.1395          0     64.750  34.411282   995.9032      6.156     -0.233  0.000e+00
      6.190    30.1239   0.079841     0.3524     1.9124     2.1387          0     65.000  34.411285   995.9034      6.156     -0.089  0.000e+00
      6.157    30.1214   0.079853     0.3525     1.9171     2.1425          0     65.250  34.411288   995.9041      6.123      0.009  0.000e+00
      6.028    30.1161   0.079847     0.3525     1.9179     2.1380          0     65.500  34.411291   995.9051      5.995      0.007  0.000e+00
      5.725    30.1085   0.079834     0.3525     1.8978     2.1433          0     65.750  34.411293   995.9061      5.693     -0.113  0.000e+00
      5.411    30.1033   0.079828     0.3525     1.8733     2.1166          0     66.000  34.411296   995.9063      5.382     -0.299  0.000e+00
      5.249    30.1007   0.079828     0.3525     1.8611     2.1204          0     66.250  34.411299   995.9064      5.220     -0.473  0.000e+00
      5.163    30.0993   0.079834     0.3525     1.8623     2.1105          0     66.500  34.411302   995.9064      5.134     -0.597  0.000e+00
      5.173    30.0988   0.079834     0.3525     1.8616     2.1204          0     66.750  34.411305   995.9066      5.145     -0.639  0.000e+00
      5.217    30.0979   0.079828     0.3525     1.8619     2.1349          0     67.000  34.411308   995.9071      5.188     -0.603  0.000e+00
      5.260    30.0954   0.079816     0.3525     1.8676     2.1296          0     67.250  34.411311   995.9080      5.231     -0.492  0.000e+00
      5.314    30.0934   0.079798     0.3524     1.8719     2.1311          0     67.500  34.411314   995.9088      5.285     -0.314  0.000e+00
      5.335    30.0923   0.079782     0.3524     1.8783     2.1280          0     67.750  34.411317   995.9092      5.306     -0.118  0.000e+00
      5.325    30.0917   0.079782     0.3524     1.8874     2.1097          0     68.000  34.411319   995.9093      5.295      0.020  0.000e+00
      5.270    30.0911   0.079764     0.3523     1.8984     2.1044          0     68.250  34.411322   995.9092      5.241      0.066  0.000e+00
      5.087    30.0910   0.079758     0.3523     1.9049     2.1044          0     68.500  34.411325   995.9084      5.059      0.019  0.000e+00
      4.795    30.0912   0.079782     0.3524     1.8852     2.1052          0     68.750  34.411328   995.9071      4.768     -0.125  0.000e+00
      4.557    30.0912   0.079745     0.3522     1.8682     2.1082          0     69.000  34.411331   995.9059      4.532     -0.304  0.000e+00
      4.438    30.0909   0.079622     0.3516     1.8651     2.1212          0     69.250  34.411334   995.9051      4.414     -0.458  0.000e+00
      4.416    30.0905   0.079463     0.3509     1.8624     2.1219          0     69.500  34.411337   995.9046      4.392     -0.553  0.000e+00
      4.470    30.0899   0.079361     0.3505     1.8601     2.1227          0     69.750  34.411340   995.9047      4.446     -0.559  0.000e+00
      4.535    30.0911   0.079189     0.3497     1.8619     2.1151          0     70.000  34.411343   995.9040      4.510     -0.484  0.000e+00
      4.579    30.0905   0.079020     0.3489     1.8683     2.0563          0     70.250  34.411345   995.9038      4.553     -0.347  0.000e+00
      4.622    30.0874   0.078839     0.3481     1.8772     2.0647          0     70.500  34.411348   995.9043      4.596     -0.168  0.000e+00
      4.633    30.0840   0.078726     0.3476     1.8976     2.0617          0     70.750  34.411351   995.9050      4.607     -0.004  0.000e+00
      4.525    30.0812   0.078633     0.3472     1.9211     2.0594          0     71.000  34.411354   995.9051      4.500      0.065  0.000e+00
      4.265    30.0781   0.078833     0.3481     1.9235     2.0868          0     71.250  34.411357   995.9056      4.242      0.003  0.000e+00
      3.984    30.0759   0.078649     0.3473     1.9236     2.0937          0     71.500  34.411360   995.9044      3.962     -0.154  0.000e+00
      3.746    30.0749   0.078412     0.3463     1.9383     2.0968          0     71.750  34.411363   995.9028      3.726     -0.352  0.000e+00
      3.660    30.0747   0.078234     0.3455     1.9450     2.0922          0     72.000  34.411366   995.9019      3.640     -0.510  0.000e+00
      3.638    30.0725   0.078164     0.3452     1.9609     2.0861          0     72.250  34.411369   995.9022      3.618     -0.597  0.000e+00
      3.714    30.0700   0.078029     0.3446     1.9739     2.1021          0     72.500  34.411372   995.9029      3.693     -0.591  0.000e+00
      3.779    30.0685   0.077992     0.3444     1.9875     2.0983          0     72.750  34.411374   995.9035      3.758     -0.495  0.000e+00
      3.854    30.0672   0.077666     0.3429     1.9886     2.0884          0     73.000  34.411377   995.9031      3.833     -0.319  0.000e+00
      3.865    30.0648   0.077574     0.3425     1.9944     2.0952          0     73.250  34.411380   995.9036      3.844     -0.125  0.000e+00
      3.898    30.0608   0.077550     0.3424     1.9991     2.1174          0     73.500  34.411383   995.9049      3.876      0.036  0.000e+00
      3.898    30.0589   0.077402     0.3418     2.0103     2.1181          0     73.750  34.411386   995.9050      3.876      0.128  0.000e+00
      3.725    30.0583   0.077409     0.3418     2.0269     2.1143          0     74.000  34.411389   995.9044      3.704      0.099  0.000e+00
      3.443    30.0572   0.077786     0.3435     2.0157     2.1166          0     74.250  34.411392   995.9048      3.425     -0.031  0.000e+00
      3.173    30.0559   0.077574     0.3426     2.0063     2.0990          0     74.500  34.411395   995.9033      3.156     -0.226  0.000e+00
      3.043    30.0562   0.077283     0.3413     2.0092     2.1120          0     74.750  34.411398   995.9016      3.027     -0.400  0.000e+00
      3.043    30.0558   0.076899     0.3395     2.0196     2.1059          0     75.000  34.411400   995.9004      3.027     -0.507  0.000e+00
      3.054    30.0543   0.076687     0.3386     2.0230     2.1067          0     75.250  34.411403   995.9002      3.037     -0.538  0.000e+00
      3.087    30.0521   0.076574     0.3381     2.0190     2.0983          0     75.500  34.411406   995.9007      3.070     -0.502  0.000e+00
      3.141    30.0495   0.076399     0.3373     2.0158     2.0952          0     75.750  34.411409   995.9011      3.123     -0.390  0.000e+00
      3.195    30.0456   0.076267     0.3367     2.0132     2.0975          0     76.000  34.411412   995.9021      3.177     -0.213  0.000e+00
      3.227    30.0427   0.076233     0.3366     2.0144     2.0952          0     76.250  34.411415   995.9030      3.209     -0.037  0.000e+00
      3.184    30.0410   0.076095     0.3360     2.0256     2.0624          0     76.500  34.411418   995.9029      3.166      0.066  0.000e+00
      2.935    30.0385   0.076197     0.3365     2.0132     2.0716          0     76.750  34.411421   995.9029      2.919      0.030  0.000e+00
      2.622    30.0377   0.076215     0.3366     1.9909     2.0632          0     77.000  34.411424   995.9018      2.607     -0.117  0.000e+00
      2.395    30.0377   0.075902     0.3351     1.9842     2.0640          0     77.250  34.411427   995.8997      2.382     -0.297  0.000e+00
      2.233    30.0383   0.075488     0.3333     1.9878     2.0640          0     77.500  34.411429   995.8974      2.220     -0.473  0.000e+00
      2.211    30.0379   0.075271     0.3323     1.9902     2.0907          0     77.750  34.411432   995.8967      2.199     -0.589  0.000e+00
      2.254    30.0360   0.075084     0.3314     2.0040     2.0952          0     78.000  34.411435   995.8969      2.242     -0.617  0.000e+00
      2.330    30.0342   0.075025     0.3312     2.0158     2.0937          0     78.250  34.411438   995.8975      2.317     -0.548  0.000e+00
      2.395    30.0337   0.074731     0.3299     2.0181     2.0968          0     78.500  34.411441   995.8970      2.382     -0.393  0.000e+00
      2.427    30.0338   0.074437     0.3285     2.0173     2.0807          0     78.750  34.411444   995.8961      2.414     -0.188  0.000e+00
      2.449    30.0313   0.074348     0.3281     2.0166     2.0777          0     79.000  34.411447   995.8967      2.435     -0.010  0.000e+00
      2.471    30.0279   0.074100     0.3270     2.0126     2.0853          0     79.250  34.411450   995.8970      2.457      0.102  0.000e+00
      2.384    30.0254   0.073864     0.3260     2.0226     2.0830          0     79.500  34.411453   995.8966      2.371      0.125  0.000e+00
      2.125    30.0225   0.073995     0.3266     2.0187     2.0525          0     79.750  34.411455   995.8967      2.113      0.025  0.000e+00
      1.811    30.0209   0.073940     0.3264     2.0063     2.0609          0     80.000  34.411458   995.8956      1.801     -0.158  0.000e+00
      1.627    30.0209   0.073294     0.3234     2.0043     2.0609          0     80.250  34.411461   995.8926      1.618     -0.349  0.000e+00
      1.552    30.0218   0.072902     0.3217     2.0190     2.0510          0     80.500  34.411464   995.8907      1.543     -0.493  0.000e+00
      1.519    30.0216   0.072865     0.3215     2.0243     2.0662          0     80.750  34.411467   995.8905      1.511     -0.572  0.000e+00
      1.595    30.0202   0.072430     0.3195     2.0428     2.0678          0     81.000  34.411470   995.8898      1.586     -0.562  0.000e+00
      1.649    30.0201   0.072354     0.3192     2.0431     2.0640          0     81.250  34.411473   995.8898      1.640     -0.475  0.000e+00
      1.703    30.0199   0.072219     0.3186     2.0389     2.0777          0     81.500  34.411476   995.8896      1.694     -0.313  0.000e+00
      1.714    30.0197   0.072057     0.3179     2.0434     2.0701          0     81.750  34.411479   995.8892      1.704     -0.125  0.000e+00
      1.735    30.0185   0.071815     0.3168     2.0411     2.0365          0     82.000  34.411481   995.8888      1.726      0.026  0.000e+00
      1.725    30.0165   0.071499     0.3154     2.0338     2.0479          0     82.250  34.411484   995.8884      1.715      0.096  0.000e+00
      1.724    30.0144   0.071429     0.3151     2.0259     2.0495          0     82.500  34.411487   995.8887      1.715      0.110  0.000e+00
      1.703    30.0127   0.071386     0.3149     2.0205     2.0434          0     82.750  34.411490   995.8890      1.693      0.087  0.000e+00
      1.724    30.0115   0.071386     0.3149     2.0169     2.0464          0     83.000  34.411493   995.8895      1.715      0.049  0.000e+00
