public/post/ctd_rufiji/SBE19plus_01906740_2018_02_13_0903.cnv
* Sea-Bird SBE19plus  Data File:
* FileName = C:\Users\all user\Desktop\CTD tafiri 2018\SBE19plus_01906740_2018_02_13_0903.hex
* Software version 2.6.3.104
* Temperature SN = 6740
* Conductivity SN = 6740
* System UpLoad Time = Feb 13 2018 14:01:01
* <ApplicationData>
* <Seaterm232>
# nquan = 13
# nvalues = 367                                   
# units = specified
# name 0 = prdM: Pressure, Strain Gauge [db]
# name 1 = tv290C: Temperature [ITS-90, deg C]
# name 2 = c0S/m: Conductivity [S/m]
# name 3 = sal00: Salinity, Practical [PSU]
# name 4 = sbeox0ML/L: Oxygen, SBE 43 [ml/l]
# name 5 = flECO-AFL: Fluorescence, WET Labs ECO-AFL/FL [mg/m^3]
# name 6 = nbf: Bottles Fired
# name 7 = timeS: Time, Elapsed [seconds]
# name 8 = timeJ: Julian Days
# name 9 = density00: Density [density, kg/m^3]
# name 10 = depSM: Depth [salt water, m], lat = 0.00
# name 11 = dz/dtM: Descent Rate [m/s]
# name 12 = flag:  0.000e+00
# span 0 =      0.100,      6.337                 
# span 1 =    25.3639,    30.2945                 
# span 2 =   0.000610,   0.057121                 
# span 3 =     0.0131,     0.2497                 
# span 4 =     0.9725,     4.6320                 
# span 5 =    -0.0288,     2.3890                 
# span 6 =          0,          0                 
# span 7 =      0.000,     91.500                 
# span 8 =  34.251065,  34.252124                 
# span 9 =   995.6382,   996.9638                 
# span 10 =      0.099,      6.302                
# span 11 =     -0.450,      0.573                
# span 12 = 0.0000e+00, 0.0000e+00                
# interval = seconds: 0.25
# start_time = Feb 03 2018 06:01:32 [Instrument's time stamp, header]
# bad_flag = -9.990e-29
*END*
[from data line 223]
      1.905    29.1633   0.055042     0.2456     1.9562     2.1654          0     55.750  34.251710   996.0916      1.895      0.219  0.000e+00
      1.927    29.2252   0.055042     0.2453     1.9646     2.1685          0     56.000  34.251713   996.0732      1.916      0.204  0.000e+00
      2.002    29.2539   0.055024     0.2451     1.9548     2.1250          0     56.250  34.251716   996.0649      1.991      0.201  0.000e+00
      2.046    29.2553   0.055003     0.2449     1.9307     2.1166          0     56.500  34.251719   996.0646      2.034      0.190  0.000e+00
      2.100    29.2379   0.054997     0.2450     1.9523     2.1196          0     56.750  34.251722   996.0701      2.088      0.185  0.000e+00
      2.143    29.2200   0.054991     0.2451     1.9510     2.1219          0     57.000  34.251725   996.0756      2.131      0.182  0.000e+00
      2.165    29.2091   0.054979     0.2451     1.9424     2.1151          0     57.250  34.251727   996.0789      2.153      0.177  0.000e+00
      2.197    29.2008   0.054972     0.2451     1.9401     2.1006          0     57.500  34.251730   996.0815      2.185      0.174  0.000e+00
      2.208    29.1935   0.054972     0.2451     1.9414     2.0937          0     57.750  34.251733   996.0837      2.196      0.163  0.000e+00
      2.219    29.1891   0.054966     0.2451     1.9493     2.0907          0     58.000  34.251736   996.0851      2.206      0.143  0.000e+00
      2.262    29.1852   0.054957     0.2451     1.8339     2.0990          0     58.250  34.251739   996.0864      2.249      0.122  0.000e+00
      2.359    29.1796   0.054966     0.2451     1.7934     2.0533          0     58.500  34.251742   996.0885      2.346      0.129  0.000e+00
      2.413    29.1706   0.054991     0.2453     1.7977     2.0479          0     58.750  34.251745   996.0915      2.400      0.141  0.000e+00
      2.510    29.1710   0.055024     0.2454     1.7708     2.0464          0     59.000  34.251748   996.0920      2.497      0.173  0.000e+00
      2.597    29.1869   0.055070     0.2456     1.7672     2.0510          0     59.250  34.251751   996.0878      2.583      0.215  0.000e+00
      2.727    29.2460   0.055100     0.2454     1.7763     2.2287          0     59.500  34.251753   996.0708      2.712      0.268  0.000e+00
      2.867    29.3619   0.054863     0.2438     1.7914     2.2257          0     59.750  34.251756   996.0359      2.851      0.332  0.000e+00
      2.997    29.5166   0.054499     0.2415     1.8473     2.2234          0     60.000  34.251759   995.9887      2.980      0.390  0.000e+00
      3.148    29.6810   0.054417     0.2403     1.8586     2.2242          0     60.250  34.251762   995.9394      3.131      0.439  0.000e+00
      3.267    29.8270   0.054836     0.2415     1.8802     2.1166          0     60.500  34.251765   995.8970      3.249      0.472  0.000e+00
      3.418    29.9456   0.055392     0.2435     1.8913     2.1151          0     60.750  34.251768   995.8634      3.400      0.511  0.000e+00
      3.559    30.0383   0.055650     0.2442     1.8877     2.1181          0     61.000  34.251771   995.8366      3.539      0.535  0.000e+00
      3.721    30.1067   0.056057     0.2457     1.9425     2.1158          0     61.250  34.251774   995.8177      3.701      0.558  0.000e+00
      3.818    30.1548   0.056398     0.2470     1.9281     2.1196          0     61.500  34.251777   995.8045      3.797      0.555  0.000e+00
      3.937    30.1876   0.056562     0.2476     1.9853     2.0693          0     61.750  34.251780   995.7955      3.916      0.546  0.000e+00
      4.045    30.2085   0.056671     0.2479     2.0313     2.0678          0     62.000  34.251782   995.7899      4.023      0.531  0.000e+00
      4.110    30.2222   0.056711     0.2481     2.1303     2.0640          0     62.250  34.251785   995.7861      4.088      0.499  0.000e+00
      4.208    30.2322   0.056701     0.2480     2.1530     2.0723          0     62.500  34.251788   995.7834      4.184      0.468  0.000e+00
      4.326    30.2391   0.056701     0.2479     2.4691     2.0319          0     62.750  34.251791   995.7818      4.303      0.439  0.000e+00
      4.445    30.2444   0.056723     0.2480     2.1935     2.0281          0     63.000  34.251794   995.7808      4.421      0.421  0.000e+00
      4.575    30.2483   0.056811     0.2484     2.6123     2.0289          0     63.250  34.251797   995.7805      4.550      0.416  0.000e+00
      4.737    30.2501   0.056866     0.2486     2.3880     2.0319          0     63.500  34.251800   995.7808      4.711      0.440  0.000e+00
      4.888    30.2511   0.056908     0.2488     2.2307     2.0685          0     63.750  34.251803   995.7814      4.862      0.470  0.000e+00
      5.051    30.2505   0.056954     0.2490     2.0915     2.0777          0     64.000  34.251806   995.7824      5.023      0.511  0.000e+00
      5.180    30.2496   0.057006     0.2492     2.0883     2.0685          0     64.250  34.251808   995.7834      5.152      0.548  0.000e+00
      5.332    30.2488   0.057012     0.2493     2.0371     2.0662          0     64.500  34.251811   995.7844      5.302      0.572  0.000e+00
      5.429    30.2496   0.057027     0.2493     2.0049     2.0243          0     64.750  34.251814   995.7846      5.399      0.573  0.000e+00
      5.559    30.2514   0.057079     0.2495     2.0784     2.0342          0     65.000  34.251817   995.7848      5.528      0.566  0.000e+00
      5.721    30.2530   0.057115     0.2497     2.2492     2.0388          0     65.250  34.251820   995.7851      5.689      0.561  0.000e+00
      5.872    30.2539   0.057121     0.2497     2.2304     2.0342          0     65.500  34.251823   995.7856      5.840      0.553  0.000e+00
      5.991    30.2540   0.057115     0.2497     2.2950     2.0365          0     65.750  34.251826   995.7860      5.958      0.545  0.000e+00
      6.045    30.2557   0.057085     0.2496     2.3374     2.0434          0     66.000  34.251829   995.7857      6.012      0.519  0.000e+00
      6.099    30.2581   0.057063     0.2494     2.3360     2.0479          0     66.250  34.251832   995.7851      6.065      0.483  0.000e+00
      6.218    30.2601   0.057027     0.2493     2.5896     2.0525          0     66.500  34.251834   995.7849      6.184      0.453  0.000e+00
      6.315    30.2612   0.056981     0.2491     2.8095     2.0464          0     66.750  34.251837   995.7848      6.280      0.430  0.000e+00
      6.326    30.2601   0.056972     0.2490     2.2457     2.0449          0     67.000  34.251840   995.7852      6.291      0.377  0.000e+00
      6.315    30.2629   0.056966     0.2490     2.4225     2.0334          0     67.250  34.251843   995.7843      6.280      0.304  0.000e+00
      6.326    30.2649   0.056954     0.2489     2.8516     2.0464          0     67.500  34.251846   995.7836      6.291      0.238  0.000e+00
      6.326    30.2634   0.056917     0.2488     3.2641     2.0411          0     67.750  34.251849   995.7840      6.291      0.182  0.000e+00
      6.337    30.2610   0.056884     0.2486     3.3580     1.9968          0     68.000  34.251852   995.7847      6.302      0.138  0.000e+00
      6.315    30.2607   0.056863     0.2485     3.3032     1.9983          0     68.250  34.251855   995.7846      6.280      0.083  0.000e+00
      6.315    30.2607   0.056866     0.2486     2.7566     1.9907          0     68.500  34.251858   995.7846      6.280      0.028  0.000e+00
      6.326    30.2515   0.056884     0.2487     3.4971     1.9922          0     68.750  34.251861   995.7875      6.291      0.001  0.000e+00
      6.337    30.2186   0.056863     0.2487     2.0370     2.1593          0     69.000  34.251863   995.7976      6.302      0.003  0.000e+00
      6.315    30.1895   0.056863     0.2489     1.3449     2.1563          0     69.250  34.251866   995.8065      6.281      0.001  0.000e+00
      6.272    30.1665   0.056866     0.2490     2.2063     2.1578          0     69.500  34.251869   995.8134      6.238     -0.016  0.000e+00
      6.207    30.1629   0.056844     0.2489     1.3725     2.1639          0     69.750  34.251872   995.8141      6.173     -0.043  0.000e+00
      6.218    30.1717   0.056832     0.2488     1.9763     2.1601          0     70.000  34.251875   995.8114      6.184     -0.060  0.000e+00
      6.207    30.1718   0.056832     0.2488     1.3490     2.0548          0     70.250  34.251878   995.8114      6.173     -0.068  0.000e+00
      6.175    30.1390   0.056832     0.2490     1.5310     2.0533          0     70.500  34.251881   995.8213      6.141     -0.084  0.000e+00
      6.164    30.1035   0.056820     0.2491     1.8354     2.0472          0     70.750  34.251884   995.8321      6.130     -0.094  0.000e+00
      6.186    30.0824   0.056811     0.2492     3.2881     2.0640          0     71.000  34.251887   995.8386      6.152     -0.084  0.000e+00
      6.186    30.0705   0.056799     0.2492     3.4825     2.0151          0     71.250  34.251889   995.8422      6.152     -0.061  0.000e+00
      6.186    30.0603   0.056793     0.2492     3.0325     2.0113          0     71.500  34.251892   995.8453      6.152     -0.035  0.000e+00
      6.164    30.0523   0.056775     0.2491     2.9498     2.0090          0     71.750  34.251895   995.8476      6.130     -0.020  0.000e+00
      6.099    30.0484   0.056768     0.2491     2.1760     2.0037          0     72.000  34.251898   995.8485      6.066     -0.037  0.000e+00
      6.067    30.0463   0.056775     0.2492     3.2616     2.0014          0     72.250  34.251901   995.8490      6.033     -0.053  0.000e+00
      6.099    30.0459   0.056762     0.2491     2.4388     2.0037          0     72.500  34.251904   995.8493      6.066     -0.053  0.000e+00
      6.056    30.0457   0.056762     0.2491     2.4255     1.9991          0     72.750  34.251907   995.8491      6.023     -0.068  0.000e+00
      5.969    30.0489   0.056762     0.2491     1.6879     2.0022          0     73.000  34.251910   995.8478      5.937     -0.102  0.000e+00
      5.894    30.0595   0.056775     0.2491     2.0369     1.9838          0     73.250  34.251913   995.8442      5.861     -0.136  0.000e+00
      5.796    30.0761   0.056787     0.2491     2.1171     1.9823          0     73.500  34.251916   995.8387      5.765     -0.176  0.000e+00
      5.775    30.1009   0.056781     0.2489     1.8764     1.9877          0     73.750  34.251918   995.8310      5.743     -0.196  0.000e+00
      5.732    30.1196   0.056793     0.2489     1.5807     1.9884          0     74.000  34.251921   995.8252      5.700     -0.208  0.000e+00
      5.645    30.1333   0.056799     0.2489     1.3556     1.9838          0     74.250  34.251924   995.8206      5.614     -0.235  0.000e+00
      5.548    30.1445   0.056805     0.2488     1.6906     2.0189          0     74.500  34.251927   995.8167      5.517     -0.269  0.000e+00
      5.505    30.1515   0.056793     0.2487     0.9725     2.0174          0     74.750  34.251930   995.8143      5.474     -0.269  0.000e+00
      5.451    30.1534   0.056805     0.2488     1.0994     2.0250          0     75.000  34.251933   995.8135      5.420     -0.258  0.000e+00
      5.332    30.1562   0.056814     0.2488     1.1415     2.0128          0     75.250  34.251936   995.8122      5.302     -0.267  0.000e+00
      5.191    30.1648   0.056826     0.2488     1.3651     2.0403          0     75.500  34.251939   995.8090      5.163     -0.297  0.000e+00
      5.115    30.1726   0.056787     0.2486     1.4976     2.0266          0     75.750  34.251942   995.8061      5.087     -0.332  0.000e+00
      5.051    30.1738   0.056774     0.2486     1.6455     2.0411          0     76.000  34.251944   995.8054      5.023     -0.347  0.000e+00
      4.867    30.1736   0.056768     0.2485     2.1696     2.0350          0     76.250  34.251947   995.8046      4.840     -0.376  0.000e+00
      4.780    30.1734   0.056735     0.2484     1.8602     2.0235          0     76.500  34.251950   995.8042      4.754     -0.400  0.000e+00
      4.672    30.1762   0.056729     0.2483     2.0157     2.0228          0     76.750  34.251953   995.8028      4.647     -0.427  0.000e+00
      4.586    30.1807   0.056723     0.2483     2.3520     2.0281          0     77.000  34.251956   995.8010      4.561     -0.434  0.000e+00
      4.532    30.1842   0.056717     0.2483     1.9691     2.0182          0     77.250  34.251959   995.7997      4.507     -0.411  0.000e+00
      4.413    30.1847   0.056717     0.2483     1.9251     2.0128          0     77.500  34.251962   995.7990      4.389     -0.399  0.000e+00
      4.326    30.1754   0.056708     0.2483     1.8986     1.9999          0     77.750  34.251965   995.8015      4.303     -0.396  0.000e+00
      4.229    30.1610   0.056702     0.2483     1.8548     1.9960          0     78.000  34.251968   995.8054      4.206     -0.386  0.000e+00
      4.154    30.1417   0.056702     0.2484     1.8138     1.9953          0     78.250  34.251970   995.8110      4.131     -0.358  0.000e+00
      4.013    30.1286   0.056695     0.2484     1.8897     1.9938          0     78.500  34.251973   995.8144      3.991     -0.370  0.000e+00
      3.926    30.1182   0.056689     0.2484     1.8578     2.0235          0     78.750  34.251976   995.8172      3.905     -0.376  0.000e+00
      3.818    30.1048   0.056674     0.2484     1.8309     2.0128          0     79.000  34.251979   995.8208      3.797     -0.391  0.000e+00
      3.700    30.0910   0.056677     0.2485     1.9185     2.0205          0     79.250  34.251982   995.8245      3.679     -0.409  0.000e+00
      3.613    30.0824   0.056677     0.2486     1.9067     2.0334          0     79.500  34.251985   995.8267      3.593     -0.409  0.000e+00
      3.548    30.0750   0.056671     0.2486     1.9025     2.0067          0     79.750  34.251988   995.8287      3.529     -0.404  0.000e+00
      3.473    30.0692   0.056671     0.2486     1.9031     1.9991          0     80.000  34.251991   995.8301      3.453     -0.391  0.000e+00
      3.354    30.0666   0.056671     0.2486     1.9042     1.9976          0     80.250  34.251994   995.8304      3.335     -0.386  0.000e+00
      3.224    30.0655   0.056683     0.2487     1.8996     2.0014          0     80.500  34.251997   995.8302      3.206     -0.381  0.000e+00
      3.116    30.0668   0.056695     0.2487     1.9015     2.0136          0     80.750  34.251999   995.8294      3.099     -0.391  0.000e+00
      3.029    30.0691   0.056671     0.2486     1.9041     2.0121          0     81.000  34.252002   995.8282      3.013     -0.392  0.000e+00
      2.954    30.0685   0.056689     0.2487     1.9088     2.0113          0     81.250  34.252005   995.8281      2.937     -0.390  0.000e+00
      2.813    30.0695   0.056683     0.2487     1.9100     2.0022          0     81.500  34.252008   995.8271      2.798     -0.407  0.000e+00
      2.673    30.0718   0.056671     0.2486     1.9090     2.0067          0     81.750  34.252011   995.8258      2.658     -0.432  0.000e+00
      2.543    30.0735   0.056695     0.2487     1.9175     1.9960          0     82.000  34.252014   995.8247      2.529     -0.450  0.000e+00
      2.467    30.0811   0.056695     0.2487     1.9106     1.9983          0     82.250  34.252017   995.8221      2.454     -0.446  0.000e+00
      2.402    30.0924   0.056695     0.2486     1.9072     1.9938          0     82.500  34.252020   995.8183      2.389     -0.432  0.000e+00
      2.283    30.1021   0.056726     0.2487     1.9022     2.0006          0     82.750  34.252023   995.8149      2.271     -0.430  0.000e+00
      2.219    30.1214   0.056723     0.2486     1.8976     1.9999          0     83.000  34.252025   995.8087      2.206     -0.419  0.000e+00
