public/post/ctd_rufiji/SBE19plus_01906740_2018_02_13_0905.cnv
* Sea-Bird SBE19plus  Data File:
* FileName = C:\Users\all user\Desktop\CTD tafiri 2018\SBE19plus_01906740_2018_02_13_0905.hex
* Software version 2.6.3.104
* Temperature SN = 6740
* Conductivity SN = 6740
* System UpLoad Time = Feb 13 2018 14:01:23
* <ApplicationData>
* <Seaterm232>
# nquan = 13
# nvalues = 460                                   
# units = specified
# name 0 = prdM: Pressure, Strain Gauge [db]
# name 1 = tv290C: Temperature [ITS-90, deg C]
# name 2 = c0S/m: Conductivity [S/m]
# name 3 = sal00: Salinity, Practical [PSU]
# name 4 = sbeox0ML/L: Oxygen, SBE 43 [ml/l]
# name 5 = flECO-AFL: Fluorescence, WET Labs ECO-AFL/FL [mg/m^3]
# name 6 = nbf: Bottles Fired
# name 7 = timeS: Time, Elapsed [seconds]
# name 8 = timeJ: Julian Days
# name 9 = density00: Density [density, kg/m^3]
# name 10 = depSM: Depth [salt water, m], lat = 0.00
# name 11 = dz/dtM: Descent Rate [m/s]
# name 12 = flag:  0.000e+00
# span 0 =      0.126,      8.168                 
# span 1 =    29.4049,    30.5648                 
# span 2 =   0.001182,   0.065856                 
# span 3 =     0.0157,     0.2871                 
# span 4 =     1.1283,     4.8994                 
# span 5 =    -0.0586,     2.2440                 
# span 6 =          0,          0                 
# span 7 =      0.000,    114.750                 
# span 8 =  34.257014,  34.258342                 
# span 9 =   995.5317,   995.8409                 
# span 10 =      0.126,      8.123                
# span 11 =     -0.478,      0.497                
# span 12 = 0.0000e+00, 0.0000e+00                
# interval = seconds: 0.25
# start_time = Feb 03 2018 06:10:06 [Instrument's time stamp, header]
# bad_flag = -9.990e-29
*END*
      0.176    29.4235   0.001404     0.0164     3.7311    -0.0586          0      0.000  34.257014   995.8347      0.175 1.0527e-16  0.000e+00
      0.262    29.4093   0.001395     0.0164     3.7144    -0.0548          0      0.250  34.257017   995.8393      0.261      0.023  0.000e+00
      0.327    29.4049   0.001348     0.0162     3.7295    -0.0471          0      0.500  34.257020   995.8408      0.325      0.058  0.000e+00
      0.424    29.4050   0.001238     0.0159     3.7636    -0.0532          0      0.750  34.257023   995.8409      0.422      0.108  0.000e+00
      0.489    29.5594   0.001182     0.0157     3.7594     0.0963          0      1.000  34.257025   995.7952      0.487      0.159  0.000e+00
      0.608    29.8705   0.010163     0.0493     3.7505     0.0955          0      1.250  34.257028   995.7277      0.605      0.221  0.000e+00
      0.695    30.0878   0.020402     0.0911     3.6960     0.1001          0      1.500  34.257031   995.6940      0.691      0.277  0.000e+00
      0.727    30.2185   0.020163     0.0899     3.6590     0.0971          0      1.750  34.257034   995.6536      0.723      0.308  0.000e+00
      0.760    30.2865   0.031422     0.1374     3.7478     2.0090          0      2.000  34.257037   995.6687      0.755      0.310  0.000e+00
      0.781    30.3192   0.061126     0.2672     3.7772     2.0098          0      2.250  34.257040   995.7561      0.777      0.279  0.000e+00
      0.814    30.3419   0.049635     0.2163     3.7873     2.0128          0      2.500  34.257043   995.7112      0.809      0.245  0.000e+00
      0.825    30.3572   0.056656     0.2472     3.7667     2.0151          0      2.750  34.257046   995.7297      0.820      0.199  0.000e+00
      0.857    30.3656   0.063181     0.2761     3.7728     1.9976          0      3.000  34.257049   995.7489      0.852      0.161  0.000e+00
      0.911    30.3755   0.063855     0.2790     3.7841     1.9960          0      3.250  34.257052   995.7484      0.906      0.130  0.000e+00
      0.911    30.3957   0.063446     0.2771     3.7996     2.0029          0      3.500  34.257054   995.7408      0.906      0.110  0.000e+00
      0.933    30.4228   0.062583     0.2731     3.8024     1.9892          0      3.750  34.257057   995.7296      0.928      0.105  0.000e+00
      0.965    30.4478   0.062126     0.2710     3.7896     1.9983          0      4.000  34.257060   995.7204      0.960      0.104  0.000e+00
      0.987    30.4711   0.061797     0.2694     3.7955     1.9869          0      4.250  34.257063   995.7122      0.981      0.103  0.000e+00
      1.019    30.4890   0.061669     0.2687     3.8085     1.9846          0      4.500  34.257066   995.7064      1.014      0.103  0.000e+00
      1.084    30.5010   0.061623     0.2685     3.8169     1.9877          0      4.750  34.257069   995.7028      1.078      0.115  0.000e+00
      1.095    30.5079   0.061617     0.2684     3.8263     1.9816          0      5.000  34.257072   995.7007      1.089      0.116  0.000e+00
      1.117    30.5131   0.061669     0.2686     3.8296     1.9823          0      5.250  34.257075   995.6993      1.110      0.115  0.000e+00
      1.160    30.5172   0.061705     0.2688     3.8306     1.9831          0      5.500  34.257078   995.6984      1.153      0.127  0.000e+00
      1.171    30.5187   0.061821     0.2693     3.8444     1.9823          0      5.750  34.257080   995.6983      1.164      0.125  0.000e+00
      1.181    30.5196   0.061983     0.2700     3.8563     1.9777          0      6.000  34.257083   995.6987      1.175      0.115  0.000e+00
      1.192    30.5189   0.062080     0.2704     3.8700     2.0136          0      6.250  34.257086   995.6992      1.186      0.103  0.000e+00
      1.225    30.5202   0.062208     0.2710     3.8752     2.0090          0      6.500  34.257089   995.6994      1.218      0.092  0.000e+00
      1.225    30.5201   0.062168     0.2708     3.8784     2.0044          0      6.750  34.257092   995.6993      1.218      0.075  0.000e+00
      1.257    30.5187   0.062144     0.2707     3.8867     2.0052          0      7.000  34.257095   995.6998      1.250      0.075  0.000e+00
      1.257    30.5181   0.062138     0.2707     3.8930     1.9976          0      7.250  34.257098   995.7000      1.250      0.067  0.000e+00
      1.246    30.5185   0.062162     0.2708     3.9071     1.9968          0      7.500  34.257101   995.6999      1.240      0.053  0.000e+00
      1.236    30.5198   0.062208     0.2710     3.9114     1.9838          0      7.750  34.257104   995.6996      1.229      0.041  0.000e+00
      1.268    30.5216   0.062196     0.2709     3.9168     1.9991          0      8.000  34.257106   995.6991      1.261      0.037  0.000e+00
      1.279    30.5221   0.062190     0.2709     3.9214     2.0014          0      8.250  34.257109   995.6990      1.272      0.032  0.000e+00
      1.290    30.5222   0.062178     0.2708     3.9250     2.0121          0      8.500  34.257112   995.6990      1.282      0.028  0.000e+00
      1.268    30.5211   0.062144     0.2707     3.9310     2.0090          0      8.750  34.257115   995.6991      1.261      0.022  0.000e+00
      1.300    30.5188   0.062107     0.2705     3.9255     2.0075          0      9.000  34.257118   995.6998      1.293      0.022  0.000e+00
      1.290    30.5161   0.062068     0.2704     3.9297     2.0166          0      9.250  34.257121   995.7005      1.282      0.025  0.000e+00
      1.290    30.5128   0.062062     0.2704     3.9334     1.9953          0      9.500  34.257124   995.7015      1.282      0.026  0.000e+00
      1.300    30.5105   0.062056     0.2704     3.9267     1.9861          0      9.750  34.257127   995.7023      1.293      0.024  0.000e+00
      1.300    30.5088   0.062062     0.2704     3.9283     1.9892          0     10.000  34.257130   995.7028      1.293      0.014  0.000e+00
      1.290    30.5073   0.062074     0.2704     3.9298     1.9892          0     10.250  34.257133   995.7033      1.283      0.009  0.000e+00
      1.279    30.5054   0.062098     0.2706     3.9296     1.9983          0     10.500  34.257135   995.7039      1.272      0.002  0.000e+00
      1.290    30.5049   0.062104     0.2706     3.9362     1.9991          0     10.750  34.257138   995.7041      1.282      0.002  0.000e+00
      1.300    30.5085   0.062068     0.2704     3.9328     1.9991          0     11.000  34.257141   995.7029      1.293     -0.002  0.000e+00
      1.322    30.5131   0.061970     0.2700     3.9408     1.9945          0     11.250  34.257144   995.7013      1.315      0.008  0.000e+00
      1.290    30.5150   0.061879     0.2695     3.9453     2.0197          0     11.500  34.257147   995.7002      1.283      0.004  0.000e+00
      1.311    30.5198   0.061842     0.2694     3.9787     2.0228          0     11.750  34.257150   995.6987      1.304      0.007  0.000e+00
      1.301    30.5264   0.061937     0.2697     3.9944     2.0266          0     12.000  34.257153   995.6969      1.293      0.008  0.000e+00
      1.301    30.5321   0.062171     0.2708     3.9669     2.0243          0     12.250  34.257156   995.6959      1.293      0.009  0.000e+00
      1.311    30.5360   0.062543     0.2724     3.8919     2.0197          0     12.500  34.257159   995.6960      1.304      0.010  0.000e+00
      1.301    30.5386   0.062955     0.2742     3.7744     2.0258          0     12.750  34.257161   995.6965      1.293      0.003  0.000e+00
      1.301    30.5407   0.063278     0.2756     3.6262     2.0212          0     13.000  34.257164   995.6969      1.293     -0.002  0.000e+00
      1.311    30.5414   0.063546     0.2768     3.4620     2.0197          0     13.250  34.257167   995.6976      1.304     -0.001  0.000e+00
      1.311    30.5421   0.063812     0.2780     3.2948     2.0235          0     13.500  34.257170   995.6983      1.304      0.006  0.000e+00
      1.301    30.5419   0.064068     0.2791     3.1459     2.0098          0     13.750  34.257173   995.6992      1.293      0.000  0.000e+00
      1.311    30.5411   0.064230     0.2798     3.0126     2.0113          0     14.000  34.257176   995.7000      1.304      0.004  0.000e+00
      1.311    30.5400   0.064294     0.2801     2.9241     2.0121          0     14.250  34.257179   995.7006      1.304      0.004  0.000e+00
      1.311    30.5392   0.064294     0.2801     2.8513     2.0105          0     14.500  34.257182   995.7008      1.304      0.003  0.000e+00
      1.301    30.5382   0.064224     0.2798     2.8022     2.0220          0     14.750  34.257185   995.7009      1.293      0.002  0.000e+00
      1.301    30.5367   0.064242     0.2799     2.7606     2.0174          0     15.000  34.257188   995.7014      1.293     -0.001  0.000e+00
      1.301    30.5357   0.064190     0.2797     2.7217     2.0166          0     15.250  34.257190   995.7015      1.293     -0.005  0.000e+00
      1.311    30.5357   0.064096     0.2793     2.6880     2.0205          0     15.500  34.257193   995.7012      1.304     -0.002  0.000e+00
      1.290    30.5367   0.064266     0.2800     2.6523     2.0022          0     15.750  34.257196   995.7014      1.283     -0.005  0.000e+00
      1.311    30.5373   0.064456     0.2809     2.6204     2.0052          0     16.000  34.257199   995.7019      1.304     -0.004  0.000e+00
      1.290    30.5378   0.064532     0.2812     2.5888     2.0090          0     16.250  34.257202   995.7019      1.283     -0.006  0.000e+00
      1.322    30.5383   0.064584     0.2814     2.5561     2.0128          0     16.500  34.257205   995.7021      1.315      0.001  0.000e+00
      1.322    30.5388   0.064678     0.2818     2.5288     2.0022          0     16.750  34.257208   995.7023      1.315      0.009  0.000e+00
      1.322    30.5390   0.064751     0.2822     2.5067     2.0281          0     17.000  34.257211   995.7025      1.315      0.012  0.000e+00
      1.312    30.5392   0.064794     0.2824     2.4700     2.0151          0     17.250  34.257214   995.7025      1.304      0.010  0.000e+00
      1.312    30.5383   0.064809     0.2824     2.4420     2.0228          0     17.500  34.257216   995.7028      1.304      0.008  0.000e+00
      1.301    30.5377   0.064828     0.2825     2.4204     2.0189          0     17.750  34.257219   995.7030      1.294      0.006  0.000e+00
      1.290    30.5376   0.064834     0.2825     2.3851     2.0365          0     18.000  34.257222   995.7030      1.283     -0.006  0.000e+00
      1.312    30.5374   0.064840     0.2826     2.3729     2.0350          0     18.250  34.257225   995.7032      1.304     -0.004  0.000e+00
      1.312    30.5375   0.064846     0.2826     2.3600     2.0319          0     18.500  34.257228   995.7032      1.304     -0.010  0.000e+00
      1.322    30.5377   0.064874     0.2827     2.3373     2.0296          0     18.750  34.257231   995.7033      1.315     -0.004  0.000e+00
      1.301    30.5380   0.064904     0.2828     2.3437     2.0166          0     19.000  34.257234   995.7032      1.294     -0.003  0.000e+00
      1.322    30.5385   0.064928     0.2830     2.3477     2.0266          0     19.250  34.257237   995.7032      1.315      0.005  0.000e+00
      1.322    30.5388   0.064968     0.2831     2.3446     2.0197          0     19.500  34.257240   995.7032      1.315      0.009  0.000e+00
      1.322    30.5389   0.065008     0.2833     2.3422     2.0182          0     19.750  34.257242   995.7033      1.315      0.013  0.000e+00
      1.322    30.5388   0.065066     0.2836     2.3431     2.0182          0     20.000  34.257245   995.7036      1.315      0.012  0.000e+00
      1.312    30.5389   0.065109     0.2838     2.3363     2.0220          0     20.250  34.257248   995.7036      1.304      0.004  0.000e+00
      1.333    30.5386   0.065154     0.2840     2.3215     2.0235          0     20.500  34.257251   995.7040      1.326      0.007  0.000e+00
      1.301    30.5384   0.065182     0.2841     2.3086     2.0159          0     20.750  34.257254   995.7040      1.294     -0.001  0.000e+00
      1.312    30.5386   0.065206     0.2842     2.2921     2.0174          0     21.000  34.257257   995.7040      1.304     -0.001  0.000e+00
      1.312    30.5386   0.065234     0.2843     2.2718     2.0334          0     21.250  34.257260   995.7041      1.304     -0.007  0.000e+00
      1.312    30.5386   0.065252     0.2844     2.2561     2.0266          0     21.500  34.257263   995.7042      1.304     -0.007  0.000e+00
      1.312    30.5388   0.065282     0.2845     2.2450     2.0372          0     21.750  34.257266   995.7042      1.304     -0.006  0.000e+00
      1.333    30.5386   0.065304     0.2846     2.2324     2.0350          0     22.000  34.257269   995.7045      1.326      0.001  0.000e+00
      1.312    30.5384   0.065353     0.2848     2.2304     1.9976          0     22.250  34.257271   995.7046      1.304      0.001  0.000e+00
      1.312    30.5382   0.065392     0.2850     2.2151     1.9930          0     22.500  34.257274   995.7048      1.305     -0.001  0.000e+00
      1.290    30.5379   0.065432     0.2852     2.2086     2.0014          0     22.750  34.257277   995.7049      1.283     -0.001  0.000e+00
      1.312    30.5374   0.065456     0.2853     2.2030     1.9907          0     23.000  34.257280   995.7052      1.305     -0.004  0.000e+00
      1.312    30.5371   0.065478     0.2854     2.1969     1.9884          0     23.250  34.257283   995.7054      1.305     -0.004  0.000e+00
      1.312    30.5366   0.065490     0.2855     2.1838     2.0052          0     23.500  34.257286   995.7056      1.305     -0.004  0.000e+00
      1.312    30.5360   0.065484     0.2854     2.1647     1.9945          0     23.750  34.257289   995.7058      1.305     -0.004  0.000e+00
      1.323    30.5357   0.065484     0.2854     2.1672     2.0006          0     24.000  34.257292   995.7059      1.315     -0.001  0.000e+00
      1.312    30.5356   0.065496     0.2855     2.1609     1.9938          0     24.250  34.257295   995.7059      1.305      0.005  0.000e+00
      1.312    30.5359   0.065542     0.2857     2.1487     2.0166          0     24.500  34.257297   995.7060      1.305      0.006  0.000e+00
      1.333    30.5361   0.065618     0.2860     2.1459     2.0159          0     24.750  34.257300   995.7063      1.326      0.012  0.000e+00
      1.312    30.5365   0.065661     0.2862     2.1336     2.0205          0     25.000  34.257303   995.7062      1.305      0.004  0.000e+00
      1.301    30.5364   0.065688     0.2863     2.1259     2.0174          0     25.250  34.257306   995.7063      1.294     -0.001  0.000e+00
      1.312    30.5358   0.065670     0.2863     2.1120     1.9938          0     25.500  34.257309   995.7064      1.305     -0.002  0.000e+00
      1.333    30.5350   0.065618     0.2860     2.0971     1.9877          0     25.750  34.257312   995.7066      1.326      0.002  0.000e+00
      1.312    30.5333   0.065579     0.2859     2.0734     1.9968          0     26.000  34.257315   995.7069      1.305     -0.001  0.000e+00
      1.323    30.5305   0.065539     0.2857     2.0628     1.9945          0     26.250  34.257318   995.7077      1.315      0.003  0.000e+00
      1.301    30.5279   0.065444     0.2853     2.0496     2.0166          0     26.500  34.257321   995.7081      1.294     -0.003  0.000e+00
      1.312    30.5247   0.065298     0.2847     2.0347     2.0243          0     26.750  34.257323   995.7087      1.305     -0.005  0.000e+00
      1.344    30.5219   0.065182     0.2842     2.0295     2.0250          0     27.000  34.257326   995.7093      1.337      0.009  0.000e+00
      1.323    30.5192   0.065218     0.2843     2.0162     2.0273          0     27.250  34.257329   995.7102      1.315      0.009  0.000e+00
      1.333    30.5171   0.065386     0.2851     2.0043     2.0090          0     27.500  34.257332   995.7114      1.326      0.007  0.000e+00
