public/post/ctd_rufiji/SBE19plus_01906740_2018_02_13_0893.cnv
* Sea-Bird SBE19plus  Data File:
* FileName = C:\Users\all user\Desktop\CTD tafiri 2018\SBE19plus_01906740_2018_02_13_0893.hex
* Software version 2.6.3.104
* Temperature SN = 6740
* Conductivity SN = 6740
* System UpLoad Time = Feb 13 2018 13:59:16
* <ApplicationData>
* <Seaterm232>
# nquan = 13
# nvalues = 320                                   
# units = specified
# name 0 = prdM: Pressure, Strain Gauge [db]
# name 1 = tv290C: Temperature [ITS-90, deg C]
# name 2 = c0S/m: Conductivity [S/m]
# name 3 = sal00: Salinity, Practical [PSU]
# name 4 = sbeox0ML/L: Oxygen, SBE 43 [ml/l]
# name 5 = flECO-AFL: Fluorescence, WET Labs ECO-AFL/FL [mg/m^3]
# name 6 = nbf: Bottles Fired
# name 7 = timeS: Time, Elapsed [seconds]
# name 8 = timeJ: Julian Days
# name 9 = density00: Density [density, kg/m^3]
# name 10 = depSM: Depth [salt water, m], lat = 0.00
# name 11 = dz/dtM: Descent Rate [m/s]
# name 12 = flag:  0.000e+00
# span 0 =      0.094,      5.575                 
# span 1 =    29.9003,    30.7048                 
# span 2 =   0.001715,   2.633362                 
# span 3 =     0.0175,    14.2804                 
# span 4 =     3.0871,     4.4783                 
# span 5 =    -0.1929,     2.3127                 
# span 6 =          0,          0                 
# span 7 =      0.000,     79.750                 
# span 8 =  33.757234,  33.758157                 
# span 9 =   995.5855,  1006.0758                 
# span 10 =      0.093,      5.545                
# span 11 =     -0.616,      0.610                
# span 12 = 0.0000e+00, 0.0000e+00                
# interval = seconds: 0.25
# start_time = Feb 02 2018 18:10:25 [Instrument's time stamp, header]
# bad_flag = -9.990e-29
*END*
[from data line 223]
      3.532    30.6859   2.445054    13.1676     3.6643     1.2835          0     55.750  33.757879  1005.2418      3.513      0.353  0.000e+00
      3.662    30.6857   2.481520    13.3825     3.6627     1.2880          0     56.000  33.757882  1005.4020      3.642      0.439  0.000e+00
      3.824    30.6862   2.524236    13.6345     3.6433     1.4826          0     56.250  33.757885  1005.5895      3.803      0.505  0.000e+00
      3.987    30.6873   2.563085    13.8640     3.6632     1.4879          0     56.500  33.757888  1005.7602      3.965      0.550  0.000e+00
      4.138    30.6878   2.584215    13.9890     3.7115     1.4841          0     56.750  33.757891  1005.8534      4.115      0.570  0.000e+00
      4.289    30.6874   2.592800    14.0399     3.7635     1.4841          0     57.000  33.757894  1005.8920      4.266      0.583  0.000e+00
      4.419    30.6868   2.608914    14.1357     3.8008     1.4811          0     57.250  33.757896  1005.9638      4.395      0.587  0.000e+00
      4.603    30.6865   2.613822    14.1648     3.8756     1.9808          0     57.500  33.757899  1005.9863      4.577      0.605  0.000e+00
      4.743    30.6858   2.619969    14.2015     3.8865     1.9793          0     57.750  33.757902  1006.0144      4.717      0.610  0.000e+00
      4.873    30.6848   2.631589    14.2707     3.9348     1.9808          0     58.000  33.757905  1006.0667      4.846      0.608  0.000e+00
      4.981    30.6838   2.606662    14.1231     3.9973     1.9808          0     58.250  33.757908  1005.9579      4.954      0.587  0.000e+00
      5.111    30.6824   2.619120    14.1974     4.0461     2.0388          0     58.500  33.757911  1006.0141      5.083      0.568  0.000e+00
      5.262    30.6820   2.622656    14.2185     4.0852     2.0434          0     58.750  33.757914  1006.0305      5.233      0.557  0.000e+00
      5.370    30.6825   2.623929    14.2259     4.1273     2.0434          0     59.000  33.757917  1006.0363      5.340      0.540  0.000e+00
      5.413    30.6828   2.627221    14.2453     4.2070     2.0411          0     59.250  33.757920  1006.0508      5.383      0.504  0.000e+00
      5.402    30.6827   2.582843    13.9821     4.2794     2.3043          0     59.500  33.757922  1005.8555      5.373      0.432  0.000e+00
      5.413    30.6830   2.562548    13.8618     4.2803     2.3058          0     59.750  33.757925  1005.7662      5.383      0.359  0.000e+00
      5.402    30.6834   2.567957    13.8938     4.2937     2.3043          0     60.000  33.757928  1005.7897      5.373      0.277  0.000e+00
      5.392    30.6833   2.589218    14.0198     4.2953     2.3127          0     60.250  33.757931  1005.8832      5.362      0.190  0.000e+00
      5.402    30.6825   2.608931    14.1369     4.3241     1.7580          0     60.500  33.757934  1005.9704      5.373      0.108  0.000e+00
      5.413    30.6825   2.606818    14.1243     4.3250     1.7695          0     60.750  33.757937  1005.9611      5.383      0.044  0.000e+00
      5.435    30.6828   2.597275    14.0676     4.3379     1.7611          0     61.000  33.757940  1005.9191      5.405      0.016  0.000e+00
      5.446    30.6834   2.611675    14.1529     4.0945     1.7633          0     61.250  33.757943  1005.9822      5.416      0.015  0.000e+00
      5.478    30.6836   2.626461    14.2406     3.9690     1.7626          0     61.500  33.757946  1006.0474      5.448      0.032  0.000e+00
      5.489    30.6846   2.632047    14.2734     3.9414     0.8905          0     61.750  33.757948  1006.0715      5.459      0.045  0.000e+00
      5.532    30.6877   2.633362    14.2804     3.9097     0.8875          0     62.000  33.757951  1006.0758      5.502      0.066  0.000e+00
      5.575    30.6922   2.633043    14.2772     3.8848     0.8806          0     62.250  33.757954  1006.0722      5.545      0.088  0.000e+00
      5.575    30.6990   2.620712    14.2020     3.8805     0.8913          0     62.500  33.757957  1006.0142      5.545      0.094  0.000e+00
      5.500    30.7042   2.588679    14.0106     3.9393     0.1093          0     62.750  33.757960  1005.8701      5.469      0.072  0.000e+00
      5.381    30.7048   2.566749    13.8806     4.2738     0.1016          0     63.000  33.757963  1005.7729      5.351      0.015  0.000e+00
      5.273    30.6736   2.581504    13.9768     4.3728     0.1047          0     63.250  33.757966  1005.8539      5.244     -0.061  0.000e+00
      5.132    30.6467   2.557226    13.8405     4.4503     0.1070          0     63.500  33.757969  1005.7608      5.104     -0.161  0.000e+00
      5.002    30.6319   2.538495    13.7337     4.4783     0.6746          0     63.750  33.757972  1005.6858      4.975     -0.263  0.000e+00
      4.938    30.6059   2.526618    13.6706     4.4137     0.6731          0     64.000  33.757975  1005.6471      4.910     -0.347  0.000e+00
      4.884    30.5524   2.531929    13.7169     4.4291     0.6769          0     64.250  33.757977  1005.6984      4.857     -0.395  0.000e+00
      4.894    30.5136   2.537039    13.7579     4.3805     0.6754          0     64.500  33.757980  1005.7414      4.867     -0.382  0.000e+00
      4.938    30.4912   2.539098    13.7764     4.3056     2.1364          0     64.750  33.757983  1005.7625      4.910     -0.312  0.000e+00
      4.938    30.4791   2.555932    13.8798     4.2106     2.1433          0     65.000  33.757986  1005.8431      4.910     -0.225  0.000e+00
      4.927    30.4792   2.558346    13.8941     4.2465     2.1380          0     65.250  33.757989  1005.8537      4.900     -0.143  0.000e+00
      4.949    30.4945   2.560965    13.9053     4.2567     2.1425          0     65.500  33.757992  1005.8572      4.921     -0.061  0.000e+00
      4.970    30.5192   2.552252    13.8467     4.1974     2.1425          0     65.750  33.757995  1005.8058      4.943      0.002  0.000e+00
      4.981    30.5474   2.540224    13.7674     4.2234     2.0884          0     66.000  33.757998  1005.7380      4.954      0.035  0.000e+00
      4.992    30.5629   2.534025    13.7264     4.2606     2.0907          0     66.250  33.758001  1005.7025      4.964      0.051  0.000e+00
      4.981    30.5522   2.528509    13.6966     4.3056     2.0838          0     66.500  33.758003  1005.6839      4.954      0.043  0.000e+00
      4.959    30.5337   2.530175    13.7116     4.2959     2.0891          0     66.750  33.758006  1005.7009      4.932      0.025  0.000e+00
      4.959    30.5210   2.536680    13.7537     4.3385     2.0937          0     67.000  33.758009  1005.7362      4.932      0.018  0.000e+00
      4.948    30.5141   2.540225    13.7767     4.3074     2.1074          0     67.250  33.758012  1005.7554      4.921      0.006  0.000e+00
      5.002    30.5076   2.532238    13.7311     4.3642     2.1059          0     67.500  33.758015  1005.7239      4.975      0.005  0.000e+00
      5.024    30.5008   2.527490    13.7048     4.3598     2.1006          0     67.750  33.758018  1005.7067      4.996      0.011  0.000e+00
      4.959    30.4947   2.534401    13.7475     4.3181     2.0472          0     68.000  33.758021  1005.7400      4.932      0.003  0.000e+00
      4.797    30.4909   2.526415    13.7012     4.2841     2.0426          0     68.250  33.758024  1005.7062      4.771     -0.045  0.000e+00
      4.646    30.4869   2.502474    13.5604     4.2879     2.0350          0     68.500  33.758027  1005.6022      4.620     -0.117  0.000e+00
      4.462    30.4744   2.475872    13.4062     4.3277     2.0441          0     68.750  33.758030  1005.4910      4.437     -0.218  0.000e+00
      4.278    30.4348   2.453941    13.2871     4.3234     2.0395          0     69.000  33.758032  1005.4145      4.255     -0.342  0.000e+00
      4.181    30.4035   2.411471    13.0442     4.3103     2.2043          0     69.250  33.758035  1005.2438      4.158     -0.445  0.000e+00
      4.105    30.3772   2.422284    13.1151     4.2854     2.2181          0     69.500  33.758038  1005.3045      4.083     -0.521  0.000e+00
      3.943    30.3528   2.445596    13.2597     4.2525     2.2143          0     69.750  33.758041  1005.4190      3.921     -0.566  0.000e+00
      3.759    30.3389   2.427971    13.1590     4.2367     2.2127          0     70.000  33.758044  1005.3478      3.738     -0.582  0.000e+00
      3.640    30.3328   2.386390    12.9145     4.1973     1.9228          0     70.250  33.758047  1005.1677      3.620     -0.567  0.000e+00
      3.532    30.3273   2.353851    12.7237     4.1361     1.9205          0     70.500  33.758050  1005.0274      3.513     -0.546  0.000e+00
      3.370    30.3140   2.346410    12.6832     4.1025     1.9167          0     70.750  33.758053  1005.0008      3.351     -0.536  0.000e+00
      3.197    30.3040   2.324658    12.5574     4.0690     1.9198          0     71.000  33.758056  1004.9099      3.179     -0.547  0.000e+00
      3.100    30.3000   2.272657    12.2521     4.0706     1.5581          0     71.250  33.758058  1004.6840      3.083     -0.562  0.000e+00
      3.002    30.2935   2.281642    12.3066     4.0264     1.5581          0     71.500  33.758061  1004.7262      2.986     -0.556  0.000e+00
      2.818    30.2881   2.300315    12.4179     4.0303     1.5566          0     71.750  33.758064  1004.8097      2.803     -0.546  0.000e+00
      2.635    30.2855   2.247823    12.1096     4.0352     1.5528          0     72.000  33.758067  1004.5809      2.620     -0.553  0.000e+00
      2.537    30.2847   2.125357    11.3921     4.0323     1.2850          0     72.250  33.758070  1004.0480      2.523     -0.560  0.000e+00
      2.451    30.2829   1.945534    10.3470     4.0370     1.2865          0     72.500  33.758073  1003.2724      2.437     -0.548  0.000e+00
      2.289    30.2727   1.905626    10.1184     4.0180     1.2873          0     72.750  33.758076  1003.1052      2.276     -0.537  0.000e+00
      2.137    30.2585   1.822060     9.6398     3.9682     1.2850          0     73.000  33.758079  1002.7537      2.126     -0.537  0.000e+00
      1.964    30.2457   1.700545     8.9461     3.8787     1.2926          0     73.250  33.758082  1002.2420      1.954     -0.559  0.000e+00
      1.856    30.2298   1.707511     8.9888     3.8018     1.1393          0     73.500  33.758084  1002.2782      1.846     -0.559  0.000e+00
      1.629    30.2120   1.696008     8.9263     3.7212     1.1400          0     73.750  33.758087  1002.2364      1.620     -0.570  0.000e+00
      1.467    30.2012   1.677890     8.8249     3.5913     1.1423          0     74.000  33.758090  1002.1637      1.459     -0.594  0.000e+00
      1.370    30.1942   1.654942     8.6953     3.4251     1.1438          0     74.250  33.758093  1002.0693      1.362     -0.615  0.000e+00
      1.251    30.1855   1.674034     8.8057     3.3750     1.1049          0     74.500  33.758096  1002.1535      1.244     -0.616  0.000e+00
      1.100    30.1754   1.669955     8.7842     3.4243     1.1003          0     74.750  33.758099  1002.1400      1.093     -0.600  0.000e+00
      0.970    30.1644   1.535266     8.0207     3.4726     1.1003          0     75.000  33.758102  1001.5759      0.964     -0.582  0.000e+00
      0.905    30.1558   1.739073     9.1831     3.5596     1.1118          0     75.250  33.758105  1002.4415      0.900     -0.545  0.000e+00
      0.775    30.1492   1.655746     8.7078     3.4120     1.1454          0     75.500  33.758108  1002.0901      0.771     -0.517  0.000e+00
      0.656    30.1450   1.742135     9.2027     3.4071     1.1461          0     75.750  33.758111  1002.4583      0.653     -0.479  0.000e+00
      0.537    30.1431   1.311320     6.7662     3.4055     1.1446          0     76.000  33.758113  1000.6488      0.534     -0.467  0.000e+00
      0.505    30.1428   0.932034     4.6844     3.4205     1.1461          0     76.250  33.758116   999.1016      0.502     -0.445  0.000e+00
      0.494    30.1429   1.500514     7.8278     3.2314     1.2026          0     76.500  33.758119  1001.4372      0.491     -0.395  0.000e+00
      0.591    30.1476   1.704460     8.9864     3.1328     1.2049          0     76.750  33.758122  1002.2966      0.588     -0.300  0.000e+00
      0.591    30.1847   1.728337     9.1163     3.0871     1.1980          0     77.000  33.758125  1002.3814      0.588     -0.211  0.000e+00
      0.516    30.2149   1.126339     5.7343     3.1169     1.2064          0     77.250  33.758128   999.8598      0.513     -0.152  0.000e+00
      0.364    30.2204   1.290504     6.6399     3.1372     1.1980          0     77.500  33.758131  1000.5302      0.362     -0.125  0.000e+00
      0.191    30.2041   1.730112     9.1229     3.1859     1.1805          0     77.750  33.758134  1002.3785      0.190     -0.151  0.000e+00
      0.105    30.1944   1.728172     9.1136     3.1379     1.1736          0     78.000  33.758137  1002.3742      0.104     -0.200  0.000e+00
      0.105    30.1935   1.503969     7.8393     3.1558     1.1766          0     78.250  33.758139  1001.4283      0.104     -0.253  0.000e+00
      0.094    30.1958   0.576170     2.7970     3.2415     1.1805          0     78.500  33.758142   997.6791      0.093     -0.291  0.000e+00
      0.094    30.1922   0.155147     0.7005     3.3034    -0.0265          0     78.750  33.758145   996.1161      0.093     -0.304  0.000e+00
      0.094    30.1837   0.133653     0.5998     3.2795    -0.0273          0     79.000  33.758148   996.0433      0.093     -0.259  0.000e+00
      0.104    30.1805   0.116284     0.5190     3.2674    -0.0311          0     79.250  33.758151   995.9839      0.104     -0.177  0.000e+00
      0.094    30.1796   0.103872     0.4618     3.2547    -0.0357          0     79.500  33.758154   995.9413      0.093     -0.092  0.000e+00
      0.104    30.1794   0.096515     0.4280     3.2370    -0.1929          0     79.750  33.758157   995.9161      0.104     -0.025  0.000e+00
