public/post/ctd_rufiji/SBE19plus_01906740_2018_02_13_0917.cnv
* Sea-Bird SBE19plus  Data File:
* FileName = C:\Users\all user\Desktop\CTD tafiri 2018\SBE19plus_01906740_2018_02_13_0917.hex
* Software version 2.6.3.104
* Temperature SN = 6740
* Conductivity SN = 6740
* System UpLoad Time = Feb 13 2018 14:03:21
* <ApplicationData>
* <Seaterm232>
# nquan = 13
# nvalues = 335                                   
# units = specified
# name 0 = prdM: Pressure, Strain Gauge [db]
# name 1 = tv290C: Temperature [ITS-90, deg C]
# name 2 = c0S/m: Conductivity [S/m]
# name 3 = sal00: Salinity, Practical [PSU]
# name 4 = sbeox0ML/L: Oxygen, SBE 43 [ml/l]
# name 5 = flECO-AFL: Fluorescence, WET Labs ECO-AFL/FL [mg/m^3]
# name 6 = nbf: Bottles Fired
# name 7 = timeS: Time, Elapsed [seconds]
# name 8 = timeJ: Julian Days
# name 9 = density00: Density [density, kg/m^3]
# name 10 = depSM: Depth [salt water, m], lat = 0.00
# name 11 = dz/dtM: Descent Rate [m/s]
# name 12 = flag:  0.000e+00
# span 0 =      0.152,      4.434                 
# span 1 =    29.5899,    30.9310                 
# span 2 =   0.000504,   0.011969                 
# span 3 =     0.0139,     0.0559                 
# span 4 =     1.7115,     5.2393                 
# span 5 =    -0.0822,     1.6748                 
# span 6 =          0,          0                 
# span 7 =      0.000,     83.500                 
# span 8 =  34.296956,  34.297922                 
# span 9 =   995.3947,   995.8018                 
# span 10 =      0.151,      4.410                
# span 11 =     -0.525,      0.468                
# span 12 = 0.0000e+00, 0.0000e+00                
# interval = seconds: 0.25
# start_time = Feb 03 2018 07:07:37 [Instrument's time stamp, header]
# bad_flag = -9.990e-29
*END*
[from data line 223]
      2.282    30.8182   0.011922     0.0557     2.0837     1.5909          0     55.750  34.297601   995.4509      2.270      0.389  0.000e+00
      2.315    30.8452   0.011895     0.0555     2.1537     1.5871          0     56.000  34.297604   995.4426      2.302      0.409  0.000e+00
      2.369    30.8631   0.011898     0.0555     2.1972     1.4864          0     56.250  34.297607   995.4374      2.356      0.414  0.000e+00
      2.423    30.8748   0.011922     0.0556     2.2584     1.4872          0     56.500  34.297610   995.4340      2.410      0.395  0.000e+00
      2.477    30.8836   0.011922     0.0556     2.3227     1.4811          0     56.750  34.297613   995.4315      2.463      0.355  0.000e+00
      2.574    30.8892   0.011925     0.0556     2.3931     1.4872          0     57.000  34.297616   995.4303      2.560      0.317  0.000e+00
      2.683    30.8937   0.011925     0.0556     2.4514     1.4849          0     57.250  34.297619   995.4293      2.668      0.293  0.000e+00
      2.780    30.8974   0.011928     0.0556     2.4826     1.5955          0     57.500  34.297622   995.4286      2.765      0.289  0.000e+00
      2.920    30.9016   0.011937     0.0557     2.5018     1.5947          0     57.750  34.297624   995.4280      2.904      0.315  0.000e+00
      3.050    30.9059   0.011937     0.0557     2.5372     1.6001          0     58.000  34.297627   995.4272      3.033      0.368  0.000e+00
      3.147    30.9109   0.011934     0.0557     2.5596     1.6008          0     58.250  34.297630   995.4261      3.130      0.406  0.000e+00
      3.234    30.9158   0.011931     0.0556     2.5876     1.5970          0     58.500  34.297633   995.4249      3.216      0.430  0.000e+00
      3.299    30.9184   0.011922     0.0556     2.6435     1.5955          0     58.750  34.297636   995.4244      3.281      0.431  0.000e+00
      3.374    30.9203   0.011937     0.0557     2.6452     1.6069          0     59.000  34.297639   995.4242      3.356      0.412  0.000e+00
      3.461    30.9225   0.011940     0.0557     2.6653     1.5986          0     59.250  34.297642   995.4239      3.442      0.389  0.000e+00
      3.537    30.9239   0.011931     0.0556     2.6724     1.5726          0     59.500  34.297645   995.4238      3.517      0.363  0.000e+00
      3.612    30.9245   0.011937     0.0557     2.6768     1.5749          0     59.750  34.297648   995.4239      3.592      0.333  0.000e+00
      3.742    30.9260   0.011934     0.0556     2.6593     1.5757          0     60.000  34.297650   995.4240      3.722      0.329  0.000e+00
      3.904    30.9266   0.011949     0.0557     2.6548     1.5703          0     60.250  34.297653   995.4246      3.883      0.356  0.000e+00
      4.034    30.9286   0.011949     0.0557     2.6525     1.5986          0     60.500  34.297656   995.4246      4.012      0.394  0.000e+00
      4.175    30.9297   0.011943     0.0557     2.6487     1.5986          0     60.750  34.297659   995.4248      4.152      0.438  0.000e+00
      4.272    30.9310   0.011934     0.0556     2.6600     1.6016          0     61.000  34.297662   995.4248      4.248      0.468  0.000e+00
      4.304    30.9304   0.011931     0.0556     2.6713     1.6085          0     61.250  34.297665   995.4252      4.281      0.466  0.000e+00
      4.304    30.9227   0.011925     0.0556     2.6650     1.6001          0     61.500  34.297668   995.4275      4.281      0.432  0.000e+00
      4.315    30.9098   0.011916     0.0556     2.6789     1.5215          0     61.750  34.297671   995.4316      4.291      0.369  0.000e+00
      4.315    30.8961   0.011922     0.0556     2.6797     1.5230          0     62.000  34.297674   995.4358      4.291      0.280  0.000e+00
      4.315    30.8845   0.011922     0.0556     2.6793     1.5268          0     62.250  34.297677   995.4395      4.291      0.187  0.000e+00
      4.304    30.8736   0.011922     0.0556     2.6935     1.5245          0     62.500  34.297679   995.4428      4.281      0.107  0.000e+00
      4.337    30.8669   0.011922     0.0556     2.6856     1.3994          0     62.750  34.297682   995.4450      4.313      0.052  0.000e+00
      4.359    30.8611   0.011916     0.0556     2.6772     1.4032          0     63.000  34.297685   995.4469      4.335      0.030  0.000e+00
      4.337    30.8538   0.011922     0.0556     2.6784     1.3964          0     63.250  34.297688   995.4491      4.313      0.022  0.000e+00
      4.348    30.8477   0.011916     0.0556     2.6574     1.4017          0     63.500  34.297691   995.4510      4.324      0.023  0.000e+00
      4.337    30.8445   0.011922     0.0557     2.6426     1.4101          0     63.750  34.297694   995.4520      4.313      0.019  0.000e+00
      4.359    30.8434   0.011922     0.0557     2.5922     1.4139          0     64.000  34.297697   995.4524      4.335      0.022  0.000e+00
      4.380    30.8422   0.011916     0.0556     2.5636     1.4185          0     64.250  34.297700   995.4528      4.356      0.027  0.000e+00
      4.369    30.8420   0.011916     0.0556     2.5358     1.4154          0     64.500  34.297703   995.4528      4.345      0.026  0.000e+00
      4.391    30.8439   0.011922     0.0557     2.4084     1.4719          0     64.750  34.297705   995.4524      4.367      0.023  0.000e+00
      4.391    30.8488   0.011916     0.0556     2.3946     1.4742          0     65.000  34.297708   995.4508      4.367      0.025  0.000e+00
      4.391    30.8563   0.011922     0.0556     2.3942     1.4727          0     65.250  34.297711   995.4485      4.367      0.031  0.000e+00
      4.402    30.8645   0.011916     0.0556     2.3985     1.4711          0     65.500  34.297714   995.4460      4.378      0.030  0.000e+00
      4.424    30.8723   0.011922     0.0556     2.4137     1.4711          0     65.750  34.297717   995.4437      4.399      0.035  0.000e+00
      4.413    30.8800   0.011922     0.0556     2.4469     1.4627          0     66.000  34.297720   995.4413      4.388      0.027  0.000e+00
      4.434    30.8858   0.011922     0.0556     2.4443     1.4643          0     66.250  34.297723   995.4396      4.410      0.028  0.000e+00
      4.413    30.8909   0.011922     0.0556     2.4478     1.4582          0     66.500  34.297726   995.4379      4.388      0.025  0.000e+00
      4.424    30.8964   0.011931     0.0557     2.4697     1.4689          0     66.750  34.297729   995.4362      4.399      0.019  0.000e+00
      4.315    30.9025   0.011922     0.0556     2.4918     1.4513          0     67.000  34.297731   995.4338      4.292     -0.012  0.000e+00
      4.132    30.9060   0.011925     0.0556     2.5061     1.4460          0     67.250  34.297734   995.4320      4.109     -0.086  0.000e+00
      3.915    30.9070   0.011922     0.0556     2.5108     1.4498          0     67.500  34.297737   995.4307      3.894     -0.202  0.000e+00
      3.732    30.9081   0.011922     0.0556     2.5349     1.4467          0     67.750  34.297740   995.4295      3.711     -0.331  0.000e+00
      3.580    30.9088   0.011916     0.0556     2.5255     1.4170          0     68.000  34.297743   995.4286      3.560     -0.448  0.000e+00
      3.548    30.9081   0.011916     0.0556     2.5249     1.4154          0     68.250  34.297746   995.4287      3.528     -0.522  0.000e+00
      3.569    30.9081   0.011922     0.0556     2.5202     1.4116          0     68.500  34.297749   995.4288      3.550     -0.525  0.000e+00
      3.602    30.9094   0.011922     0.0556     2.5099     1.4177          0     68.750  34.297752   995.4285      3.582     -0.469  0.000e+00
      3.602    30.9113   0.011922     0.0556     2.4981     1.4299          0     69.000  34.297755   995.4279      3.582     -0.355  0.000e+00
      3.591    30.9120   0.011922     0.0556     2.4890     1.4254          0     69.250  34.297758   995.4277      3.571     -0.225  0.000e+00
      3.602    30.9128   0.011922     0.0556     2.5420     1.4284          0     69.500  34.297760   995.4275      3.582     -0.105  0.000e+00
      3.548    30.9135   0.011916     0.0556     2.5126     1.4269          0     69.750  34.297763   995.4270      3.528     -0.037  0.000e+00
      3.396    30.9139   0.011916     0.0556     2.5079     1.4269          0     70.000  34.297766   995.4262      3.378     -0.045  0.000e+00
      3.159    30.9150   0.011922     0.0556     2.5634     1.4048          0     70.250  34.297769   995.4248      3.141     -0.146  0.000e+00
      3.029    30.9162   0.011925     0.0556     2.5883     1.4002          0     70.500  34.297772   995.4239      3.012     -0.263  0.000e+00
      2.975    30.9168   0.011922     0.0556     2.5942     1.4040          0     70.750  34.297775   995.4235      2.958     -0.353  0.000e+00
      2.899    30.9159   0.011922     0.0556     2.5799     1.3994          0     71.000  34.297778   995.4234      2.883     -0.413  0.000e+00
      2.878    30.9157   0.011928     0.0556     2.5745     1.4170          0     71.250  34.297781   995.4234      2.862     -0.432  0.000e+00
      2.813    30.9166   0.011931     0.0556     2.5285     1.4231          0     71.500  34.297784   995.4228      2.797     -0.423  0.000e+00
      2.737    30.9183   0.011931     0.0556     2.4243     1.4238          0     71.750  34.297786   995.4220      2.722     -0.379  0.000e+00
      2.553    30.9195   0.011928     0.0556     2.3618     1.4223          0     72.000  34.297789   995.4208      2.539     -0.344  0.000e+00
      2.359    30.9210   0.011937     0.0557     2.3473     1.4040          0     72.250  34.297792   995.4195      2.346     -0.346  0.000e+00
      2.186    30.9215   0.011937     0.0557     2.3658     1.4009          0     72.500  34.297795   995.4185      2.174     -0.404  0.000e+00
      2.121    30.9210   0.011943     0.0557     2.3569     1.4017          0     72.750  34.297798   995.4184      2.109     -0.457  0.000e+00
      2.099    30.9200   0.011934     0.0556     2.3806     1.3979          0     73.000  34.297801   995.4186      2.088     -0.473  0.000e+00
      2.132    30.9205   0.011943     0.0557     2.4158     1.4032          0     73.250  34.297804   995.4186      2.120     -0.448  0.000e+00
      2.142    30.9218   0.011937     0.0557     2.4537     1.4353          0     73.500  34.297807   995.4182      2.131     -0.376  0.000e+00
      2.142    30.9232   0.011940     0.0557     2.4663     1.4368          0     73.750  34.297810   995.4178      2.131     -0.277  0.000e+00
      2.056    30.9244   0.011949     0.0557     2.4542     1.4368          0     74.000  34.297812   995.4171      2.045     -0.181  0.000e+00
      1.840    30.9248   0.011943     0.0557     2.4385     1.4376          0     74.250  34.297815   995.4160      1.830     -0.159  0.000e+00
      1.613    30.9255   0.011949     0.0557     2.3900     1.4254          0     74.500  34.297818   995.4148      1.604     -0.214  0.000e+00
      1.407    30.9252   0.011946     0.0557     2.4184     1.4238          0     74.750  34.297821   995.4139      1.400     -0.332  0.000e+00
      1.364    30.9247   0.011949     0.0557     2.4445     1.4284          0     75.000  34.297824   995.4139      1.357     -0.432  0.000e+00
      1.332    30.9245   0.011949     0.0557     2.4499     1.4277          0     75.250  34.297827   995.4138      1.324     -0.497  0.000e+00
      1.396    30.9241   0.011940     0.0557     2.5080     1.4360          0     75.500  34.297830   995.4142      1.389     -0.482  0.000e+00
      1.418    30.9246   0.011943     0.0557     2.5045     1.4452          0     75.750  34.297833   995.4142      1.410     -0.409  0.000e+00
      1.429    30.9249   0.011949     0.0557     2.5434     1.4391          0     76.000  34.297836   995.4141      1.421     -0.285  0.000e+00
      1.386    30.9249   0.011946     0.0557     2.5560     1.4383          0     76.250  34.297839   995.4139      1.378     -0.154  0.000e+00
      1.213    30.9234   0.011949     0.0557     2.5667     1.4238          0     76.500  34.297841   995.4136      1.206     -0.097  0.000e+00
      0.975    30.9211   0.011943     0.0557     5.2393     1.4208          0     76.750  34.297844   995.4133      0.969     -0.136  0.000e+00
      0.791    30.9185   0.011949     0.0557     3.3255     1.4292          0     77.000  34.297847   995.4133      0.787     -0.251  0.000e+00
      0.715    30.9160   0.011940     0.0557     2.6014     1.4338          0     77.250  34.297850   995.4137      0.711     -0.359  0.000e+00
      0.715    30.9146   0.011931     0.0556     2.4590     1.4238          0     77.500  34.297853   995.4141      0.711     -0.435  0.000e+00
      0.726    30.9120   0.011931     0.0556     2.2607     1.4170          0     77.750  34.297856   995.4150      0.722     -0.445  0.000e+00
      0.780    30.8969   0.011928     0.0556     2.0887     1.4185          0     78.000  34.297859   995.4199      0.776     -0.389  0.000e+00
      0.802    30.8743   0.011931     0.0557     2.6857     1.4170          0     78.250  34.297862   995.4270      0.797     -0.280  0.000e+00
      0.802    30.8607   0.011943     0.0557     2.8533     1.4162          0     78.500  34.297865   995.4312      0.797     -0.145  0.000e+00
      0.802    30.8546   0.011931     0.0557     3.0597     1.4147          0     78.750  34.297867   995.4331      0.797     -0.028  0.000e+00
      0.791    30.8541   0.011934     0.0557     3.5967     1.4101          0     79.000  34.297870   995.4332      0.787      0.034  0.000e+00
      0.726    30.8554   0.011937     0.0557     3.5151     1.4139          0     79.250  34.297873   995.4326      0.722      0.030  0.000e+00
      0.575    30.8615   0.011937     0.0557     2.2950     1.4124          0     79.500  34.297876   995.4300      0.572     -0.036  0.000e+00
      0.391    30.8696   0.011940     0.0557     2.7774     1.6748          0     79.750  34.297879   995.4267      0.389     -0.141  0.000e+00
      0.229    30.8774   0.011931     0.0557     3.5156     1.6680          0     80.000  34.297882   995.4235      0.228     -0.264  0.000e+00
      0.153    30.8822   0.011931     0.0557     3.5025     1.6687          0     80.250  34.297885   995.4217      0.152     -0.357  0.000e+00
      0.153    30.8845   0.009167     0.0448     2.8923     1.6680          0     80.500  34.297888   995.4128      0.152     -0.400  0.000e+00
      0.186    30.8791   0.001928     0.0183     1.7115     0.8402          0     80.750  34.297891   995.3947      0.185     -0.391  0.000e+00
      0.175    30.8346   0.001502     0.0170     1.7313     0.8333          0     81.000  34.297894   995.4074      0.174     -0.344  0.000e+00
      0.164    30.7204   0.001348     0.0165     1.8048     0.8318          0     81.250  34.297896   995.4423      0.163     -0.262  0.000e+00
      0.164    30.5296   0.001084     0.0157     1.8944     0.8371          0     81.500  34.297899   995.5003      0.163     -0.160  0.000e+00
      0.164    30.3261   0.000972     0.0153     1.7520     0.8257          0     81.750  34.297902   995.5623      0.163     -0.071  0.000e+00
      0.164    30.1110   0.000637     0.0144     1.8084    -0.0700          0     82.000  34.297905   995.6269      0.163     -0.015  0.000e+00
      0.164    29.8814   0.000578     0.0142     2.1411    -0.0693          0     82.250  34.297908   995.6961      0.163      0.002  0.000e+00
      0.164    29.6881   0.000684     0.0144     2.6118    -0.0670          0     82.500  34.297911   995.7543      0.163     -0.003  0.000e+00
      0.175    29.5899   0.006995     0.0369     2.9885    -0.0700          0     82.750  34.297914   995.8006      0.174     -0.005  0.000e+00
      0.164    29.5938   0.007812     0.0401     3.0655    -0.0242          0     83.000  34.297917   995.8018      0.163     -0.001  0.000e+00
