public/post/ctd_rufiji/SBE19plus_01906740_2018_02_13_0888.cnv
* Sea-Bird SBE19plus  Data File:
* FileName = C:\Users\all user\Desktop\CTD tafiri 2018\SBE19plus_01906740_2018_02_13_0888.hex
* Software version 2.6.3.104
* Temperature SN = 6740
* Conductivity SN = 6740
* System UpLoad Time = Feb 13 2018 13:58:20
* <ApplicationData>
* <Seaterm232>
# nquan = 13
# nvalues = 368                                   
# units = specified
# name 0 = prdM: Pressure, Strain Gauge [db]
# name 1 = tv290C: Temperature [ITS-90, deg C]
# name 2 = c0S/m: Conductivity [S/m]
# name 3 = sal00: Salinity, Practical [PSU]
# name 4 = sbeox0ML/L: Oxygen, SBE 43 [ml/l]
# name 5 = flECO-AFL: Fluorescence, WET Labs ECO-AFL/FL [mg/m^3]
# name 6 = nbf: Bottles Fired
# name 7 = timeS: Time, Elapsed [seconds]
# name 8 = timeJ: Julian Days
# name 9 = density00: Density [density, kg/m^3]
# name 10 = depSM: Depth [salt water, m], lat = 0.00
# name 11 = dz/dtM: Descent Rate [m/s]
# name 12 = flag:  0.000e+00
# span 0 =      0.071,      2.471                 
# span 1 =    30.1673,    31.0026                 
# span 2 =   0.073070,   2.049203                 
# span 3 =     0.3171,    10.8340                 
# span 4 =     1.6611,     3.7322                 
# span 5 =    -0.1776,     1.7839                 
# span 6 =          0,          0                 
# span 7 =      0.000,     91.750                 
# span 8 =  33.736377,  33.737439                 
# span 9 =   995.6029,  1003.4676                 
# span 10 =      0.070,      2.457                
# span 11 =     -0.417,      0.245                
# span 12 = 0.0000e+00, 0.0000e+00                
# interval = seconds: 0.25
# start_time = Feb 02 2018 17:40:23 [Instrument's time stamp, header]
# bad_flag = -9.990e-29
*END*
[from data line 112]
      1.164    30.8653   0.641338     3.0941     1.9027     1.6886          0     28.000  33.736701   997.6975      1.158     -0.006  0.000e+00
      1.153    30.8611   0.637412     3.0741     1.9469     1.6825          0     28.250  33.736704   997.6839      1.147     -0.013  0.000e+00
      1.164    30.8581   0.634385     3.0587     1.9036     1.6871          0     28.500  33.736707   997.6734      1.157     -0.017  0.000e+00
      1.185    30.8593   0.633321     3.0532     1.9422     1.6680          0     28.750  33.736710   997.6690      1.179     -0.007  0.000e+00
      1.175    30.8621   0.633531     3.0541     1.9590     1.6703          0     29.000  33.736713   997.6688      1.168     -0.001  0.000e+00
      1.142    30.8625   0.635563     3.0645     1.9888     1.6787          0     29.250  33.736716   997.6763      1.136     -0.006  0.000e+00
      1.164    30.8599   0.637837     3.0764     1.9403     1.6680          0     29.500  33.736719   997.6860      1.157      0.004  0.000e+00
      1.174    30.8562   0.639442     3.0849     1.9206     1.6611          0     29.750  33.736722   997.6935      1.168      0.005  0.000e+00
      1.185    30.8529   0.640528     3.0907     1.9095     1.6619          0     30.000  33.736725   997.6989      1.179      0.007  0.000e+00
      1.185    30.8504   0.640599     3.0912     1.9105     1.6558          0     30.250  33.736727   997.7001      1.179      0.011  0.000e+00
      1.153    30.8488   0.638964     3.0829     1.9161     1.6634          0     30.500  33.736730   997.6943      1.147      0.001  0.000e+00
      1.174    30.8463   0.636207     3.0688     1.9337     1.6558          0     30.750  33.736733   997.6847      1.168     -0.000  0.000e+00
      1.174    30.8428   0.635206     3.0639     1.9065     1.6497          0     31.000  33.736736   997.6821      1.168      0.006  0.000e+00
      1.174    30.8385   0.635074     3.0635     1.9308     1.6451          0     31.250  33.736739   997.6832      1.168      0.009  0.000e+00
      1.142    30.8341   0.635089     3.0638     1.9191     1.6459          0     31.500  33.736742   997.6846      1.136     -0.008  0.000e+00
      1.131    30.8295   0.634280     3.0599     1.8881     1.6489          0     31.750  33.736745   997.6831      1.125     -0.020  0.000e+00
      1.174    30.8253   0.634731     3.0625     1.9184     1.6459          0     32.000  33.736748   997.6866      1.168     -0.015  0.000e+00
      1.207    30.8212   0.635590     3.0672     1.8903     1.6619          0     32.250  33.736751   997.6915      1.200      0.002  0.000e+00
      1.196    30.8178   0.637559     3.0775     1.8961     1.6382          0     32.500  33.736753   997.7002      1.190      0.015  0.000e+00
      1.175    30.8151   0.640716     3.0940     1.8779     1.6489          0     32.750  33.736756   997.7132      1.168      0.011  0.000e+00
      1.175    30.8151   0.641897     3.1001     1.8942     1.6436          0     33.000  33.736759   997.7177      1.168      0.012  0.000e+00
      1.164    30.8204   0.640912     3.0946     1.9083     1.6474          0     33.250  33.736762   997.7120      1.157      0.011  0.000e+00
      1.185    30.8242   0.639197     3.0856     1.8900     1.6481          0     33.500  33.736765   997.7041      1.179      0.016  0.000e+00
      1.175    30.8227   0.638497     3.0821     1.8860     1.6466          0     33.750  33.736768   997.7019      1.168      0.007  0.000e+00
      1.185    30.8186   0.637796     3.0787     1.8625     1.6512          0     34.000  33.736771   997.7008      1.179     -0.006  0.000e+00
      1.185    30.8161   0.637133     3.0754     1.8495     1.6459          0     34.250  33.736774   997.6991      1.179     -0.007  0.000e+00
      1.153    30.8135   0.636542     3.0726     1.8477     1.6520          0     34.500  33.736777   997.6976      1.147     -0.007  0.000e+00
      1.153    30.8118   0.637065     3.0754     1.7823     1.6451          0     34.750  33.736780   997.7003      1.147     -0.007  0.000e+00
      1.174    30.8102   0.637050     3.0754     1.7619     1.6489          0     35.000  33.736782   997.7009      1.168     -0.006  0.000e+00
      1.196    30.8089   0.637254     3.0765     1.7623     1.6489          0     35.250  33.736785   997.7022      1.189      0.001  0.000e+00
      1.196    30.8069   0.637845     3.0797     1.7909     1.6504          0     35.500  33.736788   997.7052      1.189      0.003  0.000e+00
      1.174    30.8050   0.638802     3.0847     1.7874     1.6497          0     35.750  33.736791   997.7095      1.168      0.005  0.000e+00
      1.174    30.8042   0.638685     3.0842     1.7882     1.6596          0     36.000  33.736794   997.7093      1.168      0.003  0.000e+00
      1.185    30.8037   0.638956     3.0856     1.8085     1.6588          0     36.250  33.736797   997.7105      1.179      0.009  0.000e+00
      1.185    30.8031   0.638855     3.0851     1.8422     1.6542          0     36.500  33.736800   997.7103      1.179      0.014  0.000e+00
      1.207    30.8023   0.638105     3.0813     1.8723     1.6504          0     36.750  33.736803   997.7079      1.200      0.014  0.000e+00
      1.196    30.8004   0.635891     3.0700     1.8504     1.6619          0     37.000  33.736806   997.7000      1.189      0.007  0.000e+00
      1.196    30.7969   0.633253     3.0566     1.8106     1.6802          0     37.250  33.736808   997.6912      1.189      0.005  0.000e+00
      1.196    30.7947   0.629813     3.0390     1.8174     1.6748          0     37.500  33.736811   997.6788      1.189      0.009  0.000e+00
      1.196    30.7961   0.626598     3.0224     1.7984     1.6703          0     37.750  33.736814   997.6659      1.189      0.012  0.000e+00
      1.174    30.7841   0.624302     3.0113     1.7881     1.6710          0     38.000  33.736817   997.6614      1.168      0.003  0.000e+00
      1.174    30.7293   0.623975     3.0129     1.8214     1.6573          0     38.250  33.736820   997.6796      1.168     -0.007  0.000e+00
      1.185    30.6742   0.623282     3.0126     1.8289     1.6451          0     38.500  33.736823   997.6966      1.179     -0.009  0.000e+00
      1.196    30.6282   0.623758     3.0178     1.8499     1.6581          0     38.750  33.736826   997.7149      1.189     -0.009  0.000e+00
      1.207    30.5986   0.624261     3.0222     1.8807     1.6588          0     39.000  33.736829   997.7274      1.200     -0.000  0.000e+00
      1.185    30.5831   0.625157     3.0278     1.9048     1.7061          0     39.250  33.736832   997.7362      1.179      0.000  0.000e+00
      1.175    30.5769   0.625840     3.0317     1.8891     1.7115          0     39.500  33.736834   997.7410      1.168     -0.002  0.000e+00
      1.175    30.5755   0.626373     3.0345     1.8734     1.7061          0     39.750  33.736837   997.7436      1.168     -0.003  0.000e+00
      1.174    30.5757   0.624223     3.0234     1.8892     1.7145          0     40.000  33.736840   997.7352      1.168     -0.002  0.000e+00
      1.185    30.5713   0.622532     3.0149     1.8990     1.6489          0     40.250  33.736843   997.7303      1.179     -0.004  0.000e+00
      1.196    30.5618   0.621070     3.0079     1.8776     1.6451          0     40.500  33.736846   997.7281      1.190     -0.004  0.000e+00
      1.196    30.5536   0.618407     2.9947     1.8689     1.6611          0     40.750  33.736849   997.7208      1.190     -0.002  0.000e+00
      1.185    30.5216   0.617358     2.9912     1.8835     1.6489          0     41.000  33.736852   997.7281      1.179      0.000  0.000e+00
      1.207    30.4803   0.616711     2.9903     1.9212     1.6542          0     41.250  33.736855   997.7403      1.200      0.012  0.000e+00
      1.175    30.4454   0.616614     2.9919     1.9300     1.6169          0     41.500  33.736858   997.7521      1.168      0.009  0.000e+00
      1.164    30.4215   0.618212     3.0016     1.9145     1.6230          0     41.750  33.736861   997.7667      1.157     -0.001  0.000e+00
      1.196    30.4104   0.619201     3.0074     1.9033     1.6275          0     42.000  33.736863   997.7746      1.190     -0.001  0.000e+00
      1.196    30.4046   0.616509     2.9938     1.9018     1.6207          0     42.250  33.736866   997.7662      1.190     -0.002  0.000e+00
      1.207    30.3986   0.616487     2.9940     1.9071     1.6474          0     42.500  33.736869   997.7683      1.200      0.001  0.000e+00
      1.185    30.3962   0.615439     2.9887     1.9174     1.6573          0     42.750  33.736872   997.7650      1.179      0.001  0.000e+00
      1.153    30.3923   0.615031     2.9869     1.9286     1.6535          0     43.000  33.736875   997.7647      1.147     -0.006  0.000e+00
      1.164    30.3857   0.614156     2.9827     1.9453     1.6573          0     43.250  33.736878   997.7637      1.157     -0.012  0.000e+00
      1.196    30.3782   0.611909     2.9715     1.9513     1.6642          0     43.500  33.736881   997.7578      1.190     -0.001  0.000e+00
      1.207    30.3668   0.610123     2.9629     1.9503     1.6596          0     43.750  33.736884   997.7550      1.200      0.004  0.000e+00
      1.185    30.3593   0.610306     2.9643     1.9600     1.6634          0     44.000  33.736887   997.7582      1.179     -0.004  0.000e+00
      1.164    30.3586   0.610915     2.9675     1.9193     1.6558          0     44.250  33.736889   997.7608      1.157     -0.007  0.000e+00
      1.174    30.3554   0.610142     2.9637     1.9655     1.6550          0     44.500  33.736892   997.7589      1.168     -0.006  0.000e+00
      1.174    30.3618   0.608663     2.9557     1.9727     1.6459          0     44.750  33.736895   997.7510      1.168      0.001  0.000e+00
      1.185    30.3766   0.606857     2.9454     1.9829     1.6520          0     45.000  33.736898   997.7388      1.178      0.005  0.000e+00
      1.185    30.3869   0.605238     2.9365     1.9595     1.6504          0     45.250  33.736901   997.7290      1.178     -0.002  0.000e+00
      1.196    30.3918   0.603776     2.9286     1.9724     1.6459          0     45.500  33.736904   997.7217      1.189     -0.004  0.000e+00
      1.196    30.3926   0.601995     2.9193     1.9643     1.6352          0     45.750  33.736907   997.7145      1.189      0.003  0.000e+00
      1.196    30.3913   0.599194     2.9049     1.9543     1.6390          0     46.000  33.736910   997.7042      1.189      0.013  0.000e+00
      1.228    30.3945   0.595087     2.8835     1.9684     1.6260          0     46.250  33.736913   997.6874      1.222      0.025  0.000e+00
      1.207    30.4113   0.590205     2.8573     1.9240     1.6443          0     46.500  33.736916   997.6626      1.200      0.022  0.000e+00
      1.196    30.4264   0.585238     2.8308     1.9434     1.6871          0     46.750  33.736918   997.6382      1.189      0.016  0.000e+00
      1.185    30.4256   0.580804     2.8080     1.9632     1.6840          0     47.000  33.736921   997.6214      1.179      0.006  0.000e+00
      1.185    30.4152   0.576307     2.7854     2.0252     1.6901          0     47.250  33.736924   997.6078      1.179     -0.001  0.000e+00
      1.185    30.3987   0.571797     2.7631     2.0392     1.6817          0     47.500  33.736927   997.5963      1.179     -0.008  0.000e+00
      1.196    30.3827   0.569037     2.7498     2.0551     1.6642          0     47.750  33.736930   997.5913      1.190     -0.009  0.000e+00
      1.185    30.3718   0.565907     2.7343     2.0871     1.6619          0     48.000  33.736933   997.5831      1.179     -0.013  0.000e+00
      1.185    30.3668   0.562512     2.7171     2.0741     1.6542          0     48.250  33.736936   997.5718      1.179     -0.016  0.000e+00
      1.196    30.3654   0.559047     2.6993     2.0910     1.6672          0     48.500  33.736939   997.5591      1.190     -0.004  0.000e+00
      1.196    30.3652   0.555964     2.6835     2.0577     1.6581          0     48.750  33.736942   997.5474      1.190      0.002  0.000e+00
      1.218    30.3659   0.548982     2.6475     2.0452     1.6703          0     49.000  33.736944   997.5205      1.211      0.012  0.000e+00
      1.250    30.3608   0.542195     2.6130     2.0258     1.6680          0     49.250  33.736947   997.4965      1.244      0.025  0.000e+00
      1.229    30.3433   0.539231     2.5987     1.9951     1.6687          0     49.500  33.736950   997.4911      1.222      0.028  0.000e+00
      1.207    30.3215   0.537197     2.5894     2.0073     1.6657          0     49.750  33.736953   997.4908      1.201      0.022  0.000e+00
      1.207    30.3035   0.534795     2.5780     2.0361     1.6230          0     50.000  33.736956   997.4878      1.200      0.018  0.000e+00
      1.239    30.2866   0.532976     2.5695     2.0134     1.6375          0     50.250  33.736959   997.4869      1.233      0.019  0.000e+00
      1.239    30.2697   0.529466     2.5523     2.0273     1.6405          0     50.500  33.736962   997.4793      1.232      0.016  0.000e+00
      1.261    30.2610   0.528279     2.5467     2.0251     1.6466          0     50.750  33.736965   997.4778      1.254      0.019  0.000e+00
      1.207    30.2585   0.530122     2.5563     2.0793     1.6245          0     51.000  33.736968   997.4855      1.200      0.003  0.000e+00
      1.066    30.2632   0.549855     2.6575     2.1181     1.6314          0     51.250  33.736970   997.5588      1.060     -0.044  0.000e+00
      0.893    30.2685   0.556321     2.6905     2.1128     1.6245          0     51.500  33.736973   997.5810      0.888     -0.116  0.000e+00
      0.774    30.2705   0.555189     2.6846     2.2191     1.6253          0     51.750  33.736976   997.5754      0.770     -0.203  0.000e+00
      0.688    30.2715   0.552106     2.6686     2.2540     1.7130          0     52.000  33.736979   997.5629      0.684     -0.291  0.000e+00
      0.688    30.2740   0.538654     2.5993     2.3005     1.7077          0     52.250  33.736982   997.5105      0.684     -0.343  0.000e+00
      0.731    30.2791   0.526645     2.5374     2.2646     1.7099          0     52.500  33.736985   997.4630      0.727     -0.339  0.000e+00
      0.860    30.2786   0.520702     2.5070     2.2535     1.7046          0     52.750  33.736988   997.4410      0.856     -0.266  0.000e+00
      0.904    30.2697   0.520001     2.5038     2.1939     1.6985          0     53.000  33.736991   997.4416      0.899     -0.149  0.000e+00
      0.947    30.2686   0.518375     2.4955     2.1252     1.7344          0     53.250  33.736994   997.4360      0.942     -0.015  0.000e+00
      0.947    30.2694   0.516463     2.4857     2.1613     1.7214          0     53.500  33.736997   997.4284      0.942      0.089  0.000e+00
      0.958    30.2710   0.512878     2.4673     2.1255     1.7290          0     53.750  33.736999   997.4143      0.953      0.147  0.000e+00
      1.001    30.2716   0.505674     2.4304     2.1409     1.7283          0     54.000  33.737002   997.3868      0.996      0.172  0.000e+00
      1.055    30.2647   0.498912     2.3961     1.9601     1.7115          0     54.250  33.737005   997.3636      1.049      0.168  0.000e+00
      1.109    30.2450   0.497276     2.3887     2.3669     1.7191          0     54.500  33.737008   997.3644      1.103      0.154  0.000e+00
      1.163    30.2207   0.495290     2.3797     2.3979     1.7138          0     54.750  33.737011   997.3654      1.157      0.140  0.000e+00
      1.196    30.2028   0.493353     2.3707     2.3690     1.7176          0     55.000  33.737014   997.3643      1.189      0.149  0.000e+00
      1.250    30.1935   0.491648     2.3624     2.3678     1.7313          0     55.250  33.737017   997.3612      1.243      0.165  0.000e+00
