public/post/ctd_rufiji/SBE19plus_01906740_2018_02_13_0886.cnv
* Sea-Bird SBE19plus  Data File:
* FileName = C:\Users\all user\Desktop\CTD tafiri 2018\SBE19plus_01906740_2018_02_13_0886.hex
* Software version 2.6.3.104
* Temperature SN = 6740
* Conductivity SN = 6740
* System UpLoad Time = Feb 13 2018 13:57:59
* <ApplicationData>
* <Seaterm232>
# nquan = 13
# nvalues = 514                                   
# units = specified
# name 0 = prdM: Pressure, Strain Gauge [db]
# name 1 = tv290C: Temperature [ITS-90, deg C]
# name 2 = c0S/m: Conductivity [S/m]
# name 3 = sal00: Salinity, Practical [PSU]
# name 4 = sbeox0ML/L: Oxygen, SBE 43 [ml/l]
# name 5 = flECO-AFL: Fluorescence, WET Labs ECO-AFL/FL [mg/m^3]
# name 6 = nbf: Bottles Fired
# name 7 = timeS: Time, Elapsed [seconds]
# name 8 = timeJ: Julian Days
# name 9 = density00: Density [density, kg/m^3]
# name 10 = depSM: Depth [salt water, m], lat = 0.00
# name 11 = dz/dtM: Descent Rate [m/s]
# name 12 = flag:  0.000e+00
# span 0 =      0.066,      8.705                 
# span 1 =    29.1025,    30.5848                 
# span 2 =   0.004421,   3.636003                 
# span 3 =     0.0270,    20.5087                 
# span 4 =     1.7087,     4.8417                 
# span 5 =    -0.0693,     3.2099                 
# span 6 =          0,          0                 
# span 7 =      0.000,    128.250                 
# span 8 =  33.725116,  33.726600                 
# span 9 =   995.7021,  1010.8327                 
# span 10 =      0.066,      8.657                
# span 11 =     -0.554,      0.429                
# span 12 = 0.0000e+00, 0.0000e+00                
# interval = seconds: 0.25
# start_time = Feb 02 2018 17:24:10 [Instrument's time stamp, header]
# bad_flag = -9.990e-29
*END*
[from data line 445]
      3.937    30.2610   3.366253    18.8645     2.1059     1.4605          0    111.250  33.726403  1009.6126      3.915     -0.137  0.000e+00
      3.894    30.2611   3.366192    18.8641     2.0901     1.4582          0    111.500  33.726406  1009.6121      3.872     -0.164  0.000e+00
      3.904    30.2615   3.366149    18.8637     2.0951     1.4139          0    111.750  33.726409  1009.6117      3.883     -0.177  0.000e+00
      3.904    30.2619   3.366063    18.8630     2.0979     1.4109          0    112.000  33.726412  1009.6110      3.883     -0.171  0.000e+00
      3.883    30.2618   3.365916    18.8621     2.1374     1.4170          0    112.250  33.726415  1009.6103      3.861     -0.149  0.000e+00
      3.807    30.2625   3.365603    18.8600     2.1639     1.4116          0    112.500  33.726418  1009.6082      3.786     -0.133  0.000e+00
      3.742    30.2628   3.365057    18.8565     2.1696     1.4185          0    112.750  33.726421  1009.6052      3.722     -0.128  0.000e+00
      3.710    30.2631   3.364468    18.8527     2.1700     1.4093          0    113.000  33.726424  1009.6022      3.689     -0.124  0.000e+00
      3.699    30.2633   3.364130    18.8506     2.1915     1.4170          0    113.250  33.726427  1009.6005      3.679     -0.128  0.000e+00
      3.710    30.2637   3.363817    18.8485     2.1888     1.4124          0    113.500  33.726429  1009.5988      3.689     -0.125  0.000e+00
      3.710    30.2639   3.363394    18.8458     2.1754     1.3659          0    113.750  33.726432  1009.5967      3.689     -0.122  0.000e+00
      3.666    30.2641   3.363161    18.8443     2.1611     1.3674          0    114.000  33.726435  1009.5954      3.646     -0.114  0.000e+00
      3.569    30.2645   3.363020    18.8433     2.1414     1.3689          0    114.250  33.726438  1009.5941      3.550     -0.116  0.000e+00
      3.504    30.2648   3.362891    18.8424     2.1133     1.3643          0    114.500  33.726441  1009.5931      3.485     -0.120  0.000e+00
      3.504    30.2652   3.362682    18.8409     2.1096     1.3712          0    114.750  33.726444  1009.5918      3.485     -0.125  0.000e+00
      3.526    30.2653   3.362535    18.8400     2.1019     1.2995          0    115.000  33.726447  1009.5912      3.506     -0.125  0.000e+00
      3.569    30.2657   3.362241    18.8380     2.0829     1.3117          0    115.250  33.726450  1009.5898      3.549     -0.110  0.000e+00
      3.591    30.2659   3.360665    18.8282     2.0924     1.3079          0    115.500  33.726453  1009.5825      3.571     -0.083  0.000e+00
      3.601    30.2663   3.357918    18.8110     2.1033     1.3010          0    115.750  33.726455  1009.5697      3.582     -0.043  0.000e+00
      3.591    30.2668   3.355711    18.7973     2.1157     1.3437          0    116.000  33.726458  1009.5592      3.571      0.002  0.000e+00
      3.537    30.2669   3.354663    18.7908     2.0992     1.3399          0    116.250  33.726461  1009.5541      3.517      0.026  0.000e+00
      3.461    30.2672   3.354247    18.7881     2.0823     1.3453          0    116.500  33.726464  1009.5517      3.442      0.006  0.000e+00
      3.353    30.2674   3.353977    18.7864     2.0929     1.3453          0    116.750  33.726467  1009.5499      3.334     -0.058  0.000e+00
      3.266    30.2675   3.353787    18.7852     2.0753     1.3102          0    117.000  33.726470  1009.5486      3.248     -0.134  0.000e+00
      3.201    30.2678   3.353683    18.7844     2.1009     1.3132          0    117.250  33.726473  1009.5476      3.184     -0.205  0.000e+00
      3.104    30.2683   3.353450    18.7828     2.0677     1.3208          0    117.500  33.726476  1009.5458      3.087     -0.265  0.000e+00
      3.007    30.2684   3.353327    18.7820     2.0704     1.3140          0    117.750  33.726479  1009.5448      2.990     -0.313  0.000e+00
      2.920    30.2689   3.353235    18.7813     2.0804     1.3025          0    118.000  33.726481  1009.5438      2.904     -0.342  0.000e+00
      2.845    30.2691   3.353095    18.7803     2.1298     1.3018          0    118.250  33.726484  1009.5427      2.829     -0.350  0.000e+00
      2.823    30.2692   3.352905    18.7791     2.1859     1.3048          0    118.500  33.726487  1009.5416      2.808     -0.331  0.000e+00
      2.791    30.2695   3.352721    18.7779     2.2141     1.3018          0    118.750  33.726490  1009.5405      2.775     -0.298  0.000e+00
      2.726    30.2699   3.352635    18.7772     2.1956     1.3041          0    119.000  33.726493  1009.5395      2.711     -0.275  0.000e+00
      2.618    30.2702   3.352574    18.7767     2.1581     1.2850          0    119.250  33.726496  1009.5386      2.603     -0.267  0.000e+00
      2.542    30.2707   3.352488    18.7760     2.1366     1.2896          0    119.500  33.726499  1009.5376      2.528     -0.257  0.000e+00
      2.467    30.2708   3.352384    18.7753     2.1199     1.2979          0    119.750  33.726502  1009.5367      2.453     -0.257  0.000e+00
      2.337    30.2712   3.352132    18.7737     2.0534     1.2918          0    120.000  33.726505  1009.5348      2.324     -0.280  0.000e+00
      2.153    30.2716   3.352004    18.7728     1.9431     1.2972          0    120.250  33.726508  1009.5332      2.141     -0.337  0.000e+00
      1.948    30.2719   3.351857    18.7718     1.9089     1.3010          0    120.500  33.726510  1009.5315      1.937     -0.423  0.000e+00
      1.785    30.2723   3.351734    18.7709     1.9059     1.3018          0    120.750  33.726513  1009.5300      1.776     -0.499  0.000e+00
      1.699    30.2724   3.351526    18.7696     1.9396     1.3056          0    121.000  33.726516  1009.5286      1.690     -0.541  0.000e+00
      1.612    30.2728   3.351189    18.7673     2.0473     1.2865          0    121.250  33.726519  1009.5264      1.604     -0.554  0.000e+00
      1.569    30.2729   3.351128    18.7669     2.0802     1.2888          0    121.500  33.726522  1009.5259      1.561     -0.540  0.000e+00
      1.483    30.2734   3.350999    18.7660     2.0487     1.2926          0    121.750  33.726525  1009.5247      1.475     -0.504  0.000e+00
      1.353    30.2737   3.350815    18.7648     2.0003     1.2911          0    122.000  33.726528  1009.5231      1.346     -0.458  0.000e+00
      1.266    30.2739   3.350601    18.7634     1.8930     1.2857          0    122.250  33.726531  1009.5216      1.260     -0.404  0.000e+00
      1.158    30.2745   3.350331    18.7615     1.8360     1.2911          0    122.500  33.726534  1009.5195      1.152     -0.369  0.000e+00
      1.083    30.2749   3.350184    18.7604     1.7601     1.2850          0    122.750  33.726536  1009.5183      1.077     -0.356  0.000e+00
      0.953    30.2749   3.350037    18.7595     1.7118     1.2896          0    123.000  33.726539  1009.5170      0.948     -0.374  0.000e+00
      0.812    30.2756   3.349455    18.7557     2.4730     1.2865          0    123.250  33.726542  1009.5134      0.808     -0.403  0.000e+00
      0.726    30.2760   3.346945    18.7401     1.8762     1.3308          0    123.500  33.726545  1009.5013      0.722     -0.425  0.000e+00
      0.650    30.2762   3.344875    18.7272     1.8817     1.3399          0    123.750  33.726548  1009.4913      0.647     -0.422  0.000e+00
      0.596    30.2765   3.344325    18.7237     1.8898     1.3422          0    124.000  33.726551  1009.4884      0.593     -0.401  0.000e+00
      0.542    30.2769   3.343498    18.7185     1.9242     1.3384          0    124.250  33.726554  1009.4841      0.539     -0.378  0.000e+00
      0.542    30.2772   3.341852    18.7082     1.8589     1.3483          0    124.500  33.726557  1009.4763      0.539     -0.331  0.000e+00
      0.574    30.2776   3.340702    18.7010     1.8229     1.3384          0    124.750  33.726560  1009.4710      0.571     -0.262  0.000e+00
      0.607    30.2783   3.339851    18.6955     1.7718     1.3468          0    125.000  33.726563  1009.4668      0.603     -0.172  0.000e+00
      0.618    30.2784   3.339497    18.6932     1.7087     1.3384          0    125.250  33.726565  1009.4652      0.614     -0.089  0.000e+00
      0.596    30.2787   3.339185    18.6912     1.8866     1.3681          0    125.500  33.726568  1009.4634      0.593     -0.038  0.000e+00
      0.488    30.2790   3.338518    18.6870     1.9064     1.3681          0    125.750  33.726571  1009.4597      0.485     -0.029  0.000e+00
      0.336    30.2793   3.336206    18.6726     2.1153     1.3613          0    126.000  33.726574  1009.4483      0.335     -0.070  0.000e+00
      0.185    30.2796   3.332874    18.6520     2.0280     1.3628          0    126.250  33.726577  1009.4322      0.184     -0.149  0.000e+00
      0.088    30.2802   3.329947    18.6337     2.1928     1.3613          0    126.500  33.726580  1009.4180      0.087     -0.244  0.000e+00
      0.099    30.2806   3.314013    18.5354     2.3509     0.7471          0    126.750  33.726583  1009.3448      0.098     -0.306  0.000e+00
      0.066    30.2807   3.304425    18.4762     2.3578     0.7456          0    127.000  33.726586  1009.3007      0.066     -0.336  0.000e+00
      0.077    30.2809   3.291969    18.3995     2.3395     0.7410          0    127.250  33.726589  1009.2436      0.077     -0.319  0.000e+00
      0.077    30.2810   3.284168    18.3514     2.3157     0.7456          0    127.500  33.726591  1009.2078      0.077     -0.262  0.000e+00
      0.088    30.2811   3.278943    18.3192     2.2404     0.9745          0    127.750  33.726594  1009.1839      0.087     -0.174  0.000e+00
      0.088    30.2808   3.275171    18.2961     2.1631     0.9706          0    128.000  33.726597  1009.1668      0.087     -0.089  0.000e+00
      0.099    30.2809   3.272458    18.2794     2.1398     0.9722          0    128.250  33.726600  1009.1544      0.098     -0.024  0.000e+00
