public/post/ctd_rufiji/SBE19plus_01906740_2018_02_13_0905.cnv
* Sea-Bird SBE19plus  Data File:
* FileName = C:\Users\all user\Desktop\CTD tafiri 2018\SBE19plus_01906740_2018_02_13_0905.hex
* Software version 2.6.3.104
* Temperature SN = 6740
* Conductivity SN = 6740
* System UpLoad Time = Feb 13 2018 14:01:23
* <ApplicationData>
* <Seaterm232>
# nquan = 13
# nvalues = 460                                   
# units = specified
# name 0 = prdM: Pressure, Strain Gauge [db]
# name 1 = tv290C: Temperature [ITS-90, deg C]
# name 2 = c0S/m: Conductivity [S/m]
# name 3 = sal00: Salinity, Practical [PSU]
# name 4 = sbeox0ML/L: Oxygen, SBE 43 [ml/l]
# name 5 = flECO-AFL: Fluorescence, WET Labs ECO-AFL/FL [mg/m^3]
# name 6 = nbf: Bottles Fired
# name 7 = timeS: Time, Elapsed [seconds]
# name 8 = timeJ: Julian Days
# name 9 = density00: Density [density, kg/m^3]
# name 10 = depSM: Depth [salt water, m], lat = 0.00
# name 11 = dz/dtM: Descent Rate [m/s]
# name 12 = flag:  0.000e+00
# span 0 =      0.126,      8.168                 
# span 1 =    29.4049,    30.5648                 
# span 2 =   0.001182,   0.065856                 
# span 3 =     0.0157,     0.2871                 
# span 4 =     1.1283,     4.8994                 
# span 5 =    -0.0586,     2.2440                 
# span 6 =          0,          0                 
# span 7 =      0.000,    114.750                 
# span 8 =  34.257014,  34.258342                 
# span 9 =   995.5317,   995.8409                 
# span 10 =      0.126,      8.123                
# span 11 =     -0.478,      0.497                
# span 12 = 0.0000e+00, 0.0000e+00                
# interval = seconds: 0.25
# start_time = Feb 03 2018 06:10:06 [Instrument's time stamp, header]
# bad_flag = -9.990e-29
*END*
[from data line 223]
      1.227    30.3725   0.065295     0.2855     1.5879     2.0472          0     55.750  34.257659   995.7555      1.220     -0.020  0.000e+00
      1.097    30.3735   0.065160     0.2849     1.5895     2.0464          0     56.000  34.257662   995.7542      1.091     -0.074  0.000e+00
      1.021    30.3751   0.064544     0.2821     1.5889     2.0258          0     56.250  34.257665   995.7513      1.016     -0.134  0.000e+00
      0.978    30.3760   0.064330     0.2812     1.5525     2.0220          0     56.500  34.257668   995.7501      0.973     -0.182  0.000e+00
      0.956    30.3782   0.064395     0.2814     1.5608     2.0228          0     56.750  34.257671   995.7495      0.951     -0.221  0.000e+00
      0.913    30.3722   0.064996     0.2841     1.5681     2.0189          0     57.000  34.257674   995.7532      0.908     -0.244  0.000e+00
      0.870    30.3587   0.065066     0.2845     1.5466     2.0205          0     57.250  34.257677   995.7574      0.865     -0.248  0.000e+00
      0.848    30.3541   0.065154     0.2850     1.5769     1.9777          0     57.500  34.257679   995.7590      0.843     -0.224  0.000e+00
      0.881    30.3572   0.065130     0.2848     1.5864     1.9869          0     57.750  34.257682   995.7581      0.876     -0.166  0.000e+00
      0.859    30.3674   0.065173     0.2850     1.5758     1.9869          0     58.000  34.257685   995.7550      0.854     -0.115  0.000e+00
      0.848    30.3833   0.064840     0.2834     1.5938     1.9823          0     58.250  34.257688   995.7490      0.843     -0.084  0.000e+00
      0.816    30.3904   0.064846     0.2834     1.6082     1.9739          0     58.500  34.257691   995.7466      0.811     -0.071  0.000e+00
      0.783    30.3937   0.065044     0.2843     1.6133     1.9854          0     58.750  34.257694   995.7461      0.779     -0.068  0.000e+00
      0.816    30.3944   0.064910     0.2836     1.6092     1.9709          0     59.000  34.257697   995.7456      0.811     -0.050  0.000e+00
      0.848    30.3918   0.064950     0.2838     1.6144     1.9640          0     59.250  34.257700   995.7467      0.844     -0.028  0.000e+00
      0.935    30.3905   0.065096     0.2845     1.6155     2.0594          0     59.500  34.257703   995.7480      0.930      0.007  0.000e+00
      1.010    30.3921   0.065020     0.2842     1.6220     2.0487          0     59.750  34.257705   995.7476      1.005      0.050  0.000e+00
      1.086    30.3924   0.064904     0.2836     1.6169     2.0563          0     60.000  34.257708   995.7474      1.080      0.113  0.000e+00
      1.151    30.3906   0.064712     0.2828     1.6127     2.0533          0     60.250  34.257711   995.7476      1.145      0.173  0.000e+00
      1.227    30.3873   0.064571     0.2822     1.6108     2.1029          0     60.500  34.257714   995.7485      1.220      0.230  0.000e+00
      1.302    30.3838   0.064578     0.2822     1.6182     2.1029          0     60.750  34.257717   995.7499      1.295      0.271  0.000e+00
      1.400    30.3814   0.064864     0.2835     1.6135     2.1067          0     61.000  34.257720   995.7521      1.392      0.295  0.000e+00
      1.475    30.3814   0.065194     0.2850     1.6140     2.1082          0     61.250  34.257723   995.7535      1.467      0.309  0.000e+00
      1.486    30.3842   0.065356     0.2857     1.6195     2.1120          0     61.500  34.257726   995.7532      1.478      0.292  0.000e+00
      1.540    30.3925   0.065176     0.2848     1.6232     2.0525          0     61.750  34.257729   995.7503      1.532      0.276  0.000e+00
      1.562    30.3994   0.064864     0.2834     1.6205     2.0601          0     62.000  34.257731   995.7472      1.553      0.251  0.000e+00
      1.616    30.4055   0.064568     0.2821     1.6204     2.0548          0     62.250  34.257734   995.7446      1.607      0.229  0.000e+00
      1.659    30.4092   0.064422     0.2814     1.6013     2.0601          0     62.500  34.257737   995.7431      1.650      0.204  0.000e+00
      1.757    30.3896   0.064434     0.2816     1.5941     2.1082          0     62.750  34.257740   995.7497      1.747      0.197  0.000e+00
      1.821    30.3590   0.064816     0.2834     1.6100     2.1006          0     63.000  34.257743   995.7607      1.811      0.197  0.000e+00
      1.886    30.3464   0.065136     0.2849     1.6145     2.1036          0     63.250  34.257746   995.7660      1.876      0.212  0.000e+00
      1.940    30.3402   0.065240     0.2854     1.6035     2.1044          0     63.500  34.257749   995.7685      1.930      0.234  0.000e+00
      1.994    30.3403   0.065148     0.2850     1.5952     2.0464          0     63.750  34.257752   995.7684      1.983      0.244  0.000e+00
      2.038    30.3416   0.064871     0.2838     1.6087     2.0479          0     64.000  34.257755   995.7672      2.026      0.249  0.000e+00
      2.102    30.3408   0.064672     0.2829     1.6039     2.0411          0     64.250  34.257758   995.7671      2.091      0.245  0.000e+00
      2.178    30.3422   0.064562     0.2824     1.6217     2.0388          0     64.500  34.257760   995.7667      2.166      0.244  0.000e+00
      2.243    30.3454   0.064678     0.2829     1.6224     2.0815          0     64.750  34.257763   995.7663      2.231      0.236  0.000e+00
      2.319    30.3490   0.064938     0.2840     1.6217     2.0884          0     65.000  34.257766   995.7664      2.306      0.243  0.000e+00
      2.394    30.3533   0.065096     0.2847     1.6113     2.0853          0     65.250  34.257769   995.7660      2.381      0.254  0.000e+00
      2.492    30.3566   0.065167     0.2850     1.6480     2.0838          0     65.500  34.257772   995.7656      2.478      0.274  0.000e+00
      2.567    30.3588   0.065102     0.2847     1.6585     2.0731          0     65.750  34.257775   995.7651      2.553      0.292  0.000e+00
      2.686    30.3602   0.065066     0.2845     1.6534     2.1021          0     66.000  34.257778   995.7650      2.672      0.318  0.000e+00
      2.805    30.3614   0.064993     0.2842     1.6314     2.1105          0     66.250  34.257781   995.7650      2.790      0.344  0.000e+00
      2.881    30.3623   0.065008     0.2843     1.6449     2.1074          0     66.500  34.257784   995.7651      2.865      0.360  0.000e+00
      2.967    30.3631   0.065054     0.2845     1.6495     2.1029          0     66.750  34.257786   995.7654      2.951      0.373  0.000e+00
      3.097    30.3642   0.065218     0.2852     1.6281     2.1013          0     67.000  34.257789   995.7661      3.080      0.390  0.000e+00
      3.216    30.3649   0.065225     0.2852     1.6196     2.0983          0     67.250  34.257792   995.7665      3.198      0.406  0.000e+00
      3.324    30.3671   0.065283     0.2855     1.6024     2.0968          0     67.500  34.257795   995.7665      3.306      0.417  0.000e+00
      3.454    30.3716   0.065298     0.2855     1.5913     2.0952          0     67.750  34.257798   995.7657      3.435      0.433  0.000e+00
      3.573    30.3797   0.065322     0.2856     1.5998     2.1944          0     68.000  34.257801   995.7638      3.553      0.442  0.000e+00
      3.713    30.3897   0.065353     0.2856     1.5904     2.1837          0     68.250  34.257804   995.7614      3.693      0.461  0.000e+00
      3.843    30.3996   0.065386     0.2857     1.5821     2.1944          0     68.500  34.257807   995.7591      3.822      0.485  0.000e+00
      3.962    30.4095   0.065457     0.2860     1.5746     2.1967          0     68.750  34.257810   995.7568      3.940      0.497  0.000e+00
      4.070    30.4218   0.065566     0.2864     1.5897     2.1761          0     69.000  34.257813   995.7538      4.048      0.495  0.000e+00
      4.135    30.4386   0.065624     0.2866     1.5880     2.1662          0     69.250  34.257815   995.7491      4.112      0.480  0.000e+00
      4.211    30.4546   0.065664     0.2867     1.5907     2.1723          0     69.500  34.257818   995.7445      4.188      0.456  0.000e+00
      4.265    30.4678   0.065695     0.2867     1.6110     2.1639          0     69.750  34.257821   995.7408      4.241      0.415  0.000e+00
      4.362    30.4784   0.065719     0.2868     1.6245     2.1662          0     70.000  34.257824   995.7380      4.338      0.381  0.000e+00
      4.449    30.4863   0.065740     0.2868     1.6370     2.1822          0     70.250  34.257827   995.7360      4.424      0.350  0.000e+00
      4.535    30.4924   0.065786     0.2870     1.6562     2.1761          0     70.500  34.257830   995.7347      4.510      0.329  0.000e+00
      4.600    30.4995   0.065786     0.2870     1.6706     2.1769          0     70.750  34.257833   995.7328      4.575      0.315  0.000e+00
      4.730    30.5057   0.065792     0.2870     1.6720     2.1776          0     71.000  34.257836   995.7314      4.704      0.324  0.000e+00
      4.827    30.5108   0.065792     0.2869     1.6779     2.1502          0     71.250  34.257839   995.7303      4.800      0.345  0.000e+00
      4.913    30.5146   0.065804     0.2870     1.6923     2.1532          0     71.500  34.257841   995.7295      4.886      0.359  0.000e+00
      5.011    30.5181   0.065811     0.2870     1.6956     2.1555          0     71.750  34.257844   995.7289      4.983      0.373  0.000e+00
      5.151    30.5208   0.065850     0.2871     1.6971     2.1509          0     72.000  34.257847   995.7288      5.123      0.388  0.000e+00
      5.259    30.5240   0.065835     0.2871     1.7021     2.1670          0     72.250  34.257850   995.7282      5.230      0.406  0.000e+00
      5.324    30.5265   0.065856     0.2871     1.7230     2.1700          0     72.500  34.257853   995.7278      5.295      0.411  0.000e+00
      5.335    30.5285   0.065847     0.2871     1.7314     2.1647          0     72.750  34.257856   995.7272      5.306      0.388  0.000e+00
      5.357    30.5311   0.065817     0.2869     1.7396     2.1616          0     73.000  34.257859   995.7264      5.327      0.340  0.000e+00
      5.411    30.5338   0.065786     0.2868     1.7530     2.1639          0     73.250  34.257862   995.7257      5.381      0.299  0.000e+00
      5.476    30.5356   0.065765     0.2867     1.7607     2.0563          0     73.500  34.257865   995.7254      5.445      0.262  0.000e+00
      5.562    30.5361   0.065728     0.2865     1.7726     2.0525          0     73.750  34.257867   995.7255      5.531      0.234  0.000e+00
      5.670    30.5360   0.065655     0.2862     1.7927     2.0495          0     74.000  34.257870   995.7257      5.639      0.224  0.000e+00
      5.778    30.5368   0.065548     0.2857     1.7862     2.0510          0     74.250  34.257873   995.7256      5.746      0.246  0.000e+00
      5.897    30.5380   0.065438     0.2852     1.7856     2.2005          0     74.500  34.257876   995.7254      5.865      0.293  0.000e+00
      5.962    30.5392   0.065270     0.2845     1.7878     2.1975          0     74.750  34.257879   995.7248      5.929      0.337  0.000e+00
      6.103    30.5409   0.065124     0.2838     1.7891     2.2005          0     75.000  34.257882   995.7244      6.069      0.380  0.000e+00
      6.211    30.5433   0.065118     0.2838     1.7933     2.2051          0     75.250  34.257885   995.7241      6.177      0.407  0.000e+00
      6.308    30.5437   0.065188     0.2841     1.7956     2.2287          0     75.500  34.257888   995.7246      6.273      0.422  0.000e+00
      6.416    30.5431   0.065368     0.2849     1.8115     2.2326          0     75.750  34.257891   995.7259      6.381      0.427  0.000e+00
      6.546    30.5440   0.065341     0.2847     1.8120     2.2188          0     76.000  34.257894   995.7261      6.510      0.432  0.000e+00
      6.567    30.5460   0.065014     0.2833     1.8281     2.2280          0     76.250  34.257896   995.7245      6.531      0.414  0.000e+00
      6.557    30.5483   0.064742     0.2821     1.8420     2.0823          0     76.500  34.257899   995.7228      6.521      0.370  0.000e+00
      6.568    30.5504   0.064526     0.2811     1.8492     2.0792          0     76.750  34.257902   995.7215      6.531      0.316  0.000e+00
      6.600    30.5525   0.064288     0.2800     1.8646     2.0838          0     77.000  34.257905   995.7202      6.564      0.247  0.000e+00
      6.600    30.5540   0.064184     0.2796     1.8873     2.0762          0     77.250  34.257908   995.7194      6.564      0.183  0.000e+00
      6.654    30.5553   0.064126     0.2793     1.9067     2.0807          0     77.500  34.257911   995.7190      6.617      0.136  0.000e+00
      6.697    30.5560   0.064016     0.2788     1.9219     2.0022          0     77.750  34.257914   995.7186      6.660      0.104  0.000e+00
      6.784    30.5569   0.063791     0.2778     1.9448     1.9968          0     78.000  34.257917   995.7180      6.746      0.105  0.000e+00
      6.870    30.5577   0.063547     0.2767     1.9550     2.0006          0     78.250  34.257920   995.7173      6.832      0.147  0.000e+00
      6.978    30.5586   0.063312     0.2757     1.9686     1.9869          0     78.500  34.257922   995.7167      6.940      0.204  0.000e+00
      7.076    30.5593   0.062955     0.2741     1.9727     2.2028          0     78.750  34.257925   995.7158      7.037      0.256  0.000e+00
      7.141    30.5603   0.062556     0.2723     1.9825     2.2066          0     79.000  34.257928   995.7144      7.101      0.294  0.000e+00
      7.205    30.5605   0.062278     0.2711     1.9775     2.2013          0     79.250  34.257931   995.7137      7.166      0.322  0.000e+00
      7.260    30.5599   0.062074     0.2702     1.9705     2.2066          0     79.500  34.257934   995.7135      7.220      0.324  0.000e+00
      7.346    30.5598   0.061983     0.2698     1.9715     2.0662          0     79.750  34.257937   995.7136      7.306      0.324  0.000e+00
      7.422    30.5600   0.061848     0.2692     1.9608     2.0723          0     80.000  34.257940   995.7134      7.381      0.311  0.000e+00
      7.519    30.5604   0.061720     0.2686     1.9699     2.0640          0     80.250  34.257943   995.7133      7.478      0.306  0.000e+00
      7.649    30.5609   0.061641     0.2682     1.9714     2.0708          0     80.500  34.257946   995.7135      7.607      0.314  0.000e+00
      7.724    30.5616   0.061611     0.2681     1.9648     2.0838          0     80.750  34.257948   995.7135      7.682      0.327  0.000e+00
      7.833    30.5620   0.061565     0.2679     1.9661     2.0846          0     81.000  34.257951   995.7137      7.789      0.352  0.000e+00
      7.919    30.5624   0.061507     0.2676     1.9743     2.0807          0     81.250  34.257954   995.7138      7.875      0.370  0.000e+00
      8.006    30.5627   0.061519     0.2677     1.9754     2.0838          0     81.500  34.257957   995.7141      7.961      0.382  0.000e+00
      8.060    30.5625   0.061571     0.2679     1.9870     2.0807          0     81.750  34.257960   995.7146      8.015      0.373  0.000e+00
      8.081    30.5622   0.061425     0.2673     1.9888     2.0182          0     82.000  34.257963   995.7143      8.037      0.345  0.000e+00
      8.103    30.5624   0.061300     0.2667     1.9924     2.0235          0     82.250  34.257966   995.7139      8.058      0.298  0.000e+00
      8.103    30.5622   0.061257     0.2665     2.0012     2.0166          0     82.500  34.257969   995.7138      8.058      0.239  0.000e+00
      8.146    30.5621   0.061224     0.2664     2.0056     2.0182          0     82.750  34.257972   995.7139      8.101      0.196  0.000e+00
      8.146    30.5625   0.061172     0.2662     2.0042     1.9953          0     83.000  34.257975   995.7136      8.101      0.145  0.000e+00
