public/post/ctd_rufiji/SBE19plus_01906740_2018_02_13_0885.cnv
* Sea-Bird SBE19plus  Data File:
* FileName = C:\Users\all user\Desktop\CTD tafiri 2018\SBE19plus_01906740_2018_02_13_0885.hex
* Software version 2.6.3.104
* Temperature SN = 6740
* Conductivity SN = 6740
* System UpLoad Time = Feb 13 2018 13:57:46
* <ApplicationData>
* <Seaterm232>
# nquan = 13
# nvalues = 616                                   
# units = specified
# name 0 = prdM: Pressure, Strain Gauge [db]
# name 1 = tv290C: Temperature [ITS-90, deg C]
# name 2 = c0S/m: Conductivity [S/m]
# name 3 = sal00: Salinity, Practical [PSU]
# name 4 = sbeox0ML/L: Oxygen, SBE 43 [ml/l]
# name 5 = flECO-AFL: Fluorescence, WET Labs ECO-AFL/FL [mg/m^3]
# name 6 = nbf: Bottles Fired
# name 7 = timeS: Time, Elapsed [seconds]
# name 8 = timeJ: Julian Days
# name 9 = density00: Density [density, kg/m^3]
# name 10 = depSM: Depth [salt water, m], lat = 0.00
# name 11 = dz/dtM: Descent Rate [m/s]
# name 12 = flag:  0.000e+00
# span 0 =      0.042,      5.987                 
# span 1 =    29.1546,    31.9237                 
# span 2 =   0.008290,   3.870001                 
# span 3 =     0.0419,    21.9279                 
# span 4 =     2.0832,    12.9704                 
# span 5 =    -0.0746,     3.4571                 
# span 6 =          0,          0                 
# span 7 =      0.000,    153.750                 
# span 8 =  33.720394,  33.722173                 
# span 9 =   995.7729,  1011.8449                 
# span 10 =      0.042,      5.954                
# span 11 =     -0.448,      0.339                
# span 12 = 0.0000e+00, 0.0000e+00                
# interval = seconds: 0.25
# start_time = Feb 02 2018 17:17:22 [Instrument's time stamp, header]
# bad_flag = -9.990e-29
*END*
[from data line 556]
      3.187    30.5534   3.750678    21.1311     3.2994     1.8206          0    139.000  33.722002  1011.1992      3.169     -0.269  0.000e+00
      3.165    30.5544   3.748264    21.1156     3.3092     1.8274          0    139.250  33.722005  1011.1873      3.148     -0.204  0.000e+00
      3.133    30.5556   3.746587    21.1047     3.3054     1.6466          0    139.500  33.722008  1011.1786      3.115     -0.161  0.000e+00
      3.078    30.5565   3.741987    21.0757     3.2989     1.6504          0    139.750  33.722011  1011.1565      3.061     -0.152  0.000e+00
      3.046    30.5569   3.736148    21.0391     3.2844     1.6420          0    140.000  33.722014  1011.1291      3.029     -0.151  0.000e+00
      2.970    30.5580   3.730179    21.0015     3.2871     1.6436          0    140.250  33.722017  1011.1003      2.954     -0.156  0.000e+00
      2.884    30.5597   3.725012    20.9686     3.2786     1.6604          0    140.500  33.722020  1011.0750      2.868     -0.168  0.000e+00
      2.819    30.5622   3.708061    20.8621     3.2777     1.6596          0    140.750  33.722023  1010.9947      2.803     -0.193  0.000e+00
      2.732    30.5668   3.691053    20.7544     3.2628     1.6573          0    141.000  33.722025  1010.9126      2.717     -0.231  0.000e+00
      2.657    30.5739   3.673776    20.6441     3.2741     1.6649          0    141.250  33.722028  1010.8279      2.642     -0.261  0.000e+00
      2.570    30.5819   3.666375    20.5948     3.2631     1.8221          0    141.500  33.722031  1010.7883      2.556     -0.286  0.000e+00
      2.473    30.5892   3.626214    20.3427     3.2490     1.8221          0    141.750  33.722034  1010.5980      2.459     -0.308  0.000e+00
      2.397    30.6031   3.560150    19.9282     3.2488     1.8320          0    142.000  33.722037  1010.2848      2.384     -0.325  0.000e+00
      2.376    30.6270   3.498457    19.5379     3.2665     1.8251          0    142.250  33.722040  1009.9867      2.363     -0.313  0.000e+00
      2.332    30.6547   3.452648    19.2450     3.2571     1.9922          0    142.500  33.722043  1009.7597      2.320     -0.293  0.000e+00
      2.246    30.6801   3.451954    19.2309     3.2496     2.0006          0    142.750  33.722046  1009.7405      2.233     -0.282  0.000e+00
      2.170    30.6970   3.403482    18.9268     3.2469     1.9930          0    143.000  33.722049  1009.5086      2.158     -0.270  0.000e+00
      2.083    30.7158   3.307053    18.3297     3.2554     1.9938          0    143.250  33.722052  1009.0584      2.072     -0.268  0.000e+00
      1.975    30.7471   3.262130    18.0443     3.2505     1.9899          0    143.500  33.722054  1008.8356      1.965     -0.275  0.000e+00
      1.835    30.7842   3.126873    17.2098     3.2486     2.1166          0    143.750  33.722057  1008.2030      1.825     -0.304  0.000e+00
      1.781    30.8285   3.133949    17.2372     3.2322     2.1212          0    144.000  33.722060  1008.2086      1.771     -0.331  0.000e+00
      1.748    30.8606   3.119271    17.1373     3.2286     2.1258          0    144.250  33.722063  1008.1238      1.739     -0.345  0.000e+00
      1.738    30.8853   2.998522    16.4014     3.2371     2.1029          0    144.500  33.722066  1007.5692      1.728     -0.326  0.000e+00
      1.705    30.9282   2.938902    16.0297     3.2270     2.1456          0    144.750  33.722069  1007.2791      1.696     -0.288  0.000e+00
      1.684    30.9749   2.907067    15.8243     3.2162     2.1547          0    145.000  33.722072  1007.1113      1.674     -0.243  0.000e+00
      1.619    31.0160   2.848185    15.4602     3.2040     2.1563          0    145.250  33.722075  1006.8273      1.610     -0.202  0.000e+00
      1.543    31.0669   2.823050    15.2949     3.1999     2.1578          0    145.500  33.722078  1006.6877      1.534     -0.174  0.000e+00
      1.446    31.1148   2.834342    15.3473     3.1947     2.2555          0    145.750  33.722080  1006.7104      1.438     -0.172  0.000e+00
      1.338    31.1396   2.832979    15.3316     3.1853     2.2471          0    146.000  33.722083  1006.6902      1.330     -0.211  0.000e+00
      1.262    31.1530   2.834606    15.3371     3.1719     2.2539          0    146.250  33.722086  1006.6896      1.255     -0.254  0.000e+00
      1.229    31.1636   2.818699    15.2395     3.1681     2.2547          0    146.500  33.722089  1006.6135      1.223     -0.282  0.000e+00
      1.175    31.1868   2.793112    15.0809     3.1538     2.2455          0    146.750  33.722092  1006.4880      1.169     -0.293  0.000e+00
      1.143    31.2329   2.692308    14.4720     3.1616     2.4607          0    147.000  33.722095  1006.0211      1.137     -0.287  0.000e+00
      1.100    31.3304   2.672334    14.3265     3.1442     2.4584          0    147.250  33.722098  1005.8809      1.093     -0.262  0.000e+00
      1.024    31.4102   2.678895    14.3422     3.1228     2.4645          0    147.500  33.722101  1005.8660      1.018     -0.239  0.000e+00
      0.970    31.4469   2.625285    14.0179     3.1242     2.4630          0    147.750  33.722104  1005.6132      0.964     -0.217  0.000e+00
      0.937    31.4967   2.584052    13.7634     3.1353     2.4470          0    148.000  33.722106  1005.4080      0.932     -0.198  0.000e+00
      0.872    31.5539   2.591357    13.7902     3.1283     2.4363          0    148.250  33.722109  1005.4088      0.868     -0.198  0.000e+00
      0.818    31.5823   2.583668    13.7377     3.1275     2.4447          0    148.500  33.722112  1005.3603      0.814     -0.206  0.000e+00
      0.721    31.5922   2.585096    13.7433     3.1336     2.4454          0    148.750  33.722115  1005.3607      0.717     -0.222  0.000e+00
      0.732    31.5965   2.566446    13.6337     3.1334     2.5217          0    149.000  33.722118  1005.2781      0.728     -0.219  0.000e+00
      0.764    31.6084   2.554428    13.5606     3.1234     2.5286          0    149.250  33.722121  1005.2202      0.760     -0.189  0.000e+00
      0.797    31.6280   2.549792    13.5284     3.1246     2.5263          0    149.500  33.722124  1005.1899      0.792     -0.139  0.000e+00
      0.797    31.6458   2.545502    13.4987     3.1089     2.5271          0    149.750  33.722127  1005.1621      0.792     -0.095  0.000e+00
      0.797    31.6590   2.537768    13.4504     3.1173     2.5400          0    150.000  33.722130  1005.1219      0.792     -0.053  0.000e+00
      0.807    31.6682   2.533248    13.4217     3.1132     2.5370          0    150.250  33.722133  1005.0976      0.803     -0.007  0.000e+00
      0.764    31.6741   2.533976    13.4244     3.1168     2.5438          0    150.500  33.722135  1005.0975      0.760      0.014  0.000e+00
      0.710    31.6753   2.533281    13.4200     3.1175     2.5400          0    150.750  33.722138  1005.0936      0.706      0.009  0.000e+00
      0.613    31.6744   2.526867    13.3831     3.1180     2.5316          0    151.000  33.722141  1005.0661      0.610     -0.046  0.000e+00
      0.462    31.6766   2.524095    13.3665     3.2908     2.5461          0    151.250  33.722144  1005.0524      0.459     -0.131  0.000e+00
      0.310    31.6781   2.523979    13.3654     3.2205     2.5461          0    151.500  33.722147  1005.0505      0.309     -0.228  0.000e+00
      0.170    31.6768   2.522938    13.3597     3.4310     2.5484          0    151.750  33.722150  1005.0461      0.169     -0.321  0.000e+00
      0.083    31.6748   2.380764    12.5395     3.7129     2.5477          0    152.000  33.722153  1004.4386      0.083     -0.395  0.000e+00
      0.072    31.6708   0.448679     2.0819    12.9704     2.9680          0    152.250  33.722156   996.6855      0.072     -0.424  0.000e+00
      0.083    31.6368   0.321706     1.4647     7.0509     2.9711          0    152.500  33.722159   996.2370      0.083     -0.399  0.000e+00
      0.072    31.5461   0.256099     1.1536     8.6826     2.9719          0    152.750  33.722161   996.0339      0.072     -0.343  0.000e+00
      0.073    31.4180   0.280485     1.2728     4.6227     2.9780          0    153.000  33.722164   996.1632      0.072     -0.259  0.000e+00
      0.073    31.2857   0.274993     1.2498     3.8304    -0.0052          0    153.250  33.722167   996.1878      0.072     -0.164  0.000e+00
      0.062    31.1755   0.306263     1.4031     3.7193    -0.0082          0    153.500  33.722170   996.3366      0.061     -0.087  0.000e+00
      0.073    31.0982   0.361460     1.6743     4.5094    -0.0067          0    153.750  33.722173   996.5630      0.072     -0.031  0.000e+00
