public/post/ctd_rufiji/SBE19plus_01906740_2018_02_13_0926.cnv
* Sea-Bird SBE19plus  Data File:
* FileName = C:\Users\all user\Desktop\CTD tafiri 2018\SBE19plus_01906740_2018_02_13_0926.hex
* Software version 2.6.3.104
* Temperature SN = 6740
* Conductivity SN = 6740
* System UpLoad Time = Feb 13 2018 14:04:48
* <ApplicationData>
* <Seaterm232>
# nquan = 13
# nvalues = 445                                   
# units = specified
# name 0 = prdM: Pressure, Strain Gauge [db]
# name 1 = tv290C: Temperature [ITS-90, deg C]
# name 2 = c0S/m: Conductivity [S/m]
# name 3 = sal00: Salinity, Practical [PSU]
# name 4 = sbeox0ML/L: Oxygen, SBE 43 [ml/l]
# name 5 = flECO-AFL: Fluorescence, WET Labs ECO-AFL/FL [mg/m^3]
# name 6 = nbf: Bottles Fired
# name 7 = timeS: Time, Elapsed [seconds]
# name 8 = timeJ: Julian Days
# name 9 = density00: Density [density, kg/m^3]
# name 10 = depSM: Depth [salt water, m], lat = 0.00
# name 11 = dz/dtM: Descent Rate [m/s]
# name 12 = flag:  0.000e+00
# span 0 =      0.184,      4.498                 
# span 1 =    29.2832,    30.2730                 
# span 2 =   0.004475,   0.115656                 
# span 3 =     0.0272,     0.5154                 
# span 4 =     0.2185,     7.3611                 
# span 5 =    -0.3561,     2.3386                 
# span 6 =          0,          0                 
# span 7 =      0.000,    111.000                 
# span 8 =  34.415868,  34.417153                 
# span 9 =   995.6516,   995.9591                 
# span 10 =      0.183,      4.473                
# span 11 =     -0.783,      0.576                
# span 12 = 0.0000e+00, 0.0000e+00                
# interval = seconds: 0.25
# start_time = Feb 03 2018 09:58:51 [Instrument's time stamp, header]
# bad_flag = -9.990e-29
*END*
      0.215    29.2832   0.005297     0.0304     3.6247    -0.0212          0      0.000  34.415868   995.8870      0.213      0.000  0.000e+00
      0.247    29.3082   0.004496     0.0273     5.0499    -0.0281          0      0.250  34.415871   995.8774      0.246      0.009  0.000e+00
      0.290    29.3561   0.004504     0.0273     6.7872    -0.0258          0      0.500  34.415874   995.8635      0.289      0.027  0.000e+00
      0.312    29.5967   0.004475     0.0272     6.1279    -0.0220          0      0.750  34.415877   995.7919      0.310      0.045  0.000e+00
      0.420    29.8311   0.011996     0.0567     4.0907     0.0086          0      1.000  34.415880   995.7443      0.418      0.086  0.000e+00
      0.560    29.9686   0.047458     0.2082     3.7392     0.0101          0      1.250  34.415883   995.8173      0.557      0.151  0.000e+00
      0.625    30.0418   0.048851     0.2141     3.4055     0.0032          0      1.500  34.415885   995.7998      0.622      0.210  0.000e+00
      0.658    30.0814   0.048418     0.2120     3.1109     0.0086          0      1.750  34.415888   995.7864      0.654      0.251  0.000e+00
      0.658    30.1042   0.066259     0.2913     2.8435     0.3031          0      2.000  34.415891   995.8390      0.654      0.262  0.000e+00
      0.615    30.1178   0.086539     0.3829     2.5897     0.2977          0      2.250  34.415894   995.9033      0.611      0.231  0.000e+00
      0.647    30.1288   0.092303     0.4091     2.7427     0.3008          0      2.500  34.415897   995.9197      0.644      0.194  0.000e+00
      0.712    30.1418   0.092603     0.4104     3.3489     0.2992          0      2.750  34.415900   995.9171      0.708      0.162  0.000e+00
      0.734    30.1575   0.092504     0.4098     3.8460     1.9976          0      3.000  34.415903   995.9119      0.730      0.114  0.000e+00
      0.777    30.1682   0.092186     0.4083     3.8889     2.0006          0      3.250  34.415906   995.9077      0.773      0.086  0.000e+00
      0.831    30.1750   0.092630     0.4103     3.9193     1.9976          0      3.500  34.415909   995.9074      0.827      0.095  0.000e+00
      0.842    30.1800   0.092884     0.4114     3.9249     1.9968          0      3.750  34.415911   995.9068      0.837      0.111  0.000e+00
      0.842    30.1834   0.092958     0.4117     3.9252     1.9907          0      4.000  34.415914   995.9060      0.837      0.123  0.000e+00
      0.874    30.1854   0.093295     0.4132     3.9350     2.0105          0      4.250  34.415917   995.9066      0.870      0.132  0.000e+00
      0.918    30.1918   0.093514     0.4142     3.9399     2.0113          0      4.500  34.415920   995.9056      0.913      0.123  0.000e+00
      0.939    30.1973   0.093357     0.4134     3.9481     2.0052          0      4.750  34.415923   995.9034      0.934      0.111  0.000e+00
      0.961    30.2072   0.093301     0.4131     3.9584     2.0075          0      5.000  34.415926   995.9003      0.956      0.107  0.000e+00
      0.961    30.2200   0.093363     0.4132     3.9647     2.0311          0      5.250  34.415929   995.8965      0.956      0.093  0.000e+00
      0.961    30.2278   0.093320     0.4130     3.9727     2.0388          0      5.500  34.415932   995.8939      0.956      0.079  0.000e+00
      0.950    30.2327   0.093366     0.4132     3.9851     2.0281          0      5.750  34.415935   995.8925      0.945      0.067  0.000e+00
      0.929    30.2369   0.093505     0.4138     3.9888     2.0334          0      6.000  34.415937   995.8916      0.924      0.046  0.000e+00
      0.950    30.2393   0.093616     0.4142     4.0005     2.0456          0      6.250  34.415940   995.8913      0.945      0.024  0.000e+00
      0.972    30.2387   0.093904     0.4156     4.0072     2.0395          0      6.500  34.415943   995.8926      0.967      0.012  0.000e+00
      1.015    30.2387   0.094315     0.4174     4.0097     2.0334          0      6.750  34.415946   995.8942      1.010      0.019  0.000e+00
      1.005    30.2417   0.094689     0.4191     4.0078     2.0426          0      7.000  34.415949   995.8945      0.999      0.024  0.000e+00
      1.037    30.2449   0.094479     0.4181     4.0022     2.0426          0      7.250  34.415952   995.8929      1.031      0.040  0.000e+00
      1.015    30.2472   0.094130     0.4165     3.9941     2.0426          0      7.500  34.415955   995.8909      1.010      0.046  0.000e+00
      1.026    30.2488   0.093990     0.4159     3.9979     2.0388          0      7.750  34.415958   995.8900      1.021      0.051  0.000e+00
      1.059    30.2494   0.094297     0.4173     4.0001     2.0456          0      8.000  34.415961   995.8910      1.053      0.057  0.000e+00
      1.059    30.2489   0.094770     0.4194     4.0048     2.0472          0      8.250  34.415964   995.8928      1.053      0.048  0.000e+00
      1.092    30.2485   0.095277     0.4218     4.0100     2.0258          0      8.500  34.415966   995.8948      1.086      0.047  0.000e+00
      1.102    30.2488   0.095729     0.4238     4.0140     2.0273          0      8.750  34.415969   995.8963      1.096      0.046  0.000e+00
      1.070    30.2489   0.096072     0.4254     4.0200     2.0281          0      9.000  34.415972   995.8973      1.064      0.043  0.000e+00
      1.070    30.2488   0.096072     0.4254     4.0218     2.0205          0      9.250  34.415975   995.8973      1.064      0.032  0.000e+00
      1.070    30.2484   0.095852     0.4244     4.0244     2.0067          0      9.500  34.415978   995.8967      1.064      0.028  0.000e+00
      1.059    30.2489   0.095599     0.4232     4.0346     2.0090          0      9.750  34.415981   995.8956      1.053      0.011  0.000e+00
      1.081    30.2488   0.095240     0.4216     4.0507     2.0037          0     10.000  34.415984   995.8945      1.075      0.001  0.000e+00
      1.080    30.2489   0.095036     0.4207     4.0527     2.0037          0     10.250  34.415987   995.8938      1.075     -0.002  0.000e+00
      1.091    30.2489   0.094835     0.4197     4.0459     2.0334          0     10.500  34.415990   995.8932      1.085     -0.004  0.000e+00
      1.091    30.2477   0.094661     0.4190     4.0470     2.0411          0     10.750  34.415992   995.8929      1.085      0.003  0.000e+00
      1.124    30.2464   0.094618     0.4188     4.0533     2.0258          0     11.000  34.415995   995.8933      1.117      0.023  0.000e+00
      1.102    30.2462   0.094726     0.4193     4.0549     2.0250          0     11.250  34.415998   995.8937      1.096      0.024  0.000e+00
      1.091    30.2476   0.094999     0.4205     4.0192     2.0449          0     11.500  34.416001   995.8941      1.085      0.021  0.000e+00
      1.102    30.2496   0.095422     0.4224     3.9346     2.0540          0     11.750  34.416004   995.8950      1.096      0.019  0.000e+00
      1.080    30.2521   0.095908     0.4246     3.8016     2.0495          0     12.000  34.416007   995.8958      1.074      0.005  0.000e+00
      1.102    30.2545   0.096283     0.4263     3.6481     2.0479          0     12.250  34.416010   995.8964      1.096      0.003  0.000e+00
      1.102    30.2566   0.096530     0.4274     3.4853     2.0357          0     12.500  34.416013   995.8966      1.096     -0.001  0.000e+00
      1.123    30.2582   0.096623     0.4278     3.3157     2.0243          0     12.750  34.416016   995.8965      1.117      0.004  0.000e+00
      1.113    30.2588   0.096574     0.4276     3.1511     2.0212          0     13.000  34.416019   995.8961      1.107      0.003  0.000e+00
      1.102    30.2581   0.096484     0.4272     3.0099     2.0182          0     13.250  34.416021   995.8960      1.096      0.008  0.000e+00
      1.091    30.2577   0.096422     0.4269     2.8952     2.0212          0     13.500  34.416024   995.8959      1.085      0.006  0.000e+00
      1.091    30.2562   0.096351     0.4266     2.8148     2.0220          0     13.750  34.416027   995.8961      1.085     -0.000  0.000e+00
      1.124    30.2550   0.096369     0.4267     2.7576     2.0121          0     14.000  34.416030   995.8966      1.117      0.006  0.000e+00
      1.134    30.2544   0.096276     0.4263     2.7123     2.0166          0     14.250  34.416033   995.8966      1.128      0.007  0.000e+00
      1.134    30.2543   0.096258     0.4262     2.6759     2.0220          0     14.500  34.416036   995.8965      1.128      0.012  0.000e+00
      1.113    30.2540   0.096199     0.4259     2.6458     2.0464          0     14.750  34.416039   995.8963      1.107      0.008  0.000e+00
      1.113    30.2528   0.096112     0.4255     2.6231     2.0510          0     15.000  34.416042   995.8964      1.107      0.011  0.000e+00
      1.113    30.2521   0.096047     0.4252     2.6038     2.0426          0     15.250  34.416045   995.8964      1.107      0.011  0.000e+00
      1.113    30.2493   0.096010     0.4251     2.5892     2.0372          0     15.500  34.416047   995.8972      1.107      0.007  0.000e+00
      1.113    30.2470   0.095998     0.4251     2.5742     2.0205          0     15.750  34.416050   995.8978      1.107     -0.001  0.000e+00
      1.145    30.2458   0.095998     0.4251     2.5542     2.0266          0     16.000  34.416053   995.8983      1.139     -0.001  0.000e+00
      1.134    30.2455   0.096023     0.4252     2.5253     2.0182          0     16.250  34.416056   995.8985      1.128      0.002  0.000e+00
      1.113    30.2449   0.096205     0.4260     2.5070     2.0220          0     16.500  34.416059   995.8992      1.106      0.003  0.000e+00
      1.102    30.2457   0.096465     0.4272     2.4877     2.0159          0     16.750  34.416062   995.8998      1.096      0.002  0.000e+00
      1.123    30.2481   0.096636     0.4280     2.4705     2.0670          0     17.000  34.416065   995.8997      1.117      0.002  0.000e+00
      1.102    30.2507   0.096592     0.4277     2.4624     2.0647          0     17.250  34.416068   995.8986      1.096     -0.004  0.000e+00
      1.124    30.2525   0.096484     0.4272     2.4556     2.0662          0     17.500  34.416071   995.8978      1.117     -0.004  0.000e+00
      1.134    30.2536   0.096478     0.4272     2.4563     2.0594          0     17.750  34.416073   995.8975      1.128     -0.002  0.000e+00
      1.145    30.2546   0.096496     0.4273     2.4437     2.0311          0     18.000  34.416076   995.8973      1.139      0.001  0.000e+00
      1.113    30.2553   0.096530     0.4274     2.4347     2.0365          0     18.250  34.416079   995.8971      1.107      0.005  0.000e+00
      1.134    30.2561   0.096586     0.4277     2.4252     2.0342          0     18.500  34.416082   995.8971      1.128      0.013  0.000e+00
      1.102    30.2563   0.096580     0.4276     2.4231     2.0342          0     18.750  34.416085   995.8969      1.096      0.005  0.000e+00
      1.145    30.2564   0.096549     0.4275     2.4269     2.0464          0     19.000  34.416088   995.8969      1.139      0.006  0.000e+00
      1.124    30.2555   0.096536     0.4275     2.4308     2.0388          0     19.250  34.416091   995.8971      1.117      0.005  0.000e+00
      1.145    30.2546   0.096530     0.4274     2.4362     2.0418          0     19.500  34.416094   995.8974      1.139      0.003  0.000e+00
      1.145    30.2544   0.096524     0.4274     2.4374     2.0449          0     19.750  34.416097   995.8975      1.139      0.005  0.000e+00
      1.167    30.2548   0.096530     0.4274     2.4362     2.0357          0     20.000  34.416100   995.8975      1.160      0.015  0.000e+00
      1.145    30.2559   0.096552     0.4275     2.4275     2.0472          0     20.250  34.416102   995.8971      1.139      0.021  0.000e+00
      1.145    30.2569   0.096574     0.4276     2.4123     2.0479          0     20.500  34.416105   995.8969      1.139      0.016  0.000e+00
      1.156    30.2568   0.096524     0.4274     2.3990     2.0434          0     20.750  34.416108   995.8968      1.150      0.019  0.000e+00
      1.156    30.2566   0.096484     0.4272     2.3832     2.0434          0     21.000  34.416111   995.8967      1.150      0.009  0.000e+00
      1.134    30.2577   0.096453     0.4271     2.3745     2.0327          0     21.250  34.416114   995.8962      1.128      0.005  0.000e+00
      1.145    30.2586   0.096416     0.4269     2.3711     2.0334          0     21.500  34.416117   995.8958      1.139     -0.003  0.000e+00
      1.145    30.2602   0.096369     0.4267     2.3670     2.0334          0     21.750  34.416120   995.8951      1.139     -0.005  0.000e+00
      1.124    30.2612   0.096335     0.4265     2.3604     2.0380          0     22.000  34.416123   995.8946      1.118     -0.013  0.000e+00
      1.113    30.2610   0.096295     0.4263     2.3572     2.0090          0     22.250  34.416126   995.8945      1.107     -0.015  0.000e+00
      1.135    30.2601   0.096264     0.4262     2.3529     2.0189          0     22.500  34.416128   995.8948      1.128     -0.015  0.000e+00
      1.135    30.2585   0.096239     0.4261     2.3473     2.0220          0     22.750  34.416131   995.8952      1.128     -0.014  0.000e+00
      1.124    30.2572   0.096230     0.4260     2.3434     2.0182          0     23.000  34.416134   995.8955      1.118     -0.012  0.000e+00
      1.156    30.2567   0.096218     0.4260     2.3383     2.0632          0     23.250  34.416137   995.8958      1.150      0.001  0.000e+00
      1.167    30.2570   0.096205     0.4259     2.3296     2.0617          0     23.500  34.416140   995.8957      1.161      0.009  0.000e+00
      1.178    30.2567   0.096193     0.4259     2.3226     2.0670          0     23.750  34.416143   995.8958      1.172      0.022  0.000e+00
      1.156    30.2559   0.096177     0.4258     2.3101     2.0563          0     24.000  34.416146   995.8959      1.150      0.027  0.000e+00
      1.146    30.2553   0.096119     0.4255     2.3014     2.0540          0     24.250  34.416149   995.8958      1.139      0.022  0.000e+00
      1.146    30.2546   0.096085     0.4254     2.2924     2.0609          0     24.500  34.416152   995.8959      1.139      0.011  0.000e+00
      1.189    30.2529   0.096060     0.4253     2.2805     2.0617          0     24.750  34.416155   995.8965      1.182      0.017  0.000e+00
      1.167    30.2505   0.096047     0.4253     2.2692     2.0502          0     25.000  34.416157   995.8971      1.161      0.013  0.000e+00
      1.157    30.2488   0.096023     0.4252     2.2573     2.0594          0     25.250  34.416160   995.8976      1.150      0.001  0.000e+00
      1.146    30.2480   0.095998     0.4251     2.2424     2.0281          0     25.500  34.416163   995.8977      1.140     -0.006  0.000e+00
      1.135    30.2475   0.095986     0.4250     2.2246     2.0350          0     25.750  34.416166   995.8977      1.129     -0.011  0.000e+00
      1.135    30.2466   0.095976     0.4250     2.2116     2.0319          0     26.000  34.416169   995.8980      1.129     -0.010  0.000e+00
      1.157    30.2435   0.095961     0.4249     2.1972     2.0296          0     26.250  34.416172   995.8990      1.150     -0.008  0.000e+00
      1.146    30.2425   0.095948     0.4249     2.1841     2.0426          0     26.500  34.416175   995.8992      1.139     -0.012  0.000e+00
      1.146    30.2433   0.095945     0.4249     2.1706     2.0372          0     26.750  34.416178   995.8989      1.139     -0.017  0.000e+00
      1.124    30.2450   0.095973     0.4250     2.1526     2.0449          0     27.000  34.416181   995.8984      1.118     -0.012  0.000e+00
      1.135    30.2466   0.096054     0.4253     2.1388     2.0479          0     27.250  34.416183   995.8983      1.129     -0.008  0.000e+00
      1.135    30.2477   0.096060     0.4253     2.1243     2.0350          0     27.500  34.416186   995.8979      1.129     -0.005  0.000e+00
