public/post/ctd_rufiji/SBE19plus_01906740_2018_02_13_0892.cnv
* Sea-Bird SBE19plus  Data File:
* FileName = C:\Users\all user\Desktop\CTD tafiri 2018\SBE19plus_01906740_2018_02_13_0892.hex
* Software version 2.6.3.104
* Temperature SN = 6740
* Conductivity SN = 6740
* System UpLoad Time = Feb 13 2018 13:59:07
* <ApplicationData>
* <Seaterm232>
# nquan = 13
# nvalues = 458                                   
# units = specified
# name 0 = prdM: Pressure, Strain Gauge [db]
# name 1 = tv290C: Temperature [ITS-90, deg C]
# name 2 = c0S/m: Conductivity [S/m]
# name 3 = sal00: Salinity, Practical [PSU]
# name 4 = sbeox0ML/L: Oxygen, SBE 43 [ml/l]
# name 5 = flECO-AFL: Fluorescence, WET Labs ECO-AFL/FL [mg/m^3]
# name 6 = nbf: Bottles Fired
# name 7 = timeS: Time, Elapsed [seconds]
# name 8 = timeJ: Julian Days
# name 9 = density00: Density [density, kg/m^3]
# name 10 = depSM: Depth [salt water, m], lat = 0.00
# name 11 = dz/dtM: Descent Rate [m/s]
# name 12 = flag:  0.000e+00
# span 0 =      0.039,      7.305                 
# span 1 =    29.8177,    30.7365                 
# span 2 =   0.384102,   3.042387                 
# span 3 =     1.8316,    16.7349                 
# span 4 =     1.7303,     3.1624                 
# span 5 =    -0.1097,     2.4340                 
# span 6 =          0,          0                 
# span 7 =      0.000,    114.250                 
# span 8 =  33.753391,  33.754714                 
# span 9 =   997.0765,  1007.9081                 
# span 10 =      0.039,      7.265                
# span 11 =     -0.487,      0.533                
# span 12 = 0.0000e+00, 0.0000e+00                
# interval = seconds: 0.25
# start_time = Feb 02 2018 18:04:53 [Instrument's time stamp, header]
# bad_flag = -9.990e-29
*END*
[from data line 334]
      7.121    30.5487   2.459611    13.2897     1.9486     2.2112          0     83.500  33.754358  1005.3923      7.082      0.053  0.000e+00
      7.067    30.5483   2.459584    13.2896     1.9567     2.2135          0     83.750  33.754361  1005.3922      7.028      0.028  0.000e+00
      6.991    30.5479   2.459529    13.2894     2.0118     2.2699          0     84.000  33.754363  1005.3918      6.953     -0.009  0.000e+00
      6.970    30.5476   2.459464    13.2891     2.0259     2.2761          0     84.250  33.754366  1005.3916      6.931     -0.045  0.000e+00
      6.981    30.5471   2.459611    13.2901     2.0227     2.2753          0     84.500  33.754369  1005.3925      6.942     -0.069  0.000e+00
      6.927    30.5469   2.459567    13.2899     1.9860     2.2707          0     84.750  33.754372  1005.3922      6.888     -0.098  0.000e+00
      6.873    30.5466   2.459611    13.2903     1.9694     2.2242          0     85.000  33.754375  1005.3923      6.835     -0.124  0.000e+00
      6.797    30.5464   2.459562    13.2901     1.9874     2.2226          0     85.250  33.754378  1005.3919      6.759     -0.158  0.000e+00
      6.786    30.5461   2.459496    13.2898     2.0024     2.2196          0     85.500  33.754381  1005.3917      6.749     -0.162  0.000e+00
      6.786    30.5456   2.459480    13.2898     1.9789     2.2211          0     85.750  33.754384  1005.3919      6.749     -0.146  0.000e+00
      6.732    30.5458   2.459447    13.2896     1.9751     2.2234          0     86.000  33.754387  1005.3915      6.695     -0.140  0.000e+00
      6.591    30.5453   2.459415    13.2895     1.9881     2.1776          0     86.250  33.754389  1005.3909      6.555     -0.175  0.000e+00
      6.451    30.5450   2.459393    13.2895     1.9512     2.1708          0     86.500  33.754392  1005.3904      6.415     -0.228  0.000e+00
      6.397    30.5450   2.459398    13.2895     1.9714     2.1792          0     86.750  33.754395  1005.3902      6.361     -0.257  0.000e+00
      6.375    30.5448   2.459365    13.2894     1.9712     2.1746          0     87.000  33.754398  1005.3901      6.340     -0.270  0.000e+00
      6.256    30.5443   2.459376    13.2896     1.8941     2.2104          0     87.250  33.754401  1005.3899      6.222     -0.297  0.000e+00
      6.127    30.5444   2.459365    13.2895     1.8985     2.2127          0     87.500  33.754404  1005.3892      6.093     -0.342  0.000e+00
      6.072    30.5441   2.459343    13.2895     1.8936     2.2127          0     87.750  33.754407  1005.3891      6.039     -0.361  0.000e+00
      6.040    30.5437   2.459349    13.2896     1.8803     2.2112          0     88.000  33.754410  1005.3892      6.007     -0.341  0.000e+00
      6.051    30.5437   2.459322    13.2895     1.9069     2.1296          0     88.250  33.754413  1005.3891      6.018     -0.286  0.000e+00
      6.018    30.5435   2.459300    13.2894     1.9222     2.1265          0     88.500  33.754416  1005.3889      5.985     -0.241  0.000e+00
      5.910    30.5433   2.459300    13.2894     1.9179     2.1227          0     88.750  33.754418  1005.3886      5.878     -0.234  0.000e+00
      5.770    30.5428   2.459343    13.2898     1.8933     2.1250          0     89.000  33.754421  1005.3884      5.738     -0.246  0.000e+00
      5.662    30.5427   2.459332    13.2898     1.8963     2.1227          0     89.250  33.754424  1005.3880      5.631     -0.253  0.000e+00
      5.629    30.5428   2.459272    13.2894     1.9210     2.1158          0     89.500  33.754427  1005.3875      5.598     -0.260  0.000e+00
      5.618    30.5425   2.459234    13.2893     1.9270     2.1143          0     89.750  33.754430  1005.3874      5.587     -0.272  0.000e+00
      5.575    30.5425   2.459218    13.2892     1.9261     2.1265          0     90.000  33.754433  1005.3872      5.544     -0.279  0.000e+00
      5.521    30.5423   2.459234    13.2894     1.9217     2.1120          0     90.250  33.754436  1005.3871      5.491     -0.278  0.000e+00
      5.489    30.5419   2.459234    13.2895     1.9362     1.8808          0     90.500  33.754439  1005.3872      5.458     -0.248  0.000e+00
      5.402    30.5420   2.459218    13.2894     1.9333     1.8831          0     90.750  33.754442  1005.3867      5.372     -0.214  0.000e+00
      5.326    30.5417   2.459218    13.2894     1.9467     1.8869          0     91.000  33.754444  1005.3865      5.297     -0.195  0.000e+00
      5.283    30.5420   2.459218    13.2894     1.9515     1.8854          0     91.250  33.754447  1005.3862      5.254     -0.196  0.000e+00
      5.229    30.5413   2.459218    13.2896     1.9209     1.9915          0     91.500  33.754450  1005.3863      5.200     -0.215  0.000e+00
      5.207    30.5413   2.459185    13.2894     1.9233     1.9922          0     91.750  33.754453  1005.3861      5.179     -0.221  0.000e+00
      5.153    30.5412   2.459201    13.2895     1.9347     1.9968          0     92.000  33.754456  1005.3860      5.125     -0.218  0.000e+00
      5.034    30.5411   2.459147    13.2892     1.9139     1.9953          0     92.250  33.754459  1005.3853      5.007     -0.229  0.000e+00
      4.905    30.5410   2.459163    13.2894     1.9111     1.9358          0     92.500  33.754462  1005.3848      4.878     -0.257  0.000e+00
      4.797    30.5406   2.459147    13.2894     1.8933     1.9281          0     92.750  33.754465  1005.3845      4.770     -0.284  0.000e+00
      4.689    30.5404   2.459130    13.2894     1.9057     1.9335          0     93.000  33.754468  1005.3841      4.663     -0.322  0.000e+00
      4.656    30.5405   2.459098    13.2891     1.9061     1.9343          0     93.250  33.754470  1005.3838      4.630     -0.347  0.000e+00
      4.634    30.5404   2.459130    13.2894     1.9195     1.8793          0     93.500  33.754473  1005.3839      4.609     -0.347  0.000e+00
      4.591    30.5403   2.459163    13.2896     1.9013     1.8793          0     93.750  33.754476  1005.3839      4.566     -0.333  0.000e+00
      4.472    30.5401   2.459163    13.2897     1.8940     1.8831          0     94.000  33.754479  1005.3835      4.448     -0.316  0.000e+00
      4.321    30.5402   2.459201    13.2899     1.9225     1.8831          0     94.250  33.754482  1005.3829      4.297     -0.308  0.000e+00
      4.181    30.5401   2.459201    13.2899     1.9222     1.8839          0     94.500  33.754485  1005.3824      4.157     -0.321  0.000e+00
      4.126    30.5397   2.459185    13.2899     1.9147     1.6954          0     94.750  33.754488  1005.3823      4.104     -0.336  0.000e+00
      4.148    30.5396   2.459130    13.2896     1.9149     1.7092          0     95.000  33.754491  1005.3822      4.125     -0.329  0.000e+00
      4.137    30.5397   2.459147    13.2897     1.9090     1.6977          0     95.250  33.754494  1005.3821      4.114     -0.317  0.000e+00
      4.072    30.5395   2.459130    13.2897     1.9578     1.7031          0     95.500  33.754497  1005.3819      4.050     -0.297  0.000e+00
      3.975    30.5394   2.459146    13.2898     1.9204     1.5360          0     95.750  33.754499  1005.3816      3.953     -0.271  0.000e+00
      3.899    30.5391   2.459130    13.2898     1.9262     1.5360          0     96.000  33.754502  1005.3814      3.878     -0.236  0.000e+00
      3.878    30.5390   2.459114    13.2897     1.9160     1.5345          0     96.250  33.754505  1005.3813      3.856     -0.200  0.000e+00
      3.889    30.5391   2.459146    13.2899     1.9150     1.5314          0     96.500  33.754508  1005.3814      3.867     -0.172  0.000e+00
      3.878    30.5391   2.459234    13.2904     1.9132     1.4795          0     96.750  33.754511  1005.3817      3.856     -0.164  0.000e+00
      3.856    30.5389   2.459272    13.2907     1.9085     1.4872          0     97.000  33.754514  1005.3819      3.835     -0.161  0.000e+00
      3.910    30.5388   2.459283    13.2908     1.9111     1.4818          0     97.250  33.754517  1005.3823      3.889     -0.117  0.000e+00
      3.932    30.5389   2.459272    13.2907     1.9040     1.4841          0     97.500  33.754520  1005.3822      3.910     -0.056  0.000e+00
      3.986    30.5389   2.459267    13.2906     1.9204     1.4841          0     97.750  33.754523  1005.3825      3.964      0.012  0.000e+00
      3.975    30.5387   2.459267    13.2907     1.8903     1.4597          0     98.000  33.754525  1005.3825      3.953      0.050  0.000e+00
      3.910    30.5387   2.459288    13.2908     1.8813     1.4582          0     98.250  33.754528  1005.3823      3.889      0.045  0.000e+00
      3.802    30.5386   2.459267    13.2907     1.8723     1.4566          0     98.500  33.754531  1005.3818      3.781      0.004  0.000e+00
      3.640    30.5387   2.459288    13.2909     1.8610     1.4643          0     98.750  33.754534  1005.3812      3.620     -0.071  0.000e+00
      3.543    30.5385   2.459316    13.2911     1.8423     1.4856          0     99.000  33.754537  1005.3810      3.523     -0.160  0.000e+00
      3.532    30.5386   2.459321    13.2911     1.8641     1.4887          0     99.250  33.754540  1005.3809      3.512     -0.236  0.000e+00
      3.478    30.5385   2.459332    13.2912     1.8621     1.4872          0     99.500  33.754543  1005.3808      3.459     -0.288  0.000e+00
      3.402    30.5384   2.459463    13.2920     1.8734     1.4856          0     99.750  33.754546  1005.3811      3.383     -0.323  0.000e+00
      3.326    30.5384   2.459758    13.2938     1.8672     1.3880          0    100.000  33.754549  1005.3820      3.308     -0.325  0.000e+00
      3.251    30.5385   2.460091    13.2957     1.8689     1.3872          0    100.250  33.754552  1005.3831      3.233     -0.307  0.000e+00
      3.099    30.5383   2.460462    13.2980     1.8660     1.3872          0    100.500  33.754554  1005.3842      3.082     -0.303  0.000e+00
      2.970    30.5384   2.460735    13.2996     1.8433     1.3895          0    100.750  33.754557  1005.3848      2.953     -0.315  0.000e+00
      2.948    30.5382   2.460828    13.3002     1.8313     1.3895          0    101.000  33.754560  1005.3852      2.932     -0.332  0.000e+00
      2.937    30.5383   2.460833    13.3002     1.7871     1.3857          0    101.250  33.754563  1005.3851      2.921     -0.337  0.000e+00
      2.840    30.5380   2.460833    13.3003     1.7564     1.3880          0    101.500  33.754566  1005.3848      2.824     -0.332  0.000e+00
      2.753    30.5380   2.460861    13.3004     1.7507     1.3842          0    101.750  33.754569  1005.3846      2.738     -0.322  0.000e+00
      2.656    30.5380   2.460981    13.3012     1.7405     1.3796          0    102.000  33.754572  1005.3847      2.641     -0.315  0.000e+00
      2.656    30.5378   2.461106    13.3019     1.7416     1.3514          0    102.250  33.754575  1005.3854      2.641     -0.283  0.000e+00
      2.688    30.5379   2.461068    13.3017     1.7570     1.3483          0    102.500  33.754578  1005.3853      2.674     -0.223  0.000e+00
      2.699    30.5378   2.461161    13.3023     1.7629     1.3521          0    102.750  33.754580  1005.3858      2.684     -0.174  0.000e+00
      2.602    30.5380   2.461150    13.3022     1.7967     1.3460          0    103.000  33.754583  1005.3852      2.588     -0.166  0.000e+00
      2.451    30.5380   2.461183    13.3024     1.8397     1.3323          0    103.250  33.754586  1005.3847      2.437     -0.182  0.000e+00
      2.342    30.5378   2.461177    13.3024     1.8735     1.3208          0    103.500  33.754589  1005.3843      2.330     -0.197  0.000e+00
      2.234    30.5379   2.461183    13.3024     1.8784     1.3300          0    103.750  33.754592  1005.3838      2.222     -0.234  0.000e+00
      2.061    30.5380   2.461248    13.3028     1.8836     1.3292          0    104.000  33.754595  1005.3833      2.050     -0.306  0.000e+00
      1.942    30.5380   2.461264    13.3029     1.8578     1.2888          0    104.250  33.754598  1005.3829      1.932     -0.395  0.000e+00
      1.975    30.5379   2.461264    13.3029     1.8585     1.2911          0    104.500  33.754601  1005.3831      1.964     -0.428  0.000e+00
      1.942    30.5379   2.461281    13.3030     1.8541     1.2880          0    104.750  33.754604  1005.3830      1.932     -0.414  0.000e+00
      1.813    30.5379   2.461330    13.3033     1.8292     1.2911          0    105.000  33.754606  1005.3827      1.803     -0.381  0.000e+00
      1.618    30.5380   2.461335    13.3034     1.8052     1.1919          0    105.250  33.754609  1005.3818      1.609     -0.373  0.000e+00
      1.499    30.5380   2.461379    13.3036     1.7992     1.1873          0    105.500  33.754612  1005.3815      1.491     -0.381  0.000e+00
      1.391    30.5383   2.461406    13.3038     1.8177     1.1934          0    105.750  33.754615  1005.3810      1.383     -0.391  0.000e+00
      1.229    30.5382   2.461461    13.3041     1.8041     1.1965          0    106.000  33.754618  1005.3806      1.222     -0.417  0.000e+00
      1.110    30.5383   2.461526    13.3045     1.7938     1.1881          0    106.250  33.754621  1005.3803      1.104     -0.466  0.000e+00
      1.121    30.5383   2.461510    13.3044     1.8081     1.1637          0    106.500  33.754624  1005.3803      1.115     -0.487  0.000e+00
      1.110    30.5384   2.461575    13.3048     1.8101     1.1606          0    106.750  33.754627  1005.3805      1.104     -0.446  0.000e+00
      0.959    30.5385   2.461581    13.3048     1.8069     1.1507          0    107.000  33.754630  1005.3798      0.953     -0.399  0.000e+00
      0.721    30.5385   2.467951    13.3425     1.9033     1.1499          0    107.250  33.754633  1005.4067      0.717     -0.392  0.000e+00
      0.645    30.5386   2.491264    13.4803     1.8810     1.2140          0    107.500  33.754635  1005.5087      0.642     -0.398  0.000e+00
      0.634    30.5380   2.494528    13.4998     1.9174     1.2178          0    107.750  33.754638  1005.5233      0.631     -0.381  0.000e+00
      0.645    30.5379   2.494814    13.5015     1.9242     1.2163          0    108.000  33.754641  1005.5246      0.642     -0.340  0.000e+00
      0.656    30.5372   2.494901    13.5022     1.9356     1.2163          0    108.250  33.754644  1005.5255      0.652     -0.300  0.000e+00
      0.624    30.5365   2.494912    13.5025     1.9440     1.2896          0    108.500  33.754647  1005.5258      0.620     -0.271  0.000e+00
      0.624    30.5363   2.494912    13.5026     1.9493     1.2896          0    108.750  33.754650  1005.5259      0.620     -0.205  0.000e+00
      0.613    30.5359   2.494956    13.5029     1.9229     1.2812          0    109.000  33.754653  1005.5262      0.609     -0.113  0.000e+00
      0.634    30.5357   2.495801    13.5080     1.8699     1.2911          0    109.250  33.754656  1005.5301      0.631     -0.032  0.000e+00
      0.699    30.5355   2.501044    13.5390     1.8351     1.2842          0    109.500  33.754659  1005.5535      0.695      0.008  0.000e+00
      0.732    30.5355   2.501874    13.5440     1.8616     1.2812          0    109.750  33.754661  1005.5573      0.728      0.033  0.000e+00
      0.742    30.5351   2.502489    13.5477     2.1611     1.2857          0    110.000  33.754664  1005.5603      0.738      0.052  0.000e+00
      0.667    30.5348   2.506511    13.5716     1.9010     1.2926          0    110.250  33.754667  1005.5778      0.663      0.047  0.000e+00
      0.624    30.5349   2.507676    13.5785     1.8806     1.2903          0    110.500  33.754670  1005.5827      0.620      0.032  0.000e+00
      0.548    30.5346   2.507616    13.5782     1.8135     1.2880          0    110.750  33.754673  1005.5823      0.545     -0.011  0.000e+00
