public/post/ctd_rufiji/SBE19plus_01906740_2018_02_13_0935.cnv
* Sea-Bird SBE19plus  Data File:
* FileName = C:\Users\all user\Desktop\CTD tafiri 2018\SBE19plus_01906740_2018_02_13_0935.hex
* Software version 2.6.3.104
* Temperature SN = 6740
* Conductivity SN = 6740
* System UpLoad Time = Feb 13 2018 14:06:08
* <ApplicationData>
* <Seaterm232>
# nquan = 13
# nvalues = 272                                   
# units = specified
# name 0 = prdM: Pressure, Strain Gauge [db]
# name 1 = tv290C: Temperature [ITS-90, deg C]
# name 2 = c0S/m: Conductivity [S/m]
# name 3 = sal00: Salinity, Practical [PSU]
# name 4 = sbeox0ML/L: Oxygen, SBE 43 [ml/l]
# name 5 = flECO-AFL: Fluorescence, WET Labs ECO-AFL/FL [mg/m^3]
# name 6 = nbf: Bottles Fired
# name 7 = timeS: Time, Elapsed [seconds]
# name 8 = timeJ: Julian Days
# name 9 = density00: Density [density, kg/m^3]
# name 10 = depSM: Depth [salt water, m], lat = 0.00
# name 11 = dz/dtM: Descent Rate [m/s]
# name 12 = flag:  0.000e+00
# span 0 =      0.178,      1.130                 
# span 1 =    29.5416,    29.9337                 
# span 2 =   0.011145,   0.896975                 
# span 3 =     0.0534,     4.5236                 
# span 4 =     2.0691,     4.2266                 
# span 5 =    -0.0357,     2.1479                 
# span 6 =          0,          0                 
# span 7 =      0.000,     67.750                 
# span 8 =  34.440787,  34.441571                 
# span 9 =   995.8252,   999.0794                 
# span 10 =      0.177,      1.123                
# span 11 =     -0.501,      0.213                
# span 12 = 0.0000e+00, 0.0000e+00                
# interval = seconds: 0.25
# start_time = Feb 03 2018 10:34:44 [Instrument's time stamp, header]
# bad_flag = -9.990e-29
*END*
[from data line 112]
      1.032    29.8279   0.867500     4.3647     3.2797     2.0891          0     28.000  34.441111   998.9629      1.026     -0.004  0.000e+00
      1.010    29.8284   0.868686     4.3711     3.2720     2.0754          0     28.250  34.441114   998.9674      1.005     -0.009  0.000e+00
      1.021    29.8290   0.874522     4.4026     3.2434     2.0754          0     28.500  34.441117   998.9906      1.016     -0.004  0.000e+00
      1.021    29.8298   0.875328     4.4068     3.1939     2.0739          0     28.750  34.441120   998.9936      1.016     -0.005  0.000e+00
      1.021    29.8308   0.878675     4.4248     3.1338     2.0693          0     29.000  34.441123   999.0067      1.016     -0.002  0.000e+00
      1.010    29.8316   0.879376     4.4286     3.0702     2.0701          0     29.250  34.441126   999.0092      1.005     -0.005  0.000e+00
      1.000    29.8319   0.879316     4.4282     3.0046     2.0762          0     29.500  34.441128   999.0087      0.994     -0.006  0.000e+00
      1.032    29.8322   0.872245     4.3900     2.9550     2.0624          0     29.750  34.441131   998.9804      1.026     -0.001  0.000e+00
      1.043    29.8318   0.862408     4.3369     2.9194     2.0708          0     30.000  34.441134   998.9411      1.037      0.004  0.000e+00
      1.054    29.8309   0.858670     4.3168     2.8813     2.0632          0     30.250  34.441137   998.9264      1.048      0.016  0.000e+00
      1.032    29.8273   0.867681     4.3658     2.8563     2.0739          0     30.500  34.441140   998.9639      1.026      0.014  0.000e+00
      1.010    29.8246   0.877414     4.4186     2.8241     2.0907          0     30.750  34.441143   999.0039      1.005      0.008  0.000e+00
      1.000    29.8237   0.880469     4.4352     2.7930     2.0983          0     31.000  34.441146   999.0164      0.994      0.000  0.000e+00
      1.032    29.8252   0.879328     4.4289     2.7711     2.0907          0     31.250  34.441149   999.0114      1.026      0.002  0.000e+00
      1.032    29.8262   0.869819     4.3774     2.7503     2.0853          0     31.500  34.441152   998.9728      1.026      0.000  0.000e+00
      1.021    29.8275   0.860896     4.3291     2.7335     2.0975          0     31.750  34.441155   998.9365      1.016     -0.010  0.000e+00
      1.021    29.8271   0.855124     4.2981     2.7140     2.0929          0     32.000  34.441157   998.9134      1.016     -0.011  0.000e+00
      1.021    29.8232   0.860262     4.3261     2.7012     2.0807          0     32.250  34.441160   998.9355      1.016     -0.007  0.000e+00
      1.010    29.8186   0.870081     4.3795     2.6856     2.0968          0     32.500  34.441163   998.9766      1.005     -0.001  0.000e+00
      1.000    29.8154   0.875271     4.4078     2.6658     2.0823          0     32.750  34.441166   998.9986      0.994     -0.003  0.000e+00
      1.032    29.8154   0.876069     4.4121     2.6514     2.0990          0     33.000  34.441169   999.0020      1.026     -0.001  0.000e+00
      1.011    29.8166   0.876230     4.4129     2.6383     2.1013          0     33.250  34.441172   999.0021      1.005     -0.009  0.000e+00
      1.032    29.8181   0.876133     4.4122     2.6210     2.1052          0     33.500  34.441175   999.0012      1.026     -0.002  0.000e+00
      1.010    29.8194   0.875682     4.4097     2.6049     2.1082          0     33.750  34.441178   998.9988      1.005     -0.001  0.000e+00
      1.000    29.8216   0.875581     4.4089     2.5886     2.0754          0     34.000  34.441181   998.9976      0.994     -0.004  0.000e+00
      1.032    29.8230   0.872245     4.3908     2.5717     2.0807          0     34.250  34.441183   998.9838      1.026      0.002  0.000e+00
      1.011    29.8233   0.870603     4.3819     2.5552     2.0739          0     34.500  34.441186   998.9770      1.005      0.002  0.000e+00
      1.032    29.8241   0.869200     4.3743     2.5404     2.0800          0     34.750  34.441189   998.9711      1.026      0.005  0.000e+00
      1.043    29.8248   0.868485     4.3703     2.5233     2.0853          0     35.000  34.441192   998.9681      1.037      0.006  0.000e+00
      1.043    29.8250   0.871452     4.3863     2.5015     2.0861          0     35.250  34.441195   998.9799      1.037      0.014  0.000e+00
      1.021    29.8246   0.877003     4.4164     2.4818     2.0777          0     35.500  34.441198   999.0023      1.016      0.009  0.000e+00
      1.032    29.8244   0.879598     4.4304     2.4626     2.0800          0     35.750  34.441201   999.0128      1.026      0.014  0.000e+00
      1.043    29.8247   0.880630     4.4360     2.4368     2.0693          0     36.000  34.441204   999.0169      1.037      0.014  0.000e+00
      1.043    29.8254   0.881312     4.4396     2.4326     2.0693          0     36.250  34.441207   999.0194      1.037      0.008  0.000e+00
      1.021    29.8260   0.881662     4.4414     2.4205     2.0685          0     36.500  34.441209   999.0205      1.016      0.004  0.000e+00
      1.021    29.8269   0.882070     4.4435     2.4114     2.0632          0     36.750  34.441212   999.0218      1.016     -0.006  0.000e+00
      1.000    29.8275   0.882227     4.4443     2.4004     2.0731          0     37.000  34.441215   999.0221      0.994     -0.015  0.000e+00
      1.021    29.8283   0.879497     4.4295     2.3919     2.0693          0     37.250  34.441218   999.0109      1.016     -0.013  0.000e+00
      1.032    29.8281   0.875042     4.4055     2.3887     2.0800          0     37.500  34.441221   998.9931      1.026     -0.007  0.000e+00
      1.021    29.8278   0.870957     4.3834     2.3795     2.0792          0     37.750  34.441224   998.9768      1.016     -0.009  0.000e+00
      1.010    29.8248   0.868875     4.3724     2.3749     2.0754          0     38.000  34.441227   998.9695      1.005     -0.012  0.000e+00
      1.032    29.8198   0.871528     4.3872     2.3606     2.0975          0     38.250  34.441230   998.9821      1.026     -0.003  0.000e+00
      1.021    29.8145   0.877712     4.4211     2.3472     2.1097          0     38.500  34.441233   999.0089      1.016      0.004  0.000e+00
      0.989    29.8120   0.882288     4.4461     2.3318     2.1044          0     38.750  34.441236   999.0281      0.983     -0.004  0.000e+00
      0.999    29.8127   0.883369     4.4518     2.3190     2.0968          0     39.000  34.441238   999.0322      0.994     -0.007  0.000e+00
      0.999    29.8150   0.879606     4.4313     2.3072     2.0792          0     39.250  34.441241   999.0162      0.994     -0.016  0.000e+00
      1.010    29.8168   0.872595     4.3932     2.3025     2.0853          0     39.500  34.441244   998.9874      1.005     -0.014  0.000e+00
      1.021    29.8187   0.868774     4.3724     2.2982     2.0846          0     39.750  34.441247   998.9714      1.016     -0.006  0.000e+00
      1.021    29.8168   0.867355     4.3649     2.2977     2.0792          0     40.000  34.441250   998.9664      1.016     -0.000  0.000e+00
      1.010    29.8131   0.867552     4.3663     2.2994     2.0723          0     40.250  34.441253   998.9685      1.005     -0.001  0.000e+00
      1.032    29.8089   0.867697     4.3675     2.3079     2.0853          0     40.500  34.441256   998.9707      1.026      0.012  0.000e+00
      1.032    29.8061   0.871223     4.3868     2.3151     2.0731          0     40.750  34.441259   998.9859      1.026      0.020  0.000e+00
      1.010    29.8053   0.876363     4.4146     2.3181     2.0846          0     41.000  34.441262   999.0068      1.005      0.012  0.000e+00
      1.010    29.8055   0.880340     4.4361     2.3211     2.0861          0     41.250  34.441264   999.0227      1.005      0.005  0.000e+00
      1.000    29.8067   0.881154     4.4404     2.3235     2.0769          0     41.500  34.441267   999.0255      0.994     -0.005  0.000e+00
      1.000    29.8084   0.876943     4.4175     2.3222     2.0792          0     41.750  34.441270   999.0080      0.994     -0.012  0.000e+00
      1.032    29.8100   0.871866     4.3899     2.3186     2.0868          0     42.000  34.441273   998.9871      1.026     -0.005  0.000e+00
      1.021    29.8118   0.868437     4.3712     2.3167     2.0754          0     42.250  34.441276   998.9726      1.016     -0.002  0.000e+00
      1.021    29.8098   0.868207     4.3702     2.3100     2.0807          0     42.500  34.441279   998.9724      1.016     -0.003  0.000e+00
      1.021    29.8055   0.871508     4.3884     2.3065     2.0853          0     42.750  34.441282   998.9873      1.015      0.003  0.000e+00
      1.010    29.8015   0.875750     4.4117     2.2995     2.0899          0     43.000  34.441285   999.0058      1.005      0.006  0.000e+00
      0.989    29.7998   0.878433     4.4263     2.2851     2.1006          0     43.250  34.441288   999.0171      0.983     -0.001  0.000e+00
      1.010    29.8020   0.878083     4.4242     2.2794     2.0723          0     43.500  34.441291   999.0150      1.005     -0.002  0.000e+00
      1.010    29.8045   0.873927     4.4015     2.2745     2.0723          0     43.750  34.441293   998.9973      1.005     -0.006  0.000e+00
      1.021    29.8069   0.871649     4.3890     2.2756     2.0868          0     44.000  34.441296   998.9873      1.015     -0.009  0.000e+00
      1.010    29.8080   0.871480     4.3880     2.2743     2.0792          0     44.250  34.441299   998.9862      1.005     -0.004  0.000e+00
      1.010    29.8059   0.873436     4.3988     2.2732     2.0823          0     44.500  34.441302   998.9948      1.005     -0.002  0.000e+00
      1.010    29.8050   0.875561     4.4103     2.2744     2.0777          0     44.750  34.441305   999.0037      1.005      0.001  0.000e+00
      1.010    29.8048   0.877180     4.4191     2.2771     2.0777          0     45.000  34.441308   999.0103      1.005      0.004  0.000e+00
      1.021    29.8049   0.876657     4.4163     2.2788     2.0685          0     45.250  34.441311   999.0082      1.016      0.008  0.000e+00
      1.010    29.8055   0.873126     4.3971     2.2769     2.0693          0     45.500  34.441314   998.9937      1.005      0.001  0.000e+00
      1.021    29.8064   0.871508     4.3883     2.2763     2.0662          0     45.750  34.441317   998.9869      1.016      0.002  0.000e+00
      0.989    29.8057   0.870917     4.3852     2.2739     2.0647          0     46.000  34.441319   998.9847      0.983     -0.006  0.000e+00
      1.021    29.8034   0.872289     4.3928     2.2731     2.0693          0     46.250  34.441322   998.9912      1.016      0.000  0.000e+00
      1.021    29.8018   0.874627     4.4056     2.2614     2.0662          0     46.500  34.441325   999.0012      1.016      0.002  0.000e+00
      1.000    29.8010   0.876391     4.4152     2.2522     2.0678          0     46.750  34.441328   999.0085      0.994     -0.002  0.000e+00
      1.021    29.8012   0.877535     4.4213     2.2487     2.0678          0     47.000  34.441331   999.0131      1.016      0.000  0.000e+00
      1.010    29.8017   0.875650     4.4111     2.2360     2.0632          0     47.250  34.441334   999.0053      1.005     -0.001  0.000e+00
      1.032    29.8019   0.872868     4.3960     2.2307     2.0678          0     47.500  34.441337   998.9941      1.026      0.007  0.000e+00
      1.010    29.8024   0.871879     4.3906     2.2210     2.0876          0     47.750  34.441340   998.9899      1.005      0.004  0.000e+00
      1.054    29.8014   0.872438     4.3938     2.2192     2.0746          0     48.000  34.441343   998.9927      1.048      0.017  0.000e+00
      1.010    29.7997   0.874683     4.4060     2.2129     2.0846          0     48.250  34.441345   999.0021      1.005      0.006  0.000e+00
      1.010    29.7985   0.876592     4.4165     2.2027     2.0746          0     48.500  34.441348   999.0103      1.005      0.004  0.000e+00
      1.010    29.7984   0.877591     4.4219     2.1926     2.0807          0     48.750  34.441351   999.0143      1.005      0.002  0.000e+00
      1.010    29.7988   0.876113     4.4139     2.1817     2.0701          0     49.000  34.441354   999.0082      1.005     -0.006  0.000e+00
      1.000    29.7992   0.873923     4.4020     2.1730     2.0723          0     49.250  34.441357   998.9992      0.994     -0.010  0.000e+00
      1.000    29.7996   0.873037     4.3972     2.1684     2.0640          0     49.500  34.441360   998.9955      0.994     -0.017  0.000e+00
      1.000    29.7997   0.872208     4.3927     2.1620     2.0708          0     49.750  34.441363   998.9921      0.994     -0.015  0.000e+00
      1.000    29.7983   0.872019     4.3918     2.1553     2.0800          0     50.000  34.441366   998.9919      0.994     -0.019  0.000e+00
      1.010    29.7977   0.874426     4.4048     2.1423     2.0792          0     50.250  34.441369   999.0019      1.005     -0.004  0.000e+00
      1.032    29.7970   0.875054     4.4083     2.1359     2.0716          0     50.500  34.441372   999.0047      1.026      0.004  0.000e+00
      1.043    29.7963   0.875175     4.4090     2.1290     2.0739          0     50.750  34.441374   999.0055      1.037      0.014  0.000e+00
      1.021    29.7956   0.876330     4.4153     2.1218     2.0853          0     51.000  34.441377   999.0103      1.016      0.017  0.000e+00
      1.032    29.7959   0.877035     4.4191     2.1098     2.0762          0     51.250  34.441380   999.0131      1.026      0.021  0.000e+00
      1.021    29.7967   0.874474     4.4052     2.1022     2.0853          0     51.500  34.441383   999.0025      1.016      0.017  0.000e+00
      1.021    29.7977   0.872309     4.3934     2.0982     2.0853          0     51.750  34.441386   998.9934      1.016      0.012  0.000e+00
      1.021    29.7973   0.870913     4.3859     2.0934     2.0823          0     52.000  34.441389   998.9879      1.016      0.006  0.000e+00
      1.043    29.7944   0.870853     4.3858     2.0957     2.0723          0     52.250  34.441392   998.9889      1.037      0.004  0.000e+00
      1.043    29.7912   0.870764     4.3856     2.0812     2.0807          0     52.500  34.441395   998.9897      1.037      0.002  0.000e+00
      1.065    29.7894   0.870117     4.3823     2.0734     2.0739          0     52.750  34.441398   998.9878      1.059      0.012  0.000e+00
      1.097    29.7886   0.868863     4.3756     2.0760     2.0868          0     53.000  34.441400   998.9832      1.091      0.031  0.000e+00
      1.097    29.7876   0.868814     4.3754     2.0691     2.1097          0     53.250  34.441403   998.9834      1.091      0.040  0.000e+00
      1.108    29.7875   0.865572     4.3579     2.0730     2.1036          0     53.500  34.441406   998.9705      1.102      0.050  0.000e+00
      1.097    29.7877   0.862280     4.3401     2.0898     2.0968          0     53.750  34.441409   998.9571      1.091      0.048  0.000e+00
      1.086    29.7897   0.857352     4.3133     2.1379     2.1044          0     54.000  34.441412   998.9365      1.080      0.039  0.000e+00
      1.108    29.7932   0.844414     4.2433     2.2146     2.1166          0     54.250  34.441415   998.8834      1.102      0.031  0.000e+00
      1.108    29.8031   0.834161     4.1872     2.3005     2.1189          0     54.500  34.441418   998.8387      1.102      0.025  0.000e+00
      1.097    29.8290   0.828212     4.1530     2.3703     2.1250          0     54.750  34.441421   998.8053      1.091      0.011  0.000e+00
      1.108    29.8611   0.822073     4.1173     2.4369     2.1128          0     55.000  34.441424   998.7690      1.102      0.004  0.000e+00
      1.086    29.8881   0.818697     4.0970     2.4969     2.1196          0     55.250  34.441427   998.7455      1.080     -0.001  0.000e+00
