public/post/ctd_rufiji/SBE19plus_01906740_2018_02_13_0899.cnv
* Sea-Bird SBE19plus  Data File:
* FileName = C:\Users\all user\Desktop\CTD tafiri 2018\SBE19plus_01906740_2018_02_13_0899.hex
* Software version 2.6.3.104
* Temperature SN = 6740
* Conductivity SN = 6740
* System UpLoad Time = Feb 13 2018 14:00:23
* <ApplicationData>
* <Seaterm232>
# nquan = 13
# nvalues = 471                                   
# units = specified
# name 0 = prdM: Pressure, Strain Gauge [db]
# name 1 = tv290C: Temperature [ITS-90, deg C]
# name 2 = c0S/m: Conductivity [S/m]
# name 3 = sal00: Salinity, Practical [PSU]
# name 4 = sbeox0ML/L: Oxygen, SBE 43 [ml/l]
# name 5 = flECO-AFL: Fluorescence, WET Labs ECO-AFL/FL [mg/m^3]
# name 6 = nbf: Bottles Fired
# name 7 = timeS: Time, Elapsed [seconds]
# name 8 = timeJ: Julian Days
# name 9 = density00: Density [density, kg/m^3]
# name 10 = depSM: Depth [salt water, m], lat = 0.00
# name 11 = dz/dtM: Descent Rate [m/s]
# name 12 = flag:  0.000e+00
# span 0 =      0.083,      8.981                 
# span 1 =    30.1928,    30.9699                 
# span 2 =   0.128314,   1.347370                 
# span 3 =     0.5741,     6.8554                 
# span 4 =     0.5487,     5.6045                 
# span 5 =    -0.0471,     2.2356                 
# span 6 =          0,          0                 
# span 7 =      0.000,    117.500                 
# span 8 =  33.781528,  33.782888                 
# span 9 =   995.8784,  1000.4992                 
# span 10 =      0.083,      8.932                
# span 11 =     -0.603,      0.406                
# span 12 = 0.0000e+00, 0.0000e+00                
# interval = seconds: 0.25
# start_time = Feb 02 2018 18:45:24 [Instrument's time stamp, header]
# bad_flag = -9.990e-29
*END*
[from data line 112]
      1.003    30.6250   0.311477     1.4440     1.8971     1.6893          0     28.000  33.781852   996.5426      0.998      0.008  0.000e+00
      1.014    30.6191   0.309674     1.4353     1.8944     1.6863          0     28.250  33.781855   996.5380      1.009      0.011  0.000e+00
      0.992    30.6145   0.309694     1.4355     1.8955     1.6855          0     28.500  33.781858   996.5396      0.987      0.014  0.000e+00
      1.014    30.6113   0.311747     1.4457     1.8795     1.6886          0     28.750  33.781861   996.5482      1.009      0.017  0.000e+00
      1.003    30.6089   0.314843     1.4609     1.8748     1.6939          0     29.000  33.781863   996.5603      0.998      0.010  0.000e+00
      0.992    30.6072   0.318871     1.4807     1.8661     1.6901          0     29.250  33.781866   996.5755      0.987      0.002  0.000e+00
      1.014    30.6099   0.322049     1.4962     1.8631     1.6832          0     29.500  33.781869   996.5863      1.008      0.006  0.000e+00
      1.003    30.6154   0.323162     1.5015     1.8604     1.6817          0     29.750  33.781872   996.5885      0.998     -0.000  0.000e+00
      1.014    30.6189   0.322209     1.4967     1.8534     1.6817          0     30.000  33.781875   996.5839      1.008      0.002  0.000e+00
      1.014    30.6200   0.320904     1.4903     1.8499     1.6848          0     30.250  33.781878   996.5788      1.009      0.004  0.000e+00
      1.003    30.6193   0.319030     1.4811     1.8527     1.6810          0     30.500  33.781881   996.5721      0.998      0.005  0.000e+00
      0.993    30.6170   0.318549     1.4788     1.8511     1.6977          0     30.750  33.781884   996.5711      0.987     -0.003  0.000e+00
      1.003    30.6143   0.318220     1.4773     1.8494     1.7023          0     31.000  33.781887   996.5708      0.998     -0.001  0.000e+00
      1.014    30.6117   0.318735     1.4799     1.8461     1.7023          0     31.250  33.781889   996.5736      1.009      0.002  0.000e+00
      1.014    30.6102   0.320717     1.4897     1.8410     1.7038          0     31.500  33.781892   996.5813      1.009     -0.001  0.000e+00
      1.025    30.6109   0.323291     1.5023     1.8375     1.6817          0     31.750  33.781895   996.5906      1.019      0.006  0.000e+00
      1.014    30.6132   0.323902     1.5052     1.8353     1.6848          0     32.000  33.781898   996.5920      1.009      0.005  0.000e+00
      0.993    30.6149   0.323959     1.5055     1.8285     1.6825          0     32.250  33.781901   996.5916      0.987      0.002  0.000e+00
      0.993    30.6158   0.323148     1.5014     1.8191     1.6771          0     32.500  33.781904   996.5883      0.987     -0.001  0.000e+00
      1.014    30.6153   0.320795     1.4899     1.8201     1.6832          0     32.750  33.781907   996.5799      1.009      0.001  0.000e+00
      1.025    30.6140   0.319145     1.4819     1.8293     1.7168          0     33.000  33.781910   996.5744      1.019      0.001  0.000e+00
      1.014    30.6116   0.318495     1.4787     1.8245     1.7145          0     33.250  33.781913   996.5728      1.009     -0.001  0.000e+00
      1.003    30.6087   0.319321     1.4829     1.8188     1.7160          0     33.500  33.781916   996.5767      0.998     -0.002  0.000e+00
      1.014    30.6052   0.321063     1.4915     1.8091     1.7145          0     33.750  33.781918   996.5843      1.009     -0.000  0.000e+00
      1.014    30.6035   0.322300     1.4977     1.8057     1.7054          0     34.000  33.781921   996.5894      1.008      0.006  0.000e+00
      1.025    30.6046   0.322633     1.4992     1.8015     1.6947          0     34.250  33.781924   996.5903      1.019      0.011  0.000e+00
      1.014    30.6058   0.322796     1.5000     1.7866     1.7000          0     34.500  33.781927   996.5904      1.008      0.006  0.000e+00
      1.003    30.6062   0.323169     1.5018     1.7894     1.7061          0     34.750  33.781930   996.5916      0.998     -0.003  0.000e+00
      1.014    30.6061   0.323135     1.5017     1.7725     1.7016          0     35.000  33.781933   996.5916      1.008     -0.003  0.000e+00
      1.003    30.6057   0.322660     1.4994     1.7639     1.7000          0     35.250  33.781936   996.5899      0.998     -0.002  0.000e+00
      1.003    30.6042   0.321439     1.4934     1.7594     1.7000          0     35.500  33.781939   996.5859      0.998     -0.004  0.000e+00
      1.036    30.6009   0.320260     1.4877     1.7565     1.7008          0     35.750  33.781942   996.5828      1.030      0.001  0.000e+00
      1.014    30.5965   0.319978     1.4865     1.7570     1.7168          0     36.000  33.781944   996.5832      1.008      0.001  0.000e+00
      1.014    30.5922   0.321375     1.4934     1.7501     1.7252          0     36.250  33.781947   996.5897      1.008      0.001  0.000e+00
      1.014    30.5904   0.323386     1.5034     1.7403     1.7199          0     36.500  33.781950   996.5977      1.008      0.004  0.000e+00
      1.014    30.5911   0.323650     1.5047     1.7394     1.7275          0     36.750  33.781953   996.5984      1.008      0.005  0.000e+00
      1.014    30.5928   0.323264     1.5027     1.7382     1.7267          0     37.000  33.781956   996.5965      1.008      0.002  0.000e+00
      1.046    30.5923   0.322473     1.4988     1.7283     1.7420          0     37.250  33.781959   996.5938      1.041      0.011  0.000e+00
      1.046    30.5899   0.322087     1.4970     1.7240     1.7405          0     37.500  33.781962   996.5932      1.041      0.014  0.000e+00
      1.046    30.5863   0.322602     1.4996     1.7139     1.7344          0     37.750  33.781965   996.5963      1.041      0.014  0.000e+00
      1.036    30.5825   0.324305     1.5081     1.7109     1.7344          0     38.000  33.781968   996.6038      1.030      0.019  0.000e+00
      1.025    30.5820   0.324930     1.5112     1.7069     1.7122          0     38.250  33.781970   996.6062      1.019      0.014  0.000e+00
      1.025    30.5851   0.325052     1.5117     1.7080     1.7130          0     38.500  33.781973   996.6056      1.019      0.008  0.000e+00
      1.025    30.5883   0.324221     1.5075     1.7054     1.7160          0     38.750  33.781976   996.6015      1.019      0.002  0.000e+00
      1.025    30.5880   0.322511     1.4991     1.6935     1.7130          0     39.000  33.781979   996.5953      1.019     -0.006  0.000e+00
      1.036    30.5844   0.320673     1.4902     1.6908     1.7435          0     39.250  33.781982   996.5898      1.030     -0.011  0.000e+00
      1.057    30.5826   0.319216     1.4831     1.6864     1.7443          0     39.500  33.781985   996.5852      1.051     -0.001  0.000e+00
      1.036    30.5826   0.319850     1.4862     1.6878     1.7458          0     39.750  33.781988   996.5874      1.030      0.003  0.000e+00
      1.047    30.5798   0.322151     1.4976     1.6837     1.7405          0     40.000  33.781991   996.5968      1.041      0.010  0.000e+00
      1.036    30.5745   0.324221     1.5079     1.6816     1.6756          0     40.250  33.781994   996.6061      1.030      0.011  0.000e+00
      1.003    30.5718   0.324774     1.5107     1.6791     1.6817          0     40.500  33.781997   996.6089      0.998     -0.001  0.000e+00
      1.025    30.5719   0.324227     1.5081     1.6757     1.6794          0     40.750  33.781999   996.6069      1.019     -0.005  0.000e+00
      1.036    30.5715   0.323070     1.5024     1.6825     1.6779          0     41.000  33.782002   996.6029      1.030     -0.007  0.000e+00
      1.036    30.5697   0.321070     1.4926     1.6787     1.6817          0     41.250  33.782005   996.5961      1.030     -0.009  0.000e+00
      1.046    30.5683   0.319931     1.4871     1.6745     1.6932          0     41.500  33.782008   996.5925      1.041     -0.005  0.000e+00
      1.036    30.5668   0.319294     1.4840     1.6773     1.6848          0     41.750  33.782011   996.5906      1.030      0.002  0.000e+00
      1.025    30.5642   0.320036     1.4877     1.6786     1.6916          0     42.000  33.782014   996.5941      1.019      0.001  0.000e+00
      1.025    30.5608   0.320904     1.4921     1.6739     1.6871          0     42.250  33.782017   996.5984      1.019      0.003  0.000e+00
      1.035    30.5575   0.321727     1.4962     1.6772     1.6794          0     42.500  33.782020   996.6026      1.030      0.007  0.000e+00
      1.046    30.5556   0.322158     1.4984     1.6742     1.6832          0     42.750  33.782023   996.6048      1.041      0.003  0.000e+00
      1.057    30.5539   0.322345     1.4993     1.6718     1.6817          0     43.000  33.782025   996.6061      1.051      0.006  0.000e+00
      1.035    30.5523   0.321605     1.4958     1.6659     1.6802          0     43.250  33.782028   996.6038      1.030      0.004  0.000e+00
      1.046    30.5502   0.320948     1.4926     1.6640     1.6680          0     43.500  33.782031   996.6022      1.040      0.006  0.000e+00
      1.035    30.5474   0.320673     1.4913     1.6545     1.6634          0     43.750  33.782034   996.6021      1.030      0.007  0.000e+00
      1.057    30.5439   0.321361     1.4948     1.6472     1.6657          0     44.000  33.782037   996.6058      1.051      0.011  0.000e+00
      1.014    30.5405   0.322775     1.5019     1.6473     1.6703          0     44.250  33.782040   996.6120      1.008     -0.001  0.000e+00
      1.035    30.5383   0.323746     1.5067     1.6399     1.6642          0     44.500  33.782043   996.6163      1.030     -0.007  0.000e+00
      1.035    30.5377   0.323342     1.5047     1.6444     1.6741          0     44.750  33.782046   996.6150      1.030     -0.009  0.000e+00
      1.035    30.5378   0.322674     1.5014     1.6385     1.6642          0     45.000  33.782049   996.6126      1.030     -0.009  0.000e+00
      1.046    30.5366   0.321592     1.4962     1.6393     1.6619          0     45.250  33.782052   996.6091      1.041     -0.001  0.000e+00
      1.057    30.5345   0.320633     1.4915     1.6433     1.6703          0     45.500  33.782054   996.6063      1.051      0.004  0.000e+00
      1.046    30.5323   0.320060     1.4888     1.6360     1.6703          0     45.750  33.782057   996.6048      1.041      0.007  0.000e+00
      1.079    30.5301   0.319965     1.4884     1.6347     1.6672          0     46.000  33.782060   996.6054      1.073      0.016  0.000e+00
      1.079    30.5277   0.321005     1.4935     1.6325     1.6619          0     46.250  33.782063   996.6100      1.073      0.029  0.000e+00
      1.089    30.5250   0.323226     1.5045     1.6213     1.6710          0     46.500  33.782066   996.6190      1.083      0.029  0.000e+00
      1.111    30.5255   0.324115     1.5089     1.6266     1.6031          0     46.750  33.782069   996.6223      1.105      0.037  0.000e+00
      1.111    30.5309   0.324003     1.5082     1.6213     1.6100          0     47.000  33.782072   996.6201      1.105      0.040  0.000e+00
      1.111    30.5397   0.323946     1.5076     1.6221     1.6039          0     47.250  33.782075   996.6169      1.105      0.037  0.000e+00
      1.090    30.5462   0.323501     1.5053     1.6174     1.6069          0     47.500  33.782078   996.6131      1.084      0.028  0.000e+00
      1.111    30.5482   0.322931     1.5024     1.6144     1.6336          0     47.750  33.782080   996.6104      1.105      0.025  0.000e+00
      1.111    30.5449   0.322209     1.4989     1.6130     1.6306          0     48.000  33.782083   996.6088      1.105      0.015  0.000e+00
      1.100    30.5404   0.321541     1.4958     1.6137     1.6268          0     48.250  33.782086   996.6078      1.094      0.009  0.000e+00
      1.100    30.5366   0.321053     1.4935     1.6236     1.6245          0     48.500  33.782089   996.6073      1.094      0.001  0.000e+00
      1.111    30.5333   0.320910     1.4929     1.6184     1.6306          0     48.750  33.782092   996.6079      1.105     -0.002  0.000e+00
      1.090    30.5305   0.321019     1.4935     1.6241     1.5970          0     49.000  33.782095   996.6091      1.084     -0.005  0.000e+00
      1.100    30.5285   0.321351     1.4952     1.6114     1.5917          0     49.250  33.782098   996.6111      1.094     -0.004  0.000e+00
      1.122    30.5269   0.321914     1.4980     1.6058     1.5963          0     49.500  33.782101   996.6137      1.116      0.004  0.000e+00
      1.100    30.5258   0.322551     1.5012     1.6050     1.5970          0     49.750  33.782104   996.6164      1.094     -0.002  0.000e+00
      1.100    30.5258   0.322789     1.5024     1.5955     1.5116          0     50.000  33.782106   996.6172      1.094     -0.001  0.000e+00
      1.100    30.5264   0.322616     1.5015     1.5926     1.5093          0     50.250  33.782109   996.6164      1.094      0.001  0.000e+00
      1.100    30.5265   0.322151     1.4992     1.5871     1.5108          0     50.500  33.782112   996.6147      1.094     -0.001  0.000e+00
      1.111    30.5250   0.321805     1.4975     1.5835     1.5108          0     50.750  33.782115   996.6139      1.105      0.001  0.000e+00
      1.111    30.5228   0.321690     1.4970     1.5808     1.4956          0     51.000  33.782118   996.6142      1.105      0.005  0.000e+00
      1.100    30.5205   0.321758     1.4974     1.5812     1.5024          0     51.250  33.782121   996.6152      1.094     -0.001  0.000e+00
      1.100    30.5184   0.321636     1.4969     1.5778     1.4956          0     51.500  33.782124   996.6155      1.094     -0.004  0.000e+00
      1.089    30.5166   0.321310     1.4954     1.5817     1.4978          0     51.750  33.782127   996.6148      1.083     -0.002  0.000e+00
      1.100    30.5146   0.321270     1.4952     1.5838     1.5444          0     52.000  33.782130   996.6154      1.094     -0.003  0.000e+00
      1.111    30.5132   0.321599     1.4969     1.5781     1.5459          0     52.250  33.782133   996.6171      1.105     -0.001  0.000e+00
      1.122    30.5117   0.322195     1.4999     1.5763     1.5451          0     52.500  33.782135   996.6198      1.116      0.004  0.000e+00
      1.133    30.5118   0.322582     1.5018     1.5667     1.5474          0     52.750  33.782138   996.6212      1.126      0.009  0.000e+00
      1.100    30.5132   0.322450     1.5011     1.5648     1.5444          0     53.000  33.782141   996.6202      1.094      0.008  0.000e+00
      1.100    30.5141   0.322043     1.4990     1.5538     1.6130          0     53.250  33.782144   996.6184      1.094      0.007  0.000e+00
      1.111    30.5135   0.321765     1.4977     1.5493     1.6047          0     53.500  33.782147   996.6176      1.105      0.006  0.000e+00
      1.111    30.5122   0.321812     1.4980     1.5487     1.6069          0     53.750  33.782150   996.6182      1.105      0.005  0.000e+00
      1.111    30.5105   0.321999     1.4989     1.5458     1.6001          0     54.000  33.782153   996.6195      1.105     -0.001  0.000e+00
      1.100    30.5092   0.322107     1.4995     1.5465     1.5627          0     54.250  33.782156   996.6202      1.094     -0.007  0.000e+00
      1.111    30.5084   0.322043     1.4992     1.5397     1.5604          0     54.500  33.782159   996.6203      1.105     -0.007  0.000e+00
      1.111    30.5077   0.322314     1.5006     1.5336     1.5596          0     54.750  33.782161   996.6215      1.105     -0.004  0.000e+00
      1.165    30.5072   0.322769     1.5028     1.5337     1.5612          0     55.000  33.782164   996.6236      1.158      0.019  0.000e+00
      1.208    30.5078   0.322674     1.5023     1.5284     1.4666          0     55.250  33.782167   996.6232      1.201      0.040  0.000e+00
