public/post/ctd_rufiji/SBE19plus_01906740_2018_02_13_0903.cnv
* Sea-Bird SBE19plus  Data File:
* FileName = C:\Users\all user\Desktop\CTD tafiri 2018\SBE19plus_01906740_2018_02_13_0903.hex
* Software version 2.6.3.104
* Temperature SN = 6740
* Conductivity SN = 6740
* System UpLoad Time = Feb 13 2018 14:01:01
* <ApplicationData>
* <Seaterm232>
# nquan = 13
# nvalues = 367                                   
# units = specified
# name 0 = prdM: Pressure, Strain Gauge [db]
# name 1 = tv290C: Temperature [ITS-90, deg C]
# name 2 = c0S/m: Conductivity [S/m]
# name 3 = sal00: Salinity, Practical [PSU]
# name 4 = sbeox0ML/L: Oxygen, SBE 43 [ml/l]
# name 5 = flECO-AFL: Fluorescence, WET Labs ECO-AFL/FL [mg/m^3]
# name 6 = nbf: Bottles Fired
# name 7 = timeS: Time, Elapsed [seconds]
# name 8 = timeJ: Julian Days
# name 9 = density00: Density [density, kg/m^3]
# name 10 = depSM: Depth [salt water, m], lat = 0.00
# name 11 = dz/dtM: Descent Rate [m/s]
# name 12 = flag:  0.000e+00
# span 0 =      0.100,      6.337                 
# span 1 =    25.3639,    30.2945                 
# span 2 =   0.000610,   0.057121                 
# span 3 =     0.0131,     0.2497                 
# span 4 =     0.9725,     4.6320                 
# span 5 =    -0.0288,     2.3890                 
# span 6 =          0,          0                 
# span 7 =      0.000,     91.500                 
# span 8 =  34.251065,  34.252124                 
# span 9 =   995.6382,   996.9638                 
# span 10 =      0.099,      6.302                
# span 11 =     -0.450,      0.573                
# span 12 = 0.0000e+00, 0.0000e+00                
# interval = seconds: 0.25
# start_time = Feb 03 2018 06:01:32 [Instrument's time stamp, header]
# bad_flag = -9.990e-29
*END*
      0.111    25.3660   0.000723     0.0133     4.2353     0.0246          0      0.000  34.251065   996.9626      0.110 -5.263e-17  0.000e+00
      0.121    25.3660   0.000717     0.0133     3.9137     0.0231          0      0.250  34.251068   996.9626      0.121      0.003  0.000e+00
      0.111    25.3659   0.000723     0.0133     3.8116     0.0299          0      0.500  34.251071   996.9626      0.110      0.002  0.000e+00
      0.100    25.3660   0.000714     0.0133     3.9511     0.0276          0      0.750  34.251073   996.9625      0.099     -0.001  0.000e+00
      0.121    25.3658   0.000711     0.0133     4.4063    -0.0288          0      1.000  34.251076   996.9626      0.121      0.001  0.000e+00
      0.186    25.3639   0.000684     0.0132     4.6118    -0.0181          0      1.250  34.251079   996.9634      0.185      0.021  0.000e+00
      0.305    25.3640   0.000661     0.0132     4.5829    -0.0227          0      1.500  34.251082   996.9638      0.304      0.067  0.000e+00
      0.370    25.6707   0.000610     0.0131     4.6320    -0.0181          0      1.750  34.251085   996.8839      0.368      0.117  0.000e+00
      0.381    26.8228   0.001046     0.0147     4.4579     0.0360          0      2.000  34.251088   996.5763      0.379      0.153  0.000e+00
      0.381    27.7810   0.010844     0.0534     4.3034     0.0360          0      2.250  34.251091   996.3392      0.379      0.172  0.000e+00
      0.381    28.3755   0.027466     0.1247     4.0272     0.0322          0      2.500  34.251094   996.2235      0.379      0.175  0.000e+00
      0.403    28.8064   0.027493     0.1238     3.9918     0.0406          0      2.750  34.251097   996.0981      0.400      0.164  0.000e+00
      0.424    29.0988   0.027999     0.1254     3.9845     0.2329          0      3.000  34.251100   996.0138      0.422      0.135  0.000e+00
      0.500    29.2946   0.027843     0.1243     3.7850     0.2313          0      3.250  34.251102   995.9555      0.497      0.112  0.000e+00
      0.586    29.4145   0.027786     0.1238     3.9054     0.2321          0      3.500  34.251105   995.9200      0.583      0.108  0.000e+00
      0.684    29.5300   0.027714     0.1232     3.9608     0.2298          0      3.750  34.251108   995.8856      0.680      0.143  0.000e+00
      0.727    29.5925   0.027888     0.1238     3.6355     0.2298          0      4.000  34.251111   995.8676      0.723      0.187  0.000e+00
      0.759    29.6194   0.055294     0.2446     3.4943     2.0098          0      4.250  34.251114   995.9504      0.755      0.218  0.000e+00
      0.813    29.6555   0.055164     0.2438     3.5032     2.0090          0      4.500  34.251117   995.9392      0.809      0.239  0.000e+00
      0.878    29.6898   0.055209     0.2439     3.5683     2.0060          0      4.750  34.251120   995.9293      0.873      0.249  0.000e+00
      0.943    29.7184   0.055088     0.2432     3.6110     2.0121          0      5.000  34.251123   995.9205      0.938      0.249  0.000e+00
      1.019    29.7345   0.055060     0.2430     3.7191     2.0235          0      5.250  34.251126   995.9158      1.013      0.241  0.000e+00
      1.105    29.7483   0.055164     0.2434     3.7958     2.0289          0      5.500  34.251128   995.9124      1.099      0.242  0.000e+00
      1.148    29.8084   0.055398     0.2441     3.8870     2.0220          0      5.750  34.251131   995.8951      1.142      0.243  0.000e+00
      1.192    29.8966   0.055437     0.2439     3.9878     2.0166          0      6.000  34.251134   995.8686      1.185      0.250  0.000e+00
      1.257    29.9759   0.055340     0.2431     4.0568     2.0655          0      6.250  34.251137   995.8444      1.250      0.255  0.000e+00
      1.257    30.0363   0.055267     0.2425     4.0477     2.0815          0      6.500  34.251140   995.8256      1.250      0.236  0.000e+00
      1.300    30.0776   0.055173     0.2419     4.0445     2.0708          0      6.750  34.251143   995.8129      1.293      0.213  0.000e+00
      1.332    30.1115   0.055118     0.2415     4.0568     2.0769          0      7.000  34.251146   995.8024      1.325      0.187  0.000e+00
      1.321    30.1390   0.055070     0.2412     4.0553     2.0235          0      7.250  34.251149   995.7938      1.314      0.151  0.000e+00
      1.332    30.1547   0.055076     0.2411     4.0577     2.0273          0      7.500  34.251152   995.7891      1.325      0.117  0.000e+00
      1.343    30.1672   0.055048     0.2409     4.0611     2.0220          0      7.750  34.251155   995.7852      1.336      0.094  0.000e+00
      1.354    30.1818   0.055094     0.2411     4.0569     2.0266          0      8.000  34.251157   995.7809      1.346      0.072  0.000e+00
      1.365    30.1965   0.055209     0.2415     4.0418     2.0182          0      8.250  34.251160   995.7768      1.357      0.054  0.000e+00
      1.365    30.2073   0.055306     0.2419     4.0561     1.9854          0      8.500  34.251163   995.7738      1.357      0.046  0.000e+00
      1.354    30.2088   0.055410     0.2424     4.0711     1.9808          0      8.750  34.251166   995.7736      1.346      0.028  0.000e+00
      1.354    30.2087   0.055364     0.2422     4.0776     1.9892          0      9.000  34.251169   995.7735      1.346      0.018  0.000e+00
      1.365    30.2110   0.055328     0.2420     4.1006     1.9877          0      9.250  34.251172   995.7727      1.357      0.018  0.000e+00
      1.365    30.2151   0.055270     0.2417     4.1359     1.9663          0      9.500  34.251175   995.7713      1.357      0.012  0.000e+00
      1.354    30.2174   0.055261     0.2417     4.1281     1.9602          0      9.750  34.251178   995.7705      1.346      0.004  0.000e+00
      1.354    30.2202   0.055288     0.2418     4.1322     1.9632          0     10.000  34.251181   995.7697      1.346     -0.001  0.000e+00
      1.375    30.2234   0.055270     0.2417     4.1283     1.9587          0     10.250  34.251183   995.7688      1.368      0.001  0.000e+00
      1.354    30.2245   0.055237     0.2415     4.1251     1.9594          0     10.500  34.251186   995.7682      1.346      0.001  0.000e+00
      1.343    30.2226   0.055191     0.2413     4.1166     1.9648          0     10.750  34.251189   995.7686      1.336     -0.002  0.000e+00
      1.343    30.2218   0.055127     0.2410     4.1219     1.9610          0     11.000  34.251192   995.7687      1.336     -0.007  0.000e+00
      1.343    30.2235   0.055018     0.2406     4.0905     1.9610          0     11.250  34.251195   995.7678      1.336     -0.012  0.000e+00
      1.365    30.2259   0.054918     0.2401     4.0932     1.9663          0     11.500  34.251198   995.7668      1.357     -0.006  0.000e+00
      1.365    30.2270   0.054830     0.2397     4.1074     1.9632          0     11.750  34.251201   995.7662      1.357      0.000  0.000e+00
      1.365    30.2286   0.054790     0.2395     4.1032     1.9663          0     12.000  34.251204   995.7656      1.357      0.002  0.000e+00
      1.386    30.2301   0.054714     0.2392     4.1125     1.9587          0     12.250  34.251207   995.7649      1.379      0.009  0.000e+00
      1.365    30.2301   0.054653     0.2389     4.1095     1.9587          0     12.500  34.251209   995.7646      1.357      0.016  0.000e+00
      1.354    30.2302   0.054571     0.2385     4.1282     1.9777          0     12.750  34.251212   995.7643      1.347      0.013  0.000e+00
      1.343    30.2323   0.054465     0.2381     4.1133     1.9907          0     13.000  34.251215   995.7632      1.336      0.004  0.000e+00
      1.365    30.2377   0.054350     0.2375     4.0994     1.9808          0     13.250  34.251218   995.7613      1.357      0.000  0.000e+00
      1.386    30.2431   0.054164     0.2367     4.1014     1.9846          0     13.500  34.251221   995.7591      1.379      0.001  0.000e+00
      1.365    30.2393   0.054161     0.2367     4.1146     1.9991          0     13.750  34.251224   995.7602      1.357      0.000  0.000e+00
      1.365    30.2269   0.054492     0.2382     4.1968     1.9831          0     14.000  34.251227   995.7651      1.357     -0.001  0.000e+00
      1.386    30.2176   0.054899     0.2401     4.2534     1.9960          0     14.250  34.251230   995.7694      1.379      0.004  0.000e+00
      1.365    30.2165   0.055048     0.2407     4.2236     2.0022          0     14.500  34.251233   995.7701      1.357      0.009  0.000e+00
      1.386    30.2188   0.055179     0.2413     4.1251     1.9671          0     14.750  34.251236   995.7699      1.379      0.014  0.000e+00
      1.365    30.2221   0.055261     0.2416     3.9579     1.9587          0     15.000  34.251238   995.7691      1.357      0.009  0.000e+00
      1.365    30.2281   0.055288     0.2417     3.7596     1.9663          0     15.250  34.251241   995.7673      1.357     -0.001  0.000e+00
      1.365    30.2337   0.055294     0.2417     3.5465     1.9747          0     15.500  34.251244   995.7657      1.357     -0.006  0.000e+00
      1.365    30.2368   0.055270     0.2416     3.3543     1.9816          0     15.750  34.251247   995.7646      1.357     -0.003  0.000e+00
      1.343    30.2368   0.055173     0.2412     3.1907     1.9793          0     16.000  34.251250   995.7642      1.336     -0.012  0.000e+00
      1.386    30.2360   0.055094     0.2408     3.0618     1.9762          0     16.250  34.251253   995.7644      1.379     -0.007  0.000e+00
      1.386    30.2321   0.055009     0.2405     2.9836     1.9754          0     16.500  34.251256   995.7653      1.379      0.003  0.000e+00
      1.386    30.2269   0.054966     0.2403     2.9328     1.9892          0     16.750  34.251259   995.7668      1.379      0.006  0.000e+00
      1.386    30.2227   0.054939     0.2402     2.8929     1.9968          0     17.000  34.251262   995.7680      1.379      0.014  0.000e+00
      1.386    30.2210   0.054963     0.2403     2.8340     2.0014          0     17.250  34.251264   995.7685      1.379      0.016  0.000e+00
      1.354    30.2224   0.054991     0.2404     2.7956     1.9991          0     17.500  34.251267   995.7681      1.346      0.007  0.000e+00
      1.376    30.2245   0.054997     0.2405     2.7562     2.0022          0     17.750  34.251270   995.7675      1.368      0.005  0.000e+00
      1.386    30.2256   0.054991     0.2404     2.7152     2.0128          0     18.000  34.251273   995.7672      1.379      0.005  0.000e+00
      1.365    30.2249   0.054966     0.2403     2.6738     2.0159          0     18.250  34.251276   995.7673      1.357     -0.009  0.000e+00
      1.365    30.2243   0.054978     0.2404     2.6657     2.0067          0     18.500  34.251279   995.7675      1.357     -0.011  0.000e+00
      1.386    30.2264   0.055003     0.2405     2.6346     1.9999          0     18.750  34.251282   995.7670      1.379     -0.005  0.000e+00
      1.365    30.2295   0.055030     0.2406     2.6150     1.9991          0     19.000  34.251285   995.7661      1.357     -0.005  0.000e+00
      1.386    30.2304   0.055106     0.2409     2.5946     2.0037          0     19.250  34.251288   995.7661      1.379      0.002  0.000e+00
      1.365    30.2306   0.055152     0.2411     2.5658     2.0052          0     19.500  34.251291   995.7661      1.357      0.004  0.000e+00
      1.386    30.2295   0.055164     0.2412     2.5368     2.0022          0     19.750  34.251293   995.7666      1.379      0.001  0.000e+00
      1.386    30.2273   0.055145     0.2411     2.5239     1.9991          0     20.000  34.251296   995.7672      1.379      0.004  0.000e+00
      1.386    30.2265   0.055158     0.2412     2.5061     2.0563          0     20.250  34.251299   995.7675      1.379      0.010  0.000e+00
      1.386    30.2283   0.055164     0.2412     2.4918     2.0578          0     20.500  34.251302   995.7670      1.379      0.009  0.000e+00
      1.386    30.2313   0.055170     0.2412     2.4831     2.0586          0     20.750  34.251305   995.7661      1.379      0.006  0.000e+00
      1.365    30.2339   0.055170     0.2412     2.5050     2.0624          0     21.000  34.251308   995.7652      1.357      0.003  0.000e+00
      1.375    30.2362   0.055170     0.2412     2.5004     2.0296          0     21.250  34.251311   995.7645      1.368     -0.003  0.000e+00
      1.386    30.2387   0.055173     0.2412     2.4981     2.0311          0     21.500  34.251314   995.7638      1.379      0.001  0.000e+00
      1.375    30.2414   0.055185     0.2412     2.4941     2.0350          0     21.750  34.251317   995.7630      1.368     -0.006  0.000e+00
      1.376    30.2435   0.055164     0.2411     2.4917     2.0319          0     22.000  34.251319   995.7622      1.368     -0.006  0.000e+00
      1.386    30.2452   0.055158     0.2411     2.4913     2.0418          0     22.250  34.251322   995.7618      1.379     -0.002  0.000e+00
      1.397    30.2450   0.055145     0.2410     2.4800     2.0426          0     22.500  34.251325   995.7618      1.389      0.004  0.000e+00
      1.365    30.2436   0.055127     0.2409     2.4726     2.0357          0     22.750  34.251328   995.7620      1.357      0.001  0.000e+00
      1.376    30.2405   0.055118     0.2409     2.4790     2.0464          0     23.000  34.251331   995.7630      1.368      0.003  0.000e+00
      1.386    30.2348   0.055133     0.2410     2.4789     2.1052          0     23.250  34.251334   995.7649      1.379      0.001  0.000e+00
      1.376    30.2279   0.055145     0.2411     2.4670     2.1135          0     23.500  34.251337   995.7670      1.368     -0.002  0.000e+00
      1.386    30.2228   0.055173     0.2412     2.4453     2.1082          0     23.750  34.251340   995.7687      1.379      0.001  0.000e+00
      1.386    30.2203   0.055237     0.2415     2.4392     2.1082          0     24.000  34.251343   995.7697      1.379      0.001  0.000e+00
      1.365    30.2200   0.055313     0.2419     2.4074     2.1036          0     24.250  34.251345   995.7699      1.357     -0.005  0.000e+00
      1.376    30.2203   0.055373     0.2421     2.4107     2.0258          0     24.500  34.251348   995.7701      1.368     -0.004  0.000e+00
      1.376    30.2195   0.055422     0.2424     2.3950     2.0205          0     24.750  34.251351   995.7705      1.368      0.001  0.000e+00
      1.365    30.2183   0.055474     0.2426     2.3840     2.0266          0     25.000  34.251354   995.7710      1.357     -0.006  0.000e+00
      1.397    30.2184   0.055580     0.2431     2.3766     2.0235          0     25.250  34.251357   995.7714      1.390     -0.001  0.000e+00
      1.397    30.2189   0.055674     0.2435     2.3711     2.0060          0     25.500  34.251360   995.7716      1.389      0.006  0.000e+00
      1.419    30.2175   0.055720     0.2437     2.3622     2.0205          0     25.750  34.251363   995.7723      1.411      0.014  0.000e+00
      1.430    30.2144   0.055662     0.2434     2.3546     2.0105          0     26.000  34.251366   995.7731      1.422      0.027  0.000e+00
      1.440    30.2047   0.055644     0.2434     2.3377     2.0037          0     26.250  34.251369   995.7761      1.432      0.039  0.000e+00
      1.440    30.1926   0.055477     0.2427     2.3306     2.0365          0     26.500  34.251372   995.7792      1.432      0.040  0.000e+00
      1.440    30.1818   0.055489     0.2428     2.3150     2.0273          0     26.750  34.251374   995.7826      1.432      0.040  0.000e+00
      1.451    30.1776   0.055571     0.2432     2.3130     2.0296          0     27.000  34.251377   995.7842      1.443      0.039  0.000e+00
      1.440    30.1787   0.055629     0.2435     2.3023     2.0395          0     27.250  34.251380   995.7840      1.432      0.026  0.000e+00
      1.451    30.1846   0.055735     0.2439     2.2946     2.0174          0     27.500  34.251383   995.7826      1.443      0.022  0.000e+00
