public/post/ctd_rufiji/SBE19plus_01906740_2018_02_13_0892.cnv
* Sea-Bird SBE19plus  Data File:
* FileName = C:\Users\all user\Desktop\CTD tafiri 2018\SBE19plus_01906740_2018_02_13_0892.hex
* Software version 2.6.3.104
* Temperature SN = 6740
* Conductivity SN = 6740
* System UpLoad Time = Feb 13 2018 13:59:07
* <ApplicationData>
* <Seaterm232>
# nquan = 13
# nvalues = 458                                   
# units = specified
# name 0 = prdM: Pressure, Strain Gauge [db]
# name 1 = tv290C: Temperature [ITS-90, deg C]
# name 2 = c0S/m: Conductivity [S/m]
# name 3 = sal00: Salinity, Practical [PSU]
# name 4 = sbeox0ML/L: Oxygen, SBE 43 [ml/l]
# name 5 = flECO-AFL: Fluorescence, WET Labs ECO-AFL/FL [mg/m^3]
# name 6 = nbf: Bottles Fired
# name 7 = timeS: Time, Elapsed [seconds]
# name 8 = timeJ: Julian Days
# name 9 = density00: Density [density, kg/m^3]
# name 10 = depSM: Depth [salt water, m], lat = 0.00
# name 11 = dz/dtM: Descent Rate [m/s]
# name 12 = flag:  0.000e+00
# span 0 =      0.039,      7.305                 
# span 1 =    29.8177,    30.7365                 
# span 2 =   0.384102,   3.042387                 
# span 3 =     1.8316,    16.7349                 
# span 4 =     1.7303,     3.1624                 
# span 5 =    -0.1097,     2.4340                 
# span 6 =          0,          0                 
# span 7 =      0.000,    114.250                 
# span 8 =  33.753391,  33.754714                 
# span 9 =   997.0765,  1007.9081                 
# span 10 =      0.039,      7.265                
# span 11 =     -0.487,      0.533                
# span 12 = 0.0000e+00, 0.0000e+00                
# interval = seconds: 0.25
# start_time = Feb 02 2018 18:04:53 [Instrument's time stamp, header]
# bad_flag = -9.990e-29
*END*
      0.505    29.8177   0.384102     1.8316     3.0943     0.1413          0      0.000  33.753391   997.0765      0.502 -2.105e-16  0.000e+00
      0.602    29.9898   0.495518     2.3920     3.0793     0.1459          0      0.250  33.753394   997.4426      0.599      0.026  0.000e+00
      0.591    30.0828   0.626487     3.0652     3.0664     0.1375          0      0.500  33.753397   997.9157      0.588      0.043  0.000e+00
      0.602    30.1352   0.639753     3.1313     3.0872     0.1375          0      0.750  33.753400   997.9489      0.599      0.056  0.000e+00
      0.591    30.1697   0.727658     3.5907     3.0974     1.3170          0      1.000  33.753403   998.2802      0.588      0.061  0.000e+00
      0.548    30.2071   0.658646     3.2255     3.1265     1.3018          0      1.250  33.753406   997.9967      0.545      0.048  0.000e+00
      0.559    30.2450   1.054555     5.3385     3.0934     1.3010          0      1.500  33.753409   999.5565      0.556      0.035  0.000e+00
      0.559    30.2950   1.074615     5.4424     3.1012     1.3041          0      1.750  33.753411   999.6182      0.556      0.018  0.000e+00
      0.559    30.3384   1.103128     5.5931     3.1034     1.3155          0      2.000  33.753414   999.7167      0.556     -0.002  0.000e+00
      0.580    30.3717   1.163831     5.9215     3.0960     1.3071          0      2.250  33.753417   999.9504      0.577     -0.020  0.000e+00
      0.602    30.3934   1.229347     6.2790     3.1042     1.3079          0      2.500  33.753420  1000.2093      0.599     -0.005  0.000e+00
      0.635    30.4224   1.304229     6.6889     3.1020     1.3041          0      2.750  33.753423  1000.5047      0.631      0.015  0.000e+00
      0.678    30.4642   1.386045     7.1374     3.0801     1.2911          0      3.000  33.753426  1000.8248      0.674      0.048  0.000e+00
      0.743    30.5040   1.431242     7.3835     3.0690     1.2987          0      3.250  33.753429  1000.9953      0.739      0.089  0.000e+00
      0.807    30.5411   1.438867     7.4205     3.0724     1.2926          0      3.500  33.753432  1001.0114      0.803      0.123  0.000e+00
      0.829    30.5734   1.472315     7.6024     3.0628     1.2918          0      3.750  33.753435  1001.1363      0.824      0.148  0.000e+00
      0.829    30.6016   1.503438     7.7721     3.0613     1.2865          0      4.000  33.753437  1001.2534      0.825      0.156  0.000e+00
      0.840    30.6221   1.543424     7.9928     3.0616     1.2323          0      4.250  33.753440  1001.4108      0.835      0.149  0.000e+00
      0.894    30.6380   1.612469     8.3783     3.0581     1.2209          0      4.500  33.753443  1001.6920      0.889      0.145  0.000e+00
      0.981    30.6586   1.690161     8.8133     3.0576     1.2300          0      4.750  33.753446  1002.0087      0.975      0.150  0.000e+00
      1.110    30.6789   1.726778     9.0170     3.0626     1.2346          0      5.000  33.753449  1002.1539      1.104      0.175  0.000e+00
      1.143    30.6924   1.694304     8.8307     3.0717     1.1751          0      5.250  33.753452  1002.0116      1.136      0.192  0.000e+00
      1.132    30.7009   1.687393     8.7902     3.0774     1.1736          0      5.500  33.753455  1001.9787      1.126      0.196  0.000e+00
      1.110    30.7099   1.708736     8.9092     3.0795     1.1744          0      5.750  33.753458  1002.0641      1.104      0.190  0.000e+00
      1.132    30.7128   1.742633     9.1007     3.0893     1.1690          0      6.000  33.753461  1002.2053      1.126      0.177  0.000e+00
      1.186    30.7126   1.769593     9.2537     3.0919     1.1316          0      6.250  33.753464  1002.3191      1.179      0.159  0.000e+00
      1.208    30.7097   1.790316     9.3720     3.1002     1.1354          0      6.500  33.753466  1002.4079      1.201      0.125  0.000e+00
      1.186    30.7076   1.798884     9.4211     3.1162     1.1309          0      6.750  33.753469  1002.4449      1.180      0.080  0.000e+00
      1.132    30.7038   1.809073     9.4798     3.1100     1.1278          0      7.000  33.753472  1002.4895      1.126      0.030  0.000e+00
      1.089    30.7024   1.842979     9.6733     3.1096     1.1324          0      7.250  33.753475  1002.6333      1.083      0.001  0.000e+00
      1.121    30.7038   1.889534     9.9389     3.1141     1.1309          0      7.500  33.753478  1002.8300      1.115     -0.007  0.000e+00
      1.164    30.7006   1.909537    10.0540     3.1223     1.1347          0      7.750  33.753481  1002.9166      1.158     -0.006  0.000e+00
      1.219    30.6949   1.949865    10.2863     3.1129     1.1354          0      8.000  33.753484  1003.0910      1.212      0.001  0.000e+00
      1.219    30.6915   1.966576    10.3830     3.1172     1.1362          0      8.250  33.753487  1003.1638      1.212      0.007  0.000e+00
      1.219    30.6897   1.979228    10.4561     3.1406     1.1362          0      8.500  33.753490  1003.2186      1.212      0.026  0.000e+00
      1.175    30.6904   1.983516    10.4806     3.1449     1.1339          0      8.750  33.753492  1003.2364      1.169      0.038  0.000e+00
      1.132    30.6923   1.998481    10.5663     3.1624     1.1385          0      9.000  33.753495  1003.2992      1.126      0.034  0.000e+00
      1.100    30.6909   2.012887    10.6495     3.1558     1.1293          0      9.250  33.753498  1003.3612      1.094      0.007  0.000e+00
      1.121    30.6898   2.023386    10.7102     3.1498     1.1194          0      9.500  33.753501  1003.4067      1.115     -0.027  0.000e+00
      1.165    30.6913   2.031419    10.7562     3.1144     1.1217          0      9.750  33.753504  1003.4406      1.158     -0.041  0.000e+00
      1.186    30.6932   2.024366    10.7152     3.0549     1.1164          0     10.000  33.753507  1003.4096      1.180     -0.037  0.000e+00
      1.208    30.6963   2.019952    10.6891     2.9671     1.1118          0     10.250  33.753510  1003.3893      1.201     -0.011  0.000e+00
      1.197    30.6995   2.010141    10.6319     2.8680     1.1332          0     10.500  33.753513  1003.3458      1.191      0.012  0.000e+00
      1.154    30.6997   1.985082    10.4876     2.7720     1.1316          0     10.750  33.753516  1003.2386      1.148      0.026  0.000e+00
      1.143    30.6992   1.970895    10.4062     2.6794     1.1301          0     11.000  33.753519  1003.1783      1.137      0.027  0.000e+00
      1.154    30.6999   1.980059    10.4587     2.6060     1.1309          0     11.250  33.753521  1003.2170      1.147      0.018  0.000e+00
      1.175    30.6993   1.988933    10.5099     2.5589     1.1194          0     11.500  33.753524  1003.2553      1.169      0.003  0.000e+00
      1.208    30.6978   2.010187    10.6325     2.4986     1.1202          0     11.750  33.753527  1003.3469      1.201     -0.002  0.000e+00
      1.208    30.6988   2.012255    10.6442     2.4571     1.1156          0     12.000  33.753530  1003.3553      1.201      0.003  0.000e+00
      1.208    30.7003   2.010966    10.6365     2.4263     1.1225          0     12.250  33.753533  1003.3490      1.201      0.011  0.000e+00
      1.186    30.6965   2.016510    10.6692     2.4087     1.1148          0     12.500  33.753536  1003.3744      1.180      0.020  0.000e+00
      1.175    30.6925   2.025121    10.7197     2.3855     1.1354          0     12.750  33.753539  1003.4131      1.169      0.024  0.000e+00
      1.164    30.6927   2.029789    10.7465     2.3546     1.1339          0     13.000  33.753542  1003.4329      1.158      0.011  0.000e+00
      1.175    30.6936   2.027164    10.7312     2.3346     1.1324          0     13.250  33.753545  1003.4213      1.169     -0.002  0.000e+00
      1.218    30.6916   2.018723    10.6830     2.3165     1.1377          0     13.500  33.753547  1003.3863      1.212     -0.003  0.000e+00
      1.240    30.6882   2.022294    10.7043     2.3042     1.1538          0     13.750  33.753550  1003.4033      1.233      0.005  0.000e+00
      1.251    30.6867   2.029207    10.7445     2.2789     1.1606          0     14.000  33.753553  1003.4337      1.244      0.022  0.000e+00
      1.208    30.6876   2.034522    10.7749     2.2676     1.1606          0     14.250  33.753556  1003.4558      1.201      0.025  0.000e+00
      1.164    30.6892   2.048522    10.8553     2.2490     1.1538          0     14.500  33.753559  1003.5148      1.158      0.016  0.000e+00
      1.164    30.6910   2.055794    10.8969     2.2363     1.1347          0     14.750  33.753562  1003.5450      1.158      0.003  0.000e+00
      1.197    30.6909   2.058667    10.9135     2.2266     1.1263          0     15.000  33.753565  1003.5575      1.190     -0.003  0.000e+00
      1.197    30.6880   2.060049    10.9221     2.2222     1.1316          0     15.250  33.753568  1003.5648      1.190     -0.015  0.000e+00
      1.218    30.6844   2.059381    10.9191     2.2093     1.1354          0     15.500  33.753571  1003.5638      1.212     -0.019  0.000e+00
      1.218    30.6823   2.064625    10.9498     2.2018     1.1454          0     15.750  33.753573  1003.5873      1.212     -0.012  0.000e+00
      1.197    30.6834   2.070707    10.9847     2.1961     1.1576          0     16.000  33.753576  1003.6128      1.190     -0.003  0.000e+00
      1.175    30.6843   2.072805    10.9966     2.1850     1.1553          0     16.250  33.753579  1003.6212      1.169      0.007  0.000e+00
      1.186    30.6852   2.073135    10.9984     2.1785     1.1583          0     16.500  33.753582  1003.6223      1.179      0.009  0.000e+00
      1.207    30.6855   2.073510    11.0004     2.1705     1.1553          0     16.750  33.753585  1003.6238      1.201      0.005  0.000e+00
      1.208    30.6846   2.071998    10.9919     2.1614     1.1415          0     17.000  33.753588  1003.6177      1.201     -0.002  0.000e+00
      1.219    30.6842   2.072625    10.9956     2.1489     1.1454          0     17.250  33.753591  1003.6207      1.212      0.001  0.000e+00
      1.219    30.6847   2.078607    11.0301     2.1443     1.1438          0     17.500  33.753594  1003.6461      1.212      0.004  0.000e+00
      1.208    30.6847   2.081739    11.0482     2.1331     1.1431          0     17.750  33.753597  1003.6595      1.201      0.009  0.000e+00
      1.208    30.6846   2.083362    11.0576     2.1273     1.1400          0     18.000  33.753600  1003.6665      1.201      0.015  0.000e+00
      1.219    30.6841   2.083022    11.0557     2.1192     1.1438          0     18.250  33.753602  1003.6653      1.212      0.017  0.000e+00
      1.208    30.6822   2.083094    11.0566     2.0931     1.1393          0     18.500  33.753605  1003.6665      1.201      0.007  0.000e+00
      1.219    30.6811   2.085434    11.0703     2.0812     1.1461          0     18.750  33.753608  1003.6771      1.212      0.002  0.000e+00
      1.219    30.6810   2.089116    11.0917     2.0723     1.1415          0     19.000  33.753611  1003.6930      1.212      0.002  0.000e+00
      1.197    30.6812   2.090489    11.0996     2.0659     1.1415          0     19.250  33.753614  1003.6987      1.191     -0.004  0.000e+00
      1.197    30.6800   2.089560    11.0945     2.0629     1.1370          0     19.500  33.753617  1003.6953      1.191     -0.006  0.000e+00
      1.208    30.6741   2.087569    11.0843     2.0504     1.1408          0     19.750  33.753620  1003.6896      1.201     -0.004  0.000e+00
      1.208    30.6646   2.090726    11.1047     2.0399     1.1423          0     20.000  33.753623  1003.7078      1.201     -0.005  0.000e+00
      1.197    30.6604   2.090112    11.1020     2.0284     1.1652          0     20.250  33.753626  1003.7071      1.191     -0.009  0.000e+00
      1.186    30.6639   2.101639    11.1680     2.0198     1.1698          0     20.500  33.753628  1003.7549      1.180     -0.011  0.000e+00
      1.186    30.6681   2.105269    11.1881     2.0033     1.1705          0     20.750  33.753631  1003.7685      1.180     -0.014  0.000e+00
      1.230    30.6682   2.103459    11.1775     2.0038     1.1644          0     21.000  33.753634  1003.7608      1.223     -0.001  0.000e+00
      1.273    30.6629   2.090107    11.1014     2.0022     1.1438          0     21.250  33.753637  1003.7063      1.266      0.022  0.000e+00
      1.218    30.6557   2.081553    11.0536     1.9968     1.1415          0     21.500  33.753640  1003.6728      1.212      0.021  0.000e+00
      1.186    30.6545   2.092249    11.1157     1.9909     1.1484          0     21.750  33.753643  1003.7192      1.179      0.009  0.000e+00
      1.175    30.6562   2.102146    11.1726     1.9832     1.1469          0     22.000  33.753646  1003.7608      1.169     -0.001  0.000e+00
      1.164    30.6582   2.109936    11.2173     1.9715     1.1599          0     22.250  33.753649  1003.7933      1.158     -0.012  0.000e+00
      1.186    30.6615   2.115446    11.2485     1.9697     1.1553          0     22.500  33.753652  1003.8154      1.180     -0.017  0.000e+00
      1.240    30.6630   2.114213    11.2410     1.9587     1.1553          0     22.750  33.753655  1003.8096      1.233     -0.012  0.000e+00
      1.229    30.6571   2.099748    11.1585     1.9557     1.1538          0     23.000  33.753657  1003.7503      1.222     -0.012  0.000e+00
      1.251    30.6473   2.078798    11.0395     1.9557     1.1644          0     23.250  33.753660  1003.6652      1.244      0.004  0.000e+00
      1.219    30.6450   2.068280    10.9792     1.9537     1.1637          0     23.500  33.753663  1003.6210      1.212      0.025  0.000e+00
      1.186    30.6500   2.069848    10.9871     1.9556     1.1637          0     23.750  33.753666  1003.6252      1.180      0.023  0.000e+00
      1.165    30.6485   2.083115    11.0642     1.9594     1.1705          0     24.000  33.753669  1003.6827      1.158      0.007  0.000e+00
      1.154    30.6321   2.105507    11.1975     1.9499     1.1637          0     24.250  33.753672  1003.7869      1.147     -0.015  0.000e+00
      1.208    30.6244   2.111728    11.2353     1.9526     1.1553          0     24.500  33.753675  1003.8176      1.201     -0.024  0.000e+00
      1.240    30.6219   2.110206    11.2271     1.9621     1.1606          0     24.750  33.753678  1003.8124      1.234     -0.021  0.000e+00
      1.262    30.6183   2.093447    11.1308     1.9539     1.1553          0     25.000  33.753681  1003.7422      1.255      0.003  0.000e+00
      1.262    30.6153   2.086811    11.0930     1.9528     1.1538          0     25.250  33.753683  1003.7151      1.255      0.022  0.000e+00
      1.219    30.6191   2.088147    11.0999     1.9608     1.1766          0     25.500  33.753686  1003.7188      1.212      0.034  0.000e+00
      1.186    30.6232   2.098120    11.1567     1.9420     1.1766          0     25.750  33.753689  1003.7596      1.180      0.029  0.000e+00
      1.143    30.6252   2.111583    11.2343     1.9433     1.1789          0     26.000  33.753692  1003.8163      1.137      0.004  0.000e+00
      1.165    30.6298   2.114446    11.2499     1.9317     1.1789          0     26.250  33.753695  1003.8265      1.158     -0.020  0.000e+00
      1.208    30.6348   2.117638    11.2672     1.9124     1.1476          0     26.500  33.753698  1003.8380      1.202     -0.036  0.000e+00
      1.241    30.6393   2.114363    11.2472     1.9189     1.1469          0     26.750  33.753701  1003.8218      1.234     -0.029  0.000e+00
      1.230    30.6400   2.112416    11.2358     1.9089     1.1385          0     27.000  33.753704  1003.8131      1.223     -0.016  0.000e+00
      1.230    30.6352   2.119934    11.2805     1.8967     1.1461          0     27.250  33.753707  1003.8478      1.223      0.005  0.000e+00
      1.197    30.6341   2.121868    11.2919     1.8818     1.1446          0     27.500  33.753709  1003.8565      1.191      0.019  0.000e+00
