public/post/ctd_rufiji/SBE19plus_01906740_2018_02_13_0901.cnv
* Sea-Bird SBE19plus  Data File:
* FileName = C:\Users\all user\Desktop\CTD tafiri 2018\SBE19plus_01906740_2018_02_13_0901.hex
* Software version 2.6.3.104
* Temperature SN = 6740
* Conductivity SN = 6740
* System UpLoad Time = Feb 13 2018 14:00:43
* <ApplicationData>
* <Seaterm232>
# nquan = 13
# nvalues = 373                                   
# units = specified
# name 0 = prdM: Pressure, Strain Gauge [db]
# name 1 = tv290C: Temperature [ITS-90, deg C]
# name 2 = c0S/m: Conductivity [S/m]
# name 3 = sal00: Salinity, Practical [PSU]
# name 4 = sbeox0ML/L: Oxygen, SBE 43 [ml/l]
# name 5 = flECO-AFL: Fluorescence, WET Labs ECO-AFL/FL [mg/m^3]
# name 6 = nbf: Bottles Fired
# name 7 = timeS: Time, Elapsed [seconds]
# name 8 = timeJ: Julian Days
# name 9 = density00: Density [density, kg/m^3]
# name 10 = depSM: Depth [salt water, m], lat = 0.00
# name 11 = dz/dtM: Descent Rate [m/s]
# name 12 = flag:  0.000e+00
# span 0 =      0.083,      6.710                 
# span 1 =    30.0253,    30.8899                 
# span 2 =   0.020839,   0.330377                 
# span 3 =     0.0930,     1.5290                 
# span 4 =     0.2946,     7.8415                 
# span 5 =    -0.0487,     1.8755                 
# span 6 =          0,          0                 
# span 7 =      0.000,     93.000                 
# span 8 =  33.788935,  33.790012                 
# span 9 =   995.5722,   996.5508                 
# span 10 =      0.082,      6.673                
# span 11 =     -0.685,      0.618                
# span 12 = 0.0000e+00, 0.0000e+00                
# interval = seconds: 0.25
# start_time = Feb 02 2018 18:56:04 [Instrument's time stamp, header]
# bad_flag = -9.990e-29
*END*
      0.569    30.5490   0.274017     1.2633     3.3145     1.5230          0      0.000  33.788935   996.4293      0.566      0.000  0.000e+00
      0.602    30.6123   0.276506     1.2738     3.1508     1.5184          0      0.250  33.788938   996.4178      0.598      0.009  0.000e+00
      0.612    30.6635   0.277296     1.2763     3.0625     1.5284          0      0.500  33.788941   996.4039      0.609      0.018  0.000e+00
      0.623    30.7002   0.278120     1.2794     3.0628     1.5184          0      0.750  33.788944   996.3949      0.620      0.027  0.000e+00
      0.612    30.7259   0.278583     1.2810     3.1010     1.7275          0      1.000  33.788947   996.3881      0.609      0.030  0.000e+00
      0.645    30.7436   0.278887     1.2820     3.1223     1.7305          0      1.250  33.788950   996.3836      0.641      0.039  0.000e+00
      0.634    30.7567   0.279091     1.2827     3.1078     1.7214          0      1.500  33.788953   996.3799      0.630      0.040  0.000e+00
      0.656    30.7647   0.279124     1.2826     3.0574     1.7305          0      1.750  33.788955   996.3775      0.652      0.042  0.000e+00
      0.656    30.7689   0.279050     1.2822     2.9849     1.7420          0      2.000  33.788958   996.3759      0.652      0.038  0.000e+00
      0.656    30.7703   0.278627     1.2801     2.9136     1.7389          0      2.250  33.788961   996.3739      0.652      0.029  0.000e+00
      0.666    30.7687   0.278483     1.2794     2.7947     1.7405          0      2.500  33.788964   996.3739      0.663      0.027  0.000e+00
      0.656    30.7576   0.278627     1.2804     2.6721     1.7374          0      2.750  33.788967   996.3780      0.652      0.022  0.000e+00
      0.666    30.7446   0.279077     1.2829     2.5604     1.7412          0      3.000  33.788970   996.3840      0.663      0.021  0.000e+00
      0.699    30.7430   0.278133     1.2784     2.4926     1.7397          0      3.250  33.788973   996.3812      0.695      0.022  0.000e+00
      0.785    30.7512   0.278620     1.2805     2.4383     1.7412          0      3.500  33.788976   996.3807      0.781      0.050  0.000e+00
      0.796    30.7641   0.278577     1.2800     2.4087     1.7435          0      3.750  33.788979   996.3764      0.792      0.069  0.000e+00
      0.807    30.7747   0.279331     1.2834     2.3825     1.7389          0      4.000  33.788981   996.3757      0.803      0.087  0.000e+00
      0.850    30.7805   0.280199     1.2874     2.3631     1.7466          0      4.250  33.788984   996.3771      0.846      0.107  0.000e+00
      0.861    30.7842   0.279357     1.2833     2.3530     1.7389          0      4.500  33.788987   996.3729      0.856      0.116  0.000e+00
      0.840    30.7859   0.278907     1.2810     2.3395     1.7420          0      4.750  33.788990   996.3706      0.835      0.110  0.000e+00
      0.850    30.7826   0.278503     1.2792     2.3617     1.7359          0      5.000  33.788993   996.3703      0.846      0.091  0.000e+00
      0.840    30.7637   0.278277     1.2786     2.3521     1.7244          0      5.250  33.788996   996.3756      0.835      0.060  0.000e+00
      0.829    30.7392   0.278053     1.2781     2.3433     1.7252          0      5.500  33.788999   996.3828      0.824      0.025  0.000e+00
      0.829    30.7126   0.277903     1.2780     2.3165     1.7252          0      5.750  33.789002   996.3910      0.824      0.011  0.000e+00
      0.839    30.6760   0.277786     1.2784     2.2968     1.7260          0      6.000  33.789005   996.4026      0.835     -0.000  0.000e+00
      0.861    30.6419   0.277846     1.2795     2.2747     1.7260          0      6.250  33.789008   996.4141      0.856     -0.004  0.000e+00
      0.872    30.6218   0.278157     1.2816     2.2433     1.7275          0      6.500  33.789010   996.4219      0.867      0.005  0.000e+00
      0.883    30.6126   0.278510     1.2835     2.2092     1.7283          0      6.750  33.789013   996.4262      0.878      0.019  0.000e+00
      0.915    30.6161   0.279691     1.2892     2.1684     1.7305          0      7.000  33.789016   996.4295      0.910      0.034  0.000e+00
      1.013    30.6476   0.279691     1.2884     6.6266     1.7336          0      7.250  33.789019   996.4196      1.007      0.073  0.000e+00
      1.045    30.6855   0.278817     1.2832     6.3814     1.7427          0      7.500  33.789022   996.4042      1.039      0.106  0.000e+00
      1.056    30.7110   0.279301     1.2849     6.0642     1.7328          0      7.750  33.789025   996.3976      1.050      0.125  0.000e+00
      1.034    30.7230   0.279561     1.2858     4.7971     1.7313          0      8.000  33.789028   996.3945      1.028      0.123  0.000e+00
      1.066    30.7304   0.280506     1.2902     3.6790     1.7397          0      8.250  33.789031   996.3956      1.061      0.119  0.000e+00
      1.077    30.7389   0.280739     1.2911     2.8724     1.7313          0      8.500  33.789034   996.3937      1.071      0.110  0.000e+00
      1.099    30.7451   0.280916     1.2918     2.1522     1.7382          0      8.750  33.789036   996.3924      1.093      0.096  0.000e+00
      1.110    30.7522   0.280452     1.2894     1.5423     1.7412          0      9.000  33.789039   996.3884      1.104      0.074  0.000e+00
      1.120    30.7569   0.279371     1.2840     0.8984     1.7344          0      9.250  33.789042   996.3830      1.114      0.050  0.000e+00
      1.121    30.7609   0.278810     1.2812     1.3301     1.7267          0      9.500  33.789045   996.3797      1.114      0.045  0.000e+00
      1.110    30.7469   0.278457     1.2799     1.8052     1.7305          0      9.750  33.789048   996.3830      1.104      0.041  0.000e+00
      1.142    30.7122   0.278126     1.2791     2.1493     1.7260          0     10.000  33.789051   996.3933      1.136      0.045  0.000e+00
      1.142    30.6561   0.277923     1.2796     2.3240     1.7260          0     10.250  33.789054   996.4110      1.136      0.035  0.000e+00
      1.142    30.5927   0.277813     1.2806     2.8363     1.7000          0     10.500  33.789057   996.4314      1.136      0.030  0.000e+00
      1.131    30.5406   0.277670     1.2813     2.8902     1.6985          0     10.750  33.789060   996.4479      1.125      0.019  0.000e+00
      1.121    30.5075   0.277546     1.2815     2.7540     1.7000          0     11.000  33.789063   996.4582      1.114      0.010  0.000e+00
      1.121    30.4912   0.277493     1.2816     2.3862     1.7061          0     11.250  33.789065   996.4633      1.114      0.003  0.000e+00
      1.131    30.4829   0.278040     1.2845     2.7145     1.7107          0     11.500  33.789068   996.4681      1.125      0.001  0.000e+00
      1.142    30.4753   0.278934     1.2891     2.5408     1.7183          0     11.750  33.789071   996.4738      1.136      0.002  0.000e+00
      1.132    30.4706   0.278764     1.2884     2.3999     1.7168          0     12.000  33.789074   996.4747      1.125     -0.005  0.000e+00
      1.142    30.4934   0.279404     1.2909     2.2632     1.7099          0     12.250  33.789077   996.4696      1.136      0.000  0.000e+00
      1.153    30.5419   0.279398     1.2896     2.1366     1.7099          0     12.500  33.789080   996.4538      1.147      0.008  0.000e+00
      1.153    30.5845   0.278120     1.2823     2.1632     1.7260          0     12.750  33.789083   996.4352      1.147      0.015  0.000e+00
      1.121    30.6120   0.277643     1.2793     2.2251     1.7260          0     13.000  33.789086   996.4243      1.115      0.010  0.000e+00
      1.121    30.6005   0.277563     1.2792     1.7040     1.7275          0     13.250  33.789089   996.4278      1.115      0.001  0.000e+00
      1.132    30.5655   0.278127     1.2828     1.1625     1.7214          0     13.500  33.789091   996.4414      1.126     -0.005  0.000e+00
      1.164    30.5383   0.278981     1.2877     0.9687     1.7031          0     13.750  33.789094   996.4535      1.158      0.001  0.000e+00
      1.143    30.5275   0.279528     1.2906     0.9748     1.7046          0     14.000  33.789097   996.4589      1.136      0.002  0.000e+00
      1.154    30.5343   0.279998     1.2927     1.0219     1.7084          0     14.250  33.789100   996.4585      1.147      0.003  0.000e+00
      1.164    30.5533   0.280806     1.2962     1.0868     1.7077          0     14.500  33.789103   996.4552      1.158      0.009  0.000e+00
      1.132    30.5886   0.282941     1.3057     1.2381     1.6871          0     14.750  33.789106   996.4513      1.126      0.008  0.000e+00
      1.132    30.6326   0.284258     1.3109     1.4326     1.6924          0     15.000  33.789109   996.4416      1.126      0.009  0.000e+00
      1.164    30.6675   0.282974     1.3038     1.6702     1.6932          0     15.250  33.789112   996.4256      1.158      0.009  0.000e+00
      1.153    30.6863   0.280225     1.2900     1.8160     1.6871          0     15.500  33.789115   996.4095      1.147      0.003  0.000e+00
      1.175    30.7038   0.279137     1.2842     1.8797     1.6909          0     15.750  33.789117   996.3999      1.169      0.004  0.000e+00
      1.175    30.6914   0.278707     1.2825     1.8860     1.6909          0     16.000  33.789120   996.4024      1.168      0.014  0.000e+00
      1.175    30.6606   0.278607     1.2828     1.8904     1.6886          0     16.250  33.789123   996.4121      1.168      0.015  0.000e+00
      1.197    30.6323   0.278600     1.2834     1.9288     1.6909          0     16.500  33.789126   996.4215      1.190      0.024  0.000e+00
      1.175    30.5949   0.278400     1.2834     1.9884     1.6855          0     16.750  33.789129   996.4329      1.168      0.027  0.000e+00
      1.099    30.5351   0.278570     1.2858     2.0066     1.7244          0     17.000  33.789132   996.4528      1.093     -0.001  0.000e+00
      1.099    30.4687   0.278727     1.2882     2.0074     1.7237          0     17.250  33.789135   996.4751      1.093     -0.027  0.000e+00
      1.142    30.4223   0.279658     1.2940     2.0099     1.7260          0     17.500  33.789138   996.4938      1.136     -0.028  0.000e+00
      1.164    30.3978   0.280546     1.2989     2.0254     1.7214          0     17.750  33.789141   996.5051      1.158     -0.026  0.000e+00
      1.196    30.3945   0.280423     1.2984     2.0304     1.7160          0     18.000  33.789144   996.5059      1.190     -0.009  0.000e+00
      1.186    30.4331   0.280416     1.2974     2.0278     1.7122          0     18.250  33.789146   996.4932      1.179      0.004  0.000e+00
      1.186    30.4890   0.279898     1.2934     2.0100     1.7160          0     18.500  33.789149   996.4730      1.179      0.017  0.000e+00
      1.175    30.5277   0.279254     1.2893     1.9991     1.7160          0     18.750  33.789152   996.4580      1.168      0.032  0.000e+00
      1.142    30.5540   0.279194     1.2883     1.9939     1.7260          0     19.000  33.789155   996.4490      1.136      0.034  0.000e+00
      1.164    30.5653   0.279625     1.2901     1.9819     1.7260          0     19.250  33.789158   996.4470      1.157      0.018  0.000e+00
      1.164    30.5586   0.280165     1.2929     1.9493     1.7176          0     19.500  33.789161   996.4512      1.157     -0.002  0.000e+00
      1.185    30.5633   0.280232     1.2931     1.8989     1.7267          0     19.750  33.789164   996.4500      1.179     -0.007  0.000e+00
      1.207    30.5686   0.279768     1.2907     1.8273     1.7199          0     20.000  33.789167   996.4466      1.200     -0.001  0.000e+00
      1.185    30.5713   0.279137     1.2876     1.7843     1.7504          0     20.250  33.789170   996.4434      1.179      0.007  0.000e+00
      1.153    30.5716   0.278881     1.2864     1.7660     1.7443          0     20.500  33.789172   996.4422      1.147      0.004  0.000e+00
      1.110    30.5318   0.278790     1.2869     1.7735     1.7511          0     20.750  33.789175   996.4547      1.104     -0.009  0.000e+00
      1.153    30.4847   0.278994     1.2891     1.7735     1.7527          0     21.000  33.789178   996.4710      1.147     -0.009  0.000e+00
      1.164    30.4472   0.279651     1.2933     1.7912     1.7229          0     21.250  33.789181   996.4857      1.157     -0.016  0.000e+00
      1.164    30.4317   0.280102     1.2959     1.8013     1.7252          0     21.500  33.789184   996.4924      1.157     -0.017  0.000e+00
      1.175    30.4320   0.279605     1.2934     1.8219     1.7305          0     21.750  33.789187   996.4906      1.168     -0.014  0.000e+00
      1.185    30.4399   0.279001     1.2903     1.8326     1.7305          0     22.000  33.789190   996.4858      1.179     -0.003  0.000e+00
      1.153    30.4442   0.278714     1.2888     1.8584     1.7389          0     22.250  33.789193   996.4832      1.147      0.007  0.000e+00
      1.142    30.4156   0.278777     1.2898     1.8702     1.7336          0     22.500  33.789196   996.4928      1.136      0.011  0.000e+00
      1.131    30.3719   0.279268     1.2933     1.8746     1.7366          0     22.750  33.789198   996.5087      1.125      0.004  0.000e+00
      1.142    30.3441   0.279638     1.2959     1.8766     1.7405          0     23.000  33.789201   996.5192      1.136     -0.014  0.000e+00
      1.185    30.3363   0.279932     1.2975     1.8826     1.7359          0     23.250  33.789204   996.5230      1.179     -0.007  0.000e+00
      1.175    30.3502   0.279848     1.2967     1.8873     1.7374          0     23.500  33.789207   996.5181      1.168     -0.002  0.000e+00
      1.164    30.3786   0.279455     1.2941     1.8718     1.7397          0     23.750  33.789210   996.5074      1.157     -0.001  0.000e+00
      1.142    30.3929   0.279151     1.2922     1.8733     1.7366          0     24.000  33.789213   996.5015      1.136     -0.001  0.000e+00
      1.142    30.3958   0.279104     1.2919     1.8778     1.7344          0     24.250  33.789216   996.5004      1.136      0.004  0.000e+00
      1.142    30.3869   0.279398     1.2936     1.8703     1.7115          0     24.500  33.789219   996.5044      1.136      0.001  0.000e+00
      1.142    30.3743   0.279952     1.2966     1.8772     1.7160          0     24.750  33.789222   996.5105      1.136     -0.005  0.000e+00
      1.164    30.3864   0.280122     1.2971     1.8672     1.7107          0     25.000  33.789225   996.5073      1.157     -0.009  0.000e+00
      1.164    30.4258   0.279515     1.2932     1.8658     1.7153          0     25.250  33.789227   996.4922      1.158     -0.011  0.000e+00
      1.164    30.4639   0.278851     1.2890     1.8593     1.7260          0     25.500  33.789230   996.4773      1.158      0.000  0.000e+00
      1.164    30.4604   0.278784     1.2887     1.8521     1.7191          0     25.750  33.789233   996.4782      1.158      0.009  0.000e+00
      1.132    30.3911   0.278864     1.2909     1.8650     1.7199          0     26.000  33.789236   996.5010      1.125      0.006  0.000e+00
      1.121    30.3253   0.279294     1.2947     1.8727     1.7214          0     26.250  33.789239   996.5240      1.115     -0.005  0.000e+00
      1.153    30.2910   0.279515     1.2966     1.8894     1.7229          0     26.500  33.789242   996.5361      1.147     -0.006  0.000e+00
      1.153    30.2889   0.279481     1.2965     1.9179     1.7244          0     26.750  33.789245   996.5366      1.147     -0.007  0.000e+00
      1.143    30.3222   0.279371     1.2951     1.9307     1.7275          0     27.000  33.789248   996.5253      1.136     -0.012  0.000e+00
      1.153    30.3620   0.279168     1.2931     1.9333     1.7214          0     27.250  33.789251   996.5117      1.147     -0.007  0.000e+00
      1.164    30.3855   0.279038     1.2919     1.9512     1.7382          0     27.500  33.789253   996.5036      1.158      0.001  0.000e+00
