public/post/ctd_rufiji/SBE19plus_01906740_2018_02_13_0894.cnv
* Sea-Bird SBE19plus  Data File:
* FileName = C:\Users\all user\Desktop\CTD tafiri 2018\SBE19plus_01906740_2018_02_13_0894.hex
* Software version 2.6.3.104
* Temperature SN = 6740
* Conductivity SN = 6740
* System UpLoad Time = Feb 13 2018 13:59:25
* <ApplicationData>
* <Seaterm232>
# nquan = 13
# nvalues = 327                                   
# units = specified
# name 0 = prdM: Pressure, Strain Gauge [db]
# name 1 = tv290C: Temperature [ITS-90, deg C]
# name 2 = c0S/m: Conductivity [S/m]
# name 3 = sal00: Salinity, Practical [PSU]
# name 4 = sbeox0ML/L: Oxygen, SBE 43 [ml/l]
# name 5 = flECO-AFL: Fluorescence, WET Labs ECO-AFL/FL [mg/m^3]
# name 6 = nbf: Bottles Fired
# name 7 = timeS: Time, Elapsed [seconds]
# name 8 = timeJ: Julian Days
# name 9 = density00: Density [density, kg/m^3]
# name 10 = depSM: Depth [salt water, m], lat = 0.00
# name 11 = dz/dtM: Descent Rate [m/s]
# name 12 = flag:  0.000e+00
# span 0 =      0.051,      2.603                 
# span 1 =    28.8535,    30.8383                 
# span 2 =   0.000735,   2.034368                 
# span 3 =     0.0143,    10.7483                 
# span 4 =     1.3862,     7.7525                 
# span 5 =    -0.0471,     2.0594                 
# span 6 =          0,          0                 
# span 7 =      0.000,     81.500                 
# span 8 =  33.762616,  33.763559                 
# span 9 =   995.8707,  1003.4039                 
# span 10 =      0.051,      2.588                
# span 11 =     -0.433,      0.394                
# span 12 = 0.0000e+00, 0.0000e+00                
# interval = seconds: 0.25
# start_time = Feb 02 2018 18:18:10 [Instrument's time stamp, header]
# bad_flag = -9.990e-29
*END*
[from data line 223]
      1.316    30.2444   1.780985     9.4067     2.1702     1.3704          0     55.750  33.763261  1002.5815      1.309      0.203  0.000e+00
      1.381    30.2429   1.780995     9.4071     2.0417     1.3765          0     56.000  33.763264  1002.5825      1.373      0.224  0.000e+00
      1.489    30.2432   1.781455     9.4096     2.1553     1.3613          0     56.250  33.763267  1002.5848      1.481      0.255  0.000e+00
      1.575    30.2457   1.781925     9.4119     1.9220     1.3712          0     56.500  33.763270  1002.5860      1.567      0.290  0.000e+00
      1.683    30.2654   1.782341     9.4105     1.7409     1.3636          0     56.750  33.763273  1002.5793      1.674      0.321  0.000e+00
      1.792    30.3006   1.782801     9.4064     1.7648     1.3712          0     57.000  33.763275  1002.5657      1.782      0.350  0.000e+00
      1.911    30.3375   1.783878     9.4056     2.3143     1.3628          0     57.250  33.763278  1002.5539      1.900      0.378  0.000e+00
      1.997    30.3685   1.784412     9.4027     2.2363     1.4414          0     57.500  33.763281  1002.5424      1.986      0.394  0.000e+00
      2.051    30.3999   1.784407     9.3968     2.0329     1.4444          0     57.750  33.763284  1002.5283      2.040      0.390  0.000e+00
      2.094    30.4249   1.784103     9.3903     1.5396     1.4429          0     58.000  33.763287  1002.5158      2.083      0.374  0.000e+00
      2.137    30.4441   1.783173     9.3813     1.5910     1.4383          0     58.250  33.763290  1002.5032      2.125      0.339  0.000e+00
      2.224    30.4573   1.781797     9.3710     1.9427     1.6588          0     58.500  33.763293  1002.4918      2.211      0.313  0.000e+00
      2.343    30.4660   1.783040     9.3764     1.8753     1.6680          0     58.750  33.763296  1002.4935      2.330      0.299  0.000e+00
      2.429    30.4742   1.788288     9.4048     1.9770     1.6687          0     59.000  33.763299  1002.5125      2.416      0.292  0.000e+00
      2.472    30.4923   1.800845     9.4731     1.4037     1.6733          0     59.250  33.763302  1002.5576      2.459      0.284  0.000e+00
      2.472    30.5515   1.832631     9.6434     1.4517     1.8496          0     59.500  33.763304  1002.6652      2.459      0.269  0.000e+00
      2.440    30.6246   1.853854     9.7505     1.5415     1.8427          0     59.750  33.763307  1002.7213      2.427      0.238  0.000e+00
      2.440    30.6754   1.862300     9.7888     1.6903     1.8564          0     60.000  33.763310  1002.7335      2.427      0.195  0.000e+00
      2.494    30.7054   1.837325     9.6404     1.7874     1.8442          0     60.250  33.763313  1002.6141      2.480      0.154  0.000e+00
      2.505    30.7230   1.816192     9.5166     1.9242     1.8869          0     60.500  33.763316  1002.5166      2.491      0.104  0.000e+00
      2.526    30.7363   1.810781     9.4832     2.5054     1.8816          0     60.750  33.763319  1002.4878      2.512      0.065  0.000e+00
      2.559    30.7332   1.802352     9.4359     2.2806     1.8847          0     61.000  33.763322  1002.4538      2.545      0.053  0.000e+00
      2.537    30.7039   1.803222     9.4464     2.1193     1.8862          0     61.250  33.763325  1002.4708      2.523      0.050  0.000e+00
      2.548    30.6780   1.894386     9.9717     2.0847     1.8877          0     61.500  33.763328  1002.8688      2.534      0.058  0.000e+00
      2.526    30.6762   2.006731    10.6171     2.2354     1.8717          0     61.750  33.763330  1003.3481      2.513      0.054  0.000e+00
      2.527    30.7211   2.015934    10.6605     2.1813     1.8633          0     62.000  33.763333  1003.3660      2.513      0.036  0.000e+00
      2.548    30.7622   2.013997    10.6405     2.3782     1.8709          0     62.250  33.763336  1003.3381      2.534      0.018  0.000e+00
      2.537    30.7869   2.024396    10.6950     2.5569     1.8717          0     62.500  33.763339  1003.3706      2.523      0.008  0.000e+00
      2.548    30.7999   2.031572    10.7335     2.2480     1.8824          0     62.750  33.763342  1003.3950      2.534      0.001  0.000e+00
      2.537    30.8061   2.034368    10.7483     2.1998     1.8847          0     63.000  33.763345  1003.4039      2.523     -0.004  0.000e+00
      2.537    30.8089   2.029656    10.7206     2.1480     1.8824          0     63.250  33.763348  1003.3825      2.523      0.001  0.000e+00
      2.527    30.8103   2.024983    10.6934     2.2611     1.8877          0     63.500  33.763351  1003.3618      2.513     -0.002  0.000e+00
      2.548    30.8115   2.025703    10.6973     2.3196     1.9075          0     63.750  33.763354  1003.3644      2.534      0.004  0.000e+00
      2.559    30.8117   2.024294    10.6891     2.1123     1.9060          0     64.000  33.763356  1003.3584      2.545      0.007  0.000e+00
      2.559    30.8121   2.026796    10.7034     2.1130     1.9068          0     64.250  33.763359  1003.3688      2.545      0.007  0.000e+00
      2.570    30.8119   2.028532    10.7135     1.8526     1.9091          0     64.500  33.763362  1003.3764      2.556      0.015  0.000e+00
      2.559    30.8120   2.025024    10.6933     2.0706     1.9358          0     64.750  33.763365  1003.3613      2.545      0.015  0.000e+00
      2.581    30.8121   2.019544    10.6617     1.9653     1.9327          0     65.000  33.763368  1003.3380      2.567      0.023  0.000e+00
      2.570    30.8126   2.017937    10.6524     2.0875     1.9320          0     65.250  33.763371  1003.3308      2.556      0.022  0.000e+00
      2.581    30.8130   2.020666    10.6680     1.6904     1.9365          0     65.500  33.763374  1003.3424      2.567      0.022  0.000e+00
      2.570    30.8127   2.024483    10.6900     2.1747     1.9411          0     65.750  33.763377  1003.3587      2.556      0.012  0.000e+00
      2.603    30.8121   2.020635    10.6680     2.2128     2.0334          0     66.000  33.763380  1003.3427      2.588      0.016  0.000e+00
      2.592    30.8117   2.018722    10.6571     2.4018     2.0235          0     66.250  33.763383  1003.3348      2.578      0.017  0.000e+00
      2.516    30.8122   2.017106    10.6477     2.3180     2.0319          0     66.500  33.763385  1003.3273      2.502     -0.005  0.000e+00
      2.430    30.8125   2.019834    10.6633     2.3426     2.0365          0     66.750  33.763388  1003.3384      2.416     -0.043  0.000e+00
      2.311    30.8121   2.020681    10.6683     2.3488     2.0594          0     67.000  33.763391  1003.3417      2.298     -0.107  0.000e+00
      2.224    30.8113   2.016066    10.6420     2.5034     2.0586          0     67.250  33.763394  1003.3220      2.212     -0.171  0.000e+00
      2.170    30.8109   2.016963    10.6472     2.5618     2.0578          0     67.500  33.763397  1003.3258      2.158     -0.228  0.000e+00
      2.170    30.8111   2.017376    10.6495     2.4159     2.0578          0     67.750  33.763400  1003.3274      2.158     -0.256  0.000e+00
      2.181    30.8116   2.017208    10.6485     2.4267     1.9343          0     68.000  33.763403  1003.3266      2.169     -0.257  0.000e+00
      2.159    30.8122   2.018121    10.6536     2.3364     1.9465          0     68.250  33.763406  1003.3301      2.148     -0.226  0.000e+00
      2.138    30.8127   2.017861    10.6520     2.2813     1.9304          0     68.500  33.763409  1003.3286      2.126     -0.176  0.000e+00
      2.138    30.8131   2.016831    10.6460     2.1037     1.9274          0     68.750  33.763411  1003.3241      2.126     -0.120  0.000e+00
      2.084    30.8134   2.008140    10.5960     2.0807     1.9343          0     69.000  33.763414  1003.2866      2.072     -0.083  0.000e+00
      1.986    30.8138   2.002090    10.5612     2.0908     1.8450          0     69.250  33.763417  1003.2602      1.975     -0.088  0.000e+00
      1.867    30.8143   2.003804    10.5709     2.2451     1.8496          0     69.500  33.763420  1003.2668      1.857     -0.132  0.000e+00
      1.824    30.8145   2.002166    10.5615     2.3798     1.8534          0     69.750  33.763423  1003.2596      1.814     -0.182  0.000e+00
      1.856    30.8147   1.985944    10.4683     2.2839     1.8427          0     70.000  33.763426  1003.1905      1.846     -0.200  0.000e+00
      1.889    30.8154   1.958668    10.3118     2.3942     1.6214          0     70.250  33.763429  1003.0743      1.878     -0.185  0.000e+00
      1.835    30.8171   1.951463    10.2702     2.3881     1.6199          0     70.500  33.763432  1003.0427      1.825     -0.172  0.000e+00
      1.727    30.8190   1.935449    10.1782     2.4114     1.6146          0     70.750  33.763435  1002.9733      1.717     -0.173  0.000e+00
      1.608    30.8205   1.913408    10.0519     2.3917     1.6230          0     71.000  33.763438  1002.8787      1.599     -0.179  0.000e+00
      1.489    30.8227   1.903731     9.9962     2.3498     1.5116          0     71.250  33.763440  1002.8361      1.481     -0.199  0.000e+00
      1.381    30.8244   1.889573     9.9151     2.3182     1.5085          0     71.500  33.763443  1002.7749      1.373     -0.241  0.000e+00
      1.262    30.8267   1.876047     9.8375     2.2722     1.5162          0     71.750  33.763446  1002.7161      1.255     -0.314  0.000e+00
      1.219    30.8290   1.862076     9.7574     2.3878     1.5055          0     72.000  33.763449  1002.6558      1.212     -0.372  0.000e+00
      1.208    30.8310   1.859792     9.7440     2.3566     1.3918          0     72.250  33.763452  1002.6452      1.201     -0.382  0.000e+00
      1.229    30.8326   1.851116     9.6943     2.4437     1.3895          0     72.500  33.763455  1002.6079      1.223     -0.332  0.000e+00
      1.186    30.8344   1.840302     9.6324     2.2287     1.3880          0     72.750  33.763458  1002.5612      1.180     -0.268  0.000e+00
      1.089    30.8363   1.842098     9.6423     2.1373     1.3895          0     73.000  33.763461  1002.5675      1.083     -0.223  0.000e+00
      0.991    30.8367   1.839471     9.6273     2.1976     1.3872          0     73.250  33.763464  1002.5559      0.986     -0.200  0.000e+00
      0.883    30.8363   1.833138     9.5914     2.4473     1.4017          0     73.500  33.763466  1002.5288      0.879     -0.205  0.000e+00
      0.808    30.8367   1.829853     9.5726     2.6603     1.4002          0     73.750  33.763469  1002.5145      0.803     -0.226  0.000e+00
      0.700    30.8373   1.818088     9.5057     3.3864     1.4040          0     74.000  33.763472  1002.4641      0.696     -0.278  0.000e+00
      0.635    30.8383   1.798942     9.3968     3.4403     1.3971          0     74.250  33.763475  1002.3828      0.631     -0.323  0.000e+00
      0.613    30.8367   1.730132     9.0075     2.7845     1.3796          0     74.500  33.763478  1002.0944      0.610     -0.339  0.000e+00
      0.646    30.8280   1.689910     8.7820     2.7244     1.3681          0     74.750  33.763481  1001.9301      0.642     -0.299  0.000e+00
      0.678    30.8188   1.693821     8.8057     2.3540     1.3742          0     75.000  33.763484  1001.9507      0.674     -0.226  0.000e+00
      0.765    30.8156   1.706653     8.8786     2.2777     1.3781          0     75.250  33.763487  1002.0062      0.760     -0.129  0.000e+00
      0.765    30.8174   1.710702     8.9012     2.3825     1.3338          0     75.500  33.763490  1002.0224      0.760     -0.042  0.000e+00
      0.743    30.8198   1.712747     8.9123     1.7370     1.3330          0     75.750  33.763492  1002.0298      0.739      0.017  0.000e+00
      0.721    30.8232   1.710900     8.9013     1.8144     1.3292          0     76.000  33.763495  1002.0204      0.717      0.055  0.000e+00
      0.721    30.8251   1.679318     8.7228     1.9840     1.3254          0     76.250  33.763498  1001.8874      0.717      0.063  0.000e+00
      0.721    30.8198   1.652122     8.5706     2.1508     1.2720          0     76.500  33.763501  1001.7762      0.717      0.048  0.000e+00
      0.786    30.8127   1.663263     8.6345     2.2700     1.2842          0     76.750  33.763504  1001.8262      0.782      0.037  0.000e+00
      0.829    30.8101   1.658633     8.6089     2.3339     1.2766          0     77.000  33.763507  1001.8082      0.825      0.037  0.000e+00
      0.829    30.8084   1.652212     8.5731     2.4880     1.2804          0     77.250  33.763510  1001.7821      0.825      0.036  0.000e+00
      0.808    30.8067   1.670210     8.6747     2.9010     1.2712          0     77.500  33.763513  1001.8580      0.803      0.048  0.000e+00
      0.754    30.8070   1.665559     8.6484     2.8118     1.2743          0     77.750  33.763516  1001.8382      0.749      0.042  0.000e+00
      0.710    30.8053   1.653403     8.5803     2.3968     1.2766          0     78.000  33.763519  1001.7880      0.706      0.018  0.000e+00
      0.559    30.8012   1.608607     8.3292     2.6627     1.2781          0     78.250  33.763521  1001.6023      0.556     -0.051  0.000e+00
      0.408    30.7923   1.568922     8.1083     2.9994     1.2751          0     78.500  33.763524  1001.4406      0.405     -0.150  0.000e+00
      0.289    30.7787   1.524256     7.8607     3.1194     1.4589          0     78.750  33.763527  1001.2607      0.287     -0.259  0.000e+00
      0.127    30.7616   1.499002     7.7224     2.1194     1.4574          0     79.000  33.763530  1001.1628      0.126     -0.362  0.000e+00
      0.062    30.7443   1.415501     7.2606     1.9481     1.4597          0     79.250  33.763533  1000.8253      0.061     -0.423  0.000e+00
      0.062    30.7300   0.284100     1.3077     1.9484     1.4544          0     79.500  33.763536   996.4043      0.061     -0.433  0.000e+00
      0.051    30.7106   0.239709     1.0939     1.5953     0.2878          0     79.750  33.763539   996.2507      0.051     -0.402  0.000e+00
      0.062    30.6596   0.271987     1.2507     1.5509     0.2817          0     80.000  33.763542   996.3836      0.062     -0.336  0.000e+00
      0.073    30.5961   0.232293     1.0607     1.3862     0.2848          0     80.250  33.763545   996.2614      0.072     -0.235  0.000e+00
      0.073    30.5396   0.237439     1.0866     1.4047     0.2848          0     80.500  33.763547   996.2982      0.072     -0.142  0.000e+00
      0.062    30.4889   0.212617     0.9686     1.6315    -0.0113          0     80.750  33.763550   996.2256      0.061     -0.070  0.000e+00
      0.073    30.4448   0.178827     0.8086     1.9690    -0.0181          0     81.000  33.763553   996.1196      0.072     -0.011  0.000e+00
      0.083    30.4106   0.153299     0.6889     2.1367    -0.0166          0     81.250  33.763556   996.0406      0.083      0.010  0.000e+00
      0.073    30.3797   0.168828     0.7624     2.2522    -0.0181          0     81.500  33.763559   996.1050      0.072      0.010  0.000e+00
