public/post/ctd_rufiji/SBE19plus_01906740_2018_02_13_0905.cnv
* Sea-Bird SBE19plus  Data File:
* FileName = C:\Users\all user\Desktop\CTD tafiri 2018\SBE19plus_01906740_2018_02_13_0905.hex
* Software version 2.6.3.104
* Temperature SN = 6740
* Conductivity SN = 6740
* System UpLoad Time = Feb 13 2018 14:01:23
* <ApplicationData>
* <Seaterm232>
# nquan = 13
# nvalues = 460                                   
# units = specified
# name 0 = prdM: Pressure, Strain Gauge [db]
# name 1 = tv290C: Temperature [ITS-90, deg C]
# name 2 = c0S/m: Conductivity [S/m]
# name 3 = sal00: Salinity, Practical [PSU]
# name 4 = sbeox0ML/L: Oxygen, SBE 43 [ml/l]
# name 5 = flECO-AFL: Fluorescence, WET Labs ECO-AFL/FL [mg/m^3]
# name 6 = nbf: Bottles Fired
# name 7 = timeS: Time, Elapsed [seconds]
# name 8 = timeJ: Julian Days
# name 9 = density00: Density [density, kg/m^3]
# name 10 = depSM: Depth [salt water, m], lat = 0.00
# name 11 = dz/dtM: Descent Rate [m/s]
# name 12 = flag:  0.000e+00
# span 0 =      0.126,      8.168                 
# span 1 =    29.4049,    30.5648                 
# span 2 =   0.001182,   0.065856                 
# span 3 =     0.0157,     0.2871                 
# span 4 =     1.1283,     4.8994                 
# span 5 =    -0.0586,     2.2440                 
# span 6 =          0,          0                 
# span 7 =      0.000,    114.750                 
# span 8 =  34.257014,  34.258342                 
# span 9 =   995.5317,   995.8409                 
# span 10 =      0.126,      8.123                
# span 11 =     -0.478,      0.497                
# span 12 = 0.0000e+00, 0.0000e+00                
# interval = seconds: 0.25
# start_time = Feb 03 2018 06:10:06 [Instrument's time stamp, header]
# bad_flag = -9.990e-29
*END*
[from data line 112]
      1.312    30.5154   0.065560     0.2859     1.9996     2.0022          0     28.000  34.257338   995.7124      1.305      0.003  0.000e+00
      1.323    30.5156   0.065484     0.2855     1.9931     2.0067          0     28.250  34.257341   995.7122      1.315      0.001  0.000e+00
      1.301    30.5151   0.065282     0.2847     1.9837     2.0022          0     28.500  34.257344   995.7116      1.294     -0.003  0.000e+00
      1.301    30.5138   0.065130     0.2840     1.9766     2.0319          0     28.750  34.257347   995.7114      1.294     -0.013  0.000e+00
      1.323    30.5118   0.065044     0.2836     1.9779     2.0357          0     29.000  34.257350   995.7119      1.316     -0.014  0.000e+00
      1.334    30.5097   0.065096     0.2839     1.9628     2.0372          0     29.250  34.257352   995.7128      1.326     -0.001  0.000e+00
      1.334    30.5076   0.065218     0.2844     1.9611     2.0350          0     29.500  34.257355   995.7138      1.326      0.004  0.000e+00
      1.323    30.5062   0.065316     0.2849     1.9453     2.0090          0     29.750  34.257358   995.7145      1.316      0.010  0.000e+00
      1.334    30.5049   0.065386     0.2852     1.9321     2.0006          0     30.000  34.257361   995.7152      1.326      0.012  0.000e+00
      1.290    30.5037   0.065347     0.2850     1.9196     2.0090          0     30.250  34.257364   995.7153      1.283      0.002  0.000e+00
      1.323    30.5024   0.065246     0.2846     1.9159     2.0075          0     30.500  34.257367   995.7155      1.316      0.004  0.000e+00
      1.323    30.5011   0.065109     0.2840     1.9022     1.9960          0     30.750  34.257370   995.7154      1.316      0.000  0.000e+00
      1.312    30.4991   0.065032     0.2836     1.8948     1.9915          0     31.000  34.257373   995.7158      1.305     -0.009  0.000e+00
      1.323    30.4970   0.064986     0.2834     1.8945     1.9983          0     31.250  34.257376   995.7163      1.316     -0.008  0.000e+00
      1.291    30.4948   0.064996     0.2835     1.8838     1.9922          0     31.500  34.257378   995.7168      1.283     -0.012  0.000e+00
      1.312    30.4927   0.065051     0.2837     1.8800     2.0067          0     31.750  34.257381   995.7178      1.305     -0.008  0.000e+00
      1.301    30.4909   0.065173     0.2843     1.8665     2.0136          0     32.000  34.257384   995.7187      1.294     -0.009  0.000e+00
      1.301    30.4890   0.065295     0.2848     1.8637     2.0136          0     32.250  34.257387   995.7197      1.294     -0.004  0.000e+00
      1.291    30.4876   0.065347     0.2851     1.8472     2.0052          0     32.500  34.257390   995.7203      1.283     -0.015  0.000e+00
      1.280    30.4865   0.065289     0.2848     1.8454     2.0052          0     32.750  34.257393   995.7204      1.273     -0.018  0.000e+00
      1.291    30.4852   0.065173     0.2843     1.8305     2.0235          0     33.000  34.257396   995.7204      1.283     -0.015  0.000e+00
      1.291    30.4838   0.065038     0.2837     1.8267     2.0243          0     33.250  34.257399   995.7204      1.283     -0.014  0.000e+00
      1.301    30.4816   0.064944     0.2833     1.8221     2.0182          0     33.500  34.257402   995.7208      1.294     -0.004  0.000e+00
      1.312    30.4796   0.064956     0.2834     1.8205     2.0212          0     33.750  34.257405   995.7215      1.305     -0.001  0.000e+00
      1.301    30.4774   0.065044     0.2838     1.8149     2.0296          0     34.000  34.257407   995.7225      1.294      0.004  0.000e+00
      1.312    30.4755   0.065142     0.2842     1.8012     2.0289          0     34.250  34.257410   995.7234      1.305      0.010  0.000e+00
      1.312    30.4738   0.065231     0.2846     1.7903     2.0327          0     34.500  34.257413   995.7243      1.305      0.015  0.000e+00
      1.312    30.4724   0.065270     0.2848     1.7864     2.0357          0     34.750  34.257416   995.7248      1.305      0.016  0.000e+00
      1.312    30.4711   0.065231     0.2847     1.7867     1.9953          0     35.000  34.257419   995.7251      1.305      0.012  0.000e+00
      1.301    30.4699   0.065105     0.2841     1.7818     1.9976          0     35.250  34.257422   995.7250      1.294      0.006  0.000e+00
      1.323    30.4681   0.065026     0.2838     1.7813     2.0022          0     35.500  34.257425   995.7254      1.316      0.005  0.000e+00
      1.301    30.4662   0.064950     0.2834     1.7777     1.9907          0     35.750  34.257428   995.7256      1.294      0.000  0.000e+00
      1.301    30.4642   0.064932     0.2834     1.7726     1.9907          0     36.000  34.257431   995.7262      1.294     -0.001  0.000e+00
      1.323    30.4621   0.064962     0.2835     1.7668     1.9960          0     36.250  34.257433   995.7270      1.316      0.000  0.000e+00
      1.312    30.4601   0.065096     0.2841     1.7673     1.9938          0     36.500  34.257436   995.7281      1.305      0.001  0.000e+00
      1.334    30.4587   0.065194     0.2846     1.7571     1.9884          0     36.750  34.257439   995.7289      1.327      0.007  0.000e+00
      1.312    30.4573   0.065270     0.2849     1.7508     1.9945          0     37.000  34.257442   995.7295      1.305      0.007  0.000e+00
      1.323    30.4564   0.065240     0.2848     1.7514     2.0609          0     37.250  34.257445   995.7297      1.316      0.009  0.000e+00
      1.323    30.4554   0.065112     0.2842     1.7434     2.0556          0     37.500  34.257448   995.7296      1.316      0.007  0.000e+00
      1.323    30.4541   0.064996     0.2837     1.7400     2.0517          0     37.750  34.257451   995.7296      1.316      0.010  0.000e+00
      1.302    30.4520   0.064956     0.2835     1.7354     2.0479          0     38.000  34.257454   995.7301      1.294      0.001  0.000e+00
      1.323    30.4503   0.064968     0.2836     1.7284     2.0037          0     38.250  34.257457   995.7307      1.316     -0.003  0.000e+00
      1.302    30.4482   0.064956     0.2836     1.7238     2.0037          0     38.500  34.257459   995.7312      1.294     -0.006  0.000e+00
      1.323    30.4464   0.064993     0.2837     1.7214     2.0052          0     38.750  34.257462   995.7320      1.316     -0.006  0.000e+00
      1.312    30.4449   0.065002     0.2838     1.7208     2.0144          0     39.000  34.257465   995.7325      1.305     -0.003  0.000e+00
      1.323    30.4433   0.065002     0.2838     1.7139     1.9762          0     39.250  34.257468   995.7330      1.316     -0.002  0.000e+00
      1.312    30.4415   0.065026     0.2839     1.7177     1.9884          0     39.500  34.257471   995.7336      1.305     -0.001  0.000e+00
      1.334    30.4400   0.065066     0.2841     1.7096     1.9846          0     39.750  34.257474   995.7343      1.327      0.006  0.000e+00
      1.312    30.4385   0.065084     0.2842     1.7033     1.9922          0     40.000  34.257477   995.7347      1.305      0.007  0.000e+00
      1.323    30.4372   0.065078     0.2842     1.7008     1.9930          0     40.250  34.257480   995.7352      1.316      0.004  0.000e+00
      1.312    30.4357   0.065038     0.2840     1.6944     1.9999          0     40.500  34.257483   995.7355      1.305      0.004  0.000e+00
      1.312    30.4345   0.064980     0.2837     1.6951     1.9953          0     40.750  34.257486   995.7356      1.305     -0.003  0.000e+00
      1.323    30.4330   0.064980     0.2838     1.6842     1.9945          0     41.000  34.257488   995.7361      1.316      0.000  0.000e+00
      1.323    30.4315   0.064980     0.2838     1.6839     1.9976          0     41.250  34.257491   995.7366      1.316     -0.001  0.000e+00
      1.334    30.4301   0.065020     0.2839     1.6834     2.0189          0     41.500  34.257494   995.7372      1.327      0.004  0.000e+00
      1.323    30.4288   0.065060     0.2841     1.6796     2.0212          0     41.750  34.257497   995.7377      1.316      0.002  0.000e+00
      1.334    30.4275   0.065118     0.2844     1.6686     2.0205          0     42.000  34.257500   995.7384      1.327      0.009  0.000e+00
      1.302    30.4264   0.065142     0.2845     1.6639     2.0151          0     42.250  34.257503   995.7386      1.295      0.001  0.000e+00
      1.302    30.4254   0.065096     0.2843     1.6589     2.0250          0     42.500  34.257506   995.7388      1.295     -0.004  0.000e+00
      1.323    30.4243   0.065026     0.2840     1.6708     2.0258          0     42.750  34.257509   995.7390      1.316     -0.004  0.000e+00
      1.323    30.4232   0.064898     0.2834     1.6756     2.0182          0     43.000  34.257512   995.7389      1.316     -0.006  0.000e+00
      1.334    30.4215   0.064880     0.2834     1.6658     2.0174          0     43.250  34.257514   995.7394      1.327     -0.001  0.000e+00
      1.312    30.4203   0.065008     0.2839     1.6642     2.0289          0     43.500  34.257517   995.7401      1.305     -0.004  0.000e+00
      1.334    30.4191   0.065118     0.2844     1.6684     2.0365          0     43.750  34.257520   995.7409      1.327      0.004  0.000e+00
      1.323    30.4181   0.065118     0.2844     1.6677     2.0365          0     44.000  34.257523   995.7412      1.316      0.006  0.000e+00
      1.323    30.4171   0.065096     0.2844     1.6557     2.0380          0     44.250  34.257526   995.7414      1.316      0.011  0.000e+00
      1.313    30.4161   0.065084     0.2843     1.6519     2.0281          0     44.500  34.257529   995.7417      1.305      0.003  0.000e+00
      1.323    30.4151   0.065051     0.2842     1.6487     2.0273          0     44.750  34.257532   995.7419      1.316     -0.003  0.000e+00
      1.323    30.4140   0.064980     0.2839     1.6457     2.0342          0     45.000  34.257535   995.7420      1.316     -0.003  0.000e+00
      1.334    30.4124   0.064916     0.2836     1.6459     2.0372          0     45.250  34.257538   995.7424      1.327      0.000  0.000e+00
      1.313    30.4110   0.064874     0.2834     1.6386     2.0281          0     45.500  34.257541   995.7425      1.305      0.000  0.000e+00
      1.313    30.4100   0.064904     0.2835     1.6376     1.9999          0     45.750  34.257543   995.7430      1.305     -0.006  0.000e+00
      1.323    30.4088   0.065041     0.2842     1.6242     1.9960          0     46.000  34.257546   995.7438      1.316     -0.001  0.000e+00
      1.323    30.4079   0.065212     0.2849     1.6216     1.9953          0     46.250  34.257549   995.7447      1.316      0.000  0.000e+00
      1.334    30.4071   0.065264     0.2852     1.6182     1.9938          0     46.500  34.257552   995.7451      1.327      0.004  0.000e+00
      1.323    30.4070   0.065167     0.2847     1.6192     1.9953          0     46.750  34.257555   995.7448      1.316      0.001  0.000e+00
      1.334    30.4065   0.064980     0.2839     1.6256     1.9976          0     47.000  34.257558   995.7444      1.327      0.004  0.000e+00
      1.313    30.4055   0.064828     0.2832     1.6231     1.9915          0     47.250  34.257561   995.7441      1.305      0.001  0.000e+00
      1.313    30.4044   0.064764     0.2829     1.6232     1.9945          0     47.500  34.257564   995.7442      1.305      0.001  0.000e+00
      1.323    30.4039   0.064770     0.2830     1.6239     1.9960          0     47.750  34.257567   995.7445      1.316     -0.001  0.000e+00
      1.302    30.4032   0.064880     0.2835     1.6210     1.9991          0     48.000  34.257569   995.7449      1.295     -0.009  0.000e+00
      1.323    30.4027   0.065051     0.2842     1.6214     1.9991          0     48.250  34.257572   995.7458      1.316     -0.008  0.000e+00
      1.302    30.4012   0.065206     0.2849     1.6151     1.9968          0     48.500  34.257575   995.7466      1.295     -0.012  0.000e+00
      1.345    30.4007   0.065218     0.2850     1.6139     1.9983          0     48.750  34.257578   995.7470      1.338      0.000  0.000e+00
      1.324    30.4005   0.065148     0.2847     1.6153     1.9930          0     49.000  34.257581   995.7468      1.316      0.002  0.000e+00
      1.324    30.3994   0.065026     0.2841     1.6144     1.9960          0     49.250  34.257584   995.7467      1.316      0.008  0.000e+00
      1.302    30.3981   0.064864     0.2834     1.6164     1.9953          0     49.500  34.257587   995.7465      1.295      0.001  0.000e+00
      1.302    30.3967   0.064764     0.2830     1.6157     1.9976          0     49.750  34.257590   995.7466      1.295     -0.004  0.000e+00
      1.313    30.3958   0.064748     0.2829     1.6168     2.0434          0     50.000  34.257593   995.7469      1.306     -0.003  0.000e+00
      1.313    30.3947   0.064840     0.2833     1.6073     2.0472          0     50.250  34.257595   995.7475      1.306     -0.008  0.000e+00
      1.324    30.3937   0.064956     0.2839     1.6135     2.0517          0     50.500  34.257598   995.7482      1.316     -0.004  0.000e+00
      1.324    30.3926   0.065084     0.2844     1.6138     2.0464          0     50.750  34.257601   995.7490      1.316     -0.006  0.000e+00
      1.313    30.3915   0.065160     0.2848     1.6063     2.0266          0     51.000  34.257604   995.7496      1.306      0.001  0.000e+00
      1.313    30.3905   0.065142     0.2847     1.6062     2.0166          0     51.250  34.257607   995.7498      1.306      0.003  0.000e+00
      1.324    30.3896   0.065060     0.2843     1.6028     2.0228          0     51.500  34.257610   995.7499      1.316      0.009  0.000e+00
      1.302    30.3884   0.064922     0.2837     1.6008     2.0235          0     51.750  34.257613   995.7497      1.295      0.001  0.000e+00
      1.313    30.3870   0.064806     0.2832     1.5979     2.0151          0     52.000  34.257616   995.7498      1.306     -0.003  0.000e+00
      1.345    30.3859   0.064764     0.2830     1.6055     2.0052          0     52.250  34.257619   995.7501      1.338      0.004  0.000e+00
      1.302    30.3850   0.064840     0.2834     1.6037     2.0105          0     52.500  34.257622   995.7504      1.295     -0.002  0.000e+00
      1.302    30.3843   0.064956     0.2839     1.5972     2.0006          0     52.750  34.257624   995.7510      1.295     -0.004  0.000e+00
      1.313    30.3834   0.065090     0.2845     1.5988     2.0075          0     53.000  34.257627   995.7518      1.306     -0.002  0.000e+00
      1.313    30.3825   0.065124     0.2847     1.5986     1.9884          0     53.250  34.257630   995.7522      1.306     -0.003  0.000e+00
      1.313    30.3815   0.065051     0.2843     1.5954     1.9968          0     53.500  34.257633   995.7523      1.306     -0.004  0.000e+00
      1.313    30.3807   0.065008     0.2842     1.5900     1.9922          0     53.750  34.257636   995.7524      1.306     -0.001  0.000e+00
      1.313    30.3795   0.064910     0.2837     1.5898     1.9930          0     54.000  34.257639   995.7524      1.306     -0.004  0.000e+00
      1.324    30.3784   0.064904     0.2837     1.5914     2.0250          0     54.250  34.257642   995.7528      1.317     -0.002  0.000e+00
      1.302    30.3774   0.064892     0.2837     1.5905     2.0258          0     54.500  34.257645   995.7530      1.295      0.004  0.000e+00
      1.313    30.3764   0.064910     0.2837     1.5879     2.0128          0     54.750  34.257648   995.7534      1.306      0.002  0.000e+00
      1.324    30.3753   0.064962     0.2840     1.5849     2.0212          0     55.000  34.257650   995.7540      1.317      0.002  0.000e+00
      1.335    30.3743   0.064986     0.2841     1.5961     2.0449          0     55.250  34.257653   995.7544      1.327      0.007  0.000e+00
