public/post/ctd_rufiji/SBE19plus_01906740_2018_02_13_0899.cnv
* Sea-Bird SBE19plus  Data File:
* FileName = C:\Users\all user\Desktop\CTD tafiri 2018\SBE19plus_01906740_2018_02_13_0899.hex
* Software version 2.6.3.104
* Temperature SN = 6740
* Conductivity SN = 6740
* System UpLoad Time = Feb 13 2018 14:00:23
* <ApplicationData>
* <Seaterm232>
# nquan = 13
# nvalues = 471                                   
# units = specified
# name 0 = prdM: Pressure, Strain Gauge [db]
# name 1 = tv290C: Temperature [ITS-90, deg C]
# name 2 = c0S/m: Conductivity [S/m]
# name 3 = sal00: Salinity, Practical [PSU]
# name 4 = sbeox0ML/L: Oxygen, SBE 43 [ml/l]
# name 5 = flECO-AFL: Fluorescence, WET Labs ECO-AFL/FL [mg/m^3]
# name 6 = nbf: Bottles Fired
# name 7 = timeS: Time, Elapsed [seconds]
# name 8 = timeJ: Julian Days
# name 9 = density00: Density [density, kg/m^3]
# name 10 = depSM: Depth [salt water, m], lat = 0.00
# name 11 = dz/dtM: Descent Rate [m/s]
# name 12 = flag:  0.000e+00
# span 0 =      0.083,      8.981                 
# span 1 =    30.1928,    30.9699                 
# span 2 =   0.128314,   1.347370                 
# span 3 =     0.5741,     6.8554                 
# span 4 =     0.5487,     5.6045                 
# span 5 =    -0.0471,     2.2356                 
# span 6 =          0,          0                 
# span 7 =      0.000,    117.500                 
# span 8 =  33.781528,  33.782888                 
# span 9 =   995.8784,  1000.4992                 
# span 10 =      0.083,      8.932                
# span 11 =     -0.603,      0.406                
# span 12 = 0.0000e+00, 0.0000e+00                
# interval = seconds: 0.25
# start_time = Feb 02 2018 18:45:24 [Instrument's time stamp, header]
# bad_flag = -9.990e-29
*END*
[from data line 445]
      0.743    30.8388   1.311388     6.6725     1.9695     1.6542          0    111.250  33.782815  1000.3620      0.739     -0.193  0.000e+00
      0.721    30.8369   1.311420     6.6730     1.0479     1.6634          0    111.500  33.782818  1000.3628      0.717     -0.117  0.000e+00
      0.667    30.8344   1.311303     6.6727     0.7057     1.7244          0    111.750  33.782821  1000.3631      0.664     -0.051  0.000e+00
      0.635    30.8299   1.310058     6.6664     0.5487     1.7229          0    112.000  33.782824  1000.3598      0.631     -0.020  0.000e+00
      0.527    30.8243   1.308099     6.6564     0.8695     1.7275          0    112.250  33.782827  1000.3537      0.524     -0.045  0.000e+00
      0.440    30.8198   1.306796     6.6499     1.5834     1.7191          0    112.500  33.782830  1000.3498      0.438     -0.106  0.000e+00
      0.397    30.8168   1.306434     6.6483     1.5674     1.2598          0    112.750  33.782833  1000.3494      0.395     -0.167  0.000e+00
      0.365    30.8153   1.307144     6.6524     1.5466     1.2651          0    113.000  33.782836  1000.3528      0.363     -0.205  0.000e+00
      0.343    30.8150   1.307996     6.6571     1.5262     1.2674          0    113.250  33.782839  1000.3563      0.341     -0.227  0.000e+00
      0.343    30.8150   1.308099     6.6577     1.6981     1.2682          0    113.500  33.782841  1000.3567      0.341     -0.211  0.000e+00
      0.364    30.8142   1.308237     6.6585     1.7012    -0.0311          0    113.750  33.782844  1000.3577      0.362     -0.169  0.000e+00
      0.408    30.8138   1.308076     6.6577     1.7095    -0.0342          0    114.000  33.782847  1000.3574      0.405     -0.110  0.000e+00
      0.408    30.8129   1.307737     6.6560     1.8135    -0.0357          0    114.250  33.782850  1000.3564      0.405     -0.044  0.000e+00
      0.451    30.8120   1.307585     6.6552     1.7275    -0.0365          0    114.500  33.782853  1000.3563      0.449      0.012  0.000e+00
      0.473    30.8113   1.306760     6.6508     1.7219    -0.0273          0    114.750  33.782856  1000.3534      0.470      0.050  0.000e+00
      0.451    30.8100   1.304356     6.6378     1.7189     0.5892          0    115.000  33.782859  1000.3440      0.448      0.066  0.000e+00
      0.451    30.8089   1.300296     6.6156     1.7203     0.5884          0    115.250  33.782862  1000.3279      0.448      0.068  0.000e+00
      0.473    30.8083   1.300354     6.6160     1.7157     0.5854          0    115.500  33.782865  1000.3285      0.470      0.062  0.000e+00
      0.429    30.8087   1.303344     6.6324     1.7079     0.5831          0    115.750  33.782867  1000.3403      0.427      0.036  0.000e+00
      0.321    30.8093   1.303960     6.6357     5.3545     1.1980          0    116.000  33.782870  1000.3421      0.320     -0.017  0.000e+00
      0.148    30.8072   1.302092     6.6257     2.2597     1.1980          0    116.250  33.782873  1000.3346      0.147     -0.099  0.000e+00
      0.105    30.8031   1.265428     6.4250     2.0886     1.2079          0    116.500  33.782876  1000.1868      0.104     -0.176  0.000e+00
      0.105    30.7961   0.444166     2.0954     1.9808     1.2033          0    116.750  33.782879   996.9712      0.104     -0.218  0.000e+00
      0.105    30.7723   0.173983     0.7807     1.7919    -0.0426          0    117.000  33.782882   995.9980      0.104     -0.229  0.000e+00
      0.094    30.7132   0.134222     0.5962     1.6178    -0.0471          0    117.250  33.782885   995.8784      0.094     -0.226  0.000e+00
      0.083    30.6376   0.129573     0.5756     1.4387    -0.0410          0    117.500  33.782888   995.8862      0.083     -0.203  0.000e+00
