public/post/ctd_rufiji/SBE19plus_01906740_2018_02_13_0934.cnv
* Sea-Bird SBE19plus  Data File:
* FileName = C:\Users\all user\Desktop\CTD tafiri 2018\SBE19plus_01906740_2018_02_13_0934.hex
* Software version 2.6.3.104
* Temperature SN = 6740
* Conductivity SN = 6740
* System UpLoad Time = Feb 13 2018 14:06:00
* <ApplicationData>
* <Seaterm232>
# nquan = 13
# nvalues = 410                                   
# units = specified
# name 0 = prdM: Pressure, Strain Gauge [db]
# name 1 = tv290C: Temperature [ITS-90, deg C]
# name 2 = c0S/m: Conductivity [S/m]
# name 3 = sal00: Salinity, Practical [PSU]
# name 4 = sbeox0ML/L: Oxygen, SBE 43 [ml/l]
# name 5 = flECO-AFL: Fluorescence, WET Labs ECO-AFL/FL [mg/m^3]
# name 6 = nbf: Bottles Fired
# name 7 = timeS: Time, Elapsed [seconds]
# name 8 = timeJ: Julian Days
# name 9 = density00: Density [density, kg/m^3]
# name 10 = depSM: Depth [salt water, m], lat = 0.00
# name 11 = dz/dtM: Descent Rate [m/s]
# name 12 = flag:  0.000e+00
# span 0 =      0.198,      5.798                 
# span 1 =    29.2991,    30.3699                 
# span 2 =   0.013831,   0.284960                 
# span 3 =     0.0646,     1.3249                 
# span 4 =     1.6172,     3.8349                 
# span 5 =    -0.1471,     3.0245                 
# span 6 =          0,          0                 
# span 7 =      0.000,    102.250                 
# span 8 =  34.438588,  34.439771                 
# span 9 =   995.6454,   996.5974                 
# span 10 =      0.197,      5.766                
# span 11 =     -0.711,      0.533                
# span 12 = 0.0000e+00, 0.0000e+00                
# interval = seconds: 0.25
# start_time = Feb 03 2018 10:31:34 [Instrument's time stamp, header]
# bad_flag = -9.990e-29
*END*
[from data line 334]
      3.560    30.2372   0.274660     1.2742     1.7519     2.2768          0     83.500  34.439554   996.5465      3.541     -0.628  0.000e+00
      3.614    30.2406   0.275560     1.2786     1.7452     2.2669          0     83.750  34.439557   996.5489      3.594     -0.515  0.000e+00
      3.593    30.2426   0.276983     1.2855     1.7402     2.2211          0     84.000  34.439560   996.5534      3.573     -0.343  0.000e+00
      3.593    30.2438   0.276853     1.2848     1.7412     2.2135          0     84.250  34.439563   996.5525      3.573     -0.153  0.000e+00
      3.603    30.2452   0.275687     1.2791     1.7441     2.2051          0     84.500  34.439566   996.5478      3.584     -0.004  0.000e+00
      3.657    30.2459   0.275077     1.2761     1.7521     2.2127          0     84.750  34.439569   996.5456      3.637      0.085  0.000e+00
      3.679    30.2463   0.274680     1.2741     1.7616     2.2158          0     85.000  34.439572   996.5441      3.659      0.104  0.000e+00
      3.701    30.2466   0.274790     1.2746     1.7634     2.2165          0     85.250  34.439575   996.5446      3.680      0.091  0.000e+00
      3.733    30.2469   0.274724     1.2743     1.7670     2.2219          0     85.500  34.439578   996.5444      3.713      0.079  0.000e+00
      3.711    30.2469   0.276070     1.2809     1.7908     2.2295          0     85.750  34.439580   996.5492      3.691      0.073  0.000e+00
      3.495    30.2469   0.276486     1.2829     1.7988     2.2272          0     86.000  34.439583   996.5497      3.476      0.018  0.000e+00
      3.193    30.2469   0.276663     1.2838     1.7901     2.2272          0     86.250  34.439586   996.5490      3.175     -0.118  0.000e+00
      2.922    30.2467   0.277883     1.2898     1.7775     2.2310          0     86.500  34.439589   996.5524      2.906     -0.298  0.000e+00
      2.771    30.2467   0.278791     1.2942     1.7767     2.2257          0     86.750  34.439592   996.5550      2.756     -0.471  0.000e+00
      2.738    30.2455   0.278661     1.2936     1.7724     2.2265          0     87.000  34.439595   996.5548      2.723     -0.580  0.000e+00
      2.749    30.2413   0.275710     1.2793     1.7668     2.2349          0     87.250  34.439598   996.5454      2.734     -0.616  0.000e+00
      2.825    30.2385   0.273229     1.2672     1.7577     2.2394          0     87.500  34.439601   996.5376      2.809     -0.564  0.000e+00
      2.911    30.2392   0.272463     1.2635     1.7508     2.2402          0     87.750  34.439604   996.5349      2.895     -0.419  0.000e+00
      2.976    30.2426   0.272786     1.2649     1.7547     2.2371          0     88.000  34.439606   996.5353      2.960     -0.209  0.000e+00
      2.976    30.2459   0.274920     1.2753     1.7597     2.2654          0     88.250  34.439609   996.5420      2.960     -0.022  0.000e+00
      2.965    30.2488   0.276390     1.2824     1.7464     2.2577          0     88.500  34.439612   996.5464      2.949      0.095  0.000e+00
      2.911    30.2512   0.276703     1.2839     1.7529     2.2623          0     88.750  34.439615   996.5465      2.895      0.123  0.000e+00
      2.803    30.2491   0.276866     1.2847     1.7775     2.2631          0     89.000  34.439618   996.5473      2.788      0.073  0.000e+00
      2.565    30.2457   0.276130     1.2812     1.7736     2.2577          0     89.250  34.439621   996.5447      2.551     -0.054  0.000e+00
      2.263    30.2446   0.276573     1.2834     1.7682     2.2753          0     89.500  34.439624   996.5453      2.250     -0.247  0.000e+00
      1.971    30.2438   0.276880     1.2849     1.7642     2.2654          0     89.750  34.439627   996.5454      1.960     -0.459  0.000e+00
      1.819    30.2427   0.277153     1.2863     1.7598     2.2616          0     90.000  34.439630   996.5461      1.809     -0.626  0.000e+00
      1.776    30.2412   0.276573     1.2835     1.7701     2.2608          0     90.250  34.439633   996.5443      1.766     -0.711  0.000e+00
      1.809    30.2402   0.274267     1.2723     1.7959     2.2944          0     90.500  34.439635   996.5363      1.799     -0.706  0.000e+00
      1.841    30.2405   0.272034     1.2613     1.8013     2.3005          0     90.750  34.439638   996.5282      1.831     -0.619  0.000e+00
      1.884    30.2446   0.267519     1.2392     1.7871     2.2989          0     91.000  34.439641   996.5106      1.874     -0.463  0.000e+00
      1.949    30.2533   0.257996     1.1926     1.7910     2.2890          0     91.250  34.439644   996.4734      1.939     -0.258  0.000e+00
      1.949    30.2630   0.250355     1.1552     1.7888     2.2280          0     91.500  34.439647   996.4426      1.939     -0.075  0.000e+00
      1.960    30.2719   0.248178     1.1444     1.7880     2.2219          0     91.750  34.439650   996.4318      1.949      0.051  0.000e+00
      1.971    30.2778   0.247704     1.1420     1.7888     2.2204          0     92.000  34.439653   996.4283      1.960      0.103  0.000e+00
      1.960    30.2818   0.247348     1.1402     1.7761     2.2211          0     92.250  34.439656   996.4256      1.949      0.102  0.000e+00
      1.960    30.2846   0.246735     1.1371     1.7658     2.2493          0     92.500  34.439659   996.4225      1.949      0.076  0.000e+00
      1.982    30.2866   0.246359     1.1353     1.7646     2.2410          0     92.750  34.439661   996.4206      1.971      0.056  0.000e+00
      2.003    30.2880   0.247862     1.1425     1.7652     2.2463          0     93.000  34.439664   996.4257      1.992      0.040  0.000e+00
      2.014    30.2891   0.251784     1.1615     1.7570     2.2448          0     93.250  34.439667   996.4396      2.003      0.030  0.000e+00
      2.025    30.2900   0.252240     1.1637     1.7767     2.2730          0     93.500  34.439670   996.4410      2.014      0.037  0.000e+00
      1.798    30.2909   0.244034     1.1239     1.7732     2.2783          0     93.750  34.439673   996.4100      1.788     -0.022  0.000e+00
      1.495    30.2921   0.239259     1.1008     1.7704     2.2684          0     94.000  34.439676   996.3910      1.487     -0.148  0.000e+00
      1.149    30.2937   0.236557     1.0877     1.8938     2.2715          0     94.250  34.439679   996.3792      1.143     -0.332  0.000e+00
      0.965    30.2948   0.244541     1.1263     1.6998     2.2768          0     94.500  34.439682   996.4069      0.960     -0.514  0.000e+00
      0.944    30.2956   0.231478     1.0631     1.7207     2.2867          0     94.750  34.439685   996.3593      0.939     -0.635  0.000e+00
      1.009    30.2970   0.229000     1.0511     1.7352     2.2791          0     95.000  34.439687   996.3502      1.003     -0.664  0.000e+00
      1.063    30.2994   0.225419     1.0338     1.7318     2.2867          0     95.250  34.439690   996.3368      1.057     -0.606  0.000e+00
      1.074    30.3022   0.224740     1.0304     1.7384     2.2890          0     95.500  34.439693   996.3335      1.068     -0.479  0.000e+00
      1.041    30.3040   0.226233     1.0376     1.7365     2.3165          0     95.750  34.439696   996.3382      1.035     -0.295  0.000e+00
      1.041    30.3053   0.227920     1.0457     1.7423     2.3211          0     96.000  34.439699   996.3438      1.035     -0.120  0.000e+00
      1.009    30.3063   0.226543     1.0391     1.7671     2.3142          0     96.250  34.439702   996.3384      1.003     -0.005  0.000e+00
      0.965    30.3072   0.225148     1.0323     1.7972     2.3188          0     96.500  34.439705   996.3329      0.960      0.016  0.000e+00
      1.009    30.3077   0.222689     1.0205     1.8103     2.2730          0     96.750  34.439708   996.3241      1.003     -0.001  0.000e+00
      1.009    30.3077   0.222431     1.0192     1.8088     2.2707          0     97.000  34.439711   996.3231      1.003     -0.027  0.000e+00
      1.009    30.3078   0.223815     1.0259     1.8095     2.2692          0     97.250  34.439714   996.3281      1.003     -0.037  0.000e+00
      1.009    30.3081   0.226576     1.0392     1.8029     2.2684          0     97.500  34.439716   996.3379      1.003     -0.028  0.000e+00
      1.009    30.3082   0.228561     1.0487     1.7943     2.2654          0     97.750  34.439719   996.3451      1.003     -0.012  0.000e+00
      1.041    30.3084   0.230558     1.0584     1.7822     2.2654          0     98.000  34.439722   996.3523      1.035      0.006  0.000e+00
      0.998    30.3053   0.229291     1.0523     1.7764     2.2608          0     98.250  34.439725   996.3486      0.992      0.012  0.000e+00
      0.836    30.3006   0.225386     1.0336     1.7314     2.2661          0     98.500  34.439728   996.3353      0.831     -0.032  0.000e+00
      0.609    30.2984   0.222976     1.0220     1.7942     2.2692          0     98.750  34.439731   996.3263      0.605     -0.141  0.000e+00
      0.306    30.2977   0.220082     1.0081     1.6487     1.9556          0     99.000  34.439734   996.3148      0.304     -0.291  0.000e+00
      0.198    30.2984   0.216883     0.9927     1.7289     1.9610          0     99.250  34.439737   996.3026      0.197     -0.424  0.000e+00
      0.209    30.3002   0.195234     0.8890     1.6508     1.9587          0     99.500  34.439740   996.2246      0.207     -0.500  0.000e+00
      0.209    30.3025   0.075608     0.3321     1.6235     1.9564          0     99.750  34.439742   995.8073      0.207     -0.522  0.000e+00
      0.209    30.2970   0.045936     0.2003     1.6224    -0.0204          0    100.000  34.439745   995.7101      0.207     -0.491  0.000e+00
      0.209    30.2878   0.030262     0.1325     1.6172    -0.0242          0    100.250  34.439748   995.6621      0.207     -0.396  0.000e+00
      0.219    30.2810   0.030980     0.1356     1.6937    -0.0250          0    100.500  34.439751   995.6665      0.218     -0.257  0.000e+00
      0.198    30.2772   0.025130     0.1107     1.7402    -0.0258          0    100.750  34.439754   995.6489      0.197     -0.125  0.000e+00
      0.230    30.2727   0.031701     0.1387     1.8218    -0.0303          0    101.000  34.439757   995.6714      0.229     -0.019  0.000e+00
      0.208    30.2630   0.022837     0.1011     1.8815    -0.0258          0    101.250  34.439760   995.6461      0.207      0.006  0.000e+00
      0.219    30.2523   0.022481     0.0996     1.9246    -0.0296          0    101.500  34.439763   995.6483      0.218      0.005  0.000e+00
      0.230    30.2438   0.021015     0.0935     1.9915    -0.0265          0    101.750  34.439766   995.6463      0.229      0.009  0.000e+00
      0.230    30.2365   0.020229     0.0902     2.0682    -0.0303          0    102.000  34.439769   995.6461      0.229      0.011  0.000e+00
      0.208    30.2257   0.018980     0.0850     2.0916    -0.0349          0    102.250  34.439771   995.6454      0.207      0.006  0.000e+00
