public/post/ctd_rufiji/SBE19plus_01906740_2018_02_13_0935.cnv
* Sea-Bird SBE19plus  Data File:
* FileName = C:\Users\all user\Desktop\CTD tafiri 2018\SBE19plus_01906740_2018_02_13_0935.hex
* Software version 2.6.3.104
* Temperature SN = 6740
* Conductivity SN = 6740
* System UpLoad Time = Feb 13 2018 14:06:08
* <ApplicationData>
* <Seaterm232>
# nquan = 13
# nvalues = 272                                   
# units = specified
# name 0 = prdM: Pressure, Strain Gauge [db]
# name 1 = tv290C: Temperature [ITS-90, deg C]
# name 2 = c0S/m: Conductivity [S/m]
# name 3 = sal00: Salinity, Practical [PSU]
# name 4 = sbeox0ML/L: Oxygen, SBE 43 [ml/l]
# name 5 = flECO-AFL: Fluorescence, WET Labs ECO-AFL/FL [mg/m^3]
# name 6 = nbf: Bottles Fired
# name 7 = timeS: Time, Elapsed [seconds]
# name 8 = timeJ: Julian Days
# name 9 = density00: Density [density, kg/m^3]
# name 10 = depSM: Depth [salt water, m], lat = 0.00
# name 11 = dz/dtM: Descent Rate [m/s]
# name 12 = flag:  0.000e+00
# span 0 =      0.178,      1.130                 
# span 1 =    29.5416,    29.9337                 
# span 2 =   0.011145,   0.896975                 
# span 3 =     0.0534,     4.5236                 
# span 4 =     2.0691,     4.2266                 
# span 5 =    -0.0357,     2.1479                 
# span 6 =          0,          0                 
# span 7 =      0.000,     67.750                 
# span 8 =  34.440787,  34.441571                 
# span 9 =   995.8252,   999.0794                 
# span 10 =      0.177,      1.123                
# span 11 =     -0.501,      0.213                
# span 12 = 0.0000e+00, 0.0000e+00                
# interval = seconds: 0.25
# start_time = Feb 03 2018 10:34:44 [Instrument's time stamp, header]
# bad_flag = -9.990e-29
*END*
[from data line 223]
      1.097    29.9167   0.815834     4.0793     2.5918     2.1189          0     55.750  34.441432   998.7236      1.091      0.002  0.000e+00
      1.097    29.9209   0.815656     4.0780     2.6311     2.1143          0     56.000  34.441435   998.7214      1.091      0.000  0.000e+00
      1.097    29.9216   0.810282     4.0491     2.6734     2.0960          0     56.250  34.441438   998.6997      1.091     -0.005  0.000e+00
      1.108    29.9226   0.805039     4.0210     2.7133     2.0968          0     56.500  34.441441   998.6785      1.102     -0.001  0.000e+00
      1.130    29.9250   0.803633     4.0133     2.7573     2.0998          0     56.750  34.441444   998.6721      1.123      0.009  0.000e+00
      1.130    29.9307   0.805150     4.0209     2.8000     2.1074          0     57.000  34.441447   998.6760      1.123      0.014  0.000e+00
      1.108    29.9337   0.822974     4.1161     2.8350     2.0952          0     57.250  34.441450   998.7459      1.102      0.015  0.000e+00
      1.065    29.9318   0.829731     4.1525     2.8671     2.0815          0     57.500  34.441453   998.7733      1.059     -0.003  0.000e+00
      1.097    29.9281   0.827146     4.1390     2.8941     2.0884          0     57.750  34.441455   998.7645      1.091     -0.004  0.000e+00
      1.086    29.9212   0.822621     4.1153     2.9186     2.0975          0     58.000  34.441458   998.7490      1.080     -0.010  0.000e+00
      1.108    29.9087   0.821105     4.1082     2.9411     2.0899          0     58.250  34.441461   998.7476      1.102     -0.010  0.000e+00
      1.097    29.8966   0.821625     4.1120     2.9642     2.0937          0     58.500  34.441464   998.7541      1.091     -0.014  0.000e+00
      1.097    29.8857   0.821617     4.1129     2.9813     2.0868          0     58.750  34.441467   998.7581      1.091     -0.014  0.000e+00
      1.108    29.8781   0.822879     4.1203     2.9993     2.0960          0     59.000  34.441470   998.7660      1.102     -0.003  0.000e+00
      1.086    29.8720   0.832847     4.1743     3.0174     2.0861          0     59.250  34.441473   998.8080      1.080      0.004  0.000e+00
      1.065    29.8656   0.869413     4.3717     3.0313     2.0945          0     59.500  34.441476   998.9567      1.059     -0.000  0.000e+00
      1.054    29.8573   0.883893     4.4507     3.0460     2.0891          0     59.750  34.441479   999.0179      1.048     -0.018  0.000e+00
      1.032    29.8496   0.879848     4.4295     3.0612     2.0983          0     60.000  34.441481   999.0044      1.027     -0.030  0.000e+00
      0.989    29.8449   0.873613     4.3962     3.1018     2.0922          0     60.250  34.441484   998.9809      0.983     -0.053  0.000e+00
      0.989    29.8418   0.881541     4.4393     3.1449     2.0838          0     60.500  34.441487   999.0140      0.983     -0.063  0.000e+00
      1.011    29.8399   0.888610     4.4777     3.1813     2.0929          0     60.750  34.441490   999.0432      1.005     -0.062  0.000e+00
      1.032    29.8386   0.890736     4.4893     3.2218     2.0929          0     61.000  34.441493   999.0523      1.026     -0.050  0.000e+00
      0.989    29.8376   0.892179     4.4972     3.2716     2.0968          0     61.250  34.441496   999.0583      0.983     -0.041  0.000e+00
      0.989    29.8367   0.892940     4.5014     3.2920     2.0907          0     61.500  34.441499   999.0617      0.984     -0.032  0.000e+00
      0.935    29.8361   0.892078     4.4968     3.2615     2.1052          0     61.750  34.441502   999.0582      0.930     -0.037  0.000e+00
      0.870    29.8358   0.892661     4.5000     3.1822     2.1082          0     62.000  34.441505   999.0604      0.865     -0.055  0.000e+00
      0.892    29.8357   0.893627     4.5053     4.2199     2.1235          0     62.250  34.441508   999.0644      0.887     -0.063  0.000e+00
      0.946    29.8354   0.893716     4.5058     3.3373     2.1250          0     62.500  34.441510   999.0651      0.941     -0.060  0.000e+00
      0.978    29.8355   0.893923     4.5069     3.0665     2.1013          0     62.750  34.441513   999.0661      0.973     -0.047  0.000e+00
      1.021    29.8351   0.895655     4.5163     2.8522     2.0922          0     63.000  34.441516   999.0734      1.016     -0.014  0.000e+00
      1.011    29.8343   0.896724     4.5221     2.6898     2.1052          0     63.250  34.441519   999.0780      1.005      0.023  0.000e+00
      1.011    29.8332   0.896975     4.5236     2.5492     2.1090          0     63.500  34.441522   999.0794      1.005      0.047  0.000e+00
      0.989    29.8327   0.896695     4.5221     2.4262     2.0968          0     63.750  34.441525   999.0783      0.984      0.063  0.000e+00
      1.021    29.8327   0.896400     4.5205     2.3198     2.1029          0     64.000  34.441528   999.0773      1.016      0.071  0.000e+00
      0.989    29.8330   0.896546     4.5213     2.2475     2.1074          0     64.250  34.441531   999.0776      0.984      0.042  0.000e+00
      0.935    29.8328   0.896513     4.5211     2.5120     2.0945          0     64.500  34.441534   999.0773      0.930     -0.002  0.000e+00
      0.784    29.8325   0.896388     4.5205     2.5518     2.1067          0     64.750  34.441536   999.0763      0.779     -0.071  0.000e+00
      0.611    29.8319   0.896380     4.5205     2.5420     2.1052          0     65.000  34.441539   999.0757      0.607     -0.165  0.000e+00
      0.405    29.8317   0.896359     4.5204     2.5181     2.1067          0     65.250  34.441542   999.0748      0.403     -0.275  0.000e+00
      0.254    29.8314   0.896137     4.5193     2.5210     2.1036          0     65.500  34.441545   999.0733      0.252     -0.387  0.000e+00
      0.189    29.8311   0.895712     4.5170     2.5987     2.1113          0     65.750  34.441548   999.0715      0.188     -0.466  0.000e+00
      0.178    29.8307   0.840191     4.2173     2.6505     0.4183          0     66.000  34.441551   998.8486      0.177     -0.501  0.000e+00
      0.189    29.8283   0.198875     0.9149     2.5258     0.4244          0     66.250  34.441554   996.3871      0.188     -0.468  0.000e+00
      0.200    29.8220   0.230574     1.0687     2.4415     0.4221          0     66.500  34.441557   996.5041      0.199     -0.387  0.000e+00
      0.200    29.8069   0.137444     0.6221     2.3693     0.4183          0     66.750  34.441560   996.1745      0.199     -0.272  0.000e+00
      0.200    29.7749   0.091139     0.4066     2.3449    -0.0273          0     67.000  34.441563   996.0228      0.199     -0.158  0.000e+00
      0.200    29.7322   0.083090     0.3700     2.3321    -0.0220          0     67.250  34.441565   996.0081      0.199     -0.063  0.000e+00
      0.210    29.6781   0.067781     0.3006     2.3265    -0.0357          0     67.500  34.441568   995.9723      0.209     -0.006  0.000e+00
      0.200    29.6256   0.559291     2.7411     2.3025    -0.0296          0     67.750  34.441571   997.8114      0.199      0.011  0.000e+00
