public/post/ctd_rufiji/SBE19plus_01906740_2018_02_13_0935.cnv
* Sea-Bird SBE19plus  Data File:
* FileName = C:\Users\all user\Desktop\CTD tafiri 2018\SBE19plus_01906740_2018_02_13_0935.hex
* Software version 2.6.3.104
* Temperature SN = 6740
* Conductivity SN = 6740
* System UpLoad Time = Feb 13 2018 14:06:08
* <ApplicationData>
* <Seaterm232>
# nquan = 13
# nvalues = 272                                   
# units = specified
# name 0 = prdM: Pressure, Strain Gauge [db]
# name 1 = tv290C: Temperature [ITS-90, deg C]
# name 2 = c0S/m: Conductivity [S/m]
# name 3 = sal00: Salinity, Practical [PSU]
# name 4 = sbeox0ML/L: Oxygen, SBE 43 [ml/l]
# name 5 = flECO-AFL: Fluorescence, WET Labs ECO-AFL/FL [mg/m^3]
# name 6 = nbf: Bottles Fired
# name 7 = timeS: Time, Elapsed [seconds]
# name 8 = timeJ: Julian Days
# name 9 = density00: Density [density, kg/m^3]
# name 10 = depSM: Depth [salt water, m], lat = 0.00
# name 11 = dz/dtM: Descent Rate [m/s]
# name 12 = flag:  0.000e+00
# span 0 =      0.178,      1.130                 
# span 1 =    29.5416,    29.9337                 
# span 2 =   0.011145,   0.896975                 
# span 3 =     0.0534,     4.5236                 
# span 4 =     2.0691,     4.2266                 
# span 5 =    -0.0357,     2.1479                 
# span 6 =          0,          0                 
# span 7 =      0.000,     67.750                 
# span 8 =  34.440787,  34.441571                 
# span 9 =   995.8252,   999.0794                 
# span 10 =      0.177,      1.123                
# span 11 =     -0.501,      0.213                
# span 12 = 0.0000e+00, 0.0000e+00                
# interval = seconds: 0.25
# start_time = Feb 03 2018 10:34:44 [Instrument's time stamp, header]
# bad_flag = -9.990e-29
*END*
      0.199    29.5482   0.022637     0.1014     3.6275    -0.0273          0      0.000  34.440787   995.8616      0.198      0.000  0.000e+00
      0.210    29.5427   0.019939     0.0900     3.6368    -0.0227          0      0.250  34.440790   995.8547      0.209      0.003  0.000e+00
      0.210    29.5416   0.016499     0.0755     3.5864    -0.0258          0      0.500  34.440793   995.8442      0.209      0.005  0.000e+00
      0.199    29.5425   0.014141     0.0657     3.5789    -0.0220          0      0.750  34.440796   995.8365      0.198      0.004  0.000e+00
      0.199    29.5442   0.012699     0.0598     3.5951    -0.0227          0      1.000  34.440799   995.8315      0.198      0.002  0.000e+00
      0.253    29.5452   0.011145     0.0534     3.5951    -0.0265          0      1.250  34.440802   995.8267      0.252      0.015  0.000e+00
      0.340    29.5547   0.011446     0.0547     3.6024    -0.0227          0      1.500  34.440804   995.8252      0.338      0.048  0.000e+00
      0.415    29.6573   0.192641     0.8879     3.6539    -0.0212          0      1.750  34.440807   996.4193      0.413      0.091  0.000e+00
      0.437    29.7631   0.499101     2.4214     3.5842    -0.0303          0      2.000  34.440810   997.5326      0.435      0.125  0.000e+00
      0.491    29.8270   0.632661     3.1135     4.2266    -0.0250          0      2.250  34.440813   998.0292      0.488      0.159  0.000e+00
      0.534    29.8598   0.594709     2.9127     3.6817    -0.0242          0      2.500  34.440816   997.8699      0.531      0.187  0.000e+00
      0.545    29.8754   0.735502     3.6537     3.7244    -0.0250          0      2.750  34.440819   998.4171      0.542      0.198  0.000e+00
      0.599    29.8788   0.768668     3.8301     3.6579     1.8602          0      3.000  34.440822   998.5476      0.596      0.196  0.000e+00
      0.642    29.8757   0.777590     3.8780     3.6053     1.8656          0      3.250  34.440825   998.5843      0.639      0.179  0.000e+00
      0.675    29.8735   0.780745     3.8950     3.7155     1.8633          0      3.500  34.440828   998.5978      0.671      0.160  0.000e+00
      0.718    29.8742   0.788324     3.9355     3.6098     1.8618          0      3.750  34.440830   998.6279      0.714      0.153  0.000e+00
      0.772    29.8744   0.791976     3.9550     3.6048     1.8625          0      4.000  34.440833   998.6426      0.768      0.160  0.000e+00
      0.794    29.8755   0.799393     3.9946     3.6162     2.1402          0      4.250  34.440836   998.6718      0.789      0.156  0.000e+00
      0.880    29.8764   0.803341     4.0156     3.7129     2.1425          0      4.500  34.440839   998.6876      0.875      0.170  0.000e+00
      0.956    29.8771   0.806213     4.0310     3.6405     2.1387          0      4.750  34.440842   998.6991      0.951      0.192  0.000e+00
      1.010    29.8771   0.812562     4.0650     3.6192     2.1479          0      5.000  34.440845   998.7247      1.004      0.205  0.000e+00
      1.042    29.8766   0.815077     4.0785     3.6219     2.1052          0      5.250  34.440848   998.7351      1.036      0.213  0.000e+00
      1.053    29.8758   0.821490     4.1130     3.6230     2.1090          0      5.500  34.440851   998.7610      1.047      0.208  0.000e+00
      1.031    29.8754   0.826283     4.1388     3.6559     2.1074          0      5.750  34.440854   998.7802      1.026      0.181  0.000e+00
      1.031    29.8760   0.829345     4.1552     3.6767     2.1135          0      6.000  34.440856   998.7922      1.026      0.145  0.000e+00
      1.042    29.8769   0.831235     4.1652     3.7012     2.1425          0      6.250  34.440859   998.7995      1.036      0.109  0.000e+00
      1.053    29.8770   0.832277     4.1708     3.7302     2.1357          0      6.500  34.440862   998.8037      1.047      0.066  0.000e+00
      1.042    29.8770   0.833241     4.1760     3.7550     2.1410          0      6.750  34.440865   998.8075      1.036      0.030  0.000e+00
      1.075    29.8756   0.833981     4.1801     3.7565     2.1349          0      7.000  34.440868   998.8111      1.069      0.018  0.000e+00
      1.075    29.8737   0.837213     4.1976     3.7633     2.1120          0      7.250  34.440871   998.8247      1.069      0.016  0.000e+00
      1.075    29.8719   0.839948     4.2125     3.7841     2.1158          0      7.500  34.440874   998.8364      1.069      0.020  0.000e+00
      1.096    29.8703   0.839402     4.2097     3.7900     2.1174          0      7.750  34.440877   998.8348      1.090      0.032  0.000e+00
      1.085    29.8691   0.837878     4.2016     3.7595     2.1265          0      8.000  34.440880   998.8291      1.079      0.030  0.000e+00
      1.053    29.8677   0.836328     4.1934     3.6625     2.1181          0      8.250  34.440883   998.8233      1.047      0.017  0.000e+00
      1.053    29.8671   0.838748     4.2064     3.5243     2.1036          0      8.500  34.440885   998.8332      1.047      0.005  0.000e+00
      1.053    29.8662   0.840510     4.2160     3.4463     2.0937          0      8.750  34.440888   998.8406      1.047     -0.004  0.000e+00
      1.053    29.8649   0.841911     4.2236     3.2448     2.1021          0      9.000  34.440891   998.8467      1.047     -0.016  0.000e+00
      1.053    29.8640   0.841859     4.2234     3.0879     2.1097          0      9.250  34.440894   998.8468      1.047     -0.018  0.000e+00
      1.075    29.8630   0.841524     4.2217     2.9556     2.1013          0      9.500  34.440897   998.8459      1.069     -0.013  0.000e+00
      1.064    29.8626   0.841951     4.2241     2.8562     2.1044          0      9.750  34.440900   998.8478      1.058     -0.011  0.000e+00
      1.064    29.8620   0.842119     4.2250     2.7890     2.1067          0     10.000  34.440903   998.8486      1.058     -0.001  0.000e+00
      1.085    29.8617   0.842933     4.2294     2.7482     2.0945          0     10.250  34.440906   998.8521      1.079      0.014  0.000e+00
      1.075    29.8617   0.842322     4.2261     2.7190     2.0792          0     10.500  34.440909   998.8496      1.069      0.014  0.000e+00
      1.042    29.8614   0.842318     4.2261     2.6918     2.0937          0     10.750  34.440911   998.8495      1.036      0.005  0.000e+00
      1.031    29.8608   0.841747     4.2231     2.6859     2.0952          0     11.000  34.440914   998.8474      1.026     -0.007  0.000e+00
      1.032    29.8607   0.839948     4.2134     2.6651     2.0807          0     11.250  34.440917   998.8403      1.026     -0.017  0.000e+00
      1.032    29.8600   0.837376     4.1997     2.6506     2.1052          0     11.500  34.440920   998.8303      1.026     -0.025  0.000e+00
      1.032    29.8594   0.836619     4.1956     2.6282     2.0983          0     11.750  34.440923   998.8275      1.026     -0.025  0.000e+00
      1.032    29.8556   0.835332     4.1890     2.6112     2.1044          0     12.000  34.440926   998.8237      1.026     -0.026  0.000e+00
      1.042    29.8475   0.834794     4.1868     2.5908     2.0952          0     12.250  34.440929   998.8246      1.037     -0.022  0.000e+00
      1.075    29.8395   0.834627     4.1866     2.5766     2.1090          0     12.500  34.440932   998.8270      1.069      0.000  0.000e+00
      1.053    29.8330   0.834324     4.1855     2.5711     2.1013          0     12.750  34.440935   998.8281      1.047      0.013  0.000e+00
      1.042    29.8282   0.834033     4.1844     2.5681     2.0983          0     13.000  34.440937   998.8286      1.037      0.014  0.000e+00
      1.043    29.8248   0.833667     4.1827     2.5507     2.0968          0     13.250  34.440940   998.8284      1.037      0.011  0.000e+00
      1.032    29.8214   0.832536     4.1769     2.5479     2.0929          0     13.500  34.440943   998.8251      1.026      0.004  0.000e+00
      1.053    29.8242   0.829019     4.1578     2.5761     2.1036          0     13.750  34.440946   998.8101      1.048      0.004  0.000e+00
      1.021    29.8336   0.824718     4.1338     2.6778     2.0937          0     14.000  34.440949   998.7893      1.015     -0.007  0.000e+00
      0.999    29.8447   0.824662     4.1326     2.8146     2.1013          0     14.250  34.440952   998.7849      0.994     -0.023  0.000e+00
      1.021    29.8546   0.820704     4.1105     2.9729     2.1105          0     14.500  34.440955   998.7655      1.015     -0.027  0.000e+00
      0.999    29.8594   0.818256     4.0970     3.1405     2.1036          0     14.750  34.440958   998.7539      0.994     -0.025  0.000e+00
      1.021    29.8668   0.826093     4.1385     3.2904     2.1097          0     15.000  34.440961   998.7826      1.015     -0.019  0.000e+00
      1.043    29.8679   0.828458     4.1511     3.4222     2.1021          0     15.250  34.440964   998.7917      1.037     -0.009  0.000e+00
      1.053    29.8646   0.827631     4.1469     3.5240     2.1067          0     15.500  34.440966   998.7897      1.048      0.004  0.000e+00
      1.032    29.8614   0.825377     4.1351     3.5846     2.0578          0     15.750  34.440969   998.7817      1.026      0.007  0.000e+00
      1.032    29.8595   0.824114     4.1284     3.6188     2.0594          0     16.000  34.440972   998.7774      1.026      0.017  0.000e+00
      1.032    29.8582   0.822534     4.1201     3.6275     2.0540          0     16.250  34.440975   998.7715      1.026      0.017  0.000e+00
      1.010    29.8571   0.826105     4.1393     3.6299     2.0578          0     16.500  34.440978   998.7861      1.005      0.004  0.000e+00
      1.032    29.8564   0.827555     4.1472     3.6284     2.0556          0     16.750  34.440981   998.7923      1.026      0.004  0.000e+00
      1.021    29.8546   0.827273     4.1458     3.6308     2.0777          0     17.000  34.440984   998.7918      1.015     -0.008  0.000e+00
      1.021    29.8533   0.827293     4.1460     3.6271     2.0769          0     17.250  34.440987   998.7923      1.015     -0.014  0.000e+00
      1.021    29.8524   0.827492     4.1472     3.6254     2.0754          0     17.500  34.440990   998.7934      1.015     -0.012  0.000e+00
      1.021    29.8513   0.826939     4.1443     3.6248     2.0815          0     17.750  34.440992   998.7917      1.015     -0.006  0.000e+00
      1.010    29.8504   0.825477     4.1365     3.6222     2.0807          0     18.000  34.440995   998.7861      1.005     -0.007  0.000e+00
      1.032    29.8499   0.824607     4.1319     3.6335     2.0777          0     18.250  34.440998   998.7829      1.026     -0.001  0.000e+00
      1.021    29.8490   0.826919     4.1444     3.6349     2.0723          0     18.500  34.441001   998.7924      1.015      0.001  0.000e+00
      0.999    29.8483   0.828152     4.1511     3.6410     2.0754          0     18.750  34.441004   998.7975      0.994     -0.008  0.000e+00
      1.021    29.8473   0.829576     4.1588     3.6409     2.0701          0     19.000  34.441007   998.8037      1.015     -0.004  0.000e+00
      1.021    29.8461   0.833759     4.1814     3.6412     2.0723          0     19.250  34.441010   998.8208      1.015     -0.002  0.000e+00
      1.021    29.8455   0.840335     4.2168     3.6426     2.0701          0     19.500  34.441013   998.8474      1.015     -0.001  0.000e+00
      1.010    29.8446   0.843168     4.2321     3.6459     2.0716          0     19.750  34.441016   998.8590      1.005     -0.002  0.000e+00
      1.021    29.8437   0.833400     4.1797     3.6482     2.0609          0     20.000  34.441019   998.8203      1.015      0.000  0.000e+00
      1.010    29.8426   0.827591     4.1485     3.6561     2.0685          0     20.250  34.441021   998.7974      1.005     -0.004  0.000e+00
      1.021    29.8413   0.829094     4.1567     3.6557     2.0693          0     20.500  34.441024   998.8040      1.015      0.001  0.000e+00
      1.021    29.8351   0.835149     4.1898     3.6563     2.0678          0     20.750  34.441027   998.8305      1.015      0.004  0.000e+00
      1.010    29.8319   0.842342     4.2288     3.6575     2.0662          0     21.000  34.441030   998.8604      1.005     -0.003  0.000e+00
      1.021    29.8317   0.848370     4.2613     3.6620     2.0853          0     21.250  34.441033   998.8847      1.015     -0.001  0.000e+00
      1.010    29.8327   0.850737     4.2739     3.6698     2.0792          0     21.500  34.441036   998.8937      1.005     -0.001  0.000e+00
      1.043    29.8341   0.853331     4.2878     3.6762     2.0868          0     21.750  34.441039   998.9038      1.037      0.007  0.000e+00
      1.010    29.8350   0.855244     4.2980     3.6784     2.0754          0     22.000  34.441042   998.9110      1.005      0.002  0.000e+00
      1.032    29.8355   0.855052     4.2969     3.6874     2.0853          0     22.250  34.441045   998.9101      1.026      0.006  0.000e+00
      1.010    29.8356   0.856959     4.3072     3.6938     2.0800          0     22.500  34.441047   998.9176      1.005      0.001  0.000e+00
      1.010    29.8359   0.858735     4.3168     3.6934     2.0807          0     22.750  34.441050   998.9246      1.005     -0.001  0.000e+00
      1.010    29.8364   0.856803     4.3063     3.6949     2.0838          0     23.000  34.441053   998.9167      1.005     -0.003  0.000e+00
      1.010    29.8365   0.849398     4.2664     3.6970     2.0899          0     23.250  34.441056   998.8870      1.005     -0.007  0.000e+00
      1.021    29.8364   0.845972     4.2479     3.6879     2.0876          0     23.500  34.441059   998.8733      1.015     -0.005  0.000e+00
      1.032    29.8365   0.844394     4.2394     3.6861     2.0907          0     23.750  34.441062   998.8670      1.026     -0.004  0.000e+00
      1.053    29.8363   0.846260     4.2495     3.6862     2.0990          0     24.000  34.441065   998.8746      1.048      0.013  0.000e+00
      1.043    29.8355   0.854920     4.2962     3.6858     2.0907          0     24.250  34.441068   998.9096      1.037      0.015  0.000e+00
      1.021    29.8347   0.864881     4.3500     3.6902     2.0861          0     24.500  34.441071   998.9498      1.015      0.017  0.000e+00
      1.010    29.8342   0.870258     4.3791     3.6886     2.0769          0     24.750  34.441073   998.9715      1.005      0.009  0.000e+00
      0.999    29.8342   0.872836     4.3930     3.6925     2.0746          0     25.000  34.441076   998.9819      0.994     -0.002  0.000e+00
      0.999    29.8343   0.873810     4.3982     3.6903     2.0800          0     25.250  34.441079   998.9857      0.994     -0.012  0.000e+00
      1.021    29.8339   0.872957     4.3937     3.6769     2.0685          0     25.500  34.441082   998.9826      1.015     -0.016  0.000e+00
      1.021    29.8336   0.869421     4.3746     3.6409     2.0731          0     25.750  34.441085   998.9684      1.015     -0.017  0.000e+00
      1.021    29.8332   0.857628     4.3110     3.5895     2.0838          0     26.000  34.441088   998.9212      1.015     -0.014  0.000e+00
      1.043    29.8331   0.848294     4.2607     3.5053     2.0815          0     26.250  34.441091   998.8839      1.037      0.003  0.000e+00
      1.021    29.8322   0.846667     4.2520     3.4022     2.0876          0     26.500  34.441094   998.8777      1.015      0.011  0.000e+00
      1.032    29.8279   0.860182     4.3253     3.3200     2.0838          0     26.750  34.441097   998.9335      1.026      0.016  0.000e+00
      1.021    29.8248   0.872261     4.3907     3.2801     2.0937          0     27.000  34.441100   998.9831      1.015      0.014  0.000e+00
      1.032    29.8246   0.874603     4.4034     3.2776     2.0952          0     27.250  34.441102   998.9927      1.026      0.010  0.000e+00
      1.021    29.8259   0.875175     4.4064     3.2804     2.0754          0     27.500  34.441105   998.9944      1.015      0.002  0.000e+00
