public/post/ctd_rufiji/SBE19plus_01906740_2018_02_13_0924.cnv
* Sea-Bird SBE19plus  Data File:
* FileName = C:\Users\all user\Desktop\CTD tafiri 2018\SBE19plus_01906740_2018_02_13_0924.hex
* Software version 2.6.3.104
* Temperature SN = 6740
* Conductivity SN = 6740
* System UpLoad Time = Feb 13 2018 14:04:27
* <ApplicationData>
* <Seaterm232>
# nquan = 13
# nvalues = 377                                   
# units = specified
# name 0 = prdM: Pressure, Strain Gauge [db]
# name 1 = tv290C: Temperature [ITS-90, deg C]
# name 2 = c0S/m: Conductivity [S/m]
# name 3 = sal00: Salinity, Practical [PSU]
# name 4 = sbeox0ML/L: Oxygen, SBE 43 [ml/l]
# name 5 = flECO-AFL: Fluorescence, WET Labs ECO-AFL/FL [mg/m^3]
# name 6 = nbf: Bottles Fired
# name 7 = timeS: Time, Elapsed [seconds]
# name 8 = timeJ: Julian Days
# name 9 = density00: Density [density, kg/m^3]
# name 10 = depSM: Depth [salt water, m], lat = 0.00
# name 11 = dz/dtM: Descent Rate [m/s]
# name 12 = flag:  0.000e+00
# span 0 =      0.168,      7.887                 
# span 1 =    29.3752,    30.4224                 
# span 2 =   0.003760,   0.083497                 
# span 3 =     0.0246,     0.3693                 
# span 4 =     0.5962,    12.2683                 
# span 5 =    -0.0326,     2.4233                 
# span 6 =          0,          0                 
# span 7 =      0.000,     94.000                 
# span 8 =  34.410532,  34.411620                 
# span 9 =   995.6863,   995.9358                 
# span 10 =      0.167,      7.844                
# span 11 =     -0.667,      0.968                
# span 12 = 0.0000e+00, 0.0000e+00                
# interval = seconds: 0.25
# start_time = Feb 03 2018 09:51:10 [Instrument's time stamp, header]
# bad_flag = -9.990e-29
*END*
      0.276    29.6841   0.023540     0.1050     3.6201    -0.0166          0      0.000  34.410532   995.8241      0.274      0.000  0.000e+00
      0.297    29.9527   0.023846     0.1058     3.5990    -0.0258          0      0.250  34.410535   995.7441      0.296      0.006  0.000e+00
      0.384    30.0931   0.056477     0.2476     3.5921    -0.0204          0      0.500  34.410538   995.8084      0.382      0.033  0.000e+00
      0.427    30.1840   0.061327     0.2688     3.5955    -0.0242          0      0.750  34.410541   995.7969      0.425      0.065  0.000e+00
      0.471    30.2490   0.061242     0.2681     3.6537     1.3010          0      1.000  34.410544   995.7768      0.468      0.098  0.000e+00
      0.525    30.3059   0.062717     0.2743     3.7140     1.2979          0      1.250  34.410547   995.7644      0.522      0.133  0.000e+00
      0.590    30.3533   0.062787     0.2744     3.6265     1.2903          0      1.500  34.410550   995.7502      0.586      0.168  0.000e+00
      0.590    30.3857   0.062659     0.2737     3.6242     1.2941          0      1.750  34.410553   995.7398      0.586      0.182  0.000e+00
      0.600    30.4052   0.062867     0.2745     3.6653     2.0121          0      2.000  34.410556   995.7345      0.597      0.179  0.000e+00
      0.611    30.4136   0.062918     0.2747     3.6685     2.0090          0      2.250  34.410558   995.7321      0.608      0.157  0.000e+00
      0.633    30.4180   0.062745     0.2739     3.6714     2.0083          0      2.500  34.410561   995.7303      0.629      0.125  0.000e+00
      0.676    30.4211   0.062638     0.2734     3.6304     2.0128          0      2.750  34.410564   995.7291      0.672      0.111  0.000e+00
      0.709    30.4224   0.062568     0.2731     3.5324     2.0105          0      3.000  34.410567   995.7286      0.705      0.101  0.000e+00
      0.719    30.4207   0.062525     0.2729     3.3885     2.0029          0      3.250  34.410570   995.7291      0.716      0.089  0.000e+00
      0.730    30.4180   0.062446     0.2726     3.2490     2.0037          0      3.500  34.410573   995.7297      0.726      0.082  0.000e+00
      0.752    30.4150   0.062370     0.2722     3.0775     2.0121          0      3.750  34.410576   995.7305      0.748      0.089  0.000e+00
      0.774    30.4123   0.062364     0.2722     2.9054     2.0090          0      4.000  34.410579   995.7314      0.769      0.090  0.000e+00
      0.806    30.4104   0.062287     0.2719     2.7630     2.0372          0      4.250  34.410582   995.7319      0.802      0.092  0.000e+00
      0.806    30.4016   0.062278     0.2719     2.6487     2.0311          0      4.500  34.410584   995.7346      0.802      0.083  0.000e+00
      0.806    30.3849   0.062318     0.2722     2.5714     2.0434          0      4.750  34.410587   995.7398      0.802      0.069  0.000e+00
      0.795    30.3045   0.062428     0.2731     2.5246     2.0357          0      5.000  34.410590   995.7650      0.791      0.054  0.000e+00
      0.806    30.2214   0.062339     0.2731     2.4987     2.0434          0      5.250  34.410593   995.7904      0.802      0.045  0.000e+00
      0.817    30.1848   0.062306     0.2731     2.4760     2.0510          0      5.500  34.410596   995.8016      0.812      0.037  0.000e+00
      0.828    30.1750   0.062287     0.2731     2.4623     2.0464          0      5.750  34.410599   995.8046      0.823      0.028  0.000e+00
      0.839    30.1716   0.062248     0.2730     2.4512     2.0487          0      6.000  34.410602   995.8056      0.834      0.023  0.000e+00
      0.839    30.1661   0.062138     0.2725     2.4410     2.0578          0      6.250  34.410605   995.8069      0.834      0.019  0.000e+00
      0.839    30.1526   0.062105     0.2724     2.4612     2.0617          0      6.500  34.410608   995.8110      0.834      0.022  0.000e+00
      0.849    30.1364   0.062086     0.2724     2.5077     2.0556          0      6.750  34.410611   995.8159      0.845      0.026  0.000e+00
      0.849    30.1233   0.062056     0.2723     2.5570     2.0548          0      7.000  34.410613   995.8198      0.845      0.027  0.000e+00
      0.849    30.1129   0.062016     0.2722     2.5931     2.0655          0      7.250  34.410616   995.8229      0.845      0.021  0.000e+00
      0.849    30.1126   0.061998     0.2721     2.6066     2.0502          0      7.500  34.410619   995.8229      0.845      0.015  0.000e+00
      0.860    30.1140   0.061995     0.2721     2.6081     2.0594          0      7.750  34.410622   995.8225      0.855      0.013  0.000e+00
      0.860    30.0990   0.062016     0.2723     2.5878     2.0571          0      8.000  34.410625   995.8272      0.856      0.012  0.000e+00
      0.871    30.0639   0.062022     0.2725     2.5689     2.0632          0      8.250  34.410628   995.8381      0.866      0.014  0.000e+00
      0.882    30.0280   0.061989     0.2725     2.5868     2.0357          0      8.500  34.410631   995.8490      0.877      0.018  0.000e+00
      0.893    29.9958   0.061946     0.2725     2.6790     2.0342          0      8.750  34.410634   995.8588      0.888      0.022  0.000e+00
      0.882    29.9536   0.061906     0.2726     2.8321     2.0372          0      9.000  34.410637   995.8715      0.877      0.022  0.000e+00
      0.914    29.9246   0.061882     0.2726     3.0124     2.0380          0      9.250  34.410639   995.8804      0.909      0.030  0.000e+00
      0.947    29.9094   0.061870     0.2726     3.1993     2.0609          0      9.500  34.410642   995.8852      0.942      0.041  0.000e+00
      0.925    29.9007   0.061830     0.2725     3.3708     2.0624          0      9.750  34.410645   995.8876      0.920      0.040  0.000e+00
      0.958    29.8996   0.061821     0.2725     3.5152     2.0594          0     10.000  34.410648   995.8881      0.952      0.047  0.000e+00
      0.958    29.9055   0.061821     0.2724     3.6258     2.0578          0     10.250  34.410651   995.8863      0.952      0.047  0.000e+00
      0.968    29.8930   0.061778     0.2723     3.6947     2.0456          0     10.500  34.410654   995.8900      0.963      0.047  0.000e+00
      0.947    29.8647   0.061766     0.2724     3.7319     2.0434          0     10.750  34.410657   995.8985      0.942      0.038  0.000e+00
      0.958    29.8395   0.061791     0.2726     3.7475     2.0441          0     11.000  34.410660   995.9063      0.952      0.032  0.000e+00
      0.969    29.8314   0.061809     0.2728     3.7551     2.0418          0     11.250  34.410663   995.9089      0.963      0.020  0.000e+00
      0.979    29.8448   0.061791     0.2726     3.7540     2.0441          0     11.500  34.410666   995.9048      0.974      0.017  0.000e+00
      0.979    29.8683   0.061785     0.2725     3.7563     2.0411          0     11.750  34.410668   995.8976      0.974      0.019  0.000e+00
      0.969    29.9115   0.061946     0.2730     3.7563     2.0456          0     12.000  34.410671   995.8849      0.963      0.010  0.000e+00
      0.979    29.9736   0.062202     0.2738     3.7528     2.0479          0     12.250  34.410674   995.8668      0.974      0.012  0.000e+00
      0.979    30.0432   0.062397     0.2743     3.7351     2.0456          0     12.500  34.410677   995.8462      0.974      0.012  0.000e+00
      0.958    30.1094   0.062473     0.2743     3.6724     2.0708          0     12.750  34.410680   995.8260      0.952      0.008  0.000e+00
      0.958    30.1643   0.062550     0.2743     3.5733     2.0708          0     13.000  34.410683   995.8094      0.952     -0.002  0.000e+00
      0.958    30.1974   0.062851     0.2755     3.4516     2.0701          0     13.250  34.410686   995.8002      0.952     -0.009  0.000e+00
      0.947    30.2254   0.063489     0.2782     3.3155     2.0716          0     13.500  34.410689   995.7937      0.942     -0.016  0.000e+00
      0.958    30.2543   0.064074     0.2807     3.1781     2.0472          0     13.750  34.410692   995.7868      0.952     -0.014  0.000e+00
      0.947    30.2780   0.064758     0.2836     3.0527     2.0441          0     14.000  34.410694   995.7817      0.942     -0.014  0.000e+00
      0.914    30.2950   0.065014     0.2846     2.9509     2.0464          0     14.250  34.410697   995.7772      0.909     -0.025  0.000e+00
      0.860    30.3085   0.065096     0.2849     2.8622     2.0426          0     14.500  34.410700   995.7730      0.856     -0.042  0.000e+00
      0.795    30.3221   0.065200     0.2853     2.7904     2.0411          0     14.750  34.410703   995.7689      0.791     -0.068  0.000e+00
      0.731    30.3352   0.065072     0.2847     2.7397     2.0411          0     15.000  34.410706   995.7641      0.727     -0.107  0.000e+00
      0.687    30.3445   0.064764     0.2833     2.6949     2.0411          0     15.250  34.410709   995.7600      0.684     -0.143  0.000e+00
      0.633    30.3485   0.064514     0.2821     2.6501     2.0472          0     15.500  34.410712   995.7577      0.630     -0.174  0.000e+00
      0.579    30.3516   0.064324     0.2813     2.6082     2.0609          0     15.750  34.410715   995.7558      0.576     -0.203  0.000e+00
      0.525    30.3129   0.064178     0.2808     2.5650     2.0662          0     16.000  34.410718   995.7671      0.522     -0.217  0.000e+00
      0.504    30.2395   0.064038     0.2806     2.5327     2.0685          0     16.250  34.410720   995.7892      0.501     -0.212  0.000e+00
      0.460    30.1779   0.063998     0.2807     2.4950     2.0716          0     16.500  34.410723   995.8078      0.458     -0.200  0.000e+00
      0.449    30.1370   0.064102     0.2814     2.4698     2.0693          0     16.750  34.410726   995.8207      0.447     -0.178  0.000e+00
      0.428    30.1118   0.064236     0.2822     2.4450     2.0723          0     17.000  34.410729   995.8288      0.425     -0.156  0.000e+00
      0.395    30.0976   0.064138     0.2818     2.4240     2.0716          0     17.250  34.410732   995.8327      0.393     -0.141  0.000e+00
      0.395    30.0897   0.063974     0.2811     2.4044     2.0640          0     17.500  34.410735   995.8346      0.393     -0.117  0.000e+00
      0.395    30.0854   0.063946     0.2810     2.3897     2.0708          0     17.750  34.410738   995.8358      0.393     -0.092  0.000e+00
      0.406    30.0827   0.064022     0.2814     2.3717     2.0678          0     18.000  34.410741   995.8369      0.404     -0.066  0.000e+00
      0.395    30.0811   0.064093     0.2817     2.3509     2.0739          0     18.250  34.410744   995.8376      0.393     -0.049  0.000e+00
      0.460    30.0806   0.064172     0.2820     2.3353     2.0685          0     18.500  34.410747   995.8383      0.458     -0.014  0.000e+00
      0.471    30.0816   0.064334     0.2828     2.3203     2.0609          0     18.750  34.410749   995.8386      0.468      0.013  0.000e+00
      0.482    30.1069   0.064236     0.2822     2.3007     2.0578          0     19.000  34.410752   995.8305      0.479      0.038  0.000e+00
      0.536    30.1624   0.064050     0.2811     2.2786     2.0601          0     19.250  34.410755   995.8131      0.533      0.068  0.000e+00
      0.547    30.2144   0.063916     0.2802     2.2669     2.0563          0     19.500  34.410758   995.7967      0.544      0.084  0.000e+00
      0.568    30.2233   0.063842     0.2798     2.2538     2.0563          0     19.750  34.410761   995.7938      0.565      0.094  0.000e+00
      0.568    30.1667   0.063824     0.2800     2.2535     2.0594          0     20.000  34.410764   995.8112      0.565      0.094  0.000e+00
      0.568    30.1220   0.063791     0.2801     2.2542     2.0403          0     20.250  34.410767   995.8248      0.565      0.085  0.000e+00
      0.579    30.0981   0.063760     0.2801     2.2559     2.0434          0     20.500  34.410770   995.8321      0.576      0.065  0.000e+00
      0.612    30.0836   0.063736     0.2801     2.2575     2.0426          0     20.750  34.410773   995.8366      0.608      0.063  0.000e+00
      0.590    30.0725   0.063748     0.2802     2.2590     2.0426          0     21.000  34.410775   995.8400      0.587      0.048  0.000e+00
      0.612    30.0636   0.063760     0.2803     2.2584     2.0449          0     21.250  34.410778   995.8428      0.608      0.035  0.000e+00
      0.633    30.0555   0.063784     0.2804     2.2520     2.0434          0     21.500  34.410781   995.8455      0.630      0.037  0.000e+00
      0.655    30.0518   0.063812     0.2806     2.2441     2.0449          0     21.750  34.410784   995.8468      0.651      0.042  0.000e+00
      0.720    30.0577   0.063812     0.2806     2.2323     2.0441          0     22.000  34.410787   995.8453      0.716      0.065  0.000e+00
      0.741    30.0862   0.063824     0.2805     2.2227     2.0846          0     22.250  34.410790   995.8367      0.737      0.083  0.000e+00
      0.730    30.1241   0.063727     0.2798     2.2074     2.0830          0     22.500  34.410793   995.8247      0.726      0.086  0.000e+00
      0.676    30.1443   0.063690     0.2795     8.8825     2.0807          0     22.750  34.410796   995.8181      0.673      0.068  0.000e+00
      0.633    30.1262   0.063720     0.2798     3.2570     2.0853          0     23.000  34.410799   995.8236      0.630      0.043  0.000e+00
      0.622    30.1001   0.063656     0.2796     2.8035     2.0952          0     23.250  34.410802   995.8313      0.619      0.006  0.000e+00
      0.611    30.0819   0.063504     0.2790     2.4149     2.0968          0     23.500  34.410804   995.8364      0.608     -0.028  0.000e+00
      0.622    30.0410   0.063495     0.2792     2.0288     2.0868          0     23.750  34.410807   995.8489      0.619     -0.053  0.000e+00
      0.644    29.9827   0.063617     0.2801     1.6644     2.0952          0     24.000  34.410810   995.8673      0.640     -0.063  0.000e+00
      0.601    29.9456   0.063586     0.2801     1.3100     2.0907          0     24.250  34.410813   995.8783      0.597     -0.063  0.000e+00
      0.514    29.9284   0.063547     0.2801     0.9547     2.0693          0     24.500  34.410816   995.8831      0.511     -0.071  0.000e+00
      0.406    29.9240   0.063501     0.2799     0.5962     2.0708          0     24.750  34.410819   995.8838      0.404     -0.097  0.000e+00
      0.341    29.9243   0.063431     0.2796     2.1110     2.0693          0     25.000  34.410822   995.8832      0.339     -0.136  0.000e+00
      0.374    29.9185   0.063208     0.2786     2.1252     2.0739          0     25.250  34.410825   995.8843      0.372     -0.158  0.000e+00
      0.395    29.8867   0.062998     0.2778     2.1309     1.8175          0     25.500  34.410828   995.8934      0.393     -0.161  0.000e+00
      0.449    29.8391   0.063199     0.2790     2.1347     1.8282          0     25.750  34.410830   995.9089      0.447     -0.138  0.000e+00
      0.449    29.8084   0.063290     0.2795     2.1281     1.8259          0     26.000  34.410833   995.9186      0.447     -0.100  0.000e+00
      0.493    29.7936   0.063214     0.2793     2.1228     1.8198          0     26.250  34.410836   995.9230      0.490     -0.032  0.000e+00
      0.547    29.7887   0.062976     0.2782     2.2057     2.1525          0     26.500  34.410839   995.9239      0.544      0.045  0.000e+00
      0.611    29.7810   0.062281     0.2752     2.1712     2.1494          0     26.750  34.410842   995.9242      0.608      0.115  0.000e+00
      0.676    29.7624   0.061989     0.2739     2.1527     2.1563          0     27.000  34.410845   995.9292      0.673      0.160  0.000e+00
      0.709    29.7525   0.062254     0.2752     2.1479     2.1525          0     27.250  34.410848   995.9332      0.705      0.174  0.000e+00
      0.730    29.7491   0.062672     0.2771     2.1348     2.0479          0     27.500  34.410851   995.9358      0.726      0.179  0.000e+00
