public/post/ctd_rufiji/SBE19plus_01906740_2018_02_13_0885.cnv
* Sea-Bird SBE19plus  Data File:
* FileName = C:\Users\all user\Desktop\CTD tafiri 2018\SBE19plus_01906740_2018_02_13_0885.hex
* Software version 2.6.3.104
* Temperature SN = 6740
* Conductivity SN = 6740
* System UpLoad Time = Feb 13 2018 13:57:46
* <ApplicationData>
* <Seaterm232>
# nquan = 13
# nvalues = 616                                   
# units = specified
# name 0 = prdM: Pressure, Strain Gauge [db]
# name 1 = tv290C: Temperature [ITS-90, deg C]
# name 2 = c0S/m: Conductivity [S/m]
# name 3 = sal00: Salinity, Practical [PSU]
# name 4 = sbeox0ML/L: Oxygen, SBE 43 [ml/l]
# name 5 = flECO-AFL: Fluorescence, WET Labs ECO-AFL/FL [mg/m^3]
# name 6 = nbf: Bottles Fired
# name 7 = timeS: Time, Elapsed [seconds]
# name 8 = timeJ: Julian Days
# name 9 = density00: Density [density, kg/m^3]
# name 10 = depSM: Depth [salt water, m], lat = 0.00
# name 11 = dz/dtM: Descent Rate [m/s]
# name 12 = flag:  0.000e+00
# span 0 =      0.042,      5.987                 
# span 1 =    29.1546,    31.9237                 
# span 2 =   0.008290,   3.870001                 
# span 3 =     0.0419,    21.9279                 
# span 4 =     2.0832,    12.9704                 
# span 5 =    -0.0746,     3.4571                 
# span 6 =          0,          0                 
# span 7 =      0.000,    153.750                 
# span 8 =  33.720394,  33.722173                 
# span 9 =   995.7729,  1011.8449                 
# span 10 =      0.042,      5.954                
# span 11 =     -0.448,      0.339                
# span 12 = 0.0000e+00, 0.0000e+00                
# interval = seconds: 0.25
# start_time = Feb 02 2018 17:17:22 [Instrument's time stamp, header]
# bad_flag = -9.990e-29
*END*
[from data line 334]
      2.657    30.6365   3.629936    20.3462     3.1951     1.7397          0     83.500  33.721360  1010.5857      2.642      0.032  0.000e+00
      2.668    30.6346   3.632704    20.3641     3.2049     1.7405          0     83.750  33.721363  1010.5998      2.653      0.009  0.000e+00
      2.722    30.6326   3.636675    20.3896     3.3404     1.7557          0     84.000  33.721366  1010.6196      2.707      0.024  0.000e+00
      2.754    30.6293   3.643104    20.4307     3.2301     1.7580          0     84.250  33.721369  1010.6514      2.739      0.045  0.000e+00
      2.700    30.6250   3.655194    20.5075     3.2322     1.7550          0     84.500  33.721372  1010.7097      2.686      0.049  0.000e+00
      2.679    30.6206   3.645516    20.4493     3.2194     1.7504          0     84.750  33.721374  1010.6677      2.664      0.040  0.000e+00
      2.700    30.6216   3.630043    20.3530     3.2776     1.7717          0     85.000  33.721377  1010.5959      2.685      0.035  0.000e+00
      2.754    30.6261   3.639585    20.4103     3.2837     1.7847          0     85.250  33.721380  1010.6372      2.739      0.038  0.000e+00
      2.819    30.6239   3.671293    20.6078     3.3333     1.7748          0     85.500  33.721383  1010.7851      2.804      0.053  0.000e+00
      2.841    30.6138   3.686530    20.7065     3.3303     1.7794          0     85.750  33.721386  1010.8620      2.825      0.066  0.000e+00
      2.863    30.6036   3.692070    20.7453     3.3425     1.7763          0     86.000  33.721389  1010.8943      2.847      0.076  0.000e+00
      2.895    30.5966   3.691141    20.7424     3.4527     1.6710          0     86.250  33.721392  1010.8946      2.879      0.100  0.000e+00
      2.927    30.5927   3.703499    20.8208     3.5095     1.6672          0     86.500  33.721395  1010.9544      2.911      0.131  0.000e+00
      3.003    30.5876   3.714080    20.8888     3.5182     1.6703          0     86.750  33.721398  1011.0069      2.987      0.154  0.000e+00
      3.047    30.5813   3.735017    21.0217     3.4923     1.6695          0     87.000  33.721400  1011.1080      3.030      0.160  0.000e+00
      3.111    30.5740   3.740522    21.0590     3.4274     1.6253          0     87.250  33.721403  1011.1385      3.094      0.167  0.000e+00
      3.187    30.5685   3.745090    21.0898     3.4049     1.6192          0     87.500  33.721406  1011.1635      3.170      0.184  0.000e+00
      3.198    30.5648   3.752292    21.1363     3.4358     1.6268          0     87.750  33.721409  1011.1993      3.180      0.197  0.000e+00
      3.187    30.5620   3.748066    21.1112     3.5607     1.6230          0     88.000  33.721412  1011.1816      3.169      0.189  0.000e+00
      3.198    30.5622   3.741443    21.0698     3.5492     1.6222          0     88.250  33.721415  1011.1508      3.180      0.168  0.000e+00
      3.209    30.5640   3.750383    21.1247     3.5409     1.6245          0     88.500  33.721418  1011.1911      3.191      0.138  0.000e+00
      3.209    30.5635   3.753950    21.1471     3.6026     1.6253          0     88.750  33.721421  1011.2079      3.191      0.099  0.000e+00
      3.295    30.5620   3.755456    21.1572     3.5661     1.6230          0     89.000  33.721424  1011.2163      3.277      0.089  0.000e+00
      3.382    30.5603   3.761261    21.1941     3.5458     1.6718          0     89.250  33.721427  1011.2447      3.363      0.097  0.000e+00
      3.446    30.5585   3.765782    21.2230     3.4931     1.6726          0     89.500  33.721429  1011.2671      3.427      0.121  0.000e+00
      3.501    30.5573   3.769476    21.2466     3.4414     1.6710          0     89.750  33.721432  1011.2852      3.481      0.163  0.000e+00
      3.609    30.5569   3.772775    21.2673     3.4480     1.6787          0     90.000  33.721435  1011.3012      3.589      0.216  0.000e+00
      3.652    30.5565   3.776273    21.2893     3.7145     1.6733          0     90.250  33.721438  1011.3179      3.632      0.250  0.000e+00
      3.619    30.5563   3.776299    21.2895     3.6745     1.7138          0     90.500  33.721441  1011.3179      3.600      0.248  0.000e+00
      3.609    30.5563   3.773936    21.2748     3.7208     1.7130          0     90.750  33.721444  1011.3069      3.589      0.218  0.000e+00
      3.587    30.5571   3.772563    21.2659     3.7374     1.7183          0     91.000  33.721447  1011.3000      3.567      0.156  0.000e+00
      3.630    30.5582   3.774578    21.2779     3.7925     1.7176          0     91.250  33.721450  1011.3088      3.610      0.110  0.000e+00
      3.684    30.5587   3.778244    21.3006     3.6519     1.7672          0     91.500  33.721453  1011.3257      3.664      0.084  0.000e+00
      3.749    30.5580   3.786255    21.3508     3.5016     1.7633          0     91.750  33.721455  1011.3636      3.728      0.076  0.000e+00
      3.814    30.5570   3.793894    21.3989     3.4677     1.7672          0     92.000  33.721458  1011.4000      3.793      0.084  0.000e+00
      3.890    30.5562   3.794672    21.4041     3.4125     1.7710          0     92.250  33.721461  1011.4044      3.868      0.128  0.000e+00
      3.955    30.5561   3.794608    21.4037     3.4000     1.7519          0     92.500  33.721464  1011.4045      3.933      0.184  0.000e+00
      3.998    30.5560   3.797368    21.4210     3.2043     1.7588          0     92.750  33.721467  1011.4175      3.976      0.221  0.000e+00
      4.020    30.5554   3.807462    21.4843     3.1395     1.7542          0     93.000  33.721470  1011.4649      3.998      0.234  0.000e+00
      4.030    30.5550   3.806374    21.4777     3.0350     1.7473          0     93.250  33.721473  1011.4602      4.008      0.216  0.000e+00
      4.020    30.5547   3.801480    21.4473     3.0411     1.7847          0     93.500  33.721476  1011.4376      3.998      0.180  0.000e+00
      4.031    30.5555   3.801248    21.4455     3.0416     1.7923          0     93.750  33.721479  1011.4360      4.008      0.139  0.000e+00
      4.063    30.5559   3.805704    21.4731     3.0909     1.7862          0     94.000  33.721481  1011.4566      4.041      0.105  0.000e+00
      4.117    30.5553   3.803489    21.4595     3.1482     1.7885          0     94.250  33.721484  1011.4469      4.095      0.087  0.000e+00
      4.182    30.5552   3.806561    21.4787     3.2343     1.7977          0     94.500  33.721487  1011.4616      4.159      0.090  0.000e+00
      4.204    30.5545   3.808918    21.4937     3.3718     1.8244          0     94.750  33.721490  1011.4730      4.181      0.102  0.000e+00
      4.258    30.5540   3.810490    21.5038     3.3813     1.8236          0     95.000  33.721493  1011.4809      4.234      0.126  0.000e+00
      4.312    30.5523   3.825993    21.6013     3.3961     1.8305          0     95.250  33.721496  1011.5543      4.288      0.154  0.000e+00
      4.366    30.5431   3.841876    21.7047     3.3801     1.8236          0     95.500  33.721499  1011.6344      4.342      0.180  0.000e+00
      4.387    30.5280   3.852271    21.7763     3.3875     1.8869          0     95.750  33.721502  1011.6929      4.363      0.187  0.000e+00
      4.442    30.5107   3.854549    21.7983     3.3774     1.8831          0     96.000  33.721505  1011.7151      4.417      0.187  0.000e+00
      4.463    30.4995   3.855443    21.8088     3.4024     1.8847          0     96.250  33.721508  1011.7268      4.439      0.176  0.000e+00
      4.517    30.4934   3.859503    21.8369     3.4241     1.8854          0     96.500  33.721510  1011.7500      4.492      0.171  0.000e+00
      4.593    30.4864   3.861854    21.8548     3.4308     2.0220          0     96.750  33.721513  1011.7659      4.567      0.181  0.000e+00
      4.636    30.4805   3.864135    21.8717     3.4604     2.0289          0     97.000  33.721516  1011.7806      4.610      0.182  0.000e+00
      4.647    30.4742   3.865975    21.8860     3.4692     2.0151          0     97.250  33.721519  1011.7934      4.621      0.176  0.000e+00
      4.668    30.4698   3.862781    21.8679     3.4944     2.0220          0     97.500  33.721522  1011.7815      4.643      0.167  0.000e+00
      4.690    30.4703   3.864841    21.8806     3.5418     2.0166          0     97.750  33.721525  1011.7909      4.664      0.158  0.000e+00
      4.722    30.4686   3.866137    21.8895     3.4830     2.0739          0     98.000  33.721528  1011.7982      4.696      0.144  0.000e+00
      4.765    30.4656   3.865690    21.8880     3.4638     2.0792          0     98.250  33.721531  1011.7982      4.739      0.137  0.000e+00
      4.798    30.4640   3.866753    21.8954     3.4176     2.0838          0     98.500  33.721534  1011.8044      4.771      0.124  0.000e+00
      4.873    30.4615   3.867673    21.9022     3.3854     2.0754          0     98.750  33.721536  1011.8106      4.847      0.127  0.000e+00
      4.928    30.4584   3.868043    21.9059     3.4429     2.2753          0     99.000  33.721539  1011.8146      4.900      0.145  0.000e+00
      4.949    30.4562   3.867460    21.9032     3.4228     2.2722          0     99.250  33.721542  1011.8135      4.922      0.162  0.000e+00
      5.025    30.4549   3.867998    21.9072     3.4189     2.2722          0     99.500  33.721545  1011.8172      4.997      0.181  0.000e+00
      5.133    30.4533   3.868639    21.9119     3.4065     2.2768          0     99.750  33.721548  1011.8217      5.105      0.212  0.000e+00
      5.165    30.4500   3.869463    21.9185     3.4187     2.6034          0    100.000  33.721551  1011.8278      5.137      0.227  0.000e+00
      5.241    30.4461   3.869742    21.9220     3.4356     2.6072          0    100.250  33.721554  1011.8320      5.212      0.241  0.000e+00
      5.252    30.4425   3.869664    21.9231     3.4223     2.6140          0    100.500  33.721557  1011.8341      5.223      0.239  0.000e+00
      5.338    30.4413   3.869534    21.9228     3.4312     2.6140          0    100.750  33.721560  1011.8347      5.309      0.237  0.000e+00
      5.436    30.4409   3.869294    21.9215     3.4408     2.6674          0    101.000  33.721562  1011.8342      5.406      0.251  0.000e+00
      5.479    30.4408   3.869418    21.9223     3.4240     2.6674          0    101.250  33.721565  1011.8350      5.449      0.257  0.000e+00
      5.555    30.4401   3.869625    21.9239     3.4310     2.6690          0    101.500  33.721568  1011.8368      5.524      0.253  0.000e+00
      5.630    30.4388   3.869794    21.9255     3.4539     2.6774          0    101.750  33.721571  1011.8387      5.599      0.254  0.000e+00
      5.663    30.4379   3.870001    21.9272     3.4478     2.6720          0    102.000  33.721574  1011.8405      5.632      0.260  0.000e+00
      5.706    30.4366   3.869982    21.9277     3.4550     2.8162          0    102.250  33.721577  1011.8414      5.675      0.253  0.000e+00
      5.684    30.4356   3.869794    21.9269     3.4663     2.8162          0    102.500  33.721580  1011.8411      5.653      0.229  0.000e+00
      5.684    30.4353   3.869839    21.9274     3.4655     2.8200          0    102.750  33.721583  1011.8415      5.653      0.180  0.000e+00
      5.674    30.4358   3.869813    21.9270     3.4305     2.8162          0    103.000  33.721586  1011.8410      5.642      0.127  0.000e+00
      5.663    30.4369   3.869534    21.9247     3.4010     2.8422          0    103.250  33.721589  1011.8389      5.632      0.082  0.000e+00
      5.739    30.4376   3.869710    21.9255     3.4072     2.8452          0    103.500  33.721591  1011.8396      5.707      0.056  0.000e+00
      5.782    30.4369   3.869768    21.9262     3.4051     2.8353          0    103.750  33.721594  1011.8405      5.750      0.049  0.000e+00
      5.771    30.4349   3.869677    21.9265     3.4005     2.8406          0    104.000  33.721597  1011.8413      5.739      0.050  0.000e+00
      5.750    30.4336   3.869535    21.9262     3.4094     2.7750          0    104.250  33.721600  1011.8415      5.718      0.046  0.000e+00
      5.760    30.4340   3.869295    21.9245     3.4440     2.7804          0    104.500  33.721603  1011.8401      5.729      0.054  0.000e+00
      5.760    30.4349   3.869321    21.9242     3.4594     2.7735          0    104.750  33.721606  1011.8396      5.729      0.051  0.000e+00
      5.760    30.4355   3.869282    21.9238     3.5512     2.7834          0    105.000  33.721609  1011.8391      5.729      0.043  0.000e+00
      5.739    30.4361   3.868945    21.9214     3.5949     3.2198          0    105.250  33.721612  1011.8370      5.707      0.021  0.000e+00
      5.760    30.4375   3.868919    21.9206     3.5897     3.2198          0    105.500  33.721615  1011.8361      5.729     -0.004  0.000e+00
      5.771    30.4388   3.869061    21.9209     3.4087     3.2130          0    105.750  33.721617  1011.8359      5.739     -0.006  0.000e+00
      5.760    30.4395   3.869346    21.9224     3.6102     3.2137          0    106.000  33.721620  1011.8368      5.729     -0.000  0.000e+00
      5.760    30.4390   3.869346    21.9226     3.6190     3.2107          0    106.250  33.721623  1011.8370      5.729      0.004  0.000e+00
      5.782    30.4384   3.869392    21.9231     3.4997     3.1847          0    106.500  33.721626  1011.8378      5.750      0.008  0.000e+00
      5.782    30.4383   3.869418    21.9233     3.4563     3.1779          0    106.750  33.721629  1011.8379      5.750      0.013  0.000e+00
      5.814    30.4376   3.869509    21.9242     3.3719     3.1824          0    107.000  33.721632  1011.8390      5.782      0.025  0.000e+00
      5.793    30.4367   3.869651    21.9255     3.3650     3.1756          0    107.250  33.721635  1011.8401      5.761      0.028  0.000e+00
      5.803    30.4360   3.869697    21.9261     3.3803     3.3694          0    107.500  33.721638  1011.8409      5.771      0.024  0.000e+00
      5.825    30.4354   3.869664    21.9262     3.4283     3.3701          0    107.750  33.721641  1011.8412      5.793      0.029  0.000e+00
      5.814    30.4344   3.869651    21.9265     3.4644     3.3701          0    108.000  33.721644  1011.8418      5.782      0.031  0.000e+00
      5.803    30.4338   3.869535    21.9261     3.5732     3.3655          0    108.250  33.721646  1011.8416      5.771      0.023  0.000e+00
      5.825    30.4330   3.869768    21.9279     3.5394     3.3877          0    108.500  33.721649  1011.8433      5.793      0.018  0.000e+00
      5.814    30.4333   3.869677    21.9272     3.5409     3.3869          0    108.750  33.721652  1011.8426      5.782      0.013  0.000e+00
      5.836    30.4331   3.869392    21.9255     3.5347     3.3831          0    109.000  33.721655  1011.8415      5.804      0.011  0.000e+00
      5.857    30.4323   3.869301    21.9253     3.4781     3.3793          0    109.250  33.721658  1011.8417      5.825      0.023  0.000e+00
      5.879    30.4315   3.867551    21.9147     3.4840     3.4464          0    109.500  33.721661  1011.8342      5.847      0.030  0.000e+00
      5.879    30.4314   3.865101    21.8993     3.4641     3.4495          0    109.750  33.721664  1011.8228      5.846      0.035  0.000e+00
      5.868    30.4316   3.862963    21.8858     3.4107     3.4342          0    110.000  33.721667  1011.8126      5.836      0.040  0.000e+00
      5.879    30.4323   3.865483    21.9013     3.3935     3.4502          0    110.250  33.721670  1011.8240      5.846      0.040  0.000e+00
      5.868    30.4325   3.865620    21.9021     3.4417     3.4479          0    110.500  33.721672  1011.8244      5.836      0.030  0.000e+00
      5.836    30.4324   3.865885    21.9038     3.4282     3.2694          0    110.750  33.721675  1011.8256      5.803      0.014  0.000e+00
