public/post/ctd_rufiji/SBE19plus_01906740_2018_02_13_0896.cnv
* Sea-Bird SBE19plus  Data File:
* FileName = C:\Users\all user\Desktop\CTD tafiri 2018\SBE19plus_01906740_2018_02_13_0896.hex
* Software version 2.6.3.104
* Temperature SN = 6740
* Conductivity SN = 6740
* System UpLoad Time = Feb 13 2018 13:59:49
* <ApplicationData>
* <Seaterm232>
# nquan = 13
# nvalues = 416                                   
# units = specified
# name 0 = prdM: Pressure, Strain Gauge [db]
# name 1 = tv290C: Temperature [ITS-90, deg C]
# name 2 = c0S/m: Conductivity [S/m]
# name 3 = sal00: Salinity, Practical [PSU]
# name 4 = sbeox0ML/L: Oxygen, SBE 43 [ml/l]
# name 5 = flECO-AFL: Fluorescence, WET Labs ECO-AFL/FL [mg/m^3]
# name 6 = nbf: Bottles Fired
# name 7 = timeS: Time, Elapsed [seconds]
# name 8 = timeJ: Julian Days
# name 9 = density00: Density [density, kg/m^3]
# name 10 = depSM: Depth [salt water, m], lat = 0.00
# name 11 = dz/dtM: Descent Rate [m/s]
# name 12 = flag:  0.000e+00
# span 0 =      0.042,      6.280                 
# span 1 =    30.2835,    31.0816                 
# span 2 =   0.002823,   2.572660                 
# span 3 =     0.0212,    13.8900                 
# span 4 =     1.2125,     8.0188                 
# span 5 =    -0.2531,     2.2753                 
# span 6 =          0,          0                 
# span 7 =      0.000,    103.750                 
# span 8 =  33.770035,  33.771236                 
# span 9 =   995.5366,  1005.7513                 
# span 10 =      0.041,      6.246                
# span 11 =     -0.708,      0.313                
# span 12 = 0.0000e+00, 0.0000e+00                
# interval = seconds: 0.25
# start_time = Feb 02 2018 18:28:51 [Instrument's time stamp, header]
# bad_flag = -9.990e-29
*END*
[from data line 334]
      3.847    30.8935   2.361887    12.6261     2.2136     1.7130          0     83.500  33.771001  1004.7744      3.826     -0.513  0.000e+00
      3.685    30.9009   2.366571    12.6516     2.2103     1.7099          0     83.750  33.771004  1004.7902      3.665     -0.572  0.000e+00
      3.620    30.9103   2.368154    12.6585     2.2111     1.4658          0     84.000  33.771007  1004.7920      3.600     -0.590  0.000e+00
      3.642    30.9209   2.375435    12.6983     2.2101     1.4658          0     84.250  33.771010  1004.8182      3.622     -0.559  0.000e+00
      3.663    30.9376   2.376784    12.7019     2.2069     1.4551          0     84.500  33.771013  1004.8156      3.643     -0.496  0.000e+00
      3.674    30.9541   2.375656    12.6911     2.2037     1.4650          0     84.750  33.771016  1004.8023      3.654     -0.407  0.000e+00
      3.664    30.9671   2.373667    12.6762     2.2070     1.5108          0     85.000  33.771019  1004.7869      3.643     -0.284  0.000e+00
      3.664    30.9750   2.376007    12.6878     2.2122     1.5123          0     85.250  33.771021  1004.7930      3.643     -0.154  0.000e+00
      3.577    30.9787   2.376961    12.6925     2.2238     1.5100          0     85.500  33.771024  1004.7949      3.557     -0.068  0.000e+00
      3.372    30.9792   2.373429    12.6718     2.2223     1.5085          0     85.750  33.771027  1004.7784      3.353     -0.089  0.000e+00
      3.112    30.9770   2.363243    12.6129     2.2294     1.5093          0     86.000  33.771030  1004.7344      3.095     -0.202  0.000e+00
      2.874    30.9734   2.345047    12.5079     2.2342     1.5200          0     86.250  33.771033  1004.6566      2.859     -0.361  0.000e+00
      2.745    30.9699   2.317822    12.3503     2.2444     1.5162          0     86.500  33.771036  1004.5403      2.730     -0.498  0.000e+00
      2.723    30.9667   2.278532    12.1227     2.2604     1.5207          0     86.750  33.771039  1004.3724      2.708     -0.574  0.000e+00
      2.723    30.9667   2.219897    11.7827     2.2682     1.5215          0     87.000  33.771042  1004.1202      2.708     -0.583  0.000e+00
      2.745    30.9722   2.165027    11.4642     2.2758     1.3834          0     87.250  33.771045  1003.8824      2.730     -0.527  0.000e+00
      2.745    30.9803   2.140621    11.3216     2.2795     1.3659          0     87.500  33.771047  1003.7740      2.730     -0.409  0.000e+00
      2.767    30.9868   2.139242    11.3121     2.2857     1.3765          0     87.750  33.771050  1003.7650      2.751     -0.254  0.000e+00
      2.756    30.9905   2.134678    11.2850     2.2867     1.3765          0     88.000  33.771053  1003.7436      2.740     -0.115  0.000e+00
      2.766    30.9924   2.131914    11.2687     2.2868     1.2651          0     88.250  33.771056  1003.7309      2.751     -0.019  0.000e+00
      2.788    30.9937   2.129458    11.2542     2.2828     1.2613          0     88.500  33.771059  1003.7199      2.773      0.026  0.000e+00
      2.777    30.9947   2.128362    11.2477     2.2767     1.2659          0     88.750  33.771062  1003.7147      2.762      0.031  0.000e+00
      2.799    30.9954   2.127770    11.2441     2.2676     1.2644          0     89.000  33.771065  1003.7119      2.783      0.032  0.000e+00
      2.788    30.9959   2.127433    11.2420     2.2638     1.2735          0     89.250  33.771068  1003.7101      2.773      0.026  0.000e+00
      2.669    30.9962   2.127262    11.2410     2.2575     1.2720          0     89.500  33.771071  1003.7088      2.654     -0.009  0.000e+00
      2.474    30.9958   2.133441    11.2767     2.2493     1.2636          0     89.750  33.771073  1003.7345      2.461     -0.092  0.000e+00
      2.226    30.9949   2.112248    11.1549     2.2483     1.2621          0     90.000  33.771076  1003.6434      2.214     -0.215  0.000e+00
      2.010    30.9942   2.087000    11.0099     2.2420     1.2690          0     90.250  33.771079  1003.5351      1.998     -0.363  0.000e+00
      1.869    30.9940   2.058619    10.8470     2.2473     1.2049          0     90.500  33.771082  1003.4138      1.859     -0.496  0.000e+00
      1.739    30.9928   2.031034    10.6891     2.2456     1.2026          0     90.750  33.771085  1003.2965      1.730     -0.596  0.000e+00
      1.555    30.9905   2.013756    10.5906     2.2415     1.2056          0     91.000  33.771088  1003.2234      1.547     -0.679  0.000e+00
      1.426    30.9890   1.946598    10.2072     2.2447     1.1980          0     91.250  33.771091  1002.9390      1.418     -0.708  0.000e+00
      1.404    30.9898   1.883952     9.8503     2.2499     1.1682          0     91.500  33.771094  1002.6740      1.396     -0.655  0.000e+00
      1.393    30.9935   1.751876     9.1017     2.2603     1.1637          0     91.750  33.771097  1002.1176      1.385     -0.551  0.000e+00
      1.436    31.0010   1.674557     8.6654     2.2618     1.1682          0     92.000  33.771100  1001.7918      1.428     -0.417  0.000e+00
      1.458    31.0088   1.741824     9.0423     2.2554     1.1637          0     92.250  33.771102  1002.0689      1.450     -0.290  0.000e+00
      1.436    31.0112   1.720371     8.9210     2.2516     1.1309          0     92.500  33.771105  1001.9781      1.429     -0.190  0.000e+00
      1.436    31.0125   1.663991     8.6041     2.2514     1.1293          0     92.750  33.771108  1001.7427      1.429     -0.098  0.000e+00
      1.447    31.0161   1.636905     8.4517     2.2458     1.1232          0     93.000  33.771111  1001.6285      1.439     -0.018  0.000e+00
      1.469    31.0199   1.610773     8.3049     2.2387     1.1309          0     93.250  33.771114  1001.5186      1.461      0.026  0.000e+00
      1.426    31.0233   1.589536     8.1857     2.2271     1.1080          0     93.500  33.771117  1001.4289      1.418      0.021  0.000e+00
      1.188    31.0266   1.593789     8.2090     2.2134     1.1049          0     93.750  33.771120  1001.4440      1.181     -0.055  0.000e+00
      0.896    31.0278   1.595884     8.2205     8.0188     1.1034          0     94.000  33.771123  1001.4509      0.891     -0.197  0.000e+00
      0.690    31.0273   1.581071     8.1379     5.0518     1.1095          0     94.250  33.771126  1001.3889      0.687     -0.347  0.000e+00
      0.669    31.0266   1.539911     7.9088     3.4251     1.1080          0     94.500  33.771128  1001.2191      0.665     -0.446  0.000e+00
      0.647    31.0270   1.527026     7.8371     2.9059     1.0981          0     94.750  33.771131  1001.1657      0.644     -0.505  0.000e+00
      0.669    31.0282   1.510930     7.7475     2.3585     1.1003          0     95.000  33.771134  1001.0990      0.665     -0.506  0.000e+00
      0.679    31.0294   1.470018     7.5205     6.1739     1.1072          0     95.250  33.771137  1000.9303      0.676     -0.449  0.000e+00
      0.734    31.0313   1.471578     7.5289     4.0476     1.1072          0     95.500  33.771140  1000.9361      0.730     -0.319  0.000e+00
      0.701    31.0325   1.462018     7.4758     3.7102     1.1621          0     95.750  33.771143  1000.8962      0.697     -0.164  0.000e+00
      0.701    31.0342   1.364173     6.9360     1.3672     1.1553          0     96.000  33.771146  1000.4953      0.697     -0.039  0.000e+00
      0.680    31.0407   1.261706     6.3743     3.3668     1.1553          0     96.250  33.771149  1000.0764      0.676      0.015  0.000e+00
      0.669    31.0509   1.238793     6.2482     3.4094     1.1522          0     96.500  33.771152   999.9795      0.665      0.012  0.000e+00
      0.701    31.0581   1.234426     6.2236     2.9359     1.1675          0     96.750  33.771155   999.9591      0.697      0.012  0.000e+00
      0.723    31.0633   1.170497     5.8761     2.7064     1.1705          0     97.000  33.771157   999.6997      0.719      0.009  0.000e+00
      0.723    31.0695   1.156354     5.7989     1.5357     1.1736          0     97.250  33.771160   999.6404      0.719      0.007  0.000e+00
      0.723    31.0747   1.145706     5.7408     2.4952     1.1690          0     97.500  33.771163   999.5957      0.719      0.006  0.000e+00
      0.679    31.0781   1.142170     5.7213     2.7019     1.1637          0     97.750  33.771166   999.5799      0.676      0.008  0.000e+00
      0.550    31.0804   1.120504     5.6042     2.5490     1.1538          0     98.000  33.771169   999.4917      0.547     -0.032  0.000e+00
      0.377    31.0816   1.102780     5.5087     1.2790     1.1568          0     98.250  33.771172   999.4197      0.375     -0.107  0.000e+00
      0.171    31.0808   1.107129     5.5322     1.2280     1.1553          0     98.500  33.771175   999.4365      0.170     -0.223  0.000e+00
      0.085    31.0714   0.971285     4.8064     1.2125     1.1538          0     98.750  33.771178   998.9003      0.084     -0.332  0.000e+00
      0.052    31.0347   0.246470     1.1192     1.2481     0.8516          0     99.000  33.771181   996.1689      0.052     -0.400  0.000e+00
      0.042    30.9941   0.173535     0.7752     1.3981     0.8524          0     99.250  33.771183   995.9248      0.041     -0.420  0.000e+00
      0.074    30.9576   0.142048     0.6295     1.3812     0.8470          0     99.500  33.771186   995.8274      0.074     -0.386  0.000e+00
      0.074    30.9222   0.125482     0.5537     2.1013     0.8585          0     99.750  33.771189   995.7817      0.074     -0.309  0.000e+00
      0.074    30.8857   0.139963     0.6207     2.8227     0.2611          0    100.000  33.771192   995.8432      0.074     -0.203  0.000e+00
      0.074    30.8518   0.155480     0.6931     2.2804     0.2619          0    100.250  33.771195   995.9078      0.074     -0.100  0.000e+00
      0.085    30.8251   0.145499     0.6471     2.2495     0.2573          0    100.500  33.771198   995.8817      0.084     -0.020  0.000e+00
      0.085    30.8020   0.115035     0.5071     2.6465     0.2626          0    100.750  33.771201   995.7842      0.084      0.011  0.000e+00
      0.096    30.7768   0.103418     0.4544     2.4796     0.0009          0    101.000  33.771204   995.7526      0.095      0.022  0.000e+00
      0.074    30.7419   0.148451     0.6618     2.1287     0.0002          0    101.250  33.771207   995.9185      0.074      0.015  0.000e+00
      0.052    30.6959   0.113216     0.4998     2.1544    -0.0120          0    101.500  33.771209   995.8114      0.052     -0.002  0.000e+00
      0.085    30.6647   0.132068     0.5868     2.1299    -0.0036          0    101.750  33.771212   995.8863      0.085     -0.001  0.000e+00
      0.074    30.6469   0.138140     0.6152     1.8655    -0.0075          0    102.000  33.771215   995.9129      0.074     -0.003  0.000e+00
      0.074    30.6319   0.095998     0.4219     1.9684    -0.0349          0    102.250  33.771218   995.7730      0.074     -0.005  0.000e+00
      0.074    30.5976   0.063973     0.2784     3.3854    -0.0258          0    102.500  33.771221   995.6761      0.074     -0.007  0.000e+00
      0.074    30.5299   0.085661     0.3759     3.3225    -0.0319          0    102.750  33.771224   995.7699      0.074     -0.006  0.000e+00
      0.052    30.4618   0.201139     0.9143     3.2530    -0.0281          0    103.000  33.771227   996.1933      0.052     -0.009  0.000e+00
      0.052    30.4250   0.233254     1.0689     3.4805    -0.0151          0    103.250  33.771230   996.3201      0.052     -0.007  0.000e+00
      0.074    30.4215   0.259919     1.1979     3.3682    -0.0166          0    103.500  33.771233   996.4176      0.074     -0.004  0.000e+00
      0.063    30.4330   0.205002     0.9332     2.6189    -0.0220          0    103.750  33.771236   996.2163      0.063     -0.010  0.000e+00
