public/post/ctd_rufiji/SBE19plus_01906740_2018_02_13_0926.cnv
* Sea-Bird SBE19plus  Data File:
* FileName = C:\Users\all user\Desktop\CTD tafiri 2018\SBE19plus_01906740_2018_02_13_0926.hex
* Software version 2.6.3.104
* Temperature SN = 6740
* Conductivity SN = 6740
* System UpLoad Time = Feb 13 2018 14:04:48
* <ApplicationData>
* <Seaterm232>
# nquan = 13
# nvalues = 445                                   
# units = specified
# name 0 = prdM: Pressure, Strain Gauge [db]
# name 1 = tv290C: Temperature [ITS-90, deg C]
# name 2 = c0S/m: Conductivity [S/m]
# name 3 = sal00: Salinity, Practical [PSU]
# name 4 = sbeox0ML/L: Oxygen, SBE 43 [ml/l]
# name 5 = flECO-AFL: Fluorescence, WET Labs ECO-AFL/FL [mg/m^3]
# name 6 = nbf: Bottles Fired
# name 7 = timeS: Time, Elapsed [seconds]
# name 8 = timeJ: Julian Days
# name 9 = density00: Density [density, kg/m^3]
# name 10 = depSM: Depth [salt water, m], lat = 0.00
# name 11 = dz/dtM: Descent Rate [m/s]
# name 12 = flag:  0.000e+00
# span 0 =      0.184,      4.498                 
# span 1 =    29.2832,    30.2730                 
# span 2 =   0.004475,   0.115656                 
# span 3 =     0.0272,     0.5154                 
# span 4 =     0.2185,     7.3611                 
# span 5 =    -0.3561,     2.3386                 
# span 6 =          0,          0                 
# span 7 =      0.000,    111.000                 
# span 8 =  34.415868,  34.417153                 
# span 9 =   995.6516,   995.9591                 
# span 10 =      0.183,      4.473                
# span 11 =     -0.783,      0.576                
# span 12 = 0.0000e+00, 0.0000e+00                
# interval = seconds: 0.25
# start_time = Feb 03 2018 09:58:51 [Instrument's time stamp, header]
# bad_flag = -9.990e-29
*END*
[from data line 334]
      2.671    30.2322   0.097078     0.4301     2.0851     2.2501          0     83.500  34.416834   995.9130      2.656      0.517  0.000e+00
      2.703    30.2350   0.097125     0.4303     2.0886     2.2524          0     83.750  34.416837   995.9125      2.688      0.512  0.000e+00
      2.735    30.2387   0.097174     0.4305     2.0811     2.1502          0     84.000  34.416840   995.9116      2.720      0.472  0.000e+00
      2.746    30.2424   0.097162     0.4304     2.0728     2.1540          0     84.250  34.416843   995.9105      2.731      0.403  0.000e+00
      2.811    30.2440   0.097109     0.4302     2.0744     2.1540          0     84.500  34.416846   995.9101      2.796      0.329  0.000e+00
      2.973    30.2462   0.097118     0.4302     2.0763     2.1502          0     84.750  34.416849   995.9102      2.957      0.278  0.000e+00
      3.135    30.2457   0.097125     0.4302     2.0885     2.2143          0     85.000  34.416852   995.9111      3.118      0.280  0.000e+00
      3.298    30.2404   0.097137     0.4303     2.0905     2.2165          0     85.250  34.416855   995.9135      3.279      0.327  0.000e+00
      3.449    30.2359   0.097156     0.4304     2.1054     2.2028          0     85.500  34.416858   995.9156      3.430      0.395  0.000e+00
      3.579    30.2332   0.097351     0.4314     2.0998     2.2013          0     85.750  34.416861   995.9177      3.559      0.471  0.000e+00
      3.698    30.2332   0.097654     0.4327     2.0988     2.2173          0     86.000  34.416863   995.9193      3.677      0.530  0.000e+00
      3.827    30.2389   0.098723     0.4376     2.0849     2.2112          0     86.250  34.416866   995.9218      3.806      0.567  0.000e+00
      3.979    30.2468   0.100099     0.4438     2.0779     2.2173          0     86.500  34.416869   995.9247      3.957      0.576  0.000e+00
      4.130    30.2539   0.101557     0.4504     2.0718     2.2181          0     86.750  34.416872   995.9282      4.107      0.564  0.000e+00
      4.292    30.2601   0.103201     0.4579     2.0723     2.2165          0     87.000  34.416875   995.9326      4.269      0.562  0.000e+00
      4.357    30.2651   0.103996     0.4615     2.0625     2.2478          0     87.250  34.416878   995.9341      4.333      0.544  0.000e+00
      4.368    30.2685   0.102900     0.4565     2.0461     2.2555          0     87.500  34.416881   995.9293      4.344      0.500  0.000e+00
      4.390    30.2708   0.101159     0.4485     2.0417     2.2532          0     87.750  34.416884   995.9227      4.365      0.442  0.000e+00
      4.401    30.2730   0.100031     0.4433     2.0512     2.2509          0     88.000  34.416887   995.9182      4.376      0.367  0.000e+00
      4.390    30.2706   0.099550     0.4411     2.0607     2.1631          0     88.250  34.416889   995.9172      4.366      0.274  0.000e+00
      4.433    30.2650   0.099857     0.4426     2.0622     2.1700          0     88.500  34.416892   995.9202      4.409      0.190  0.000e+00
      4.422    30.2606   0.100338     0.4448     2.0735     2.1761          0     88.750  34.416895   995.9232      4.398      0.113  0.000e+00
      4.455    30.2590   0.100921     0.4475     2.0844     2.1647          0     89.000  34.416898   995.9258      4.430      0.065  0.000e+00
      4.465    30.2584   0.102208     0.4534     2.0938     2.2852          0     89.250  34.416901   995.9305      4.441      0.053  0.000e+00
      4.487    30.2573   0.102692     0.4556     2.0976     2.2867          0     89.500  34.416904   995.9326      4.462      0.056  0.000e+00
      4.476    30.2579   0.102851     0.4563     2.1011     2.2921          0     89.750  34.416907   995.9329      4.452      0.052  0.000e+00
      4.476    30.2594   0.102894     0.4565     2.1011     2.2867          0     90.000  34.416910   995.9326      4.451      0.048  0.000e+00
      4.487    30.2617   0.102910     0.4566     2.0906     2.2799          0     90.250  34.416913   995.9320      4.462      0.044  0.000e+00
      4.465    30.2627   0.102919     0.4566     2.0831     2.3264          0     90.500  34.416916   995.9316      4.441      0.025  0.000e+00
      4.476    30.2631   0.102919     0.4566     2.0680     2.3386          0     90.750  34.416918   995.9315      4.451      0.019  0.000e+00
      4.498    30.2636   0.102937     0.4567     2.0579     2.3348          0     91.000  34.416921   995.9315      4.473      0.011  0.000e+00
      4.443    30.2636   0.102767     0.4559     2.0496     2.3325          0     91.250  34.416924   995.9307      4.419     -0.005  0.000e+00
      4.443    30.2635   0.102522     0.4548     2.0381     2.2661          0     91.500  34.416927   995.9299      4.419     -0.016  0.000e+00
      4.411    30.2632   0.102369     0.4541     2.0214     2.2715          0     91.750  34.416930   995.9293      4.387     -0.028  0.000e+00
      4.411    30.2629   0.102404     0.4543     2.0156     2.2738          0     92.000  34.416933   995.9295      4.387     -0.038  0.000e+00
      4.357    30.2627   0.102422     0.4543     2.0117     2.2783          0     92.250  34.416936   995.9294      4.333     -0.058  0.000e+00
      4.400    30.2626   0.102388     0.4542     2.0031     2.2524          0     92.500  34.416939   995.9295      4.376     -0.055  0.000e+00
      4.357    30.2625   0.102376     0.4541     1.9994     2.2486          0     92.750  34.416942   995.9293      4.333     -0.065  0.000e+00
      4.357    30.2625   0.102326     0.4539     1.9880     2.2532          0     93.000  34.416944   995.9291      4.333     -0.064  0.000e+00
      4.346    30.2623   0.102332     0.4539     1.9806     2.2486          0     93.250  34.416947   995.9292      4.322     -0.051  0.000e+00
      4.357    30.2622   0.102351     0.4540     1.9708     2.1608          0     93.500  34.416950   995.9293      4.333     -0.043  0.000e+00
      4.368    30.2620   0.102357     0.4540     1.9649     2.1532          0     93.750  34.416953   995.9294      4.344     -0.027  0.000e+00
      4.379    30.2619   0.102320     0.4539     1.9530     2.1723          0     94.000  34.416956   995.9294      4.354     -0.013  0.000e+00
      4.389    30.2620   0.102369     0.4541     1.9464     2.1654          0     94.250  34.416959   995.9296      4.365      0.006  0.000e+00
      4.378    30.2618   0.102416     0.4543     1.9363     2.1631          0     94.500  34.416962   995.9297      4.354      0.005  0.000e+00
      4.400    30.2619   0.102338     0.4540     1.9344     2.1593          0     94.750  34.416965   995.9295      4.376      0.023  0.000e+00
      4.411    30.2618   0.102149     0.4531     1.9272     2.1677          0     95.000  34.416968   995.9290      4.387      0.030  0.000e+00
      4.411    30.2619   0.101628     0.4507     1.9214     2.1670          0     95.250  34.416970   995.9272      4.387      0.033  0.000e+00
      4.379    30.2620   0.101268     0.4491     1.9260     2.1654          0     95.500  34.416973   995.9257      4.355      0.020  0.000e+00
      4.303    30.2620   0.101268     0.4491     1.9233     2.1196          0     95.750  34.416976   995.9254      4.279     -0.012  0.000e+00
      4.173    30.2624   0.101740     0.4512     1.9236     2.1135          0     96.000  34.416979   995.9263      4.150     -0.071  0.000e+00
      4.087    30.2618   0.102267     0.4536     1.8980     2.1128          0     96.250  34.416982   995.9279      4.064     -0.137  0.000e+00
      4.033    30.2618   0.102491     0.4547     1.8811     2.1151          0     96.500  34.416985   995.9285      4.011     -0.194  0.000e+00
      4.054    30.2615   0.102661     0.4554     1.8792     2.1265          0     96.750  34.416988   995.9292      4.032     -0.225  0.000e+00
      4.109    30.2616   0.102826     0.4562     1.8858     2.1265          0     97.000  34.416991   995.9300      4.086     -0.213  0.000e+00
      4.173    30.2620   0.103096     0.4574     1.8827     2.1303          0     97.250  34.416994   995.9311      4.150     -0.160  0.000e+00
      4.249    30.2626   0.103353     0.4586     1.8768     2.1204          0     97.500  34.416997   995.9322      4.226     -0.071  0.000e+00
      4.282    30.2638   0.103400     0.4588     1.8726     2.1219          0     97.750  34.416999   995.9321      4.258      0.026  0.000e+00
      4.292    30.2645   0.103412     0.4589     1.8710     2.1288          0     98.000  34.417002   995.9320      4.269      0.107  0.000e+00
      4.228    30.2650   0.103096     0.4574     1.8923     2.1273          0     98.250  34.417005   995.9304      4.204      0.129  0.000e+00
      4.000    30.2651   0.103897     0.4611     1.8860     2.1265          0     98.500  34.417008   995.9321      3.978      0.058  0.000e+00
      3.676    30.2659   0.103813     0.4607     1.8610     2.1288          0     98.750  34.417011   995.9301      3.656     -0.112  0.000e+00
      3.384    30.2669   0.103825     0.4607     1.8409     2.1372          0     99.000  34.417014   995.9286      3.366     -0.329  0.000e+00
      3.190    30.2671   0.103701     0.4602     1.8263     2.1395          0     99.250  34.417017   995.9272      3.172     -0.535  0.000e+00
      3.092    30.2672   0.103835     0.4608     1.8419     2.1418          0     99.500  34.417020   995.9272      3.075     -0.685  0.000e+00
      3.092    30.2676   0.103714     0.4602     1.8446     2.1410          0     99.750  34.417023   995.9267      3.075     -0.737  0.000e+00
      3.103    30.2676   0.103568     0.4596     1.8447     2.1227          0    100.000  34.417025   995.9262      3.086     -0.698  0.000e+00
      3.125    30.2675   0.103530     0.4594     1.8408     2.1334          0    100.250  34.417028   995.9262      3.108     -0.571  0.000e+00
      3.071    30.2674   0.103664     0.4600     1.8595     2.1212          0    100.500  34.417031   995.9265      3.054     -0.402  0.000e+00
      2.919    30.2672   0.103919     0.4612     1.8656     2.1204          0    100.750  34.417034   995.9268      2.903     -0.272  0.000e+00
      2.606    30.2673   0.103620     0.4598     1.8492     2.1143          0    101.000  34.417037   995.9243      2.592     -0.262  0.000e+00
      2.292    30.2671   0.103897     0.4611     1.8370     2.1044          0    101.250  34.417040   995.9239      2.280     -0.362  0.000e+00
      2.022    30.2670   0.104161     0.4623     1.8107     2.1006          0    101.500  34.417043   995.9237      2.011     -0.525  0.000e+00
      1.871    30.2675   0.104204     0.4625     1.7969     2.1082          0    101.750  34.417046   995.9230      1.861     -0.684  0.000e+00
      1.795    30.2677   0.104217     0.4625     1.8107     2.1029          0    102.000  34.417049   995.9226      1.785     -0.781  0.000e+00
      1.817    30.2676   0.104310     0.4630     1.8112     2.1082          0    102.250  34.417052   995.9231      1.807     -0.783  0.000e+00
      1.838    30.2676   0.104288     0.4629     1.8114     2.1151          0    102.500  34.417054   995.9231      1.828     -0.685  0.000e+00
      1.849    30.2675   0.104307     0.4630     1.8169     2.1158          0    102.750  34.417057   995.9232      1.839     -0.517  0.000e+00
      1.795    30.2672   0.104742     0.4650     1.8401     2.1158          0    103.000  34.417060   995.9246      1.785     -0.333  0.000e+00
      1.611    30.2671   0.105270     0.4674     1.8316     2.0907          0    103.250  34.417063   995.9256      1.602     -0.227  0.000e+00
      1.341    30.2675   0.105988     0.4707     1.8125     2.0922          0    103.500  34.417066   995.9267      1.334     -0.231  0.000e+00
      1.071    30.2671   0.106877     0.4748     1.7935     2.0838          0    103.750  34.417069   995.9287      1.065     -0.334  0.000e+00
      0.887    30.2651   0.106398     0.4726     1.7657     2.0929          0    104.000  34.417072   995.9269      0.882     -0.474  0.000e+00
      0.811    30.2634   0.106725     0.4741     1.7670     2.0907          0    104.250  34.417075   995.9282      0.807     -0.592  0.000e+00
      0.801    30.2619   0.107070     0.4757     1.7672     2.0975          0    104.500  34.417078   995.9298      0.796     -0.642  0.000e+00
      0.844    30.2603   0.107253     0.4766     1.7698     2.0846          0    104.750  34.417080   995.9311      0.839     -0.604  0.000e+00
      0.909    30.2589   0.107368     0.4771     1.7670     2.0884          0    105.000  34.417083   995.9323      0.904     -0.479  0.000e+00
      0.909    30.2573   0.107692     0.4786     1.7884     2.0693          0    105.250  34.417086   995.9339      0.904     -0.310  0.000e+00
      0.844    30.2563   0.107692     0.4786     1.7862     2.0861          0    105.500  34.417089   995.9339      0.839     -0.160  0.000e+00
      0.725    30.2549   0.106768     0.4744     3.7495     2.0769          0    105.750  34.417092   995.9306      0.721     -0.081  0.000e+00
      0.595    30.2550   0.104931     0.4659     1.9633     2.0838          0    106.000  34.417095   995.9237      0.592     -0.085  0.000e+00
      0.541    30.2560   0.105773     0.4698     1.7571     2.0807          0    106.250  34.417098   995.9260      0.538     -0.133  0.000e+00
      0.584    30.2570   0.106529     0.4733     1.6297     2.0136          0    106.500  34.417101   995.9285      0.581     -0.172  0.000e+00
      0.638    30.2580   0.106208     0.4718     1.5176     2.0136          0    106.750  34.417104   995.9274      0.635     -0.185  0.000e+00
      0.682    30.2582   0.105490     0.4685     1.4114     2.0044          0    107.000  34.417106   995.9250      0.678     -0.161  0.000e+00
      0.693    30.2584   0.104683     0.4648     1.3312     2.0075          0    107.250  34.417109   995.9222      0.689     -0.102  0.000e+00
      0.725    30.2585   0.104474     0.4638     1.2593     2.2822          0    107.500  34.417112   995.9216      0.721     -0.020  0.000e+00
      0.693    30.2590   0.105239     0.4673     1.2078     2.2814          0    107.750  34.417115   995.9239      0.689      0.044  0.000e+00
      0.649    30.2595   0.107315     0.4769     1.6817     2.2799          0    108.000  34.417118   995.9307      0.646      0.067  0.000e+00
      0.574    30.2591   0.107605     0.4782     2.1130     2.2844          0    108.250  34.417121   995.9315      0.571      0.032  0.000e+00
      0.401    30.2575   0.107956     0.4798     6.9457     1.5970          0    108.500  34.417124   995.9324      0.398     -0.066  0.000e+00
      0.292    30.2555   0.107203     0.4764     5.7522     1.5970          0    108.750  34.417127   995.9300      0.291     -0.169  0.000e+00
      0.184    30.2543   0.115656     0.5154     2.5110     1.6016          0    109.000  34.417130   995.9591      0.183     -0.264  0.000e+00
      0.206    30.2533   0.104850     0.4656     7.3611     1.5940          0    109.250  34.417133   995.9222      0.205     -0.308  0.000e+00
      0.217    30.2541   0.033848     0.1479     2.1519    -0.3493          0    109.500  34.417135   995.6840      0.216     -0.314  0.000e+00
      0.206    30.2566   0.028584     0.1254     1.4621    -0.3561          0    109.750  34.417138   995.6663      0.205     -0.280  0.000e+00
      0.217    30.2588   0.025748     0.1133     0.9721    -0.3462          0    110.000  34.417141   995.6566      0.216     -0.219  0.000e+00
      0.206    30.2593   0.024229     0.1069     0.2185    -0.3454          0    110.250  34.417144   995.6516      0.205     -0.144  0.000e+00
      0.217    30.2587   0.024789     0.1093     0.2623    -0.3516          0    110.500  34.417147   995.6536      0.216     -0.062  0.000e+00
      0.195    30.2570   0.027297     0.1199     1.2827    -0.0311          0    110.750  34.417150   995.6620      0.194     -0.020  0.000e+00
      0.195    30.2547   0.025927     0.1141     1.9997    -0.0250          0    111.000  34.417153   995.6583      0.194      0.001  0.000e+00
