public/post/ctd_rufiji/SBE19plus_01906740_2018_02_13_0894.cnv
* Sea-Bird SBE19plus  Data File:
* FileName = C:\Users\all user\Desktop\CTD tafiri 2018\SBE19plus_01906740_2018_02_13_0894.hex
* Software version 2.6.3.104
* Temperature SN = 6740
* Conductivity SN = 6740
* System UpLoad Time = Feb 13 2018 13:59:25
* <ApplicationData>
* <Seaterm232>
# nquan = 13
# nvalues = 327                                   
# units = specified
# name 0 = prdM: Pressure, Strain Gauge [db]
# name 1 = tv290C: Temperature [ITS-90, deg C]
# name 2 = c0S/m: Conductivity [S/m]
# name 3 = sal00: Salinity, Practical [PSU]
# name 4 = sbeox0ML/L: Oxygen, SBE 43 [ml/l]
# name 5 = flECO-AFL: Fluorescence, WET Labs ECO-AFL/FL [mg/m^3]
# name 6 = nbf: Bottles Fired
# name 7 = timeS: Time, Elapsed [seconds]
# name 8 = timeJ: Julian Days
# name 9 = density00: Density [density, kg/m^3]
# name 10 = depSM: Depth [salt water, m], lat = 0.00
# name 11 = dz/dtM: Descent Rate [m/s]
# name 12 = flag:  0.000e+00
# span 0 =      0.051,      2.603                 
# span 1 =    28.8535,    30.8383                 
# span 2 =   0.000735,   2.034368                 
# span 3 =     0.0143,    10.7483                 
# span 4 =     1.3862,     7.7525                 
# span 5 =    -0.0471,     2.0594                 
# span 6 =          0,          0                 
# span 7 =      0.000,     81.500                 
# span 8 =  33.762616,  33.763559                 
# span 9 =   995.8707,  1003.4039                 
# span 10 =      0.051,      2.588                
# span 11 =     -0.433,      0.394                
# span 12 = 0.0000e+00, 0.0000e+00                
# interval = seconds: 0.25
# start_time = Feb 02 2018 18:18:10 [Instrument's time stamp, header]
# bad_flag = -9.990e-29
*END*
      0.267    28.8535   0.000735     0.0143     3.0877    -0.0380          0      0.000  33.762616   996.0014      0.266      0.000  0.000e+00
      0.408    29.2688   0.175883     0.8135     3.0726    -0.0395          0      0.250  33.762619   996.4795      0.406      0.037  0.000e+00
      0.538    29.6370   0.177805     0.8167     3.0192    -0.0387          0      0.500  33.762622   996.3727      0.535      0.100  0.000e+00
      0.624    30.0013   0.090697     0.4028     3.0216    -0.0471          0      0.750  33.762624   995.9535      0.621      0.168  0.000e+00
      0.635    30.2045   0.084802     0.3744     7.7525     0.9706          0      1.000  33.762627   995.8707      0.632      0.215  0.000e+00
      0.624    30.3110   0.695100     3.4095     6.6927     0.9722          0      1.250  33.762630   998.1020      0.621      0.234  0.000e+00
      0.635    30.3658   0.701108     3.4372     5.3967     0.9767          0      1.500  33.762633   998.1057      0.632      0.233  0.000e+00
      0.668    30.3994   0.727143     3.5715     4.6106     0.9775          0      1.750  33.762636   998.1954      0.664      0.216  0.000e+00
      0.722    30.4400   0.725674     3.5609     4.4193     1.2682          0      2.000  33.762639   998.1752      0.718      0.186  0.000e+00
      0.765    30.4662   0.736307     3.6148     4.0496     1.2644          0      2.250  33.762642   998.2073      0.761      0.138  0.000e+00
      0.830    30.4850   1.304300     6.6808     3.5467     1.2766          0      2.500  33.762645  1000.4800      0.825      0.120  0.000e+00
      0.873    30.5109   1.495551     7.7420     3.0926     1.2773          0      2.750  33.762648  1001.2599      0.868      0.130  0.000e+00
      0.862    30.5295   1.527748     7.9197     3.3540     1.2613          0      3.000  33.762650  1001.3858      0.858      0.143  0.000e+00
      0.852    30.5486   1.548676     8.0342     2.8464     1.2644          0      3.250  33.762653  1001.4647      0.847      0.141  0.000e+00
      0.830    30.5755   1.568570     8.1416     2.7025     1.2712          0      3.500  33.762656  1001.5359      0.825      0.115  0.000e+00
      0.819    30.6108   1.592090     8.2681     2.8741     1.2636          0      3.750  33.762659  1001.6186      0.815      0.076  0.000e+00
      0.819    30.6416   1.605967     8.3411     3.0097     1.2636          0      4.000  33.762662  1001.6629      0.815      0.035  0.000e+00
      0.841    30.6620   1.623171     8.4345     2.6645     1.2178          0      4.250  33.762665  1001.7259      0.836      0.009  0.000e+00
      0.862    30.6800   1.661410     8.6471     2.7990     1.2285          0      4.500  33.762668  1001.8780      0.858     -0.006  0.000e+00
      0.895    30.7021   1.666518     8.6721     3.2105     1.2323          0      4.750  33.762671  1001.8897      0.890      0.004  0.000e+00
      0.981    30.7207   1.678243     8.7350     3.5968     1.2308          0      5.000  33.762674  1001.9308      0.976      0.046  0.000e+00
      1.003    30.7357   1.696665     8.8364     3.8043     1.2636          0      5.250  33.762677  1002.0014      0.998      0.084  0.000e+00
      1.036    30.7478   1.708880     8.9033     3.8410     1.2552          0      5.500  33.762679  1002.0473      1.030      0.117  0.000e+00
      1.014    30.7571   1.720649     8.9682     3.6726     1.2506          0      5.750  33.762682  1002.0924      1.008      0.125  0.000e+00
      0.992    30.7703   1.743483     9.0950     3.6116     1.2529          0      6.000  33.762685  1002.1822      0.987      0.111  0.000e+00
      0.982    30.7826   1.751512     9.1382     3.7330     1.2209          0      6.250  33.762688  1002.2103      0.976      0.083  0.000e+00
      0.992    30.7929   1.756627     9.1653     3.6252     1.2278          0      6.500  33.762691  1002.2272      0.987      0.054  0.000e+00
      1.036    30.7997   1.757149     9.1670     3.5904     1.2346          0      6.750  33.762694  1002.2264      1.030      0.034  0.000e+00
      1.057    30.8019   1.758445     9.1740     3.6267     1.2407          0      7.000  33.762697  1002.2310      1.051      0.019  0.000e+00
      1.090    30.8027   1.760674     9.1864     3.6841     1.2552          0      7.250  33.762700  1002.2401      1.084      0.030  0.000e+00
      1.068    30.8040   1.766466     9.2190     3.6495     1.2590          0      7.500  33.762703  1002.2638      1.062      0.036  0.000e+00
      1.046    30.8052   1.768469     9.2301     3.6792     1.2453          0      7.750  33.762705  1002.2716      1.041      0.043  0.000e+00
      1.014    30.8040   1.767731     9.2262     3.6316     1.2613          0      8.000  33.762708  1002.2689      1.009      0.032  0.000e+00
      0.992    30.8021   1.768156     9.2290     3.6396     1.2567          0      8.250  33.762711  1002.2714      0.987      0.009  0.000e+00
      1.014    30.8023   1.768371     9.2301     3.6932     1.2506          0      8.500  33.762714  1002.2723      1.009     -0.011  0.000e+00
      1.047    30.8015   1.767546     9.2256     3.5772     1.2468          0      8.750  33.762717  1002.2693      1.041     -0.022  0.000e+00
      1.101    30.8008   1.767267     9.2241     3.5793     1.2445          0      9.000  33.762720  1002.2687      1.094     -0.008  0.000e+00
      1.090    30.8018   1.769665     9.2376     3.6000     1.2430          0      9.250  33.762723  1002.2783      1.084      0.006  0.000e+00
      1.079    30.8036   1.771268     9.2463     3.5719     1.2796          0      9.500  33.762726  1002.2842      1.073      0.027  0.000e+00
      1.057    30.8049   1.771972     9.2501     3.5845     1.2758          0      9.750  33.762729  1002.2865      1.051      0.035  0.000e+00
      1.014    30.8061   1.771977     9.2499     3.6151     1.2865          0     10.000  33.762731  1002.2857      1.008      0.024  0.000e+00
      1.046    30.8060   1.764704     9.2087     3.5041     1.2758          0     10.250  33.762734  1002.2553      1.041      0.014  0.000e+00
      1.079    30.8025   1.765588     9.2143     3.5704     1.2804          0     10.500  33.762737  1002.2608      1.073      0.004  0.000e+00
      1.100    30.7973   1.764275     9.2078     3.6849     1.2705          0     10.750  33.762740  1002.2578      1.094     -0.000  0.000e+00
      1.100    30.7939   1.762459     9.1982     3.7078     1.2766          0     11.000  33.762743  1002.2517      1.094      0.001  0.000e+00
      1.100    30.7910   1.763684     9.2057     3.6358     1.2819          0     11.250  33.762746  1002.2582      1.094      0.017  0.000e+00
      1.079    30.7889   1.763494     9.2050     3.6381     1.2651          0     11.500  33.762749  1002.2582      1.073      0.024  0.000e+00
      1.089    30.7890   1.766813     9.2238     3.6217     1.2659          0     11.750  33.762752  1002.2722      1.083      0.030  0.000e+00
      1.100    30.7923   1.774313     9.2657     3.6459     1.2651          0     12.000  33.762755  1002.3023      1.094      0.032  0.000e+00
      1.133    30.7961   1.778256     9.2873     3.8104     1.2575          0     12.250  33.762758  1002.3172      1.126      0.024  0.000e+00
      1.154    30.7964   1.780791     9.3016     3.3846     1.2644          0     12.500  33.762760  1002.3279      1.148      0.026  0.000e+00
      1.198    30.7962   1.783577     9.3175     3.4360     1.2499          0     12.750  33.762763  1002.3399      1.191      0.042  0.000e+00
      1.176    30.7992   1.784375     9.3214     3.5575     1.2392          0     13.000  33.762766  1002.3418      1.170      0.053  0.000e+00
      1.176    30.8035   1.787398     9.3378     3.5498     1.2445          0     13.250  33.762769  1002.3525      1.170      0.058  0.000e+00
      1.155    30.8078   1.789423     9.3485     3.4280     1.2438          0     13.500  33.762772  1002.3590      1.148      0.052  0.000e+00
      1.144    30.8109   1.790124     9.3519     3.3149     1.2438          0     13.750  33.762775  1002.3604      1.137      0.033  0.000e+00
      1.165    30.8125   1.790246     9.3523     3.2226     1.2506          0     14.000  33.762778  1002.3603      1.159      0.018  0.000e+00
      1.219    30.8143   1.789609     9.3483     3.0993     1.2362          0     14.250  33.762781  1002.3570      1.213      0.017  0.000e+00
      1.209    30.8148   1.787467     9.3361     3.0937     1.2323          0     14.500  33.762784  1002.3478      1.202      0.015  0.000e+00
      1.209    30.8117   1.783616     9.3148     2.9214     1.2125          0     14.750  33.762786  1002.3330      1.202      0.016  0.000e+00
      1.209    30.8089   1.786183     9.3299     2.7765     1.2171          0     15.000  33.762789  1002.3451      1.202      0.028  0.000e+00
      1.187    30.8085   1.786996     9.3346     2.6461     1.2102          0     15.250  33.762792  1002.3486      1.181      0.025  0.000e+00
      1.176    30.8095   1.788903     9.3452     2.5905     1.2117          0     15.500  33.762795  1002.3561      1.170      0.020  0.000e+00
      1.166    30.8118   1.791257     9.3581     2.5123     1.2247          0     15.750  33.762798  1002.3649      1.159      0.004  0.000e+00
      1.155    30.8135   1.791521     9.3593     2.5676     1.2217          0     16.000  33.762801  1002.3652      1.148     -0.019  0.000e+00
      1.166    30.8146   1.791394     9.3584     2.4982     1.2163          0     16.250  33.762804  1002.3642      1.159     -0.033  0.000e+00
      1.155    30.8137   1.791163     9.3572     2.5588     1.2209          0     16.500  33.762807  1002.3636      1.149     -0.032  0.000e+00
      1.198    30.8123   1.790962     9.3564     2.4875     1.2125          0     16.750  33.762810  1002.3636      1.192     -0.018  0.000e+00
      1.198    30.8125   1.793175     9.3689     2.4969     1.2377          0     17.000  33.762813  1002.3728      1.191     -0.004  0.000e+00
      1.187    30.8129   1.795098     9.3797     2.4195     1.2430          0     17.250  33.762815  1002.3807      1.181      0.009  0.000e+00
      1.209    30.8125   1.796266     9.3864     2.4788     1.2400          0     17.500  33.762818  1002.3858      1.202      0.021  0.000e+00
      1.187    30.8094   1.796777     9.3899     2.5157     1.2453          0     17.750  33.762821  1002.3893      1.181      0.022  0.000e+00
      1.187    30.8065   1.796674     9.3899     2.4204     1.2598          0     18.000  33.762824  1002.3903      1.181      0.019  0.000e+00
      1.198    30.8035   1.796399     9.3889     2.4102     1.2514          0     18.250  33.762827  1002.3905      1.191      0.014  0.000e+00
      1.209    30.8027   1.796114     9.3874     2.3548     1.2545          0     18.500  33.762830  1002.3897      1.202      0.013  0.000e+00
      1.187    30.8044   1.796629     9.3900     2.3743     1.2453          0     18.750  33.762833  1002.3910      1.181     -0.001  0.000e+00
      1.176    30.8072   1.798417     9.3996     2.3764     1.2522          0     19.000  33.762836  1002.3972      1.170     -0.005  0.000e+00
      1.155    30.8098   1.799374     9.4046     2.3202     1.2484          0     19.250  33.762839  1002.4000      1.148     -0.014  0.000e+00
      1.187    30.8111   1.799227     9.4035     2.3121     1.2598          0     19.500  33.762841  1002.3989      1.181     -0.014  0.000e+00
      1.198    30.8087   1.798809     9.4016     2.3837     1.2438          0     19.750  33.762844  1002.3983      1.191     -0.005  0.000e+00
      1.230    30.8039   1.798510     9.4008     2.4231     1.2400          0     20.000  33.762847  1002.3994      1.224      0.006  0.000e+00
      1.230    30.8019   1.798117     9.3989     2.3515     1.2430          0     20.250  33.762850  1002.3986      1.224      0.015  0.000e+00
      1.209    30.8036   1.799974     9.4092     2.3766     1.2522          0     20.500  33.762853  1002.4056      1.202      0.019  0.000e+00
      1.209    30.8061   1.801285     9.4161     2.2621     1.2468          0     20.750  33.762856  1002.4099      1.202      0.025  0.000e+00
      1.198    30.8062   1.801413     9.4168     2.3107     1.2552          0     21.000  33.762859  1002.4104      1.191      0.022  0.000e+00
      1.187    30.8040   1.801767     9.4193     2.2485     1.2331          0     21.250  33.762862  1002.4128      1.181      0.011  0.000e+00
      1.187    30.8030   1.801442     9.4176     2.3542     1.2293          0     21.500  33.762865  1002.4119      1.181     -0.008  0.000e+00
      1.176    30.8038   1.799910     9.4087     2.3900     1.2331          0     21.750  33.762867  1002.4051      1.170     -0.021  0.000e+00
      1.230    30.8029   1.793901     9.3748     2.4316     1.2377          0     22.000  33.762870  1002.3804      1.224     -0.015  0.000e+00
      1.263    30.7975   1.789825     9.3527     2.3656     1.2125          0     22.250  33.762873  1002.3659      1.256      0.008  0.000e+00
      1.263    30.7953   1.794946     9.3822     2.3485     1.2194          0     22.500  33.762876  1002.3885      1.256      0.029  0.000e+00
      1.263    30.7971   1.800214     9.4117     2.2916     1.2209          0     22.750  33.762879  1002.4098      1.256      0.040  0.000e+00
      1.209    30.8009   1.801496     9.4183     2.2153     1.2163          0     23.000  33.762882  1002.4132      1.202      0.034  0.000e+00
      1.155    30.8014   1.800578     9.4130     2.1396     1.2491          0     23.250  33.762885  1002.4089      1.148      0.009  0.000e+00
      1.144    30.7944   1.801049     9.4170     2.1293     1.2438          0     23.500  33.762888  1002.4140      1.138     -0.019  0.000e+00
      1.187    30.7929   1.801020     9.4171     2.1248     1.2491          0     23.750  33.762891  1002.4148      1.181     -0.032  0.000e+00
      1.241    30.7967   1.801536     9.4193     2.2175     1.2407          0     24.000  33.762894  1002.4154      1.234     -0.035  0.000e+00
      1.284    30.8003   1.802312     9.4230     2.1544     1.2415          0     24.250  33.762896  1002.4173      1.277     -0.013  0.000e+00
      1.317    30.8034   1.802676     9.4245     2.1719     1.2362          0     24.500  33.762899  1002.4175      1.310      0.025  0.000e+00
      1.284    30.8053   1.802415     9.4227     2.1626     1.2461          0     24.750  33.762902  1002.4154      1.277      0.051  0.000e+00
      1.230    30.8043   1.802636     9.4241     2.1003     1.2445          0     25.000  33.762905  1002.4165      1.224      0.061  0.000e+00
      1.165    30.8038   1.802268     9.4221     2.0488     1.2392          0     25.250  33.762908  1002.4150      1.159      0.038  0.000e+00
      1.133    30.8026   1.799895     9.4089     2.1454     1.2552          0     25.500  33.762911  1002.4054      1.127     -0.009  0.000e+00
      1.133    30.7972   1.795731     9.3863     2.2522     1.2606          0     25.750  33.762914  1002.3903      1.127     -0.058  0.000e+00
      1.208    30.7925   1.791914     9.3655     2.2235     1.2506          0     26.000  33.762917  1002.3767      1.202     -0.072  0.000e+00
      1.273    30.7933   1.791286     9.3618     2.2375     1.2438          0     26.250  33.762920  1002.3740      1.266     -0.051  0.000e+00
      1.306    30.7950   1.794720     9.3809     2.1455     1.2583          0     26.500  33.762922  1002.3878      1.299     -0.010  0.000e+00
      1.295    30.7869   1.800101     9.4130     2.1119     1.2575          0     26.750  33.762925  1002.4141      1.288      0.037  0.000e+00
      1.273    30.7806   1.802366     9.4271     2.0628     1.2567          0     27.000  33.762928  1002.4265      1.266      0.070  0.000e+00
      1.219    30.7791   1.802853     9.4301     1.9268     1.2537          0     27.250  33.762931  1002.4290      1.212      0.071  0.000e+00
      1.187    30.7804   1.802297     9.4267     1.9657     1.2735          0     27.500  33.762934  1002.4259      1.180      0.042  0.000e+00
