public/post/ctd_rufiji/SBE19plus_01906740_2018_02_13_0888.cnv
* Sea-Bird SBE19plus  Data File:
* FileName = C:\Users\all user\Desktop\CTD tafiri 2018\SBE19plus_01906740_2018_02_13_0888.hex
* Software version 2.6.3.104
* Temperature SN = 6740
* Conductivity SN = 6740
* System UpLoad Time = Feb 13 2018 13:58:20
* <ApplicationData>
* <Seaterm232>
# nquan = 13
# nvalues = 368                                   
# units = specified
# name 0 = prdM: Pressure, Strain Gauge [db]
# name 1 = tv290C: Temperature [ITS-90, deg C]
# name 2 = c0S/m: Conductivity [S/m]
# name 3 = sal00: Salinity, Practical [PSU]
# name 4 = sbeox0ML/L: Oxygen, SBE 43 [ml/l]
# name 5 = flECO-AFL: Fluorescence, WET Labs ECO-AFL/FL [mg/m^3]
# name 6 = nbf: Bottles Fired
# name 7 = timeS: Time, Elapsed [seconds]
# name 8 = timeJ: Julian Days
# name 9 = density00: Density [density, kg/m^3]
# name 10 = depSM: Depth [salt water, m], lat = 0.00
# name 11 = dz/dtM: Descent Rate [m/s]
# name 12 = flag:  0.000e+00
# span 0 =      0.071,      2.471                 
# span 1 =    30.1673,    31.0026                 
# span 2 =   0.073070,   2.049203                 
# span 3 =     0.3171,    10.8340                 
# span 4 =     1.6611,     3.7322                 
# span 5 =    -0.1776,     1.7839                 
# span 6 =          0,          0                 
# span 7 =      0.000,     91.750                 
# span 8 =  33.736377,  33.737439                 
# span 9 =   995.6029,  1003.4676                 
# span 10 =      0.070,      2.457                
# span 11 =     -0.417,      0.245                
# span 12 = 0.0000e+00, 0.0000e+00                
# interval = seconds: 0.25
# start_time = Feb 02 2018 17:40:23 [Instrument's time stamp, header]
# bad_flag = -9.990e-29
*END*
      0.819    30.8851   0.398707     1.8654     3.3384     1.7771          0      0.000  33.736377   996.7752      0.814 4.2106e-16  0.000e+00
      0.819    30.8954   0.404032     1.8914     3.3546     1.7839          0      0.250  33.736380   996.7914      0.814 4.2106e-16  0.000e+00
      0.786    30.9009   0.414433     1.9429     3.2735     1.7786          0      0.500  33.736383   996.8279      0.782     -0.009  0.000e+00
      0.775    30.9119   0.423296     1.9865     3.2543     1.7756          0      0.750  33.736386   996.8570      0.771     -0.018  0.000e+00
      0.851    30.9291   0.427884     2.0087     3.2591     1.7687          0      1.000  33.736389   996.8684      0.846     -0.004  0.000e+00
      0.883    30.9433   0.432025     2.0288     3.1987     1.7695          0      1.250  33.736392   996.8791      0.879      0.016  0.000e+00
      0.916    30.9511   0.431619     2.0264     3.2045     1.7740          0      1.500  33.736395   996.8750      0.911      0.040  0.000e+00
      0.916    30.9561   0.435052     2.0433     3.2123     1.7702          0      1.750  33.736398   996.8861      0.911      0.058  0.000e+00
      0.937    30.9618   0.438630     2.0609     3.2307     1.7595          0      2.000  33.736400   996.8975      0.932      0.076  0.000e+00
      0.948    30.9609   0.446617     2.1008     3.2521     1.7595          0      2.250  33.736403   996.9275      0.943      0.088  0.000e+00
      0.970    30.9572   0.453656     2.1362     3.2774     1.7511          0      2.500  33.736406   996.9551      0.964      0.097  0.000e+00
      0.959    30.9548   0.460424     2.1701     3.2805     1.7511          0      2.750  33.736409   996.9811      0.954      0.083  0.000e+00
      0.991    30.9538   0.464757     2.1919     3.2915     1.7466          0      3.000  33.736412   996.9977      0.986      0.062  0.000e+00
      1.002    30.9526   0.468292     2.2097     3.3173     1.7405          0      3.250  33.736415   997.0114      0.997      0.055  0.000e+00
      1.024    30.9504   0.468228     2.2094     3.7322     1.7458          0      3.500  33.736418   997.0120      1.018      0.054  0.000e+00
      1.089    30.9465   0.468856     2.2128     3.5596     1.7427          0      3.750  33.736421   997.0160      1.083      0.072  0.000e+00
      1.099    30.9441   0.469920     2.2182     3.5617     1.7397          0      4.000  33.736424   997.0208      1.093      0.081  0.000e+00
      1.121    30.9379   0.470181     2.2198     3.5496     1.7344          0      4.250  33.736427   997.0240      1.115      0.091  0.000e+00
      1.132    30.9309   0.471485     2.2266     3.5372     1.7328          0      4.500  33.736429   997.0314      1.126      0.096  0.000e+00
      1.121    30.9300   0.473483     2.2367     3.5205     1.7290          0      4.750  33.736432   997.0391      1.115      0.092  0.000e+00
      1.099    30.9333   0.475261     2.2455     3.4894     1.7344          0      5.000  33.736435   997.0445      1.093      0.069  0.000e+00
      1.100    30.9346   0.473945     2.2388     3.4436     1.6962          0      5.250  33.736438   997.0392      1.093      0.048  0.000e+00
      1.100    30.9310   0.473240     2.2354     3.4059     1.6970          0      5.500  33.736441   997.0377      1.093      0.022  0.000e+00
      1.100    30.9262   0.474539     2.2422     3.4559     1.7016          0      5.750  33.736444   997.0443      1.093     -0.002  0.000e+00
      1.110    30.9235   0.476363     2.2514     3.4633     1.6962          0      6.000  33.736447   997.0521      1.104     -0.007  0.000e+00
      1.100    30.9236   0.482221     2.2809     3.4632     1.7427          0      6.250  33.736450   997.0739      1.093     -0.013  0.000e+00
      1.089    30.9259   0.489223     2.3160     3.4453     1.7359          0      6.500  33.736453   997.0993      1.083     -0.014  0.000e+00
      1.100    30.9269   0.498677     2.3636     3.4245     1.7344          0      6.750  33.736455   997.1344      1.094     -0.007  0.000e+00
      1.089    30.9229   0.512808     2.4351     3.4196     1.7328          0      7.000  33.736458   997.1889      1.083     -0.004  0.000e+00
      1.110    30.9162   0.528104     2.5128     3.4301     1.7145          0      7.250  33.736461   997.2489      1.104     -0.001  0.000e+00
      1.143    30.9099   0.534995     2.5480     3.4262     1.7229          0      7.500  33.736464   997.2772      1.137      0.011  0.000e+00
      1.121    30.9017   0.537057     2.5589     3.4215     1.7160          0      7.750  33.736467   997.2878      1.115      0.014  0.000e+00
      1.089    30.8979   0.539884     2.5734     3.4361     1.7244          0      8.000  33.736470   997.2996      1.083      0.007  0.000e+00
      1.089    30.8986   0.543010     2.5893     3.4780     1.7176          0      8.250  33.736473   997.3112      1.083      0.004  0.000e+00
      1.100    30.9039   0.544510     2.5966     3.5228     1.7328          0      8.500  33.736476   997.3150      1.094      0.001  0.000e+00
      1.100    30.9096   0.540103     2.5739     3.5310     1.7191          0      8.750  33.736479   997.2964      1.094     -0.004  0.000e+00
      1.110    30.9107   0.539442     2.5705     3.5104     1.7283          0      9.000  33.736481   997.2936      1.104     -0.004  0.000e+00
      1.121    30.9112   0.545722     2.6024     3.4648     1.7244          0      9.250  33.736484   997.3172      1.115     -0.006  0.000e+00
      1.100    30.9135   0.557407     2.6617     3.4168     1.7115          0      9.500  33.736487   997.3605      1.094     -0.008  0.000e+00
      1.100    30.9146   0.575729     2.7549     3.3440     1.7031          0      9.750  33.736490   997.4295      1.094      0.001  0.000e+00
      1.110    30.9142   0.591411     2.8350     3.2172     1.7023          0     10.000  33.736493   997.4893      1.104      0.009  0.000e+00
      1.100    30.9135   0.601319     2.8857     3.1193     1.7077          0     10.250  33.736496   997.5272      1.094      0.004  0.000e+00
      1.110    30.9124   0.594383     2.8503     3.0350     1.6909          0     10.500  33.736499   997.5012      1.104      0.001  0.000e+00
      1.110    30.9103   0.583084     2.7927     2.9317     1.6901          0     10.750  33.736502   997.4590      1.104      0.001  0.000e+00
      1.143    30.9094   0.568232     2.7170     2.8475     1.6962          0     11.000  33.736505   997.4031      1.136      0.008  0.000e+00
      1.121    30.9100   0.580152     2.7777     2.7389     1.7099          0     11.250  33.736508   997.4480      1.115      0.010  0.000e+00
      1.100    30.9103   0.597786     2.8678     2.6675     1.6985          0     11.500  33.736510   997.5149      1.093      0.009  0.000e+00
      1.089    30.9108   0.601278     2.8857     2.6051     1.6985          0     11.750  33.736513   997.5279      1.083     -0.000  0.000e+00
      1.121    30.9114   0.606065     2.9102     2.5567     1.6962          0     12.000  33.736516   997.5461      1.115     -0.000  0.000e+00
      1.143    30.9110   0.606072     2.9102     2.5236     1.6878          0     12.250  33.736519   997.5464      1.136      0.008  0.000e+00
      1.110    30.9081   0.606471     2.9124     2.4810     1.6993          0     12.500  33.736522   997.5488      1.104      0.001  0.000e+00
      1.132    30.9052   0.605602     2.9081     2.4560     1.6932          0     12.750  33.736525   997.5466      1.126      0.004  0.000e+00
      1.121    30.9047   0.605692     2.9086     2.4639     1.6954          0     13.000  33.736528   997.5471      1.115      0.001  0.000e+00
      1.110    30.9058   0.603421     2.8969     2.5099     1.6901          0     13.250  33.736531   997.5380      1.104      0.006  0.000e+00
      1.121    30.9044   0.600951     2.8844     2.5326     1.6886          0     13.500  33.736534   997.5291      1.115      0.009  0.000e+00
      1.132    30.9046   0.597983     2.8692     2.5304     1.6932          0     13.750  33.736536   997.5178      1.126      0.008  0.000e+00
      1.121    30.9035   0.594439     2.8511     2.4951     1.6985          0     14.000  33.736539   997.5046      1.115     -0.002  0.000e+00
      1.121    30.9034   0.595677     2.8574     2.4680     1.6916          0     14.250  33.736542   997.5094      1.115     -0.004  0.000e+00
      1.154    30.9036   0.599573     2.8774     2.4300     1.6977          0     14.500  33.736545   997.5243      1.147      0.011  0.000e+00
      1.132    30.9040   0.598043     2.8695     2.3813     1.7176          0     14.750  33.736548   997.5182      1.126      0.008  0.000e+00
      1.143    30.9065   0.598352     2.8710     2.3658     1.7023          0     15.000  33.736551   997.5185      1.137      0.014  0.000e+00
      1.164    30.9093   0.601882     2.8889     2.3177     1.7084          0     15.250  33.736554   997.5311      1.158      0.021  0.000e+00
      1.154    30.9088   0.600664     2.8827     2.3177     1.7038          0     15.500  33.736557   997.5266      1.147      0.019  0.000e+00
      1.154    30.9076   0.597998     2.8691     2.3288     1.7054          0     15.750  33.736560   997.5169      1.147      0.017  0.000e+00
      1.154    30.9076   0.596012     2.8589     2.3046     1.7214          0     16.000  33.736562   997.5093      1.147      0.017  0.000e+00
      1.143    30.9076   0.595480     2.8562     2.2924     1.7199          0     16.250  33.736565   997.5072      1.137      0.009  0.000e+00
      1.132    30.9083   0.595737     2.8575     2.3132     1.7199          0     16.500  33.736568   997.5079      1.126     -0.003  0.000e+00
      1.121    30.9097   0.596674     2.8622     2.3086     1.7244          0     16.750  33.736571   997.5109      1.115     -0.008  0.000e+00
      1.143    30.9110   0.598076     2.8693     2.3181     1.6932          0     17.000  33.736574   997.5159      1.137     -0.012  0.000e+00
      1.154    30.9112   0.601945     2.8891     2.2807     1.6916          0     17.250  33.736577   997.5306      1.147     -0.011  0.000e+00
      1.154    30.9113   0.611762     2.9394     2.2633     1.6947          0     17.500  33.736580   997.5680      1.147     -0.003  0.000e+00
      1.132    30.9121   0.627837     3.0218     2.2358     1.6871          0     17.750  33.736583   997.6290      1.126     -0.004  0.000e+00
      1.164    30.9119   0.641855     3.0939     2.2132     1.7031          0     18.000  33.736586   997.6828      1.158      0.006  0.000e+00
      1.132    30.9082   0.646440     3.1177     2.1882     1.6970          0     18.250  33.736589   997.7015      1.126      0.006  0.000e+00
      1.143    30.9035   0.643424     3.1025     2.1495     1.6993          0     18.500  33.736591   997.6917      1.136      0.006  0.000e+00
      1.164    30.8980   0.636723     3.0683     2.1587     1.6848          0     18.750  33.736594   997.6681      1.158      0.009  0.000e+00
      1.143    30.8900   0.627908     3.0235     2.2129     1.6985          0     19.000  33.736597   997.6372      1.136      0.001  0.000e+00
      1.154    30.8835   0.626200     3.0151     2.1894     1.7077          0     19.250  33.736600   997.6330      1.147      0.001  0.000e+00
      1.164    30.8810   0.633915     3.0549     2.2005     1.6977          0     19.500  33.736603   997.6635      1.158      0.006  0.000e+00
      1.143    30.8795   0.642059     3.0969     2.1760     1.6977          0     19.750  33.736606   997.6951      1.137      0.006  0.000e+00
      1.164    30.8796   0.646002     3.1172     2.1921     1.6916          0     20.000  33.736609   997.7102      1.158      0.004  0.000e+00
      1.164    30.8843   0.650309     3.1391     2.1996     1.6672          0     20.250  33.736612   997.7250      1.158      0.012  0.000e+00
      1.143    30.8900   0.649750     3.1359     2.1577     1.6810          0     20.500  33.736615   997.7208      1.136      0.002  0.000e+00
      1.132    30.8913   0.647388     3.1236     2.1311     1.6726          0     20.750  33.736617   997.7112      1.126     -0.007  0.000e+00
      1.132    30.8856   0.639770     3.0848     2.1226     1.6848          0     21.000  33.736620   997.6841      1.126     -0.009  0.000e+00
      1.143    30.8755   0.641263     3.0931     2.1100     1.7412          0     21.250  33.736623   997.6935      1.137     -0.012  0.000e+00
      1.154    30.8714   0.644420     3.1096     2.1124     1.7313          0     21.500  33.736626   997.7071      1.147     -0.009  0.000e+00
      1.164    30.8733   0.647048     3.1230     2.1104     1.7244          0     21.750  33.736629   997.7165      1.158      0.000  0.000e+00
      1.186    30.8765   0.646523     3.1201     2.1076     1.7405          0     22.000  33.736632   997.7134      1.180      0.008  0.000e+00
      1.154    30.8808   0.641074     3.0918     2.2194     1.6878          0     22.250  33.736635   997.6909      1.147      0.012  0.000e+00
      1.154    30.8820   0.633712     3.0538     2.2658     1.6932          0     22.500  33.736638   997.6623      1.147      0.016  0.000e+00
      1.154    30.8792   0.623975     3.0039     2.3189     1.6855          0     22.750  33.736641   997.6260      1.147      0.014  0.000e+00
      1.154    30.8788   0.618346     2.9750     2.3132     1.6947          0     23.000  33.736644   997.6047      1.147      0.007  0.000e+00
      1.154    30.8668   0.621568     2.9923     2.2468     1.6733          0     23.250  33.736646   997.6213      1.147     -0.001  0.000e+00
      1.154    30.8383   0.628750     3.0309     2.2014     1.6787          0     23.500  33.736649   997.6589      1.147     -0.007  0.000e+00
      1.164    30.8253   0.637826     3.0784     2.2189     1.6733          0     23.750  33.736652   997.6984      1.158     -0.007  0.000e+00
      1.154    30.8268   0.638907     3.0839     2.1888     1.6733          0     24.000  33.736655   997.7019      1.147     -0.007  0.000e+00
      1.164    30.8309   0.638629     3.0822     2.1382     1.6703          0     24.250  33.736658   997.6995      1.158      0.004  0.000e+00
      1.164    30.8324   0.638757     3.0828     2.0984     1.7023          0     24.500  33.736661   997.6994      1.158      0.006  0.000e+00
      1.154    30.8339   0.638606     3.0819     2.0879     1.7130          0     24.750  33.736664   997.6982      1.147      0.004  0.000e+00
      1.143    30.8359   0.638587     3.0817     2.1867     1.7099          0     25.000  33.736667   997.6974      1.136     -0.001  0.000e+00
      1.153    30.8403   0.638892     3.0830     2.1730     1.7031          0     25.250  33.736670   997.6970      1.147     -0.003  0.000e+00
      1.153    30.8464   0.638775     3.0820     2.1228     1.6474          0     25.500  33.736672   997.6944      1.147     -0.004  0.000e+00
      1.175    30.8519   0.638335     3.0794     2.1101     1.6588          0     25.750  33.736675   997.6908      1.169     -0.000  0.000e+00
      1.164    30.8545   0.639009     3.0827     2.1166     1.6489          0     26.000  33.736678   997.6925      1.158      0.003  0.000e+00
      1.164    30.8553   0.640750     3.0917     2.0743     1.6542          0     26.250  33.736681   997.6989      1.158      0.003  0.000e+00
      1.186    30.8591   0.642044     3.0981     2.0680     1.6886          0     26.500  33.736684   997.7025      1.179      0.012  0.000e+00
      1.186    30.8664   0.643100     3.1031     2.0202     1.6901          0     26.750  33.736687   997.7040      1.179      0.019  0.000e+00
      1.175    30.8722   0.642281     3.0985     1.9876     1.6771          0     27.000  33.736690   997.6987      1.168      0.019  0.000e+00
      1.197    30.8736   0.643002     3.1021     1.9423     1.6916          0     27.250  33.736693   997.7010      1.190      0.019  0.000e+00
      1.153    30.8716   0.642692     3.1007     1.9367     1.6886          0     27.500  33.736696   997.7004      1.147      0.007  0.000e+00
