public/post/ctd18/stn002.ros
* Sea-Bird SBE 9 Data File:
* FileName = C:\CTD Data\AGU032_IIOE2_June2018\stn002.hex
* Software Version Seasave V 7.22.5
* Temperature SN = 5966
* Conductivity SN = 4551
* Number of Bytes Per Scan = 40
* Number of Voltage Words = 5
* Number of Scans Averaged by the Deck Unit = 1
* NMEA Latitude = 05 15.90 S
* NMEA Longitude = 039 14.44 E
* NMEA UTC (Time) = Jun 18 2018 13:32:50
* NMEA baud rate = 4800
** Ship: Agulhas II
** Cruise: V032_IIOE2
** Ship Station: AM00883
** Grid number: A-2
** Latitude: 05 15.996 S
** Longitude: 39 14.461 E
** Bottom depth (m): 497.23m
** Operator: Bornwell and Florence
# nquan = 29
# nvalues = 1145                                  
# units = specified
# name 0 = prDM: Pressure, Digiquartz [db]
# name 1 = depSM: Depth [salt water, m]
# name 2 = altM: Altimeter [m]
# name 3 = t090C: Temperature [ITS-90, deg C]
# name 4 = t190C: Temperature, 2 [ITS-90, deg C]
# name 5 = c0S/m: Conductivity [S/m]
# name 6 = c1S/m: Conductivity, 2 [S/m]
# name 7 = sal00: Salinity, Practical [PSU]
# name 8 = sal11: Salinity, Practical, 2 [PSU]
# name 9 = sbeox0ML/L: Oxygen, SBE 43 [ml/l]
# name 10 = flECO-AFL: Fluorescence, WET Labs ECO-AFL/FL [mg/m^3]
# name 11 = turbWETbb0: Turbidity, WET Labs ECO BB [m^-1/sr]
# name 12 = turbWETntu0: Turbidity, WET Labs ECO [NTU]
# name 13 = CStarAt0: Beam Attenuation, WET Labs C-Star [1/m]
# name 14 = CStarAt1: Beam Attenuation, WET Labs C-Star, 2 [1/m]
# name 15 = CStarTr0: Beam Transmission, WET Labs C-Star [%]
# name 16 = CStarTr1: Beam Transmission, WET Labs C-Star, 2 [%]
# name 17 = sbeox0V: Oxygen raw, SBE 43 [V]
# name 18 = v0: Voltage 0
# name 19 = v1: Voltage 1
# name 20 = v2: Voltage 2
# name 21 = v3: Voltage 3
# name 22 = v4: Voltage 4
# name 23 = v5: Voltage 5
# name 24 = v6: Voltage 6
# name 25 = v7: Voltage 7
# name 26 = scan: Scan Count
# name 27 = nbf: Bottles Fired
# name 28 = flag:  0.000e+00
# interval = seconds: 0.0416667
# start_time = Jun 18 2018 13:32:50 [NMEA time, header]
# bad_flag = -9.990e-29
*END*
[from data line 501]
     98.418     97.849      98.51    26.3718    26.3752   5.453226   5.453697    34.9867    34.9875     3.8369     0.4236 4.2215e-04     0.5746     0.1451     0.0492    96.4382    98.7774     2.7116     4.5592     4.6386     2.7094     0.1917     0.0952     0.0794     4.9255     0.0000      45317         11  0.000e+00
     98.432     97.864      98.51    26.3715    26.3735   5.453226   5.453628    34.9869    34.9883     3.8394     0.4236 4.1855e-04     0.5746     0.1451     0.0492    96.4382    98.7774     2.7128     4.5592     4.6386     2.7106     0.1905     0.0952     0.0794     4.9255     0.0000      45318         11  0.000e+00
     98.418     97.849      98.51    26.3716    26.3719   5.453286   5.453582    34.9873    34.9892     3.8375     0.4236 4.1855e-04     0.5746     0.1461     0.0492    96.4124    98.7774     2.7116     4.5580     4.6386     2.7094     0.1905     0.0952     0.0794     4.9255     0.0000      45319         11  0.000e+00
     98.432     97.864      98.51    26.3713    26.3719   5.453204   5.453575    34.9869    34.9891     3.8377     0.4236 4.1855e-04     0.5746     0.1451     0.0492    96.4382    98.7774     2.7116     4.5592     4.6386     2.7094     0.1905     0.0952     0.0794     4.9255     0.0000      45320         11  0.000e+00
     98.418     97.849      98.51    26.3708    26.3715   5.453204   5.453575    34.9873    34.9894     3.8378     0.4236 4.1855e-04     0.5746     0.1461     0.0492    96.4124    98.7774     2.7116     4.5580     4.6386     2.7094     0.1905     0.0952     0.0794     4.9255     0.0000      45321         11  0.000e+00
     98.432     97.864      98.51    26.3720    26.3708   5.453384   5.453437    34.9877    34.9889     3.8356     0.4236 4.1855e-04     0.6234     0.1461     0.0492    96.4124    98.7774     2.7104     4.5580     4.6386     2.7082     0.1905     0.0952     0.0806     4.9255     0.0000      45322         11  0.000e+00
     98.432     97.864      98.51    26.3742    26.3701   5.453572   5.453399    34.9874    34.9892     3.8353     0.4236 4.1855e-04     0.5746     0.1451     0.0492    96.4382    98.7774     2.7104     4.5592     4.6386     2.7082     0.1905     0.0952     0.0794     4.9255     0.0000      45323         11  0.000e+00
     98.418     97.850      98.51    26.3761    26.3699   5.453715   5.453361    34.9870    34.9891     3.8351     0.4236 4.1855e-04     0.5746     0.1461     0.0492    96.4124    98.7774     2.7104     4.5580     4.6386     2.7082     0.1905     0.0952     0.0794     4.9255     0.0000      45324         11  0.000e+00
     98.432     97.864      98.51    26.3776    26.3699   5.453820   5.453354    34.9866    34.9890     3.8350     0.4602 4.1855e-04     0.6234     0.1451     0.0492    96.4382    98.7774     2.7104     4.5592     4.6386     2.7082     0.1905     0.0977     0.0806     4.9255     0.0000      45325         11  0.000e+00
     98.418     97.850      98.51    26.3786    26.3693   5.453872   5.453285    34.9862    34.9890     3.8348     0.4602 4.1855e-04     0.5746     0.1451     0.0492    96.4382    98.7774     2.7104     4.5592     4.6386     2.7082     0.1905     0.0977     0.0794     4.9255     0.0000      45326         11  0.000e+00
     98.433     97.864      98.51    26.3789    26.3683   5.453955   5.453194    34.9865    34.9891     3.8324     0.4602 4.1495e-04     0.5746     0.1451     0.0492    96.4382    98.7774     2.7091     4.5592     4.6386     2.7070     0.1893     0.0977     0.0794     4.9255     0.0000      45327         11  0.000e+00
     98.418     97.850      98.51    26.3790    26.3681   5.454045   5.453171    34.9871    34.9891     3.8321     0.4602 4.1855e-04     0.5746     0.1461     0.0492    96.4124    98.7774     2.7091     4.5580     4.6386     2.7070     0.1905     0.0977     0.0794     4.9255     0.0000      45328         11  0.000e+00
     98.433     97.864      98.51    26.3785    26.3679   5.454068   5.453171    34.9877    34.9892     3.8318     0.4602 4.1495e-04     0.5746     0.1451     0.0492    96.4382    98.7774     2.7091     4.5592     4.6386     2.7070     0.1893     0.0977     0.0794     4.9255     0.0000      45329         11  0.000e+00
     98.418     97.850      98.51    26.3789    26.3676   5.454135   5.453171    34.9878    34.9895     3.8312     0.4602 4.1855e-04     0.5746     0.1451     0.0492    96.4382    98.7774     2.7091     4.5592     4.6386     2.7070     0.1905     0.0977     0.0794     4.9255     0.0000      45330         11  0.000e+00
     98.433     97.864      98.51    26.3790    26.3676   5.454053   5.453102    34.9872    34.9890     3.8307     0.4602 4.1855e-04     0.5746     0.1451     0.0492    96.4382    98.7774     2.7091     4.5592     4.6386     2.7070     0.1905     0.0977     0.0794     4.9255     0.0000      45331         11  0.000e+00
     98.309     97.741      98.51    26.3781    26.3672   5.453917   5.453079    34.9869    34.9892     3.8302     0.4602 4.1855e-04     0.5746     0.1461     0.0492    96.4124    98.7774     2.7091     4.5580     4.6386     2.7070     0.1905     0.0977     0.0794     4.9255     0.0000      45332         11  0.000e+00
     98.542     97.973      98.51    26.3777    26.3663   5.453782   5.452912    34.9862    34.9885     3.8298     0.4602 4.1855e-04     0.5746     0.1451     0.0492    96.4382    98.7774     2.7091     4.5592     4.6386     2.7070     0.1905     0.0977     0.0794     4.9255     0.0000      45333         11  0.000e+00
     98.374     97.806      98.51    26.3767    26.3639   5.453654   5.452683    34.9861    34.9888     3.8293     0.4602 4.1855e-04     0.5746     0.1451     0.0492    96.4382    98.7774     2.7091     4.5592     4.6386     2.7070     0.1905     0.0977     0.0794     4.9255     0.0000      45334         11  0.000e+00
     98.469     97.901      98.51    26.3758    26.3614   5.453587   5.452492    34.9863    34.9893     3.8289     0.4602 4.1855e-04     0.5746     0.1461     0.0492    96.4124    98.7774     2.7091     4.5580     4.6386     2.7070     0.1905     0.0977     0.0794     4.9255     0.0000      45335         11  0.000e+00
     98.433     97.864      98.51    26.3752    26.3592   5.453602   5.452241    34.9868    34.9891     3.8284     0.4602 4.1855e-04     0.6234     0.1461     0.0492    96.4124    98.7774     2.7091     4.5580     4.6386     2.7070     0.1905     0.0977     0.0806     4.9255     0.0000      45336         11  0.000e+00
     98.418     97.850      98.51    26.3752    26.3576   5.453715   5.452081    34.9876    34.9892     3.8278     0.4602 4.1495e-04     0.5746     0.1451     0.0492    96.4382    98.7774     2.7091     4.5592     4.6386     2.7070     0.1893     0.0977     0.0794     4.9255     0.0000      45337         11  0.000e+00
     98.433     97.864      98.51    26.3756    26.3556   5.453782   5.452081    34.9878    34.9907     3.8273     0.4602 4.1855e-04     0.5746     0.1440     0.0482    96.4641    98.8034     2.7091     4.5604     4.6398     2.7070     0.1905     0.0977     0.0794     4.9255     0.0000      45338         11  0.000e+00
     98.469     97.901      98.51    26.3761    26.3560   5.453865   5.452187    34.9880    34.9912     3.8268     0.4602 4.1855e-04     0.5746     0.1440     0.0482    96.4641    98.8034     2.7091     4.5604     4.6398     2.7070     0.1905     0.0977     0.0794     4.9255     0.0000      45339         11  0.000e+00
     98.375     97.806      98.51    26.3765    26.3571   5.453887   5.452523    34.9879    34.9928     3.8262     0.4602 4.1855e-04     0.5746     0.1440     0.0482    96.4641    98.8034     2.7091     4.5604     4.6398     2.7070     0.1905     0.0977     0.0794     4.9255     0.0000      45340         11  0.000e+00
     98.469     97.901      98.51    26.3765    26.3600   5.453850   5.452767    34.9876    34.9923     3.8257     0.4602 4.1855e-04     0.5746     0.1440     0.0482    96.4641    98.8034     2.7091     4.5604     4.6398     2.7070     0.1905     0.0977     0.0794     4.9255     0.0000      45341         11  0.000e+00
     98.433     97.864      98.51    26.3764    26.3619   5.453842   5.452950    34.9876    34.9922     3.8252     0.4602 4.1855e-04     0.5746     0.1440     0.0482    96.4641    98.8034     2.7091     4.5604     4.6398     2.7070     0.1905     0.0977     0.0794     4.9255     0.0000      45342         11  0.000e+00
     98.484     97.915      98.51    26.3765    26.3630   5.453805   5.452995    34.9873    34.9916     3.8247     0.4602 4.2215e-04     0.5746     0.1440     0.0482    96.4641    98.8034     2.7091     4.5604     4.6398     2.7070     0.1917     0.0977     0.0794     4.9255     0.0000      45343         11  0.000e+00
     98.418     97.850      98.51    26.3765    26.3639   5.453797   5.452995    34.9873    34.9910     3.8241     0.4602 4.1855e-04     0.5746     0.1440     0.0492    96.4641    98.7774     2.7091     4.5604     4.6386     2.7070     0.1905     0.0977     0.0794     4.9255     0.0000      45344         11  0.000e+00
     98.484     97.915      98.51    26.3761    26.3643   5.453760   5.452957    34.9873    34.9904     3.8237     0.4602 4.1495e-04     0.5746     0.1451     0.0482    96.4382    98.8034     2.7091     4.5592     4.6398     2.7070     0.1893     0.0977     0.0794     4.9255     0.0000      45345         11  0.000e+00
     98.469     97.901      98.51    26.3761    26.3646   5.453752   5.453011    34.9872    34.9905     3.8234     0.4602 4.1855e-04     0.6234     0.1440     0.0492    96.4641    98.7774     2.7091     4.5604     4.6386     2.7070     0.1905     0.0977     0.0806     4.9255     0.0000      45346         11  0.000e+00
     98.433     97.865      98.51    26.3758    26.3648   5.453752   5.453133    34.9875    34.9913     3.8231     0.4602 4.1855e-04     0.5746     0.1440     0.0482    96.4641    98.8034     2.7091     4.5604     4.6398     2.7070     0.1905     0.0977     0.0794     4.9255     0.0000      45347         11  0.000e+00
     98.470     97.901      98.51    26.3761    26.3657   5.453752   5.453338    34.9872    34.9921     3.8205     0.4602 4.1855e-04     0.5746     0.1440     0.0482    96.4641    98.8034     2.7079     4.5604     4.6398     2.7057     0.1905     0.0977     0.0794     4.9255     0.0000      45348         11  0.000e+00
     98.484     97.915      98.51    26.3763    26.3676   5.453782   5.453491    34.9873    34.9918     3.8226     0.4602 4.1855e-04     0.5746     0.1451     0.0482    96.4382    98.8034     2.7091     4.5592     4.6398     2.7070     0.1905     0.0977     0.0794     4.9255     0.0000      45349         11  0.000e+00
     98.470     97.901      98.51    26.3763    26.3690   5.453760   5.453598    34.9871    34.9915     3.8226     0.4053 4.1855e-04     0.5746     0.1451     0.0482    96.4382    98.8034     2.7091     4.5592     4.6398     2.7070     0.1905     0.0940     0.0794     4.9255     0.0000      45350         11  0.000e+00
     98.484     97.915      98.51    26.3764    26.3701   5.453782   5.453720    34.9872    34.9915     3.8226     0.3869 4.1855e-04     0.5746     0.1440     0.0482    96.4641    98.8034     2.7091     4.5604     4.6398     2.7070     0.1905     0.0928     0.0794     4.9255     0.0000      45351         11  0.000e+00
     98.470     97.901      98.51    26.3758    26.3714   5.453692   5.453819    34.9870    34.9913     3.8204     0.3869 4.1855e-04     0.5746     0.1440     0.0492    96.4641    98.7774     2.7079     4.5604     4.6386     2.7057     0.1905     0.0928     0.0794     4.9255     0.0000      45352         11  0.000e+00
     98.484     97.916      98.51    26.3749    26.3721   5.453497   5.453910    34.9863    34.9914     3.8203     0.3869 4.1495e-04     0.5746     0.1451     0.0482    96.4382    98.8034     2.7079     4.5592     4.6398     2.7057     0.1893     0.0928     0.0794     4.9255     0.0000      45353         11  0.000e+00
     98.484     97.916      98.51    26.3733    26.3728   5.453309   5.453895    34.9861    34.9907     3.8203     0.3869 4.1855e-04     0.5746     0.1440     0.0482    96.4641    98.8034     2.7079     4.5604     4.6398     2.7057     0.1905     0.0928     0.0794     4.9255     0.0000      45354         11  0.000e+00
     98.748     98.178      98.51    26.3459    26.3563   5.451019   5.452432    34.9903    34.9926     3.8218     0.3320 4.4734e-04     0.5746     0.1429     0.0566    96.4899    98.5953     2.7067     4.5617     4.6300     2.7045     0.2002     0.0891     0.0794     4.9255     0.0000      45410         12  0.000e+00
     98.756     98.185      98.51    26.3471    26.3571   5.451326   5.452454    34.9916    34.9922     3.8215     0.3320 4.5094e-04     0.5746     0.1429     0.0566    96.4899    98.5953     2.7067     4.5617     4.6300     2.7045     0.2015     0.0891     0.0794     4.9255     0.0000      45411         12  0.000e+00
     98.756     98.185      98.51    26.3504    26.3576   5.451559   5.452485    34.9908    34.9920     3.8212     0.3320 4.4734e-04     0.5746     0.1429     0.0566    96.4899    98.5953     2.7067     4.5617     4.6300     2.7045     0.2002     0.0891     0.0794     4.9255     0.0000      45412         12  0.000e+00
     98.690     98.120      98.51    26.3517    26.3581   5.451574   5.452531    34.9900    34.9920     3.8210     0.3320 4.5094e-04     0.5746     0.1429     0.0566    96.4899    98.5953     2.7067     4.5617     4.6300     2.7045     0.2015     0.0891     0.0794     4.9255     0.0000      45413         12  0.000e+00
     98.756     98.185      98.51    26.3508    26.3578   5.451462   5.452508    34.9898    34.9920     3.8212     0.3320 4.4374e-04     0.6234     0.1419     0.0576    96.5158    98.5693     2.7067     4.5629     4.6288     2.7045     0.1990     0.0891     0.0806     4.9255     0.0000      45414         12  0.000e+00
     98.749     98.178      98.51    26.3497    26.3583   5.451356   5.452500    34.9899    34.9916     3.8214     0.3320 4.3654e-04     0.5746     0.1429     0.0566    96.4899    98.5953     2.7067     4.5617     4.6300     2.7045     0.1966     0.0891     0.0794     4.9255     0.0000      45415         12  0.000e+00
     98.756     98.185      98.51    26.3495    26.3581   5.451371   5.452462    34.9901    34.9914     3.8216     0.3320 4.2934e-04     0.5746     0.1429     0.0576    96.4899    98.5693     2.7067     4.5617     4.6288     2.7045     0.1941     0.0891     0.0794     4.9255     0.0000      45416         12  0.000e+00
     98.749     98.178      98.51    26.3495    26.3583   5.451409   5.452485    34.9904    34.9915     3.8217     0.3320 4.3294e-04     0.5746     0.1429     0.0576    96.4899    98.5693     2.7067     4.5617     4.6288     2.7045     0.1954     0.0891     0.0794     4.9255     0.0000      45417         12  0.000e+00
     98.756     98.186      98.51    26.3497    26.3587   5.451462   5.452393    34.9906    34.9905     3.8219     0.3320 4.3294e-04     0.5746     0.1440     0.0524    96.4641    98.6993     2.7067     4.5604     4.6349     2.7045     0.1954     0.0891     0.0794     4.9255     0.0000      45418         12  0.000e+00
     98.749     98.178      98.51    26.3497    26.3581   5.451567   5.452294    34.9914    34.9902     3.8221     0.3320 4.3294e-04     0.5746     0.1440     0.0492    96.4641    98.7774     2.7067     4.5604     4.6386     2.7045     0.1954     0.0891     0.0794     4.9255     0.0000      45419         12  0.000e+00
     98.705     98.135      98.51    26.3502    26.3576   5.451604   5.452203    34.9913    34.9900     3.8246     0.3320 4.3294e-04     0.5746     0.1451     0.0482    96.4382    98.8034     2.7079     4.5592     4.6398     2.7057     0.1954     0.0891     0.0794     4.9255     0.0000      45420         12  0.000e+00
