public/post/ctd18/stn002.ros
* Sea-Bird SBE 9 Data File:
* FileName = C:\CTD Data\AGU032_IIOE2_June2018\stn002.hex
* Software Version Seasave V 7.22.5
* Temperature SN = 5966
* Conductivity SN = 4551
* Number of Bytes Per Scan = 40
* Number of Voltage Words = 5
* Number of Scans Averaged by the Deck Unit = 1
* NMEA Latitude = 05 15.90 S
* NMEA Longitude = 039 14.44 E
* NMEA UTC (Time) = Jun 18 2018 13:32:50
* NMEA baud rate = 4800
** Ship: Agulhas II
** Cruise: V032_IIOE2
** Ship Station: AM00883
** Grid number: A-2
** Latitude: 05 15.996 S
** Longitude: 39 14.461 E
** Bottom depth (m): 497.23m
** Operator: Bornwell and Florence
# nquan = 29
# nvalues = 1145                                  
# units = specified
# name 0 = prDM: Pressure, Digiquartz [db]
# name 1 = depSM: Depth [salt water, m]
# name 2 = altM: Altimeter [m]
# name 3 = t090C: Temperature [ITS-90, deg C]
# name 4 = t190C: Temperature, 2 [ITS-90, deg C]
# name 5 = c0S/m: Conductivity [S/m]
# name 6 = c1S/m: Conductivity, 2 [S/m]
# name 7 = sal00: Salinity, Practical [PSU]
# name 8 = sal11: Salinity, Practical, 2 [PSU]
# name 9 = sbeox0ML/L: Oxygen, SBE 43 [ml/l]
# name 10 = flECO-AFL: Fluorescence, WET Labs ECO-AFL/FL [mg/m^3]
# name 11 = turbWETbb0: Turbidity, WET Labs ECO BB [m^-1/sr]
# name 12 = turbWETntu0: Turbidity, WET Labs ECO [NTU]
# name 13 = CStarAt0: Beam Attenuation, WET Labs C-Star [1/m]
# name 14 = CStarAt1: Beam Attenuation, WET Labs C-Star, 2 [1/m]
# name 15 = CStarTr0: Beam Transmission, WET Labs C-Star [%]
# name 16 = CStarTr1: Beam Transmission, WET Labs C-Star, 2 [%]
# name 17 = sbeox0V: Oxygen raw, SBE 43 [V]
# name 18 = v0: Voltage 0
# name 19 = v1: Voltage 1
# name 20 = v2: Voltage 2
# name 21 = v3: Voltage 3
# name 22 = v4: Voltage 4
# name 23 = v5: Voltage 5
# name 24 = v6: Voltage 6
# name 25 = v7: Voltage 7
# name 26 = scan: Scan Count
# name 27 = nbf: Bottles Fired
# name 28 = flag:  0.000e+00
# interval = seconds: 0.0416667
# start_time = Jun 18 2018 13:32:50 [NMEA time, header]
# bad_flag = -9.990e-29
*END*
[from data line 251]
    251.573    250.028      49.84    13.3573    13.3671   4.154835   4.156274    35.1181    35.1226     2.9920     0.0206 4.1855e-04     0.5746     0.0992     0.0136    97.5498    99.6618     1.8477     4.6117     4.6801     1.8462     0.1905     0.0684     0.0794     2.4921     0.0000      34396          6  0.000e+00
    251.573    250.028      63.30    13.3576    13.3671   4.154862   4.156295    35.1180    35.1228     2.9917     0.0023 4.2215e-04     0.5258     0.0992     0.0136    97.5498    99.6618     1.8477     4.6117     4.6801     1.8462     0.1917     0.0672     0.0781     3.1648     0.0000      34397          6  0.000e+00
    251.515    249.970      91.62    13.3574    13.3672   4.154942   4.156295    35.1190    35.1227     2.9920     0.0023 4.2215e-04     0.5258     0.0992     0.0136    97.5498    99.6618     1.8477     4.6117     4.6801     1.8462     0.1917     0.0672     0.0781     4.5812     0.0000      34398          6  0.000e+00
    251.573    250.028     100.00    13.3576    13.3674   4.154949   4.156335    35.1188    35.1229     2.9918     0.0206 4.1855e-04     0.5746     0.1003     0.0136    97.5239    99.6618     1.8477     4.6105     4.6801     1.8462     0.1905     0.0684     0.0794     5.0000     0.0000      34399          6  0.000e+00
    251.515    249.970      99.66    13.3577    13.3674   4.154976   4.156363    35.1190    35.1232     2.9915     0.0206 4.2215e-04     0.5746     0.0992     0.0136    97.5498    99.6618     1.8477     4.6117     4.6801     1.8462     0.1917     0.0684     0.0794     4.9829     0.0000      34400          6  0.000e+00
    251.573    250.028      98.75    13.3578    13.3682   4.155010   4.156424    35.1193    35.1230     2.9914     0.0206 4.2215e-04     0.5258     0.0992     0.0136    97.5498    99.6618     1.8477     4.6117     4.6801     1.8462     0.1917     0.0684     0.0781     4.9377     0.0000      34401          6  0.000e+00
    251.515    249.970      98.44    13.3577    13.3687   4.155077   4.156465    35.1200    35.1229     2.9912     0.0206 4.2215e-04     0.5746     0.0992     0.0136    97.5498    99.6618     1.8477     4.6117     4.6801     1.8462     0.1917     0.0684     0.0794     4.9219     0.0000      34402          6  0.000e+00
    251.573    250.028      98.46    13.3583    13.3694   4.155117   4.156581    35.1198    35.1234     2.9910     0.0206 4.1855e-04     0.5746     0.0992     0.0136    97.5498    99.6618     1.8477     4.6117     4.6801     1.8462     0.1905     0.0684     0.0794     4.9231     0.0000      34403          6  0.000e+00
    251.515    249.970      98.51    13.3584    13.3713   4.155070   4.156833    35.1193    35.1241     2.9909     0.0206 4.1855e-04     0.5258     0.1003     0.0136    97.5239    99.6618     1.8477     4.6105     4.6801     1.8462     0.1905     0.0684     0.0781     4.9255     0.0000      34404          6  0.000e+00
    251.573    250.028      98.51    13.3583    13.3741   4.155083   4.157071    35.1195    35.1237     2.9914     0.0206 4.2215e-04     0.5746     0.1003     0.0146    97.5239    99.6358     1.8477     4.6105     4.6789     1.8462     0.1917     0.0684     0.0794     4.9255     0.0000      34405          6  0.000e+00
    251.515    249.970      98.51    13.3579    13.3758   4.155097   4.157173    35.1200    35.1231     2.9914     0.0206 4.0775e-04     0.5258     0.1014     0.0146    97.4981    99.6358     1.8477     4.6093     4.6789     1.8462     0.1868     0.0684     0.0781     4.9255     0.0000      34406          6  0.000e+00
    251.515    249.970      98.51    13.3579    13.3766   4.155130   4.157153    35.1203    35.1222     2.9919     0.0206 3.9695e-04     0.5746     0.1014     0.0136    97.4981    99.6618     1.8477     4.6093     4.6801     1.8462     0.1832     0.0684     0.0794     4.9255     0.0000      34407          6  0.000e+00
    251.515    249.970      98.51    13.3586    13.3765   4.155157   4.157125    35.1199    35.1220     2.9919     0.0206 3.9335e-04     0.5746     0.1024     0.0136    97.4722    99.6618     1.8477     4.6081     4.6801     1.8462     0.1819     0.0684     0.0794     4.9255     0.0000      34408          6  0.000e+00
    251.463    249.919      98.51    13.3597    13.3766   4.155217   4.157146    35.1195    35.1221     2.9919     0.0206 3.9335e-04     0.5258     0.1024     0.0136    97.4722    99.6618     1.8477     4.6081     4.6801     1.8462     0.1819     0.0684     0.0781     4.9255     0.0000      34409          6  0.000e+00
    251.515    249.970      98.51    13.3605    13.3768   4.155258   4.157159    35.1191    35.1221     2.9919     0.0206 3.9695e-04     0.5258     0.1014     0.0136    97.4981    99.6618     1.8477     4.6093     4.6801     1.8462     0.1832     0.0684     0.0781     4.9255     0.0000      34410          6  0.000e+00
    251.515    249.970      98.51    13.3609    13.3766   4.155271   4.157159    35.1189    35.1222     2.9920     0.0206 3.9695e-04     0.5258     0.1024     0.0136    97.4722    99.6618     1.8477     4.6081     4.6801     1.8462     0.1832     0.0684     0.0781     4.9255     0.0000      34411          6  0.000e+00
    251.449    249.904      98.51    13.3613    13.3764   4.155352   4.157159    35.1193    35.1224     2.9920     0.0206 3.9695e-04     0.5746     0.1014     0.0136    97.4981    99.6618     1.8477     4.6093     4.6801     1.8462     0.1832     0.0684     0.0794     4.9255     0.0000      34412          6  0.000e+00
    251.573    250.028      98.51    13.3617    13.3763   4.155405   4.157098    35.1193    35.1219     2.9922     0.0206 3.9335e-04     0.5258     0.1014     0.0136    97.4981    99.6618     1.8477     4.6093     4.6801     1.8462     0.1819     0.0684     0.0781     4.9255     0.0000      34413          6  0.000e+00
    251.464    249.919      98.53    13.3623    13.3756   4.155466   4.157084    35.1195    35.1225     2.9923     0.0206 3.9695e-04     0.5746     0.1014     0.0136    97.4981    99.6618     1.8477     4.6093     4.6801     1.8462     0.1832     0.0684     0.0794     4.9267     0.0000      34414          6  0.000e+00
    251.515    249.970      98.51    13.3624    13.3753   4.155486   4.157084    35.1195    35.1227     2.9925     0.0206 3.9695e-04     0.5746     0.1014     0.0136    97.4981    99.6618     1.8477     4.6093     4.6801     1.8462     0.1832     0.0684     0.0794     4.9255     0.0000      34415          6  0.000e+00
    251.464    249.919      98.51    13.3630    13.3754   4.155526   4.157146    35.1193    35.1232     2.9926     0.0206 3.9335e-04     0.5746     0.1014     0.0136    97.4981    99.6618     1.8477     4.6093     4.6801     1.8462     0.1819     0.0684     0.0794     4.9255     0.0000      34416          6  0.000e+00
    251.464    249.919      98.51    13.3631    13.3762   4.155580   4.157214    35.1197    35.1232     2.9928     0.0206 3.9695e-04     0.5258     0.1014     0.0136    97.4981    99.6618     1.8477     4.6093     4.6801     1.8462     0.1832     0.0684     0.0781     4.9255     0.0000      34417          6  0.000e+00
    251.515    249.970      98.51    13.3634    13.3764   4.155593   4.157228    35.1196    35.1231     2.9931     0.0206 3.9695e-04     0.5258     0.1014     0.0136    97.4981    99.6618     1.8477     4.6093     4.6801     1.8462     0.1832     0.0684     0.0781     4.9255     0.0000      34418          6  0.000e+00
    251.464    249.919      98.51    13.3633    13.3765   4.155539   4.157173    35.1192    35.1225     2.9934     0.0206 3.9695e-04     0.5746     0.1014     0.0136    97.4981    99.6618     1.8477     4.6093     4.6801     1.8462     0.1832     0.0684     0.0794     4.9255     0.0000      34419          6  0.000e+00
    251.464    249.919      98.53    13.3625    13.3759   4.155546   4.157016    35.1200    35.1215     2.9937     0.0206 3.9695e-04     0.5746     0.1014     0.0136    97.4981    99.6618     1.8477     4.6093     4.6801     1.8462     0.1832     0.0684     0.0794     4.9267     0.0000      34420          6  0.000e+00
    251.464    249.919      98.51    13.3625    13.3743   4.155640   4.156812    35.1209    35.1211     2.9940     0.0206 3.9335e-04     0.5258     0.1024     0.0136    97.4722    99.6618     1.8477     4.6081     4.6801     1.8462     0.1819     0.0684     0.0781     4.9255     0.0000      34421          6  0.000e+00
    251.464    249.919      98.51    13.3625    13.3721   4.155640   4.156703    35.1209    35.1221     2.9943     0.0206 3.9335e-04     0.5746     0.1014     0.0136    97.4981    99.6618     1.8477     4.6093     4.6801     1.8462     0.1819     0.0684     0.0794     4.9255     0.0000      34422          6  0.000e+00
    251.464    249.919      98.51    13.3629    13.3721   4.155707   4.156689    35.1212    35.1220     2.9947     0.0206 3.9695e-04     0.5746     0.1014     0.0136    97.4981    99.6618     1.8477     4.6093     4.6801     1.8462     0.1832     0.0684     0.0794     4.9255     0.0000      34423          6  0.000e+00
    251.464    249.919      98.51    13.3636    13.3721   4.155761   4.156649    35.1210    35.1216     2.9950     0.0206 3.9695e-04     0.5746     0.1014     0.0136    97.4981    99.6618     1.8477     4.6093     4.6801     1.8462     0.1832     0.0684     0.0794     4.9255     0.0000      34424          6  0.000e+00
    251.405    249.861      98.51    13.3651    13.3716   4.155895   4.156594    35.1210    35.1216     2.9953     0.0206 3.9695e-04     0.5258     0.1024     0.0136    97.4722    99.6618     1.8477     4.6081     4.6801     1.8462     0.1832     0.0684     0.0781     4.9255     0.0000      34425          6  0.000e+00
    251.464    249.919      98.51    13.3661    13.3711   4.156103   4.156635    35.1219    35.1224     2.9957     0.0206 4.0055e-04     0.5746     0.1003     0.0136    97.5239    99.6618     1.8477     4.6105     4.6801     1.8462     0.1844     0.0684     0.0794     4.9255     0.0000      34426          6  0.000e+00
    251.405    249.861      98.51    13.3671    13.3716   4.156244   4.156676    35.1224    35.1223     2.9961     0.0206 3.9695e-04     0.5258     0.0992     0.0136    97.5498    99.6618     1.8477     4.6117     4.6801     1.8462     0.1832     0.0684     0.0781     4.9255     0.0000      34427          6  0.000e+00
    251.464    249.919      98.51    13.3682    13.3715   4.156297   4.156744    35.1219    35.1231     2.9965     0.0206 3.9695e-04     0.5746     0.0982     0.0125    97.5756    99.6878     1.8477     4.6129     4.6813     1.8462     0.1832     0.0684     0.0794     4.9255     0.0000      34428          6  0.000e+00
    251.464    249.919      98.51    13.3697    13.3717   4.156391   4.156812    35.1214    35.1235     2.9969     0.0206 3.9695e-04     0.5746     0.0982     0.0136    97.5756    99.6618     1.8477     4.6129     4.6801     1.8462     0.1832     0.0684     0.0794     4.9255     0.0000      34429          6  0.000e+00
    251.405    249.861      98.51    13.3707    13.3728   4.156418   4.156914    35.1207    35.1235     2.9974     0.0206 3.9695e-04     0.5746     0.0982     0.0136    97.5756    99.6618     1.8477     4.6129     4.6801     1.8462     0.1832     0.0684     0.0794     4.9255     0.0000      34430          6  0.000e+00
    251.464    249.919      98.51    13.3713    13.3736   4.156418   4.157044    35.1201    35.1240     2.9941     0.0206 3.9695e-04     0.5258     0.0982     0.0125    97.5756    99.6878     1.8464     4.6129     4.6813     1.8449     0.1832     0.0684     0.0781     4.9255     0.0000      34431          6  0.000e+00
    251.405    249.861      98.51    13.3714    13.3753   4.156385   4.157227    35.1198    35.1241     2.9935     0.0206 4.0055e-04     0.5258     0.0982     0.0125    97.5756    99.6878     1.8464     4.6129     4.6813     1.8449     0.1844     0.0684     0.0781     4.9255     0.0000      34432          6  0.000e+00
    251.405    249.861      98.51    13.3702    13.3764   4.156324   4.157323    35.1203    35.1240     2.9936     0.0206 4.0775e-04     0.5746     0.0982     0.0125    97.5756    99.6878     1.8464     4.6129     4.6813     1.8449     0.1868     0.0684     0.0794     4.9255     0.0000      34433          6  0.000e+00
    251.405    249.861      98.53    13.3681    13.3773   4.156277   4.157309    35.1217    35.1231     2.9932     0.0206 4.0775e-04     0.5258     0.0982     0.0125    97.5756    99.6878     1.8464     4.6129     4.6813     1.8449     0.1868     0.0684     0.0781     4.9267     0.0000      34434          6  0.000e+00
    251.405    249.861      98.51    13.3671    13.3781   4.156217   4.157302    35.1222    35.1223     2.9928     0.0206 4.0775e-04     0.5746     0.0982     0.0136    97.5756    99.6618     1.8464     4.6129     4.6801     1.8449     0.1868     0.0684     0.0794     4.9255     0.0000      34435          6  0.000e+00
    251.405    249.861      98.51    13.3676    13.3780   4.156204   4.157193    35.1215    35.1213     2.9924     0.0206 4.0775e-04     0.5746     0.0982     0.0125    97.5756    99.6878     1.8464     4.6129     4.6813     1.8449     0.1868     0.0684     0.0794     4.9255     0.0000      34436          6  0.000e+00
    251.464    249.919      98.51    13.3689    13.3779   4.156271   4.157159    35.1210    35.1210     2.9919     0.0206 4.0775e-04     0.5258     0.0982     0.0125    97.5756    99.6878     1.8464     4.6129     4.6813     1.8449     0.1868     0.0684     0.0781     4.9255     0.0000      34437          6  0.000e+00
    251.398    249.854      98.51    13.3695    13.3773   4.156250   4.157159    35.1203    35.1217     2.9915     0.0023 4.1135e-04     0.5746     0.0982     0.0125    97.5756    99.6878     1.8464     4.6129     4.6813     1.8449     0.1880     0.0672     0.0794     4.9255     0.0000      34438          6  0.000e+00
    208.492    207.233      98.53    15.7079    15.7060   4.389541   4.390990    35.1684    35.1831     2.5547     0.0390 3.8255e-04     0.5258     0.0982     0.0115    97.5756    99.7138     1.7022     4.6129     4.6825     1.7009     0.1783     0.0696     0.0781     4.9267     0.0000      37404          7  0.000e+00
    208.551    207.291      98.51    15.6993    15.7097   4.388704   4.391861    35.1685    35.1876     2.5550     0.0390 3.7895e-04     0.5258     0.0982     0.0125    97.5756    99.6878     1.7022     4.6129     4.6813     1.7009     0.1770     0.0696     0.0781     4.9255     0.0000      37405          7  0.000e+00
    208.493    207.233      98.51    15.6896    15.7166   4.387984   4.393421    35.1706    35.1954     2.5558     0.0390 3.8255e-04     0.5258     0.0982     0.0115    97.5756    99.7138     1.7022     4.6129     4.6825     1.7009     0.1783     0.0696     0.0781     4.9255     0.0000      37406          7  0.000e+00
    208.551    207.291      98.51    15.6826    15.7246   4.387360   4.395079    35.1713    35.2031     2.5559     0.0390 3.8255e-04     0.5258     0.0982     0.0115    97.5756    99.7138     1.7022     4.6129     4.6825     1.7009     0.1783     0.0696     0.0781     4.9255     0.0000      37407          7  0.000e+00
    208.493    207.233      98.51    15.6756    15.7370   4.387065   4.396493    35.1749    35.2048     2.5559     0.0390 3.8255e-04     0.5258     0.0982     0.0115    97.5756    99.7138     1.7022     4.6129     4.6825     1.7009     0.1783     0.0696     0.0781     4.9255     0.0000      37408          7  0.000e+00
    208.551    207.291      98.51    15.6714    15.7516   4.386921   4.397120    35.1773    35.1974     2.5557     0.0390 3.8255e-04     0.5258     0.0982     0.0115    97.5756    99.7138     1.7022     4.6129     4.6825     1.7009     0.1783     0.0696     0.0781     4.9255     0.0000      37409          7  0.000e+00
