public/post/ctd18/stn008.ros
* Sea-Bird SBE 9 Data File:
* FileName = C:\CTD Data\AGU032_IIOE2_June2018\stn008.hex
* Software Version Seasave V 7.22.5
* Temperature SN = 5966
* Conductivity SN = 4551
* Number of Bytes Per Scan = 40
* Number of Voltage Words = 5
* Number of Scans Averaged by the Deck Unit = 1
* NMEA Latitude = 06 29.37 S
* NMEA Longitude = 039 14.56 E
* NMEA UTC (Time) = Jun 19 2018 18:28:52
* NMEA baud rate = 4800
** Ship: Agulhas II
** Cruise: V032_IIOE2
** Ship Station: AM00889
** Grid number: A-8
** Latitude: 06 29.377 S
** Longitude: 039 14.567 E
** Bottom depth (m): 51.97m
** Operator: Florence and Bornwell
# nquan = 29
# nvalues = 539                                   
# units = specified
# name 0 = prDM: Pressure, Digiquartz [db]
# name 1 = depSM: Depth [salt water, m]
# name 2 = altM: Altimeter [m]
# name 3 = t090C: Temperature [ITS-90, deg C]
# name 4 = t190C: Temperature, 2 [ITS-90, deg C]
# name 5 = c0S/m: Conductivity [S/m]
# name 6 = c1S/m: Conductivity, 2 [S/m]
# name 7 = sal00: Salinity, Practical [PSU]
# name 8 = sal11: Salinity, Practical, 2 [PSU]
# name 9 = sbeox0ML/L: Oxygen, SBE 43 [ml/l]
# name 10 = flECO-AFL: Fluorescence, WET Labs ECO-AFL/FL [mg/m^3]
# name 11 = turbWETbb0: Turbidity, WET Labs ECO BB [m^-1/sr]
# name 12 = turbWETntu0: Turbidity, WET Labs ECO [NTU]
# name 13 = CStarAt0: Beam Attenuation, WET Labs C-Star [1/m]
# name 14 = CStarAt1: Beam Attenuation, WET Labs C-Star, 2 [1/m]
# name 15 = CStarTr0: Beam Transmission, WET Labs C-Star [%]
# name 16 = CStarTr1: Beam Transmission, WET Labs C-Star, 2 [%]
# name 17 = sbeox0V: Oxygen raw, SBE 43 [V]
# name 18 = v0: Voltage 0
# name 19 = v1: Voltage 1
# name 20 = v2: Voltage 2
# name 21 = v3: Voltage 3
# name 22 = v4: Voltage 4
# name 23 = v5: Voltage 5
# name 24 = v6: Voltage 6
# name 25 = v7: Voltage 7
# name 26 = scan: Scan Count
# name 27 = nbf: Bottles Fired
# name 28 = flag:  0.000e+00
# interval = seconds: 0.0416667
# start_time = Jun 19 2018 18:28:52 [NMEA time, header]
# bad_flag = -9.990e-29
*END*
[from data line 301]
     20.497     20.382      30.28    27.2612    27.2617   5.551656   5.552000    35.0438    35.0459     3.9822     0.3137 6.6691e-04     0.5746     0.1969     0.1012    95.1974    97.5028     2.8536     4.5006     4.5788     2.8535     0.2747     0.0879     0.0794     1.5140     0.0000       8603          7  0.000e+00
     20.497     20.382      30.28    27.2613    27.2620   5.551663   5.552015    35.0438    35.0458     3.9815     0.2954 6.6691e-04     0.5746     0.1980     0.1001    95.1716    97.5288     2.8536     4.4994     4.5800     2.8535     0.2747     0.0867     0.0794     1.5140     0.0000       8604          7  0.000e+00
     20.497     20.382      30.28    27.2614    27.2617   5.551701   5.552015    35.0440    35.0460     3.9810     0.2954 6.6691e-04     0.5746     0.1969     0.1001    95.1974    97.5288     2.8536     4.5006     4.5800     2.8535     0.2747     0.0867     0.0794     1.5140     0.0000       8605          7  0.000e+00
     20.497     20.382      30.28    27.2613    27.2620   5.551716   5.552015    35.0442    35.0458     3.9780     0.2954 6.6691e-04     0.5746     0.1969     0.1001    95.1974    97.5288     2.8524     4.5006     4.5800     2.8523     0.2747     0.0867     0.0794     1.5140     0.0000       8606          7  0.000e+00
     20.497     20.382      30.28    27.2614    27.2619   5.551671   5.552015    35.0438    35.0458     3.9794     0.3137 6.6691e-04     0.5746     0.1969     0.1012    95.1974    97.5028     2.8536     4.5006     4.5788     2.8535     0.2747     0.0879     0.0794     1.5140     0.0000       8607          7  0.000e+00
     20.475     20.360      30.28    27.2609    27.2618   5.551663   5.552084    35.0441    35.0464     3.9767     0.2954 6.6691e-04     0.5746     0.1969     0.1001    95.1974    97.5288     2.8524     4.5006     4.5800     2.8523     0.2747     0.0867     0.0794     1.5140     0.0000       8608          7  0.000e+00
     20.497     20.382      30.28    27.2612    27.2618   5.551671   5.552069    35.0439    35.0463     3.9758     0.2954 6.6691e-04     0.5258     0.1969     0.1001    95.1974    97.5288     2.8524     4.5006     4.5800     2.8523     0.2747     0.0867     0.0781     1.5140     0.0000       8609          7  0.000e+00
     20.497     20.382      30.26    27.2609    27.2618   5.551656   5.552023    35.0440    35.0459     3.9751     0.2954 6.6691e-04     0.5746     0.1969     0.1012    95.1974    97.5028     2.8524     4.5006     4.5788     2.8523     0.2747     0.0867     0.0794     1.5128     0.0000       8610          7  0.000e+00
     20.497     20.382      30.26    27.2614    27.2620   5.551701   5.552015    35.0440    35.0458     3.9745     0.2954 6.6691e-04     0.5746     0.1969     0.1001    95.1974    97.5288     2.8524     4.5006     4.5800     2.8523     0.2747     0.0867     0.0794     1.5128     0.0000       8611          7  0.000e+00
     20.497     20.382      30.26    27.2609    27.2618   5.551679   5.552015    35.0442    35.0459     3.9718     0.2954 6.6331e-04     0.5746     0.1969     0.1001    95.1974    97.5288     2.8511     4.5006     4.5800     2.8510     0.2735     0.0867     0.0794     1.5128     0.0000       8612          7  0.000e+00
     20.497     20.382      30.26    27.2611    27.2618   5.551633   5.552015    35.0438    35.0459     3.9710     0.3137 6.6691e-04     0.5746     0.1969     0.1012    95.1974    97.5028     2.8511     4.5006     4.5788     2.8510     0.2747     0.0879     0.0794     1.5128     0.0000       8613          7  0.000e+00
     20.533     20.418      30.26    27.2611    27.2620   5.551716   5.552015    35.0443    35.0457     3.9702     0.2954 6.6691e-04     0.5746     0.1969     0.1012    95.1974    97.5028     2.8511     4.5006     4.5788     2.8510     0.2747     0.0867     0.0794     1.5128     0.0000       8614          7  0.000e+00
     20.497     20.382      30.28    27.2612    27.2619   5.551724   5.552015    35.0443    35.0458     3.9699     0.2954 5.9492e-04     0.5746     0.1980     0.1001    95.1716    97.5288     2.8511     4.4994     4.5800     2.8510     0.2503     0.0867     0.0794     1.5140     0.0000       8615          7  0.000e+00
     20.497     20.382      30.28    27.2613    27.2618   5.551747   5.552015    35.0444    35.0459     3.9696     0.2954 4.7974e-04     0.5746     0.1969     0.1001    95.1974    97.5288     2.8511     4.5006     4.5800     2.8510     0.2112     0.0867     0.0794     1.5140     0.0000       8616          7  0.000e+00
     20.497     20.382      30.28    27.2614    27.2618   5.551724   5.552015    35.0441    35.0459     3.9690     0.2954 4.4734e-04     0.5746     0.1958     0.1012    95.2233    97.5028     2.8511     4.5018     4.5788     2.8510     0.2002     0.0867     0.0794     1.5140     0.0000       8617          7  0.000e+00
     20.548     20.433      30.26    27.2617    27.2620   5.551701   5.552015    35.0438    35.0457     3.9708     0.2954 4.5454e-04     0.5746     0.1958     0.1012    95.2233    97.5028     2.8524     4.5018     4.5788     2.8523     0.2027     0.0867     0.0794     1.5128     0.0000       8618          7  0.000e+00
     20.373     20.259      30.28    27.2616    27.2618   5.551747   5.552084    35.0442    35.0464     3.9708     0.2954 4.5814e-04     0.5746     0.1958     0.0990    95.2233    97.5548     2.8524     4.5018     4.5812     2.8523     0.2039     0.0867     0.0794     1.5140     0.0000       8619          7  0.000e+00
     20.599     20.483      30.28    27.2619    27.2618   5.551694   5.552038    35.0435    35.0460     3.9710     0.2954 4.5814e-04     0.5746     0.1958     0.0980    95.2233    97.5808     2.8524     4.5018     4.5824     2.8523     0.2039     0.0867     0.0794     1.5140     0.0000       8620          7  0.000e+00
     20.497     20.382      30.26    27.2616    27.2618   5.551694   5.552015    35.0438    35.0459     3.9710     0.2954 4.5814e-04     0.5746     0.1958     0.0980    95.2233    97.5808     2.8524     4.5018     4.5824     2.8523     0.2039     0.0867     0.0794     1.5128     0.0000       8621          7  0.000e+00
     20.548     20.433      30.28    27.2617    27.2621   5.551709   5.552053    35.0438    35.0460     3.9728     0.2954 4.5814e-04     0.5746     0.1958     0.0980    95.2233    97.5808     2.8536     4.5018     4.5824     2.8535     0.2039     0.0867     0.0794     1.5140     0.0000       8622          7  0.000e+00
     20.497     20.382      30.26    27.2618    27.2618   5.551716   5.552061    35.0438    35.0462     3.9729     0.2954 4.5814e-04     0.5746     0.1958     0.0980    95.2233    97.5808     2.8536     4.5018     4.5824     2.8535     0.2039     0.0867     0.0794     1.5128     0.0000       8623          7  0.000e+00
     20.497     20.382      30.23    27.2615    27.2620   5.551747   5.552023    35.0442    35.0458     3.9733     0.2954 4.5814e-04     0.5746     0.1958     0.0980    95.2233    97.5808     2.8536     4.5018     4.5824     2.8535     0.2039     0.0867     0.0794     1.5116     0.0000       8624          7  0.000e+00
     20.533     20.418      30.23    27.2614    27.2620   5.551679   5.552046    35.0438    35.0460     3.9760     0.2954 4.6174e-04     0.5746     0.1958     0.0980    95.2233    97.5808     2.8548     4.5018     4.5824     2.8547     0.2051     0.0867     0.0794     1.5116     0.0000       8625          7  0.000e+00
     20.497     20.382      30.23    27.2617    27.2620   5.551421   5.552092    35.0418    35.0463     3.9743     0.2771 4.5814e-04     0.5746     0.1958     0.0980    95.2233    97.5808     2.8536     4.5018     4.5824     2.8535     0.2039     0.0855     0.0794     1.5116     0.0000       8626          7  0.000e+00
     20.497     20.382      30.26    27.2614    27.2618   5.551557   5.552076    35.0429    35.0463     3.9748     0.2771 4.5814e-04     0.5746     0.1958     0.0980    95.2233    97.5808     2.8536     4.5018     4.5824     2.8535     0.2039     0.0855     0.0794     1.5128     0.0000       8627          7  0.000e+00
     20.548     20.433      30.23    27.2617    27.2622   5.551656   5.552061    35.0434    35.0459     3.9775     0.2771 4.5454e-04     0.5746     0.1958     0.0980    95.2233    97.5808     2.8548     4.5018     4.5824     2.8547     0.2027     0.0855     0.0794     1.5116     0.0000       8628          7  0.000e+00
     20.497     20.382      30.23    27.2616    27.2621   5.551694   5.552061    35.0438    35.0460     3.9759     0.2771 4.5814e-04     0.5746     0.1958     0.0980    95.2233    97.5808     2.8536     4.5018     4.5824     2.8535     0.2039     0.0855     0.0794     1.5116     0.0000       8629          7  0.000e+00
     20.497     20.382      30.23    27.2617    27.2622   5.551709   5.552023    35.0438    35.0457     3.9786     0.2771 4.5814e-04     0.5746     0.1958     0.0980    95.2233    97.5808     2.8548     4.5018     4.5824     2.8547     0.2039     0.0855     0.0794     1.5116     0.0000       8630          7  0.000e+00
     20.533     20.418      30.23    27.2614    27.2618   5.551716   5.552015    35.0441    35.0459     3.9792     0.2771 4.5814e-04     0.5746     0.1958     0.0980    95.2233    97.5808     2.8548     4.5018     4.5824     2.8547     0.2039     0.0855     0.0794     1.5116     0.0000       8631          7  0.000e+00
     20.497     20.382      30.26    27.2615    27.2622   5.551716   5.552015    35.0440    35.0456     3.9795     0.2771 4.5814e-04     0.5746     0.1958     0.0980    95.2233    97.5808     2.8548     4.5018     4.5824     2.8547     0.2039     0.0855     0.0794     1.5128     0.0000       8632          7  0.000e+00
     20.548     20.433      30.23    27.2616    27.2620   5.551701   5.552015    35.0438    35.0457     3.9800     0.2771 4.5814e-04     0.5746     0.1958     0.0980    95.2233    97.5808     2.8548     4.5018     4.5824     2.8547     0.2039     0.0855     0.0794     1.5116     0.0000       8633          7  0.000e+00
     20.439     20.324      30.23    27.2613    27.2622   5.551709   5.552046    35.0441    35.0458     3.9785     0.2771 4.5454e-04     0.5746     0.1958     0.0980    95.2233    97.5808     2.8536     4.5018     4.5824     2.8535     0.2027     0.0855     0.0794     1.5116     0.0000       8634          7  0.000e+00
     20.548     20.433      30.26    27.2614    27.2620   5.551747   5.552061    35.0443    35.0461     3.9813     0.2771 4.5814e-04     0.5746     0.1958     0.0980    95.2233    97.5808     2.8548     4.5018     4.5824     2.8547     0.2039     0.0855     0.0794     1.5128     0.0000       8635          7  0.000e+00
     20.497     20.382      30.23    27.2615    27.2621   5.551747   5.552061    35.0442    35.0460     3.9821     0.2771 4.5814e-04     0.5746     0.1958     0.0980    95.2233    97.5808     2.8548     4.5018     4.5824     2.8547     0.2039     0.0855     0.0794     1.5116     0.0000       8636          7  0.000e+00
     20.533     20.418      30.13    27.2614    27.2618   5.551724   5.552023    35.0441    35.0459     3.9829     0.2954 4.5814e-04     0.5746     0.1969     0.0980    95.1974    97.5808     2.8548     4.5006     4.5824     2.8547     0.2039     0.0867     0.0794     1.5067     0.0000       8637          7  0.000e+00
     20.548     20.433      29.67    27.2615    27.2620   5.551747   5.552015    35.0442    35.0457     3.9838     0.2771 4.5814e-04     0.5746     0.1980     0.0980    95.1716    97.5808     2.8548     4.4994     4.5824     2.8547     0.2039     0.0855     0.0794     1.4835     0.0000       8638          7  0.000e+00
     20.497     20.382      29.47    27.2614    27.2620   5.551762   5.552015    35.0444    35.0458     3.9839     0.2771 4.5814e-04     0.5746     0.1980     0.0980    95.1716    97.5808     2.8548     4.4994     4.5824     2.8547     0.2039     0.0855     0.0794     1.4737     0.0000       8639          7  0.000e+00
     20.497     20.382      29.47    27.2619    27.2618   5.551716   5.552015    35.0437    35.0459     3.9845     0.2771 4.5814e-04     0.5746     0.1980     0.0980    95.1716    97.5808     2.8548     4.4994     4.5824     2.8547     0.2039     0.0855     0.0794     1.4737     0.0000       8640          7  0.000e+00
     20.548     20.433      29.50    27.2618    27.2620   5.551747   5.552015    35.0440    35.0457     3.9877     0.2771 4.6534e-04     0.5746     0.1980     0.0980    95.1716    97.5808     2.8560     4.4994     4.5824     2.8559     0.2063     0.0855     0.0794     1.4750     0.0000       8641          7  0.000e+00
     20.497     20.382      29.52    27.2619    27.2618   5.551762   5.552015    35.0441    35.0459     3.9860     0.2771 4.7974e-04     0.5746     0.1980     0.0980    95.1716    97.5808     2.8548     4.4994     4.5824     2.8547     0.2112     0.0855     0.0794     1.4762     0.0000       8642          7  0.000e+00
     20.475     20.360      29.65    27.2620    27.2618   5.551724   5.552046    35.0437    35.0461     3.9889     0.2771 4.8694e-04     0.5746     0.1980     0.0980    95.1716    97.5808     2.8560     4.4994     4.5824     2.8559     0.2137     0.0855     0.0794     1.4823     0.0000       8643          7  0.000e+00
     20.548     20.433      29.69    27.2619    27.2619   5.551769   5.551992    35.0441    35.0457     3.9895     0.2771 4.8334e-04     0.5746     0.1980     0.0980    95.1716    97.5808     2.8560     4.4994     4.5824     2.8559     0.2125     0.0855     0.0794     1.4847     0.0000       8644          7  0.000e+00
     20.548     20.433      29.91    27.2620    27.2618   5.551792   5.552015    35.0441    35.0459     3.9869     0.3137 4.8334e-04     0.5746     0.1969     0.0980    95.1974    97.5808     2.8536     4.5006     4.5824     2.8535     0.2125     0.0879     0.0794     1.4957     0.0000       8653          8  0.000e+00
     20.548     20.433      29.91    27.2621    27.2618   5.551807   5.551984    35.0442    35.0457     3.9869     0.3137 4.8334e-04     0.5746     0.1980     0.0980    95.1716    97.5808     2.8536     4.4994     4.5824     2.8535     0.2125     0.0879     0.0794     1.4957     0.0000       8654          8  0.000e+00
     20.475     20.360      29.94    27.2620    27.2617   5.551792   5.552038    35.0442    35.0462     3.9866     0.3137 4.8334e-04     0.5746     0.1980     0.0980    95.1716    97.5808     2.8536     4.4994     4.5824     2.8535     0.2125     0.0879     0.0794     1.4969     0.0000       8655          8  0.000e+00
     20.548     20.433      29.94    27.2621    27.2618   5.551769   5.552023    35.0439    35.0459     3.9866     0.3137 4.8334e-04     0.5746     0.1980     0.0969    95.1716    97.6068     2.8536     4.4994     4.5836     2.8535     0.2125     0.0879     0.0794     1.4969     0.0000       8656          8  0.000e+00
     20.497     20.382      29.99    27.2620    27.2617   5.551724   5.552015    35.0437    35.0460     3.9864     0.3137 4.8334e-04     0.5746     0.1969     0.0980    95.1974    97.5808     2.8536     4.5006     4.5824     2.8535     0.2125     0.0879     0.0794     1.4994     0.0000       8657          8  0.000e+00
     20.548     20.433      30.01    27.2623    27.2617   5.551747   5.552015    35.0436    35.0460     3.9861     0.3137 4.8334e-04     0.5746     0.1969     0.0980    95.1974    97.5808     2.8536     4.5006     4.5824     2.8535     0.2125     0.0879     0.0794     1.5006     0.0000       8658          8  0.000e+00
     20.497     20.382      30.01    27.2620    27.2618   5.551747   5.551977    35.0438    35.0456     3.9859     0.3137 4.8334e-04     0.5746     0.1958     0.0969    95.2233    97.6068     2.8536     4.5018     4.5836     2.8535     0.2125     0.0879     0.0794     1.5006     0.0000       8659          8  0.000e+00
