public/post/ctd18/stn007.cnv
* Sea-Bird SBE 9 Data File:
* FileName = C:\CTD Data\AGU032_IIOE2_June2018\stn007.hex
* Software Version Seasave V 7.22.5
* Temperature SN = 5966
* Conductivity SN = 4551
* Number of Bytes Per Scan = 40
* Number of Voltage Words = 5
* Number of Scans Averaged by the Deck Unit = 1
* NMEA Latitude = 06 15.57 S
* NMEA Longitude = 039 00.39 E
* NMEA UTC (Time) = Jun 19 2018 13:35:21
* NMEA baud rate = 4800
** Ship: Agulhas II
** Cruise: V032_IIOE2
** Ship Station: AM00888
** Grid number: A-7
** Latitude: 06 15.566 S
** Longitude: 039 00.390 E
** Bottom depth (m): 33.5m
** Operator: Florence and Bornwell
# nquan = 27
# nvalues = 8925                                  
# units = specified
# name 0 = prDM: Pressure, Digiquartz [db]
# name 1 = depSM: Depth [salt water, m]
# name 2 = altM: Altimeter [m]
# name 3 = t090C: Temperature [ITS-90, deg C]
# name 4 = t190C: Temperature, 2 [ITS-90, deg C]
# name 5 = c0S/m: Conductivity [S/m]
# name 6 = c1S/m: Conductivity, 2 [S/m]
# name 7 = sal00: Salinity, Practical [PSU]
# name 8 = sal11: Salinity, Practical, 2 [PSU]
# name 9 = sbeox0ML/L: Oxygen, SBE 43 [ml/l]
# name 10 = flECO-AFL: Fluorescence, WET Labs ECO-AFL/FL [mg/m^3]
# name 11 = turbWETbb0: Turbidity, WET Labs ECO BB [m^-1/sr]
# name 12 = turbWETntu0: Turbidity, WET Labs ECO [NTU]
# name 13 = CStarAt0: Beam Attenuation, WET Labs C-Star [1/m]
# name 14 = CStarAt1: Beam Attenuation, WET Labs C-Star, 2 [1/m]
# name 15 = CStarTr0: Beam Transmission, WET Labs C-Star [%]
# name 16 = CStarTr1: Beam Transmission, WET Labs C-Star, 2 [%]
# name 17 = sbeox0V: Oxygen raw, SBE 43 [V]
# name 18 = v0: Voltage 0
# name 19 = v1: Voltage 1
# name 20 = v2: Voltage 2
# name 21 = v3: Voltage 3
# name 22 = v4: Voltage 4
# name 23 = v5: Voltage 5
# name 24 = v6: Voltage 6
# name 25 = v7: Voltage 7
# name 26 = flag:  0.000e+00
# span 0 =     -1.149,     27.885                 
# span 1 =     -1.142,     27.728                 
# span 2 =       5.79,     100.00                 
# span 3 =    26.4453,    27.5191                 
# span 4 =    26.2357,    27.5158                 
# span 5 =   0.644485,   5.569335                 
# span 6 =  -0.156395,   5.569411                 
# span 7 =     3.3633,    35.7506                 
# span 8 =     0.0000,    35.0024                 
# span 9 =     3.8135,     4.8188                 
# span 10 =    -0.0343,     0.7899                
# span 11 = 6.6331e-04, 7.6752e-03                
# span 12 =    -1.2813,    40.2327                
# span 13 =     0.2132,     1.0482                
# span 14 =    -0.2324,     2.2648                
# span 15 =    76.9475,    94.8097                
# span 16 =    56.7677,   105.9828                
# span 17 =     2.7791,     2.8731                
# span 18 =     3.6386,     4.4823                
# span 19 =     2.6667,     4.9768                
# span 20 =     2.7790,     2.8730                
# span 21 =     0.2735,     2.6520                
# span 22 =     0.0647,     0.1197                
# span 23 =     0.0330,     1.0708                
# span 24 =     0.2894,     5.0000                
# span 25 =     0.0000,     0.0000                
# span 26 = 0.0000e+00, 0.0000e+00                
# interval = seconds: 0.0416667
# start_time = Jun 19 2018 13:35:21 [NMEA time, header]
# bad_flag = -9.990e-29
*END*
[from data line 1021]
      7.425      7.384      25.54    27.3824    27.3805   5.555213   5.555471    34.9821    34.9853     3.9859     0.3137 7.5330e-04     0.6234     0.3542     0.2126    91.5268    94.8235     2.8645     4.3272     4.4530     2.8645     0.3040     0.0879     0.0806     1.2772     0.0000  0.000e+00
      7.455      7.413      25.52    27.3824    27.3805   5.555205   5.555433    34.9820    34.9851     3.9836     0.2954 7.5690e-04     0.6723     0.3542     0.2126    91.5268    94.8235     2.8632     4.3272     4.4530     2.8632     0.3053     0.0867     0.0818     1.2759     0.0000  0.000e+00
      7.425      7.384      25.52    27.3820    27.3806   5.555273   5.555425    34.9828    34.9849     3.9857     0.3137 7.5330e-04     0.6723     0.3542     0.2126    91.5268    94.8235     2.8645     4.3272     4.4530     2.8645     0.3040     0.0879     0.0818     1.2759     0.0000  0.000e+00
      7.455      7.413      25.49    27.3820    27.3805   5.555228   5.555494    34.9825    34.9855     3.9835     0.2954 7.5330e-04     0.6234     0.3542     0.2126    91.5268    94.8235     2.8632     4.3272     4.4530     2.8632     0.3040     0.0867     0.0806     1.2747     0.0000  0.000e+00
      7.484      7.442      25.52    27.3822    27.3805   5.555235   5.555479    34.9824    34.9854     3.9834     0.2954 7.5690e-04     0.6234     0.3542     0.2126    91.5268    94.8235     2.8632     4.3272     4.4530     2.8632     0.3053     0.0867     0.0806     1.2759     0.0000  0.000e+00
      7.484      7.442      25.49    27.3822    27.3806   5.555251   5.555433    34.9825    34.9849     3.9834     0.2954 7.5690e-04     0.6234     0.3542     0.2126    91.5268    94.8235     2.8632     4.3272     4.4530     2.8632     0.3053     0.0867     0.0806     1.2747     0.0000  0.000e+00
      7.513      7.471      25.45    27.3820    27.3806   5.555213   5.555517    34.9823    34.9855     3.9833     0.2954 7.5690e-04     0.6723     0.3542     0.2126    91.5268    94.8235     2.8632     4.3272     4.4530     2.8632     0.3053     0.0867     0.0818     1.2723     0.0000  0.000e+00
      7.484      7.442      25.42    27.3820    27.3806   5.555273   5.555486    34.9828    34.9853     3.9810     0.3137 7.5330e-04     0.6234     0.3542     0.2126    91.5268    94.8235     2.8620     4.3272     4.4530     2.8620     0.3040     0.0879     0.0806     1.2711     0.0000  0.000e+00
      7.564      7.522      25.45    27.3820    27.3806   5.555258   5.555471    34.9826    34.9852     3.9808     0.2954 7.5690e-04     0.6723     0.3542     0.2126    91.5268    94.8235     2.8620     4.3272     4.4530     2.8620     0.3053     0.0867     0.0818     1.2723     0.0000  0.000e+00
      7.484      7.442      25.45    27.3818    27.3808   5.555251   5.555502    34.9828    34.9853     3.9806     0.3137 7.5330e-04     0.6234     0.3542     0.2126    91.5268    94.8235     2.8620     4.3272     4.4530     2.8620     0.3040     0.0879     0.0806     1.2723     0.0000  0.000e+00
      7.622      7.579      25.40    27.3820    27.3806   5.555213   5.555517    34.9823    34.9855     3.9805     0.3137 7.5690e-04     0.6234     0.3542     0.2126    91.5268    94.8235     2.8620     4.3272     4.4530     2.8620     0.3053     0.0879     0.0806     1.2698     0.0000  0.000e+00
      7.535      7.493      25.37    27.3816    27.3808   5.555205   5.555479    34.9826    34.9851     3.9803     0.3137 7.5330e-04     0.6234     0.3542     0.2137    91.5268    94.7975     2.8620     4.3272     4.4518     2.8620     0.3040     0.0879     0.0806     1.2686     0.0000  0.000e+00
      7.564      7.522      25.37    27.3816    27.3806   5.555235   5.555471    34.9828    34.9852     3.9802     0.3137 7.5690e-04     0.6723     0.3542     0.2159    91.5268    94.7455     2.8620     4.3272     4.4493     2.8620     0.3053     0.0879     0.0818     1.2686     0.0000  0.000e+00
      7.644      7.601      25.37    27.3816    27.3806   5.555183   5.555502    34.9824    34.9854     3.9779     0.3137 7.5330e-04     0.6234     0.3542     0.2181    91.5268    94.6935     2.8608     4.3272     4.4469     2.8608     0.3040     0.0879     0.0806     1.2686     0.0000  0.000e+00
      7.564      7.522      25.37    27.3815    27.3805   5.555190   5.555479    34.9826    34.9854     3.9799     0.3137 7.5690e-04     0.6723     0.3542     0.2181    91.5268    94.6935     2.8620     4.3272     4.4469     2.8620     0.3053     0.0879     0.0818     1.2686     0.0000  0.000e+00
      7.695      7.652      25.32    27.3816    27.3808   5.555273   5.555433    34.9830    34.9847     3.9776     0.2954 7.5330e-04     0.6234     0.3542     0.2181    91.5268    94.6935     2.8608     4.3272     4.4469     2.8608     0.3040     0.0867     0.0806     1.2662     0.0000  0.000e+00
      7.622      7.579      25.30    27.3816    27.3808   5.555258   5.555494    34.9829    34.9852     3.9774     0.3137 7.5690e-04     0.6234     0.3542     0.2181    91.5268    94.6935     2.8608     4.3272     4.4469     2.8608     0.3053     0.0879     0.0806     1.2650     0.0000  0.000e+00
      7.695      7.652      25.30    27.3816    27.3808   5.555251   5.555517    34.9828    34.9853     3.9770     0.3137 7.6770e-04     0.6234     0.3542     0.2181    91.5268    94.6935     2.8608     4.3272     4.4469     2.8608     0.3089     0.0879     0.0806     1.2650     0.0000  0.000e+00
      7.644      7.601      25.30    27.3816    27.3806   5.555251   5.555479    34.9829    34.9852     3.9768     0.2954 7.7490e-04     0.6723     0.3553     0.2170    91.5009    94.7195     2.8608     4.3260     4.4481     2.8608     0.3114     0.0867     0.0818     1.2650     0.0000  0.000e+00
      7.724      7.681      25.30    27.3815    27.3808   5.555251   5.555502    34.9829    34.9852     3.9766     0.3137 7.7490e-04     0.6234     0.3553     0.2181    91.5009    94.6935     2.8608     4.3260     4.4469     2.8608     0.3114     0.0879     0.0806     1.2650     0.0000  0.000e+00
      7.695      7.652      25.30    27.3818    27.3808   5.555251   5.555517    34.9827    34.9853     3.9762     0.2954 7.7490e-04     0.6234     0.3553     0.2181    91.5009    94.6935     2.8608     4.3260     4.4469     2.8608     0.3114     0.0867     0.0806     1.2650     0.0000  0.000e+00
      7.724      7.681      25.27    27.3820    27.3812   5.555251   5.555517    34.9825    34.9850     3.9737     0.3137 7.7490e-04     0.6723     0.3542     0.2181    91.5268    94.6935     2.8596     4.3272     4.4469     2.8596     0.3114     0.0879     0.0818     1.2637     0.0000  0.000e+00
      7.695      7.652      25.30    27.3822    27.3812   5.555319   5.555548    34.9829    34.9852     3.9732     0.3137 7.7490e-04     0.6234     0.3553     0.2181    91.5009    94.6935     2.8596     4.3260     4.4469     2.8596     0.3114     0.0879     0.0806     1.2650     0.0000  0.000e+00
      7.782      7.739      25.30    27.3822    27.3817   5.555342   5.555625    34.9830    34.9854     3.9728     0.3137 7.7130e-04     0.6234     0.3553     0.2181    91.5009    94.6935     2.8596     4.3260     4.4469     2.8596     0.3101     0.0879     0.0806     1.2650     0.0000  0.000e+00
      7.753      7.710      25.27    27.3822    27.3819   5.555342   5.555648    34.9830    34.9854     3.9724     0.3137 7.7490e-04     0.6723     0.3542     0.2181    91.5268    94.6935     2.8596     4.3272     4.4469     2.8596     0.3114     0.0879     0.0818     1.2637     0.0000  0.000e+00
      7.833      7.789      25.23    27.3824    27.3823   5.555342   5.555656    34.9829    34.9852     3.9721     0.3137 7.7490e-04     0.6234     0.3553     0.2181    91.5009    94.6935     2.8596     4.3260     4.4469     2.8596     0.3114     0.0879     0.0806     1.2613     0.0000  0.000e+00
      7.804      7.760      25.23    27.3829    27.3825   5.555372   5.555679    34.9827    34.9852     3.9718     0.3137 7.7490e-04     0.6723     0.3553     0.2181    91.5009    94.6935     2.8596     4.3260     4.4469     2.8596     0.3114     0.0879     0.0818     1.2613     0.0000  0.000e+00
      7.833      7.789      25.23    27.3833    27.3826   5.555417   5.555732    34.9827    34.9855     3.9715     0.3137 7.7490e-04     0.6723     0.3542     0.2181    91.5268    94.6935     2.8596     4.3272     4.4469     2.8596     0.3114     0.0879     0.0818     1.2613     0.0000  0.000e+00
      7.804      7.760      25.23    27.3834    27.3828   5.555470   5.555679    34.9830    34.9849     3.9712     0.3320 7.7490e-04     0.6234     0.3553     0.2181    91.5009    94.6935     2.8596     4.3260     4.4469     2.8596     0.3114     0.0891     0.0806     1.2613     0.0000  0.000e+00
      7.862      7.818      25.20    27.3840    27.3823   5.555478   5.555656    34.9826    34.9852     3.9710     0.3320 7.7850e-04     0.6234     0.3542     0.2181    91.5268    94.6935     2.8596     4.3272     4.4469     2.8596     0.3126     0.0891     0.0806     1.2601     0.0000  0.000e+00
      7.833      7.789      25.15    27.3840    27.3825   5.555478   5.555648    34.9826    34.9850     3.9708     0.3320 7.7490e-04     0.6723     0.3542     0.2181    91.5268    94.6935     2.8596     4.3272     4.4469     2.8596     0.3114     0.0891     0.0818     1.2576     0.0000  0.000e+00
      7.913      7.869      25.15    27.3843    27.3821   5.555440   5.555648    34.9821    34.9852     3.9707     0.3137 7.7490e-04     0.6234     0.3553     0.2181    91.5009    94.6935     2.8596     4.3260     4.4469     2.8596     0.3114     0.0879     0.0806     1.2576     0.0000  0.000e+00
      7.891      7.847      25.15    27.3845    27.3825   5.555463   5.555725    34.9821    34.9855     3.9683     0.3137 7.7850e-04     0.6234     0.3542     0.2159    91.5268    94.7455     2.8584     4.3272     4.4493     2.8584     0.3126     0.0879     0.0806     1.2576     0.0000  0.000e+00
      7.913      7.869      25.15    27.3845    27.3826   5.555440   5.555740    34.9819    34.9855     3.9703     0.3137 7.7490e-04     0.6723     0.3542     0.2137    91.5268    94.7975     2.8596     4.3272     4.4518     2.8596     0.3114     0.0879     0.0818     1.2576     0.0000  0.000e+00
      7.942      7.898      25.10    27.3845    27.3830   5.555501   5.555709    34.9823    34.9850     3.9681     0.3320 7.7490e-04     0.6723     0.3553     0.2126    91.5009    94.8235     2.8584     4.3260     4.4530     2.8584     0.3114     0.0891     0.0818     1.2552     0.0000  0.000e+00
      7.913      7.869      25.05    27.3845    27.3832   5.555485   5.555733    34.9822    34.9850     3.9701     0.3137 7.7490e-04     0.6723     0.3553     0.2126    91.5009    94.8235     2.8596     4.3260     4.4530     2.8596     0.3114     0.0879     0.0818     1.2527     0.0000  0.000e+00
      8.000      7.956      25.03    27.3843    27.3834   5.555508   5.555702    34.9825    34.9846     3.9680     0.3137 7.7490e-04     0.6723     0.3542     0.2126    91.5268    94.8235     2.8584     4.3272     4.4530     2.8584     0.3114     0.0879     0.0818     1.2515     0.0000  0.000e+00
      7.964      7.920      25.05    27.3842    27.3830   5.555455   5.555694    34.9823    34.9849     3.9701     0.3137 7.7490e-04     0.6723     0.3553     0.2126    91.5009    94.8235     2.8596     4.3260     4.4530     2.8596     0.3114     0.0879     0.0818     1.2527     0.0000  0.000e+00
      8.000      7.956      25.05    27.3842    27.3830   5.555395   5.555663    34.9819    34.9846     3.9680     0.3137 7.7490e-04     0.6234     0.3564     0.2126    91.4751    94.8235     2.8584     4.3248     4.4530     2.8584     0.3114     0.0879     0.0806     1.2527     0.0000  0.000e+00
      8.022      7.977      25.01    27.3838    27.3825   5.555417   5.555656    34.9823    34.9850     3.9657     0.3320 7.7490e-04     0.6723     0.3587     0.2126    91.4234    94.8235     2.8571     4.3223     4.4530     2.8571     0.3114     0.0891     0.0818     1.2503     0.0000  0.000e+00
      8.022      7.977      24.98    27.3833    27.3825   5.555364   5.555610    34.9823    34.9847     3.9701     0.3320 7.7490e-04     0.6234     0.3598     0.2126    91.3975    94.8235     2.8596     4.3211     4.4530     2.8596     0.3114     0.0891     0.0806     1.2491     0.0000  0.000e+00
      8.051      8.006      24.98    27.3831    27.3819   5.555274   5.555602    34.9818    34.9850     3.9704     0.3320 7.7490e-04     0.6723     0.3598     0.2126    91.3975    94.8235     2.8596     4.3211     4.4530     2.8596     0.3114     0.0891     0.0818     1.2491     0.0000  0.000e+00
      8.073      8.028      24.98    27.3827    27.3819   5.555281   5.555610    34.9821    34.9851     3.9662     0.3137 7.7490e-04     0.6723     0.3598     0.2126    91.3975    94.8235     2.8571     4.3211     4.4530     2.8571     0.3114     0.0879     0.0818     1.2491     0.0000  0.000e+00
      8.102      8.057      24.98    27.3827    27.3816   5.555327   5.555564    34.9824    34.9850     3.9661     0.3137 7.3530e-04     0.6723     0.3598     0.2126    91.3975    94.8235     2.8571     4.3211     4.4530     2.8571     0.2979     0.0879     0.0818     1.2491     0.0000  0.000e+00
      8.073      8.028      24.93    27.3827    27.3816   5.555304   5.555525    34.9823    34.9847     3.9661     0.3137 7.1011e-04     0.6723     0.3598     0.2126    91.3975    94.8235     2.8571     4.3211     4.4530     2.8571     0.2894     0.0879     0.0818     1.2466     0.0000  0.000e+00
      8.102      8.057      24.91    27.3824    27.3816   5.555327   5.555548    34.9827    34.9849     3.9662     0.3137 7.0651e-04     0.6723     0.3598     0.2126    91.3975    94.8235     2.8571     4.3211     4.4530     2.8571     0.2882     0.0879     0.0818     1.2454     0.0000  0.000e+00
      8.131      8.086      24.91    27.3826    27.3816   5.555304   5.555564    34.9824    34.9850     3.9662     0.3137 7.0651e-04     0.6234     0.3598     0.2126    91.3975    94.8235     2.8571     4.3211     4.4530     2.8571     0.2882     0.0879     0.0806     1.2454     0.0000  0.000e+00
      8.160      8.115      24.91    27.3829    27.3814   5.555364   5.555556    34.9826    34.9851     3.9664     0.3137 7.1011e-04     0.6234     0.3598     0.2126    91.3975    94.8235     2.8571     4.3211     4.4530     2.8571     0.2894     0.0879     0.0806     1.2454     0.0000  0.000e+00
      8.131      8.086      24.91    27.3829    27.3814   5.555349   5.555556    34.9825    34.9851     3.9711     0.3137 7.1011e-04     0.6723     0.3598     0.2126    91.3975    94.8235     2.8596     4.3211     4.4530     2.8596     0.2894     0.0879     0.0818     1.2454     0.0000  0.000e+00
      8.211      8.166      24.86    27.3824    27.3814   5.555342   5.555594    34.9828    34.9853     3.9718     0.3137 7.0651e-04     0.6234     0.3598     0.2126    91.3975    94.8235     2.8596     4.3211     4.4530     2.8596     0.2882     0.0879     0.0806     1.2430     0.0000  0.000e+00
      8.182      8.137      24.84    27.3826    27.3814   5.555342   5.555564    34.9826    34.9851     3.9677     0.3137 7.1011e-04     0.6234     0.3598     0.2126    91.3975    94.8235     2.8571     4.3211     4.4530     2.8571     0.2894     0.0879     0.0806     1.2418     0.0000  0.000e+00
      8.182      8.137      24.84    27.3827    27.3814   5.555342   5.555594    34.9825    34.9853     3.9680     0.2954 7.1011e-04     0.6234     0.3598     0.2126    91.3975    94.8235     2.8571     4.3211     4.4530     2.8571     0.2894     0.0867     0.0806     1.2418     0.0000  0.000e+00
