public/post/ctd18/stn007.ros
* Sea-Bird SBE 9 Data File:
* FileName = C:\CTD Data\AGU032_IIOE2_June2018\stn007.hex
* Software Version Seasave V 7.22.5
* Temperature SN = 5966
* Conductivity SN = 4551
* Number of Bytes Per Scan = 40
* Number of Voltage Words = 5
* Number of Scans Averaged by the Deck Unit = 1
* NMEA Latitude = 06 15.57 S
* NMEA Longitude = 039 00.39 E
* NMEA UTC (Time) = Jun 19 2018 13:35:21
* NMEA baud rate = 4800
** Ship: Agulhas II
** Cruise: V032_IIOE2
** Ship Station: AM00888
** Grid number: A-7
** Latitude: 06 15.566 S
** Longitude: 039 00.390 E
** Bottom depth (m): 33.5m
** Operator: Florence and Bornwell
# nquan = 29
# nvalues = 339                                   
# units = specified
# name 0 = prDM: Pressure, Digiquartz [db]
# name 1 = depSM: Depth [salt water, m]
# name 2 = altM: Altimeter [m]
# name 3 = t090C: Temperature [ITS-90, deg C]
# name 4 = t190C: Temperature, 2 [ITS-90, deg C]
# name 5 = c0S/m: Conductivity [S/m]
# name 6 = c1S/m: Conductivity, 2 [S/m]
# name 7 = sal00: Salinity, Practical [PSU]
# name 8 = sal11: Salinity, Practical, 2 [PSU]
# name 9 = sbeox0ML/L: Oxygen, SBE 43 [ml/l]
# name 10 = flECO-AFL: Fluorescence, WET Labs ECO-AFL/FL [mg/m^3]
# name 11 = turbWETbb0: Turbidity, WET Labs ECO BB [m^-1/sr]
# name 12 = turbWETntu0: Turbidity, WET Labs ECO [NTU]
# name 13 = CStarAt0: Beam Attenuation, WET Labs C-Star [1/m]
# name 14 = CStarAt1: Beam Attenuation, WET Labs C-Star, 2 [1/m]
# name 15 = CStarTr0: Beam Transmission, WET Labs C-Star [%]
# name 16 = CStarTr1: Beam Transmission, WET Labs C-Star, 2 [%]
# name 17 = sbeox0V: Oxygen raw, SBE 43 [V]
# name 18 = v0: Voltage 0
# name 19 = v1: Voltage 1
# name 20 = v2: Voltage 2
# name 21 = v3: Voltage 3
# name 22 = v4: Voltage 4
# name 23 = v5: Voltage 5
# name 24 = v6: Voltage 6
# name 25 = v7: Voltage 7
# name 26 = scan: Scan Count
# name 27 = nbf: Bottles Fired
# name 28 = flag:  0.000e+00
# interval = seconds: 0.0416667
# start_time = Jun 19 2018 13:35:21 [NMEA time, header]
# bad_flag = -9.990e-29
*END*
[from data line 251]
      2.361      2.348      29.62    27.3807    27.3998   5.555028   5.557305    34.9835    34.9854     3.9759     0.3137 7.1011e-04     0.6723     0.3553     0.2115    91.5009    94.8495     2.8609     4.3260     4.4542     2.8608     0.2894     0.0879     0.0818     1.4811     0.0000       7989          6  0.000e+00
      2.390      2.377      29.69    27.3809    27.4000   5.555096   5.557251    34.9839    34.9848     3.9753     0.3137 7.0651e-04     0.6234     0.3542     0.2126    91.5268    94.8235     2.8609     4.3272     4.4530     2.8608     0.2882     0.0879     0.0806     1.4847     0.0000       7990          6  0.000e+00
      2.310      2.297      29.69    27.3807    27.4002   5.555142   5.557174    34.9844    34.9842     3.9750     0.3320 7.0291e-04     0.6723     0.3542     0.2126    91.5268    94.8235     2.8609     4.3272     4.4530     2.8608     0.2869     0.0891     0.0818     1.4847     0.0000       7991          6  0.000e+00
      2.310      2.297      29.69    27.3807    27.3999   5.555187   5.557189    34.9847    34.9845     3.9747     0.3320 7.0651e-04     0.6234     0.3542     0.2126    91.5268    94.8235     2.8609     4.3272     4.4530     2.8608     0.2882     0.0891     0.0806     1.4847     0.0000       7992          6  0.000e+00
      2.339      2.326      29.69    27.3820    27.3996   5.555301   5.557197    34.9845    34.9848     3.9721     0.3137 7.0291e-04     0.6234     0.3530     0.2115    91.5526    94.8495     2.8596     4.3284     4.4542     2.8596     0.2869     0.0879     0.0806     1.4847     0.0000       7993          6  0.000e+00
      2.310      2.297      29.74    27.3833    27.4004   5.555475   5.557235    34.9848    34.9845     3.9738     0.3137 7.0651e-04     0.6234     0.3530     0.2115    91.5526    94.8495     2.8609     4.3284     4.4542     2.8608     0.2882     0.0879     0.0806     1.4872     0.0000       7994          6  0.000e+00
      2.281      2.268      29.79    27.3833    27.4002   5.555657   5.557212    34.9861    34.9845     3.9710     0.3137 7.0651e-04     0.6234     0.3530     0.2126    91.5526    94.8235     2.8596     4.3284     4.4530     2.8596     0.2882     0.0879     0.0806     1.4896     0.0000       7995          6  0.000e+00
      2.252      2.239      29.82    27.3843    27.4010   5.555664   5.557328    34.9854    34.9847     3.9705     0.3137 7.0291e-04     0.6723     0.3530     0.2126    91.5526    94.8235     2.8596     4.3284     4.4530     2.8596     0.2869     0.0879     0.0818     1.4908     0.0000       7996          6  0.000e+00
      2.310      2.297      29.82    27.3854    27.4020   5.555725   5.557451    34.9850    34.9848     3.9678     0.3137 7.0651e-04     0.6723     0.3530     0.2126    91.5526    94.8235     2.8584     4.3284     4.4530     2.8584     0.2882     0.0879     0.0818     1.4908     0.0000       7997          6  0.000e+00
      2.230      2.217      29.82    27.3851    27.4026   5.555747   5.557374    34.9854    34.9838     3.9695     0.3137 7.0291e-04     0.6723     0.3530     0.2126    91.5526    94.8235     2.8596     4.3284     4.4530     2.8596     0.2869     0.0879     0.0818     1.4908     0.0000       7998          6  0.000e+00
      2.252      2.239      29.79    27.3851    27.4022   5.555710   5.557366    34.9852    34.9841     3.9646     0.3137 7.0651e-04     0.6234     0.3530     0.2126    91.5526    94.8235     2.8572     4.3284     4.4530     2.8571     0.2882     0.0879     0.0806     1.4896     0.0000       7999          6  0.000e+00
      2.281      2.268      29.79    27.3856    27.4015   5.555672   5.557282    34.9845    34.9840     3.9684     0.3137 7.0651e-04     0.6723     0.3530     0.2126    91.5526    94.8235     2.8596     4.3284     4.4530     2.8596     0.2882     0.0879     0.0818     1.4896     0.0000       8000          6  0.000e+00
      2.201      2.189      29.79    27.3869    27.4007   5.555619   5.557282    34.9831    34.9846     3.9658     0.3137 7.0651e-04     0.6723     0.3530     0.2126    91.5526    94.8235     2.8584     4.3284     4.4530     2.8584     0.2882     0.0879     0.0818     1.4896     0.0000       8001          6  0.000e+00
      2.230      2.217      29.82    27.3882    27.4005   5.555611   5.557220    34.9821    34.9843     3.9676     0.3137 7.0651e-04     0.6234     0.3530     0.2126    91.5526    94.8235     2.8596     4.3284     4.4530     2.8596     0.2882     0.0879     0.0806     1.4908     0.0000       8002          6  0.000e+00
      2.252      2.239      29.84    27.3882    27.3997   5.555573   5.557097    34.9819    34.9840     3.9676     0.3137 7.0651e-04     0.6723     0.3519     0.2126    91.5785    94.8235     2.8596     4.3297     4.4530     2.8596     0.2882     0.0879     0.0818     1.4921     0.0000       8003          6  0.000e+00
      2.201      2.189      29.89    27.3876    27.3987   5.555429   5.556997    34.9813    34.9841     3.9677     0.3320 7.0291e-04     0.6234     0.3530     0.2137    91.5526    94.7975     2.8596     4.3284     4.4518     2.8596     0.2869     0.0891     0.0806     1.4945     0.0000       8004          6  0.000e+00
      2.230      2.217      29.91    27.3867    27.3982   5.555384   5.556967    34.9816    34.9842     3.9678     0.3137 7.0291e-04     0.6234     0.3530     0.2137    91.5526    94.7975     2.8596     4.3284     4.4518     2.8596     0.2869     0.0879     0.0806     1.4957     0.0000       8005          6  0.000e+00
      2.201      2.189      29.94    27.3860    27.3982   5.555384   5.557005    34.9822    34.9845     3.9679     0.3137 7.0651e-04     0.6723     0.3530     0.2148    91.5526    94.7715     2.8596     4.3284     4.4505     2.8596     0.2882     0.0879     0.0818     1.4969     0.0000       8006          6  0.000e+00
      2.172      2.160      29.91    27.3858    27.3984   5.555452   5.556982    34.9828    34.9842     3.9680     0.3137 7.0651e-04     0.6234     0.3530     0.2137    91.5526    94.7975     2.8596     4.3284     4.4518     2.8596     0.2882     0.0879     0.0806     1.4957     0.0000       8007          6  0.000e+00
      2.201      2.189      29.96    27.3861    27.3983   5.555505   5.556966    34.9829    34.9842     3.9682     0.3137 7.0651e-04     0.6234     0.3530     0.2137    91.5526    94.7975     2.8596     4.3284     4.4518     2.8596     0.2882     0.0879     0.0806     1.4982     0.0000       8008          6  0.000e+00
      2.201      2.189      30.01    27.3861    27.3982   5.555482   5.556728    34.9827    34.9825     3.9707     0.2954 7.0651e-04     0.6723     0.3519     0.2148    91.5785    94.7715     2.8609     4.3297     4.4505     2.8608     0.2882     0.0867     0.0818     1.5006     0.0000       8009          6  0.000e+00
      2.230      2.217      30.04    27.3863    27.3965   5.555407   5.556344    34.9821    34.9811     3.9713     0.2954 7.0651e-04     0.6723     0.3530     0.2137    91.5526    94.7975     2.8609     4.3284     4.4518     2.8608     0.2882     0.0867     0.0818     1.5018     0.0000       8010          6  0.000e+00
      2.143      2.131      30.01    27.3860    27.3934   5.555278   5.556129    34.9814    34.9819     3.9718     0.3137 7.0291e-04     0.6234     0.3530     0.2137    91.5526    94.7975     2.8609     4.3284     4.4518     2.8608     0.2869     0.0879     0.0806     1.5006     0.0000       8011          6  0.000e+00
      2.172      2.160      30.04    27.3847    27.3912   5.555180   5.556075    34.9817    34.9832     3.9724     0.2954 7.0651e-04     0.6723     0.3530     0.2137    91.5526    94.7975     2.8609     4.3284     4.4518     2.8608     0.2882     0.0867     0.0818     1.5018     0.0000       8012          6  0.000e+00
      2.201      2.188      30.06    27.3836    27.3896   5.555089   5.556029    34.9818    34.9840     3.9730     0.2954 7.0651e-04     0.6723     0.3542     0.2137    91.5268    94.7975     2.8609     4.3272     4.4518     2.8608     0.2882     0.0867     0.0818     1.5031     0.0000       8013          6  0.000e+00
      2.172      2.160      30.11    27.3826    27.3886   5.554998   5.555952    34.9820    34.9842     3.9736     0.3137 7.2090e-04     0.6234     0.3542     0.2137    91.5268    94.7975     2.8609     4.3272     4.4518     2.8608     0.2930     0.0879     0.0806     1.5055     0.0000       8014          6  0.000e+00
      2.142      2.131      30.11    27.3818    27.3879   5.554907   5.555852    34.9819    34.9840     3.9742     0.2954 7.4970e-04     0.6234     0.3542     0.2137    91.5268    94.7975     2.8609     4.3272     4.4518     2.8608     0.3028     0.0867     0.0806     1.5055     0.0000       8015          6  0.000e+00
      2.201      2.188      30.11    27.3809    27.3866   5.554884   5.555729    34.9824    34.9841     3.9749     0.3137 7.5690e-04     0.6723     0.3542     0.2137    91.5268    94.7975     2.8609     4.3272     4.4518     2.8608     0.3053     0.0879     0.0818     1.5055     0.0000       8016          6  0.000e+00
      2.172      2.160      30.13    27.3805    27.3856   5.554846   5.555522    34.9824    34.9835     3.9730     0.2954 7.5690e-04     0.6234     0.3542     0.2137    91.5268    94.7975     2.8596     4.3272     4.4518     2.8596     0.3053     0.0867     0.0806     1.5067     0.0000       8017          6  0.000e+00
      2.201      2.188      30.16    27.3796    27.3841   5.554771   5.555399    34.9826    34.9837     3.9733     0.3137 7.5330e-04     0.6234     0.3542     0.2137    91.5268    94.7975     2.8596     4.3272     4.4518     2.8596     0.3040     0.0879     0.0806     1.5079     0.0000       8018          6  0.000e+00
      2.172      2.160      30.16    27.3794    27.3826   5.554778   5.555345    34.9828    34.9844     3.9713     0.2954 7.5330e-04     0.6723     0.3542     0.2148    91.5268    94.7715     2.8584     4.3272     4.4505     2.8584     0.3040     0.0867     0.0818     1.5079     0.0000       8019          6  0.000e+00
      2.142      2.131      30.18    27.3791    27.3816   5.554756   5.555230    34.9829    34.9844     3.9759     0.2954 7.5690e-04     0.6723     0.3542     0.2148    91.5268    94.7715     2.8609     4.3272     4.4505     2.8608     0.3053     0.0867     0.0818     1.5092     0.0000       8020          6  0.000e+00
      2.092      2.080      30.16    27.3789    27.3805   5.554748   5.555192    34.9830    34.9850     3.9719     0.3137 7.5330e-04     0.6234     0.3542     0.2137    91.5268    94.7975     2.8584     4.3272     4.4518     2.8584     0.3040     0.0879     0.0806     1.5079     0.0000       8021          6  0.000e+00
      2.281      2.268      30.18    27.3787    27.3799   5.554748   5.555123    34.9831    34.9849     3.9744     0.3137 7.5330e-04     0.6234     0.3542     0.2137    91.5268    94.7975     2.8596     4.3272     4.4518     2.8596     0.3040     0.0879     0.0806     1.5092     0.0000       8022          6  0.000e+00
      2.201      2.188      30.23    27.3787    27.3794   5.554710   5.555107    34.9828    34.9852     3.9745     0.2954 7.5330e-04     0.6723     0.3542     0.2148    91.5268    94.7715     2.8596     4.3272     4.4505     2.8596     0.3040     0.0867     0.0818     1.5116     0.0000       8023          6  0.000e+00
      2.172      2.160      30.23    27.3784    27.3788   5.554703   5.555107    34.9831    34.9856     3.9747     0.3137 7.5330e-04     0.6234     0.3542     0.2137    91.5268    94.7975     2.8596     4.3272     4.4518     2.8596     0.3040     0.0879     0.0806     1.5116     0.0000       8024          6  0.000e+00
      2.142      2.131      30.23    27.3784    27.3786   5.554733   5.555061    34.9833    34.9854     3.9749     0.2954 7.5690e-04     0.6723     0.3542     0.2126    91.5268    94.8235     2.8596     4.3272     4.4530     2.8596     0.3053     0.0867     0.0818     1.5116     0.0000       8025          6  0.000e+00
      2.230      2.217      30.23    27.3782    27.3784   5.554748   5.555053    34.9835    34.9855     3.9751     0.2954 7.5690e-04     0.6234     0.3542     0.2126    91.5268    94.8235     2.8596     4.3272     4.4530     2.8596     0.3053     0.0867     0.0806     1.5116     0.0000       8026          6  0.000e+00
      2.201      2.188      30.26    27.3785    27.3786   5.554680   5.555061    34.9827    34.9854     3.9776     0.3137 7.5690e-04     0.6723     0.3530     0.2137    91.5526    94.7975     2.8609     4.3284     4.4518     2.8608     0.3053     0.0879     0.0818     1.5128     0.0000       8027          6  0.000e+00
      2.201      2.188      30.28    27.3784    27.3781   5.554688   5.555015    34.9829    34.9854     3.9781     0.3137 7.5330e-04     0.6234     0.3542     0.2137    91.5268    94.7975     2.8609     4.3272     4.4518     2.8608     0.3040     0.0879     0.0806     1.5140     0.0000       8028          7  0.000e+00
      2.172      2.160      30.28    27.3784    27.3781   5.554771   5.555046    34.9835    34.9857     3.9785     0.3137 7.5330e-04     0.6234     0.3542     0.2137    91.5268    94.7975     2.8609     4.3272     4.4518     2.8608     0.3040     0.0879     0.0806     1.5140     0.0000       8029          7  0.000e+00
      2.252      2.239      30.28    27.3782    27.3777   5.554725   5.555023    34.9833    34.9858     3.9812     0.2954 7.5330e-04     0.6234     0.3542     0.2137    91.5268    94.7975     2.8621     4.3272     4.4518     2.8620     0.3040     0.0867     0.0806     1.5140     0.0000       8030          7  0.000e+00
      2.230      2.217      30.28    27.3782    27.3779   5.554703   5.555046    34.9832    34.9858     3.9819     0.2954 7.5330e-04     0.6723     0.3542     0.2126    91.5268    94.8235     2.8621     4.3272     4.4530     2.8620     0.3040     0.0867     0.0818     1.5140     0.0000       8031          7  0.000e+00
      2.142      2.131      30.28    27.3784    27.3779   5.554703   5.555015    34.9831    34.9856     3.9823     0.2954 7.5330e-04     0.6234     0.3542     0.2137    91.5268    94.7975     2.8621     4.3272     4.4518     2.8620     0.3040     0.0867     0.0806     1.5140     0.0000       8032          7  0.000e+00
      2.281      2.268      30.31    27.3782    27.3779   5.554733   5.554977    34.9834    34.9853     3.9828     0.2954 7.5330e-04     0.6234     0.3542     0.2137    91.5268    94.7975     2.8621     4.3272     4.4518     2.8620     0.3040     0.0867     0.0806     1.5153     0.0000       8033          7  0.000e+00
      2.252      2.239      30.31    27.3782    27.3777   5.554680   5.555038    34.9830    34.9859     3.9832     0.2954 7.5690e-04     0.6723     0.3542     0.2137    91.5268    94.7975     2.8621     4.3272     4.4518     2.8620     0.3053     0.0867     0.0818     1.5153     0.0000       8034          7  0.000e+00
      2.201      2.188      30.31    27.3784    27.3777   5.554657   5.555015    34.9827    34.9857     3.9859     0.3137 7.5330e-04     0.6234     0.3530     0.2137    91.5526    94.7975     2.8633     4.3284     4.4518     2.8632     0.3040     0.0879     0.0806     1.5153     0.0000       8035          7  0.000e+00
      2.230      2.217      30.31    27.3782    27.3777   5.554688   5.554938    34.9831    34.9852     3.9865     0.3137 7.5330e-04     0.6234     0.3542     0.2126    91.5268    94.8235     2.8633     4.3272     4.4530     2.8632     0.3040     0.0879     0.0806     1.5153     0.0000       8036          7  0.000e+00
      2.310      2.297      29.96    27.3782    27.3775   5.554703   5.554992    34.9832    34.9857     3.9871     0.2954 7.5690e-04     0.6723     0.3542     0.2137    91.5268    94.7975     2.8633     4.3272     4.4518     2.8632     0.3053     0.0867     0.0818     1.4982     0.0000       8037          7  0.000e+00
