public/post/ctd18/stn007.ros
* Sea-Bird SBE 9 Data File:
* FileName = C:\CTD Data\AGU032_IIOE2_June2018\stn007.hex
* Software Version Seasave V 7.22.5
* Temperature SN = 5966
* Conductivity SN = 4551
* Number of Bytes Per Scan = 40
* Number of Voltage Words = 5
* Number of Scans Averaged by the Deck Unit = 1
* NMEA Latitude = 06 15.57 S
* NMEA Longitude = 039 00.39 E
* NMEA UTC (Time) = Jun 19 2018 13:35:21
* NMEA baud rate = 4800
** Ship: Agulhas II
** Cruise: V032_IIOE2
** Ship Station: AM00888
** Grid number: A-7
** Latitude: 06 15.566 S
** Longitude: 039 00.390 E
** Bottom depth (m): 33.5m
** Operator: Florence and Bornwell
# nquan = 29
# nvalues = 339                                   
# units = specified
# name 0 = prDM: Pressure, Digiquartz [db]
# name 1 = depSM: Depth [salt water, m]
# name 2 = altM: Altimeter [m]
# name 3 = t090C: Temperature [ITS-90, deg C]
# name 4 = t190C: Temperature, 2 [ITS-90, deg C]
# name 5 = c0S/m: Conductivity [S/m]
# name 6 = c1S/m: Conductivity, 2 [S/m]
# name 7 = sal00: Salinity, Practical [PSU]
# name 8 = sal11: Salinity, Practical, 2 [PSU]
# name 9 = sbeox0ML/L: Oxygen, SBE 43 [ml/l]
# name 10 = flECO-AFL: Fluorescence, WET Labs ECO-AFL/FL [mg/m^3]
# name 11 = turbWETbb0: Turbidity, WET Labs ECO BB [m^-1/sr]
# name 12 = turbWETntu0: Turbidity, WET Labs ECO [NTU]
# name 13 = CStarAt0: Beam Attenuation, WET Labs C-Star [1/m]
# name 14 = CStarAt1: Beam Attenuation, WET Labs C-Star, 2 [1/m]
# name 15 = CStarTr0: Beam Transmission, WET Labs C-Star [%]
# name 16 = CStarTr1: Beam Transmission, WET Labs C-Star, 2 [%]
# name 17 = sbeox0V: Oxygen raw, SBE 43 [V]
# name 18 = v0: Voltage 0
# name 19 = v1: Voltage 1
# name 20 = v2: Voltage 2
# name 21 = v3: Voltage 3
# name 22 = v4: Voltage 4
# name 23 = v5: Voltage 5
# name 24 = v6: Voltage 6
# name 25 = v7: Voltage 7
# name 26 = scan: Scan Count
# name 27 = nbf: Bottles Fired
# name 28 = flag:  0.000e+00
# interval = seconds: 0.0416667
# start_time = Jun 19 2018 13:35:21 [NMEA time, header]
# bad_flag = -9.990e-29
*END*
[from data line 101]
     19.598     19.488      13.02    27.3157    27.3106   5.547764   5.547344    34.9755    34.9764     3.9727     0.4053 8.0369e-04     0.6723     0.3666     0.2203    91.2424    94.6414     2.8486     4.3138     4.4444     2.8486     0.3211     0.0940     0.0818     0.6508     0.0000       5720          3  0.000e+00
     19.612     19.502      12.99    27.3153    27.3078   5.547757   5.547113    34.9757    34.9768     3.9725     0.4053 8.0369e-04     0.7211     0.3666     0.2225    91.2424    94.5894     2.8486     4.3138     4.4420     2.8486     0.3211     0.0940     0.0830     0.6496     0.0000       5721          3  0.000e+00
     19.670     19.560      13.04    27.3151    27.3062   5.547696   5.547290    34.9754    34.9793     3.9724     0.4053 8.0369e-04     0.7211     0.3666     0.2236    91.2424    94.5634     2.8486     4.3138     4.4408     2.8486     0.3211     0.0940     0.0830     0.6520     0.0000       5722          3  0.000e+00
     19.612     19.502      13.14    27.3144    27.3066   5.547651   5.547428    34.9757    34.9800     3.9722     0.4053 8.0729e-04     0.6723     0.3666     0.2236    91.2424    94.5634     2.8486     4.3138     4.4408     2.8486     0.3223     0.0940     0.0818     0.6569     0.0000       5723          3  0.000e+00
     19.561     19.452      13.19    27.3132    27.3066   5.547598   5.547774    34.9763    34.9824     3.9720     0.4053 7.8930e-04     0.7211     0.3666     0.2236    91.2424    94.5634     2.8486     4.3138     4.4408     2.8486     0.3162     0.0940     0.0830     0.6593     0.0000       5724          3  0.000e+00
     19.649     19.538      13.16    27.3132    27.3087   5.547613   5.548373    34.9763    34.9851     3.9718     0.4053 7.7850e-04     0.6723     0.3666     0.2236    91.2424    94.5634     2.8486     4.3138     4.4408     2.8486     0.3126     0.0940     0.0818     0.6581     0.0000       5725          3  0.000e+00
     19.612     19.502      13.16    27.3117    27.3134   5.547159   5.548711    34.9743    34.9840     3.9718     0.4053 7.7850e-04     0.7211     0.3666     0.2236    91.2424    94.5634     2.8486     4.3138     4.4408     2.8486     0.3126     0.0940     0.0830     0.6581     0.0000       5726          3  0.000e+00
     19.561     19.452      13.21    27.3072    27.3160   5.546546   5.548534    34.9733    34.9807     3.9718     0.4053 7.7850e-04     0.7211     0.3666     0.2236    91.2424    94.5634     2.8486     4.3138     4.4408     2.8486     0.3126     0.0940     0.0830     0.6606     0.0000       5727          3  0.000e+00
     19.612     19.502      13.26    27.3028    27.3146   5.546236   5.548073    34.9743    34.9786     3.9719     0.4053 7.7850e-04     0.7211     0.3655     0.2236    91.2683    94.5634     2.8486     4.3150     4.4408     2.8486     0.3126     0.0940     0.0830     0.6630     0.0000       5728          3  0.000e+00
     19.612     19.502      13.26    27.3024    27.3126   5.546546   5.547743    34.9769    34.9777     3.9717     0.4053 7.7850e-04     0.7211     0.3655     0.2236    91.2683    94.5634     2.8486     4.3150     4.4408     2.8486     0.3126     0.0940     0.0830     0.6630     0.0000       5729          3  0.000e+00
     19.598     19.488      13.26    27.3046    27.3113   5.547106   5.547681    34.9791    34.9782     3.9735     0.4236 7.7850e-04     0.6723     0.3632     0.2236    91.3200    94.5634     2.8499     4.3175     4.4408     2.8498     0.3126     0.0952     0.0818     0.6630     0.0000       5730          3  0.000e+00
     19.612     19.502      13.26    27.3068    27.3109   5.547371   5.547559    34.9794    34.9776     3.9711     0.4053 7.7850e-04     0.7211     0.3632     0.2236    91.3200    94.5634     2.8486     4.3175     4.4408     2.8486     0.3126     0.0940     0.0830     0.6630     0.0000       5731          3  0.000e+00
     19.612     19.502      13.31    27.3087    27.3100   5.547575   5.547466    34.9794    34.9777     3.9731     0.4053 7.7850e-04     0.6723     0.3632     0.2236    91.3200    94.5634     2.8499     4.3175     4.4408     2.8498     0.3126     0.0940     0.0818     0.6654     0.0000       5732          3  0.000e+00
     19.612     19.502      13.36    27.3101    27.3093   5.547658   5.547382    34.9790    34.9776     3.9730     0.4053 7.7850e-04     0.7211     0.3632     0.2236    91.3200    94.5634     2.8499     4.3175     4.4408     2.8498     0.3126     0.0940     0.0830     0.6679     0.0000       5733          3  0.000e+00
     19.612     19.502      13.36    27.3099    27.3082   5.547515   5.547221    34.9781    34.9773     3.9730     0.4053 7.7850e-04     0.7211     0.3632     0.2236    91.3200    94.5634     2.8499     4.3175     4.4408     2.8498     0.3126     0.0940     0.0830     0.6679     0.0000       5734          3  0.000e+00
     19.598     19.488      13.36    27.3101    27.3064   5.547409   5.546829    34.9772    34.9759     3.9707     0.4053 7.7850e-04     0.6723     0.3632     0.2236    91.3200    94.5634     2.8486     4.3175     4.4408     2.8486     0.3126     0.0940     0.0818     0.6679     0.0000       5735          3  0.000e+00
     19.561     19.452      13.36    27.3098    27.3038   5.547340   5.546583    34.9769    34.9760     3.9727     0.4053 7.7850e-04     0.6723     0.3632     0.2236    91.3200    94.5634     2.8499     4.3175     4.4408     2.8498     0.3126     0.0940     0.0818     0.6679     0.0000       5736          3  0.000e+00
     19.612     19.502      13.41    27.3095    27.3027   5.547272   5.546706    34.9767    34.9777     3.9727     0.4053 7.7850e-04     0.7211     0.3632     0.2236    91.3200    94.5634     2.8499     4.3175     4.4408     2.8498     0.3126     0.0940     0.0830     0.6703     0.0000       5737          3  0.000e+00
     19.612     19.502      13.43    27.3088    27.3031   5.547151   5.546906    34.9763    34.9789     3.9727     0.4053 7.7850e-04     0.7211     0.3643     0.2236    91.2941    94.5634     2.8499     4.3162     4.4408     2.8498     0.3126     0.0940     0.0830     0.6716     0.0000       5738          3  0.000e+00
     19.612     19.502      13.43    27.3080    27.3035   5.547030   5.547044    34.9761    34.9796     3.9727     0.4053 7.7850e-04     0.6723     0.3643     0.2236    91.2941    94.5634     2.8499     4.3162     4.4408     2.8498     0.3126     0.0940     0.0818     0.6716     0.0000       5739          3  0.000e+00
     19.612     19.502      13.43    27.3077    27.3048   5.547023   5.547305    34.9762    34.9805     3.9726     0.4053 7.7850e-04     0.7211     0.3632     0.2236    91.3200    94.5634     2.8499     4.3175     4.4408     2.8498     0.3126     0.0940     0.0830     0.6716     0.0000       5740          3  0.000e+00
     19.379     19.270      13.43    27.3081    27.3057   5.547166   5.547359    34.9770    34.9802     3.9726     0.4053 7.7850e-04     0.7211     0.3632     0.2225    91.3200    94.5894     2.8499     4.3175     4.4420     2.8498     0.3126     0.0940     0.0830     0.6716     0.0000       5741          3  0.000e+00
     19.772     19.661      13.48    27.3093    27.3064   5.547325   5.547182    34.9772    34.9783     3.9751     0.4053 7.7850e-04     0.6723     0.3643     0.2214    91.2941    94.6154     2.8511     4.3162     4.4432     2.8510     0.3126     0.0940     0.0818     0.6740     0.0000       5742          3  0.000e+00
     19.612     19.502      13.48    27.3094    27.3065   5.547386   5.547029    34.9776    34.9772     3.9731     0.4053 7.7850e-04     0.7211     0.3632     0.2203    91.3200    94.6414     2.8499     4.3175     4.4444     2.8498     0.3126     0.0940     0.0830     0.6740     0.0000       5743          3  0.000e+00
     19.612     19.502      13.48    27.3099    27.3051   5.547424   5.546891    34.9775    34.9773     3.9732     0.4236 7.7490e-04     0.6723     0.3632     0.2203    91.3200    94.6414     2.8499     4.3175     4.4444     2.8498     0.3114     0.0952     0.0818     0.6740     0.0000       5744          3  0.000e+00
     19.561     19.451      13.48    27.3106    27.3042   5.547454   5.546929    34.9771    34.9782     3.9756     0.4053 7.7850e-04     0.7211     0.3632     0.2214    91.3200    94.6154     2.8511     4.3175     4.4432     2.8510     0.3126     0.0940     0.0830     0.6740     0.0000       5745          3  0.000e+00
     19.598     19.488      13.50    27.3109    27.3048   5.547477   5.547044    34.9771    34.9786     3.9738     0.4053 7.7850e-04     0.7211     0.3632     0.2203    91.3200    94.6414     2.8499     4.3175     4.4444     2.8498     0.3126     0.0940     0.0830     0.6752     0.0000       5746          3  0.000e+00
     19.612     19.502      13.53    27.3110    27.3053   5.547431   5.546944    34.9767    34.9775     3.9762     0.4053 7.7850e-04     0.7211     0.3632     0.2203    91.3200    94.6414     2.8511     4.3175     4.4444     2.8510     0.3126     0.0940     0.0830     0.6764     0.0000       5747          3  0.000e+00
     19.612     19.502      13.53    27.3106    27.3031   5.547363   5.546476    34.9765    34.9758     3.9768     0.4053 7.7850e-04     0.7211     0.3632     0.2214    91.3200    94.6154     2.8511     4.3175     4.4432     2.8510     0.3126     0.0940     0.0830     0.6764     0.0000       5748          3  0.000e+00
     19.561     19.451      13.53    27.3091    27.2995   5.547068   5.545938    34.9755    34.9747     3.9752     0.4053 7.7850e-04     0.7211     0.3632     0.2214    91.3200    94.6154     2.8499     4.3175     4.4432     2.8498     0.3126     0.0940     0.0830     0.6764     0.0000       5749          3  0.000e+00
     19.612     19.502      13.53    27.3063    27.2957   5.546796   5.545570    34.9757    34.9750     3.9778     0.4236 7.9290e-04     0.7211     0.3632     0.2214    91.3200    94.6154     2.8511     4.3175     4.4432     2.8510     0.3175     0.0952     0.0830     0.6764     0.0000       5750          3  0.000e+00
     19.597     19.488      13.55    27.3045    27.2929   5.546546   5.545424    34.9753    34.9760     3.9760     0.4053 8.0729e-04     0.7211     0.3621     0.2203    91.3458    94.6414     2.8499     4.3187     4.4444     2.8498     0.3223     0.0940     0.0830     0.6777     0.0000       5751          3  0.000e+00
     19.612     19.502      13.55    27.3025    27.2920   5.546349   5.545401    34.9753    34.9765     3.9762     0.4053 8.1089e-04     0.7211     0.3621     0.2203    91.3458    94.6414     2.8499     4.3187     4.4444     2.8498     0.3236     0.0940     0.0830     0.6777     0.0000       5752          3  0.000e+00
     19.612     19.502      13.55    27.3007    27.2907   5.546069   5.545432    34.9747    34.9777     3.9765     0.4053 8.1089e-04     0.7211     0.3621     0.2203    91.3458    94.6414     2.8499     4.3187     4.4444     2.8498     0.3236     0.0940     0.0830     0.6777     0.0000       5753          3  0.000e+00
     19.612     19.502      13.55    27.2983    27.2906   5.545888   5.545447    34.9752    34.9779     3.9767     0.4053 8.1089e-04     0.7211     0.3621     0.2214    91.3458    94.6154     2.8499     4.3187     4.4432     2.8498     0.3236     0.0940     0.0830     0.6777     0.0000       5754          3  0.000e+00
     19.561     19.451      13.55    27.2966    27.2906   5.545858   5.545516    34.9763    34.9784     3.9769     0.4053 8.1089e-04     0.7211     0.3621     0.2203    91.3458    94.6414     2.8499     4.3187     4.4444     2.8498     0.3236     0.0940     0.0830     0.6777     0.0000       5755          3  0.000e+00
     19.597     19.488      13.58    27.2956    27.2904   5.545752   5.545539    34.9763    34.9787     3.9771     0.4053 8.1089e-04     0.7211     0.3621     0.2203    91.3458    94.6414     2.8499     4.3187     4.4444     2.8498     0.3236     0.0940     0.0830     0.6789     0.0000       5756          3  0.000e+00
     19.561     19.451      13.58    27.2961    27.2909   5.545789   5.545608    34.9762    34.9788     3.9772     0.4053 8.0729e-04     0.6723     0.3632     0.2214    91.3200    94.6154     2.8499     4.3175     4.4432     2.8498     0.3223     0.0940     0.0818     0.6789     0.0000       5757          3  0.000e+00
     19.612     19.502      13.58    27.2960    27.2913   5.545714   5.545724    34.9757    34.9793     3.9796     0.4053 8.1089e-04     0.7211     0.3621     0.2214    91.3458    94.6154     2.8511     4.3187     4.4432     2.8510     0.3236     0.0940     0.0830     0.6789     0.0000       5758          3  0.000e+00
     19.612     19.502      13.58    27.2952    27.2917   5.545774   5.545724    34.9767    34.9791     3.9800     0.4236 8.1089e-04     0.7211     0.3621     0.2214    91.3458    94.6154     2.8511     4.3187     4.4432     2.8510     0.3236     0.0952     0.0830     0.6789     0.0000       5759          3  0.000e+00
     19.561     19.451      13.58    27.2961    27.2918   5.545880   5.545739    34.9768    34.9790     3.9802     0.4053 8.1089e-04     0.7211     0.3632     0.2214    91.3200    94.6154     2.8511     4.3175     4.4432     2.8510     0.3236     0.0940     0.0830     0.6789     0.0000       5760          3  0.000e+00
     19.597     19.488      13.60    27.2969    27.2924   5.545933   5.545724    34.9766    34.9785     3.9828     0.4053 8.1089e-04     0.7211     0.3621     0.2203    91.3458    94.6414     2.8523     4.3187     4.4444     2.8523     0.3236     0.0940     0.0830     0.6801     0.0000       5761          3  0.000e+00
     19.612     19.502      13.60    27.2978    27.2924   5.546016   5.545785    34.9765    34.9790     3.9830     0.4053 8.1089e-04     0.6723     0.3621     0.2203    91.3458    94.6414     2.8523     4.3187     4.4444     2.8523     0.3236     0.0940     0.0818     0.6801     0.0000       5762          3  0.000e+00
     19.612     19.502      13.60    27.2982    27.2926   5.545971   5.545839    34.9759    34.9792     3.9832     0.3869 8.1089e-04     0.6234     0.3621     0.2192    91.3458    94.6675     2.8523     4.3187     4.4457     2.8523     0.3236     0.0928     0.0806     0.6801     0.0000       5763          3  0.000e+00
     19.561     19.451      13.60    27.2992    27.2933   5.546077   5.545923    34.9759    34.9793     3.9834     0.3869 8.0729e-04     0.6234     0.3621     0.2192    91.3458    94.6675     2.8523     4.3187     4.4457     2.8523     0.3223     0.0928     0.0806     0.6801     0.0000       5764          3  0.000e+00
     19.612     19.502      13.60    27.2998    27.2935   5.546130   5.545908    34.9759    34.9790     3.9836     0.3869 8.1089e-04     0.6234     0.3621     0.2192    91.3458    94.6675     2.8523     4.3187     4.4457     2.8523     0.3236     0.0928     0.0806     0.6801     0.0000       5765          3  0.000e+00
     19.597     19.488      13.63    27.2958    27.2929   5.545661   5.545808    34.9755    34.9787     3.9757     0.3869 7.0651e-04     0.6234     0.3655     0.2203    91.2683    94.6414     2.8486     4.3150     4.4444     2.8486     0.2882     0.0928     0.0806     0.6813     0.0000       5777          4  0.000e+00
     19.561     19.451      13.63    27.2962    27.2935   5.545676   5.545877    34.9753    34.9788     3.9750     0.3869 6.9931e-04     0.6234     0.3643     0.2192    91.2941    94.6675     2.8486     4.3162     4.4457     2.8486     0.2857     0.0928     0.0806     0.6813     0.0000       5778          4  0.000e+00
     19.612     19.502      13.63    27.2961    27.2938   5.545744   5.545900    34.9758    34.9787     3.9746     0.3869 6.9931e-04     0.6234     0.3655     0.2192    91.2683    94.6675     2.8486     4.3150     4.4457     2.8486     0.2857     0.0928     0.0806     0.6813     0.0000       5779          4  0.000e+00
