public/post/ctd18/stn001.ros
* Sea-Bird SBE 9 Data File:
* FileName = C:\CTD Data\AGU032_IIOE2_June2018\stn001.hex
* Software Version Seasave V 7.22.5
* Temperature SN = 5966
* Conductivity SN = 4551
* Number of Bytes Per Scan = 40
* Number of Voltage Words = 5
* Number of Scans Averaged by the Deck Unit = 1
* NMEA Latitude = 05 01.21 S
* NMEA Longitude = 039 17.62 E
* NMEA UTC (Time) = Jun 18 2018 05:27:07
* NMEA baud rate = 4800
** Ship: Agulhas II
** Cruise: V032_IIOE2
** Ship Station: AM00882
** Grid number: A-1
** Latitude: 05 01.222S
** Longitude: 39 17.625 E
** Bottom depth (m): 416.56m
** Operator: Mbulelo and Gavin
# nquan = 29
# nvalues = 1019                                  
# units = specified
# name 0 = prDM: Pressure, Digiquartz [db]
# name 1 = depSM: Depth [salt water, m]
# name 2 = altM: Altimeter [m]
# name 3 = t090C: Temperature [ITS-90, deg C]
# name 4 = t190C: Temperature, 2 [ITS-90, deg C]
# name 5 = c0S/m: Conductivity [S/m]
# name 6 = c1S/m: Conductivity, 2 [S/m]
# name 7 = sal00: Salinity, Practical [PSU]
# name 8 = sal11: Salinity, Practical, 2 [PSU]
# name 9 = sbeox0ML/L: Oxygen, SBE 43 [ml/l]
# name 10 = flECO-AFL: Fluorescence, WET Labs ECO-AFL/FL [mg/m^3]
# name 11 = turbWETbb0: Turbidity, WET Labs ECO BB [m^-1/sr]
# name 12 = turbWETntu0: Turbidity, WET Labs ECO [NTU]
# name 13 = CStarAt0: Beam Attenuation, WET Labs C-Star [1/m]
# name 14 = CStarAt1: Beam Attenuation, WET Labs C-Star, 2 [1/m]
# name 15 = CStarTr0: Beam Transmission, WET Labs C-Star [%]
# name 16 = CStarTr1: Beam Transmission, WET Labs C-Star, 2 [%]
# name 17 = sbeox0V: Oxygen raw, SBE 43 [V]
# name 18 = v0: Voltage 0
# name 19 = v1: Voltage 1
# name 20 = v2: Voltage 2
# name 21 = v3: Voltage 3
# name 22 = v4: Voltage 4
# name 23 = v5: Voltage 5
# name 24 = v6: Voltage 6
# name 25 = v7: Voltage 7
# name 26 = scan: Scan Count
# name 27 = nbf: Bottles Fired
# name 28 = flag:  0.000e+00
# interval = seconds: 0.0416667
# start_time = Jun 18 2018 05:27:07 [NMEA time, header]
# bad_flag = -9.990e-29
*END*
[from data line 101]
    300.359    298.480      41.71    12.0538    12.0536   4.021501   4.021855    35.0294    35.0330     3.3078     0.0206 5.1213e-04     0.5258     0.1024     0.0167    97.4722    99.5838     1.9386     4.6081     4.6764     1.9377     0.2222     0.0684     0.0781     2.0855     0.0000      21455          3  0.000e+00
    300.300    298.421      41.64    12.0539    12.0535   4.021501   4.021875    35.0293    35.0334     3.3071     0.0206 4.9774e-04     0.5746     0.1024     0.0167    97.4722    99.5838     1.9386     4.6081     4.6764     1.9377     0.2173     0.0684     0.0794     2.0818     0.0000      21456          3  0.000e+00
    300.300    298.421      41.61    12.0539    12.0535   4.021461   4.021888    35.0289    35.0335     3.3065     0.0206 4.1495e-04     0.5746     0.1024     0.0167    97.4722    99.5838     1.9386     4.6081     4.6764     1.9377     0.1893     0.0684     0.0794     2.0806     0.0000      21457          3  0.000e+00
    300.300    298.421      41.64    12.0538    12.0536   4.021475   4.021862    35.0292    35.0331     3.3058     0.0206 3.7895e-04     0.5258     0.1024     0.0167    97.4722    99.5838     1.9386     4.6081     4.6764     1.9377     0.1770     0.0684     0.0781     2.0818     0.0000      21458          3  0.000e+00
    300.359    298.480      41.64    12.0539    12.0535   4.021441   4.021875    35.0287    35.0333     3.3052     0.0206 3.7895e-04     0.5746     0.1024     0.0167    97.4722    99.5838     1.9386     4.6081     4.6764     1.9377     0.1770     0.0684     0.0794     2.0818     0.0000      21459          3  0.000e+00
    300.300    298.421      41.64    12.0538    12.0535   4.021448   4.021855    35.0289    35.0332     3.3046     0.0206 3.7895e-04     0.5258     0.1024     0.0167    97.4722    99.5838     1.9386     4.6081     4.6764     1.9377     0.1770     0.0684     0.0781     2.0818     0.0000      21460          3  0.000e+00
    300.300    298.421      41.64    12.0539    12.0535   4.021481   4.021875    35.0291    35.0334     3.3041     0.0206 3.8255e-04     0.5258     0.1024     0.0167    97.4722    99.5838     1.9386     4.6081     4.6764     1.9377     0.1783     0.0684     0.0781     2.0818     0.0000      21461          3  0.000e+00
    300.300    298.421      41.64    12.0540    12.0535   4.021461   4.021862    35.0288    35.0332     3.3035     0.0206 3.8255e-04     0.5746     0.1024     0.0167    97.4722    99.5838     1.9386     4.6081     4.6764     1.9377     0.1783     0.0684     0.0794     2.0818     0.0000      21462          3  0.000e+00
    300.359    298.480      41.64    12.0539    12.0535   4.021455   4.021848    35.0288    35.0331     3.3031     0.0206 3.8255e-04     0.5258     0.1024     0.0167    97.4722    99.5838     1.9386     4.6081     4.6764     1.9377     0.1783     0.0684     0.0781     2.0818     0.0000      21463          3  0.000e+00
    300.300    298.421      41.61    12.0539    12.0535   4.021435   4.021875    35.0287    35.0334     3.3026     0.0206 3.8615e-04     0.5258     0.1024     0.0167    97.4722    99.5838     1.9386     4.6081     4.6764     1.9377     0.1795     0.0684     0.0781     2.0806     0.0000      21464          3  0.000e+00
    300.329    298.451      49.62    12.0539    12.0535   4.021448   4.021862    35.0288    35.0332     3.3021     0.0023 3.8255e-04     0.5746     0.1024     0.0167    97.4722    99.5838     1.9386     4.6081     4.6764     1.9377     0.1783     0.0672     0.0794     2.4811     0.0000      21465          3  0.000e+00
    300.300    298.422      85.27    12.0541    12.0533   4.021474   4.021848    35.0289    35.0333     3.3023    -0.0160 3.8255e-04     0.5746     0.1024     0.0167    97.4722    99.5838     1.9386     4.6081     4.6764     1.9377     0.1783     0.0659     0.0794     4.2637     0.0000      21466          3  0.000e+00
    300.300    298.422      99.78    12.0539    12.0536   4.021441   4.021848    35.0287    35.0330     3.2985     0.0023 3.8255e-04     0.5746     0.1035     0.0167    97.4464    99.5838     1.9373     4.6068     4.6764     1.9365     0.1783     0.0672     0.0794     4.9890     0.0000      21467          3  0.000e+00
    300.359    298.480     100.00    12.0538    12.0536   4.021468   4.021929    35.0291    35.0337     3.2976     0.0023 3.8255e-04     0.5746     0.1024     0.0167    97.4722    99.5838     1.9373     4.6081     4.6764     1.9365     0.1783     0.0672     0.0794     5.0000     0.0000      21468          3  0.000e+00
    300.300    298.422      99.05    12.0539    12.0536   4.021468   4.021902    35.0290    35.0335     3.3001     0.0023 3.8255e-04     0.5746     0.1035     0.0167    97.4464    99.5838     1.9386     4.6068     4.6764     1.9377     0.1783     0.0672     0.0794     4.9524     0.0000      21469          3  0.000e+00
    300.300    298.422      98.44    12.0538    12.0536   4.021428   4.021909    35.0287    35.0335     3.2971     0.0023 3.7895e-04     0.5746     0.1024     0.0167    97.4722    99.5838     1.9373     4.6081     4.6764     1.9365     0.1770     0.0672     0.0794     4.9219     0.0000      21470          3  0.000e+00
    300.359    298.480      98.44    12.0539    12.0536   4.021441   4.021862    35.0287    35.0331     3.3003     0.0023 3.8255e-04     0.5746     0.1024     0.0167    97.4722    99.5838     1.9386     4.6081     4.6764     1.9377     0.1783     0.0672     0.0794     4.9219     0.0000      21471          3  0.000e+00
    300.359    298.480      98.49    12.0538    12.0538   4.021455   4.021875    35.0290    35.0330     3.2974     0.0023 3.8255e-04     0.5746     0.1024     0.0167    97.4722    99.5838     1.9373     4.6081     4.6764     1.9365     0.1783     0.0672     0.0794     4.9243     0.0000      21472          3  0.000e+00
    300.300    298.422      98.51    12.0539    12.0537   4.021455   4.021909    35.0289    35.0335     3.2974     0.0023 3.8615e-04     0.5746     0.1024     0.0167    97.4722    99.5838     1.9373     4.6081     4.6764     1.9365     0.1795     0.0672     0.0794     4.9255     0.0000      21473          3  0.000e+00
    300.300    298.422      98.51    12.0541    12.0535   4.021455   4.021895    35.0287    35.0335     3.2968     0.0023 3.7895e-04     0.5258     0.1024     0.0167    97.4722    99.5838     1.9373     4.6081     4.6764     1.9365     0.1770     0.0672     0.0781     4.9255     0.0000      21474          3  0.000e+00
    300.300    298.422      98.51    12.0539    12.0536   4.021455   4.021888    35.0289    35.0333     3.2963     0.0023 3.8255e-04     0.5746     0.1024     0.0167    97.4722    99.5838     1.9373     4.6081     4.6764     1.9365     0.1783     0.0672     0.0794     4.9255     0.0000      21475          3  0.000e+00
    300.359    298.480      98.51    12.0539    12.0535   4.021455   4.021828    35.0288    35.0329     3.2958     0.0023 3.8255e-04     0.5258     0.1024     0.0167    97.4722    99.5838     1.9373     4.6081     4.6764     1.9365     0.1783     0.0672     0.0781     4.9255     0.0000      21476          3  0.000e+00
    300.300    298.422      98.51    12.0539    12.0536   4.021455   4.021868    35.0289    35.0332     3.2994     0.0206 3.8255e-04     0.5746     0.1024     0.0156    97.4722    99.6098     1.9386     4.6081     4.6777     1.9377     0.1783     0.0684     0.0794     4.9255     0.0000      21477          3  0.000e+00
    300.359    298.480      98.53    12.0541    12.0536   4.021481   4.021862    35.0289    35.0331     3.2996     0.0206 3.8255e-04     0.5746     0.1024     0.0167    97.4722    99.5838     1.9386     4.6081     4.6764     1.9377     0.1783     0.0684     0.0794     4.9267     0.0000      21478          3  0.000e+00
    300.300    298.422      98.51    12.0540    12.0535   4.021488   4.021875    35.0290    35.0334     3.2965     0.0206 3.8255e-04     0.5746     0.1024     0.0167    97.4722    99.5838     1.9373     4.6081     4.6764     1.9365     0.1783     0.0684     0.0794     4.9255     0.0000      21479          3  0.000e+00
    300.300    298.422      98.51    12.0541    12.0536   4.021468   4.021888    35.0288    35.0333     3.2996     0.0206 3.8255e-04     0.5746     0.1024     0.0156    97.4722    99.6098     1.9386     4.6081     4.6777     1.9377     0.1783     0.0684     0.0794     4.9255     0.0000      21480          3  0.000e+00
    300.191    298.313      98.51    12.0541    12.0535   4.021501   4.021909    35.0292    35.0337     3.2999     0.0206 3.8255e-04     0.5258     0.1024     0.0156    97.4722    99.6098     1.9386     4.6081     4.6777     1.9377     0.1783     0.0684     0.0781     4.9255     0.0000      21481          3  0.000e+00
    300.439    298.560      98.51    12.0542    12.0536   4.021501   4.021895    35.0289    35.0334     3.2969     0.0206 3.8255e-04     0.5746     0.1024     0.0156    97.4722    99.6098     1.9373     4.6081     4.6777     1.9365     0.1783     0.0684     0.0794     4.9255     0.0000      21482          3  0.000e+00
    300.359    298.480      98.51    12.0542    12.0536   4.021461   4.021888    35.0286    35.0333     3.3001     0.0206 3.8255e-04     0.5258     0.1035     0.0146    97.4464    99.6358     1.9386     4.6068     4.6789     1.9377     0.1783     0.0684     0.0781     4.9255     0.0000      21483          3  0.000e+00
    300.300    298.422      98.51    12.0544    12.0535   4.021474   4.021855    35.0286    35.0332     3.3005     0.0206 3.8615e-04     0.5746     0.1024     0.0146    97.4722    99.6358     1.9386     4.6081     4.6789     1.9377     0.1795     0.0684     0.0794     4.9255     0.0000      21484          3  0.000e+00
    300.300    298.422      98.51    12.0542    12.0536   4.021441   4.021902    35.0284    35.0335     3.3009     0.0206 3.8975e-04     0.5746     0.1024     0.0146    97.4722    99.6358     1.9386     4.6081     4.6789     1.9377     0.1807     0.0684     0.0794     4.9255     0.0000      21485          3  0.000e+00
    300.359    298.480      98.51    12.0541    12.0536   4.021236   4.021895    35.0265    35.0334     3.3015     0.0206 3.8255e-04     0.5258     0.1024     0.0156    97.4722    99.6098     1.9386     4.6081     4.6777     1.9377     0.1783     0.0684     0.0781     4.9255     0.0000      21486          3  0.000e+00
    300.359    298.480      98.51    12.0541    12.0535   4.021408   4.021888    35.0282    35.0335     3.3020     0.0206 3.8615e-04     0.5746     0.1024     0.0156    97.4722    99.6098     1.9386     4.6081     4.6777     1.9377     0.1795     0.0684     0.0794     4.9255     0.0000      21487          3  0.000e+00
    300.300    298.422      98.51    12.0541    12.0536   4.021468   4.021862    35.0288    35.0331     3.2990     0.0206 3.8615e-04     0.5258     0.1024     0.0156    97.4722    99.6098     1.9373     4.6081     4.6777     1.9365     0.1795     0.0684     0.0781     4.9255     0.0000      21488          3  0.000e+00
    300.300    298.422      98.51    12.0538    12.0536   4.021481   4.021875    35.0292    35.0332     3.3025     0.0206 3.8615e-04     0.5746     0.1024     0.0156    97.4722    99.6098     1.9386     4.6081     4.6777     1.9377     0.1795     0.0684     0.0794     4.9255     0.0000      21489          3  0.000e+00
    300.359    298.480      98.51    12.0538    12.0535   4.021468   4.021888    35.0291    35.0335     3.3031     0.0206 3.8615e-04     0.5746     0.1024     0.0156    97.4722    99.6098     1.9386     4.6081     4.6777     1.9377     0.1795     0.0684     0.0794     4.9255     0.0000      21490          3  0.000e+00
    300.300    298.422      98.51    12.0539    12.0538   4.021428   4.021862    35.0286    35.0329     3.3003     0.0206 3.8615e-04     0.5746     0.1024     0.0156    97.4722    99.6098     1.9373     4.6081     4.6777     1.9365     0.1795     0.0684     0.0794     4.9255     0.0000      21491          3  0.000e+00
    300.300    298.422      98.51    12.0538    12.0538   4.021441   4.021875    35.0289    35.0330     3.3038     0.0206 3.8255e-04     0.5746     0.1024     0.0156    97.4722    99.6098     1.9386     4.6081     4.6777     1.9377     0.1783     0.0684     0.0794     4.9255     0.0000      21492          3  0.000e+00
    300.359    298.480      98.51    12.0539    12.0535   4.021481   4.021888    35.0291    35.0335     3.3045     0.0206 3.8615e-04     0.5746     0.1024     0.0156    97.4722    99.6098     1.9386     4.6081     4.6777     1.9377     0.1795     0.0684     0.0794     4.9255     0.0000      21493          3  0.000e+00
    300.301    298.422      98.53    12.0541    12.0536   4.021488   4.021909    35.0290    35.0335     3.3018     0.0206 3.8615e-04     0.5746     0.1024     0.0156    97.4722    99.6098     1.9373     4.6081     4.6777     1.9365     0.1795     0.0684     0.0794     4.9267     0.0000      21494          3  0.000e+00
    300.301    298.422      98.51    12.0541    12.0537   4.021514   4.021862    35.0293    35.0330     3.3020     0.0206 3.8615e-04     0.5746     0.1035     0.0146    97.4464    99.6358     1.9373     4.6068     4.6789     1.9365     0.1795     0.0684     0.0794     4.9255     0.0000      21495          3  0.000e+00
    300.359    298.480      98.51    12.0542    12.0535   4.021521   4.021875    35.0292    35.0333     3.3022     0.0206 3.8615e-04     0.5746     0.1056     0.0156    97.3947    99.6098     1.9373     4.6044     4.6777     1.9365     0.1795     0.0684     0.0794     4.9255     0.0000      21496          3  0.000e+00
    300.301    298.422      98.51    12.0544    12.0536   4.021494   4.021909    35.0288    35.0335     3.3024     0.0206 3.8615e-04     0.5746     0.1067     0.0156    97.3688    99.6098     1.9373     4.6032     4.6777     1.9365     0.1795     0.0684     0.0794     4.9255     0.0000      21497          3  0.000e+00
    300.330    298.451      98.53    12.0541    12.0538   4.021488   4.021895    35.0290    35.0332     3.3028     0.0206 3.8615e-04     0.5746     0.1067     0.0156    97.3688    99.6098     1.9373     4.6032     4.6777     1.9365     0.1795     0.0684     0.0794     4.9267     0.0000      21498          3  0.000e+00
    300.359    298.480      98.51    12.0544    12.0535   4.021461   4.021888    35.0284    35.0335     3.3026     0.0206 3.8615e-04     0.5746     0.1056     0.0156    97.3947    99.6098     1.9373     4.6044     4.6777     1.9365     0.1795     0.0684     0.0794     4.9255     0.0000      21499          3  0.000e+00
    300.301    298.422      98.51    12.0544    12.0535   4.021501   4.021888    35.0288    35.0335     3.3029     0.0206 3.8615e-04     0.5746     0.1056     0.0167    97.3947    99.5838     1.9373     4.6044     4.6764     1.9365     0.1795     0.0684     0.0794     4.9255     0.0000      21500          3  0.000e+00
    261.613    260.000      98.51    12.3633    12.3442   4.051948   4.050097    35.0519    35.0519     3.2184     0.0206 4.1135e-04     0.5258     0.1088     0.0230    97.3171    99.4277     1.9178     4.6007     4.6691     1.9170     0.1880     0.0684     0.0781     4.9255     0.0000      22602          4  0.000e+00
    261.503    259.891      98.51    12.3661    12.3435   4.052141   4.049982    35.0512    35.0515     3.2183     0.0206 4.2215e-04     0.5746     0.1088     0.0230    97.3171    99.4277     1.9178     4.6007     4.6691     1.9170     0.1917     0.0684     0.0794     4.9255     0.0000      22603          4  0.000e+00
    261.510    259.899      98.51    12.3670    12.3440   4.052181   4.050353    35.0508    35.0546     3.2144     0.0206 4.2574e-04     0.5746     0.1088     0.0230    97.3171    99.4277     1.9166     4.6007     4.6691     1.9158     0.1929     0.0684     0.0794     4.9255     0.0000      22604          4  0.000e+00
