public/post/ctd18/stn002.ros
* Sea-Bird SBE 9 Data File:
* FileName = C:\CTD Data\AGU032_IIOE2_June2018\stn002.hex
* Software Version Seasave V 7.22.5
* Temperature SN = 5966
* Conductivity SN = 4551
* Number of Bytes Per Scan = 40
* Number of Voltage Words = 5
* Number of Scans Averaged by the Deck Unit = 1
* NMEA Latitude = 05 15.90 S
* NMEA Longitude = 039 14.44 E
* NMEA UTC (Time) = Jun 18 2018 13:32:50
* NMEA baud rate = 4800
** Ship: Agulhas II
** Cruise: V032_IIOE2
** Ship Station: AM00883
** Grid number: A-2
** Latitude: 05 15.996 S
** Longitude: 39 14.461 E
** Bottom depth (m): 497.23m
** Operator: Bornwell and Florence
# nquan = 29
# nvalues = 1145                                  
# units = specified
# name 0 = prDM: Pressure, Digiquartz [db]
# name 1 = depSM: Depth [salt water, m]
# name 2 = altM: Altimeter [m]
# name 3 = t090C: Temperature [ITS-90, deg C]
# name 4 = t190C: Temperature, 2 [ITS-90, deg C]
# name 5 = c0S/m: Conductivity [S/m]
# name 6 = c1S/m: Conductivity, 2 [S/m]
# name 7 = sal00: Salinity, Practical [PSU]
# name 8 = sal11: Salinity, Practical, 2 [PSU]
# name 9 = sbeox0ML/L: Oxygen, SBE 43 [ml/l]
# name 10 = flECO-AFL: Fluorescence, WET Labs ECO-AFL/FL [mg/m^3]
# name 11 = turbWETbb0: Turbidity, WET Labs ECO BB [m^-1/sr]
# name 12 = turbWETntu0: Turbidity, WET Labs ECO [NTU]
# name 13 = CStarAt0: Beam Attenuation, WET Labs C-Star [1/m]
# name 14 = CStarAt1: Beam Attenuation, WET Labs C-Star, 2 [1/m]
# name 15 = CStarTr0: Beam Transmission, WET Labs C-Star [%]
# name 16 = CStarTr1: Beam Transmission, WET Labs C-Star, 2 [%]
# name 17 = sbeox0V: Oxygen raw, SBE 43 [V]
# name 18 = v0: Voltage 0
# name 19 = v1: Voltage 1
# name 20 = v2: Voltage 2
# name 21 = v3: Voltage 3
# name 22 = v4: Voltage 4
# name 23 = v5: Voltage 5
# name 24 = v6: Voltage 6
# name 25 = v7: Voltage 7
# name 26 = scan: Scan Count
# name 27 = nbf: Bottles Fired
# name 28 = flag:  0.000e+00
# interval = seconds: 0.0416667
# start_time = Jun 18 2018 13:32:50 [NMEA time, header]
# bad_flag = -9.990e-29
*END*
[from data line 351]
    161.649    160.691      98.53    18.5882    18.5811   4.682551   4.683134    35.2235    35.2345     2.6830     0.0573 4.2934e-04     0.5258     0.0982     0.0125    97.5756    99.6878     1.8477     4.6129     4.6813     1.8462     0.1941     0.0708     0.0781     4.9267     0.0000      39966          8  0.000e+00
    161.707    160.749      98.51    18.5825    18.5841   4.681847   4.683169    35.2224    35.2322     2.6839     0.0756 4.2574e-04     0.5258     0.0971     0.0125    97.6015    99.6878     1.8477     4.6142     4.6813     1.8462     0.1929     0.0720     0.0781     4.9255     0.0000      39967          8  0.000e+00
    161.649    160.691      98.51    18.5813    18.5849   4.682354   4.683262    35.2277    35.2323     2.6844     0.0756 4.2215e-04     0.5746     0.0982     0.0125    97.5756    99.6878     1.8477     4.6129     4.6813     1.8462     0.1917     0.0720     0.0794     4.9255     0.0000      39968          8  0.000e+00
    161.649    160.691      98.51    18.5847    18.5887   4.683178   4.683441    35.2317    35.2306     2.6847     0.0756 4.2574e-04     0.5746     0.0971     0.0125    97.6015    99.6878     1.8477     4.6142     4.6813     1.8462     0.1929     0.0720     0.0794     4.9255     0.0000      39969          8  0.000e+00
    161.707    160.749      98.51    18.5878    18.5857   4.683545   4.682905    35.2322    35.2286     2.6851     0.0756 4.2574e-04     0.5746     0.0982     0.0125    97.5756    99.6878     1.8477     4.6129     4.6813     1.8462     0.1929     0.0720     0.0794     4.9255     0.0000      39970          8  0.000e+00
    161.707    160.749      98.51    18.5901    18.5785   4.683369   4.682240    35.2288    35.2291     2.6852     0.0573 4.2934e-04     0.5746     0.0971     0.0125    97.6015    99.6878     1.8477     4.6142     4.6813     1.8462     0.1941     0.0708     0.0794     4.9255     0.0000      39971          8  0.000e+00
    161.649    160.691      98.51    18.5871    18.5743   4.682312   4.681839    35.2224    35.2293     2.6884     0.0573 4.2574e-04     0.5746     0.0982     0.0125    97.5756    99.6878     1.8489     4.6129     4.6813     1.8474     0.1929     0.0708     0.0794     4.9255     0.0000      39972          8  0.000e+00
    161.707    160.749      98.51    18.5799    18.5711   4.681396   4.681024    35.2208    35.2251     2.6893     0.0756 4.2215e-04     0.5746     0.0971     0.0125    97.6015    99.6878     1.8489     4.6142     4.6813     1.8474     0.1917     0.0720     0.0794     4.9255     0.0000      39973          8  0.000e+00
    161.649    160.691      98.51    18.5746    18.5664   4.681262   4.680481    35.2242    35.2246     2.6875     0.0756 4.2574e-04     0.5746     0.0971     0.0125    97.6015    99.6878     1.8477     4.6142     4.6813     1.8462     0.1929     0.0720     0.0794     4.9255     0.0000      39974          8  0.000e+00
    161.707    160.749      98.51    18.5732    18.5643   4.681368   4.680559    35.2263    35.2270     2.6880     0.0756 4.1135e-04     0.5746     0.0982     0.0125    97.5756    99.6878     1.8477     4.6129     4.6813     1.8462     0.1880     0.0720     0.0794     4.9255     0.0000      39975          8  0.000e+00
    161.649    160.691      98.51    18.5737    18.5652   4.681748   4.680774    35.2291    35.2281     2.6908     0.0756 3.8615e-04     0.5746     0.0971     0.0125    97.6015    99.6878     1.8489     4.6142     4.6813     1.8474     0.1795     0.0720     0.0794     4.9255     0.0000      39976          8  0.000e+00
    161.759    160.800      98.51    18.5765    18.5657   4.682143   4.680695    35.2300    35.2270     2.6912     0.0756 3.7535e-04     0.5746     0.0982     0.0125    97.5756    99.6878     1.8489     4.6129     4.6813     1.8474     0.1758     0.0720     0.0794     4.9255     0.0000      39977          8  0.000e+00
    161.649    160.691      98.51    18.5785    18.5646   4.682262   4.680645    35.2293    35.2276     2.6886     0.0756 3.7535e-04     0.5746     0.0982     0.0125    97.5756    99.6878     1.8477     4.6129     4.6813     1.8462     0.1758     0.0720     0.0794     4.9255     0.0000      39978          8  0.000e+00
    161.707    160.749      98.51    18.5801    18.5663   4.682262   4.681189    35.2279    35.2307     2.6886     0.0573 3.7895e-04     0.5746     0.0982     0.0125    97.5756    99.6878     1.8477     4.6129     4.6813     1.8462     0.1770     0.0708     0.0794     4.9255     0.0000      39979          8  0.000e+00
    161.686    160.727      98.53    18.5814    18.5695   4.682446   4.681582    35.2283    35.2313     2.6913     0.0573 3.7895e-04     0.5746     0.0982     0.0125    97.5756    99.6878     1.8489     4.6129     4.6813     1.8474     0.1770     0.0708     0.0794     4.9267     0.0000      39980          8  0.000e+00
    161.707    160.749      98.51    18.5833    18.5708   4.682537   4.681560    35.2275    35.2300     2.6916     0.0756 3.7895e-04     0.5746     0.0971     0.0125    97.6015    99.6878     1.8489     4.6142     4.6813     1.8474     0.1770     0.0720     0.0794     4.9255     0.0000      39981          8  0.000e+00
    161.707    160.749      98.51    18.5836    18.5704   4.682509   4.681289    35.2270    35.2280     2.6890     0.0756 3.7895e-04     0.5746     0.0971     0.0125    97.6015    99.6878     1.8477     4.6142     4.6813     1.8462     0.1770     0.0720     0.0794     4.9255     0.0000      39982          8  0.000e+00
    161.707    160.749      98.53    18.5835    18.5690   4.682502   4.681067    35.2270    35.2273     2.6918     0.0756 3.7535e-04     0.5746     0.0971     0.0125    97.6015    99.6878     1.8489     4.6142     4.6813     1.8474     0.1758     0.0720     0.0794     4.9267     0.0000      39983          8  0.000e+00
    161.759    160.800      98.51    18.5842    18.5680   4.682439   4.680988    35.2259    35.2275     2.6920     0.0756 3.7895e-04     0.5746     0.0971     0.0115    97.6015    99.7138     1.8489     4.6142     4.6825     1.8474     0.1770     0.0720     0.0794     4.9255     0.0000      39984          8  0.000e+00
    161.649    160.691      98.51    18.5838    18.5676   4.682424   4.680981    35.2261    35.2278     2.6894     0.0573 3.7895e-04     0.5746     0.0971     0.0115    97.6015    99.7138     1.8477     4.6142     4.6825     1.8462     0.1770     0.0708     0.0794     4.9255     0.0000      39985          8  0.000e+00
    161.759    160.800      98.51    18.5842    18.5676   4.682516   4.681067    35.2265    35.2285     2.6892     0.0756 3.7895e-04     0.5746     0.0971     0.0115    97.6015    99.7138     1.8477     4.6142     4.6825     1.8462     0.1770     0.0720     0.0794     4.9255     0.0000      39986          8  0.000e+00
    161.708    160.749      98.51    18.5844    18.5680   4.682509   4.680974    35.2263    35.2274     2.6890     0.0756 3.7895e-04     0.5746     0.0971     0.0115    97.6015    99.7138     1.8477     4.6142     4.6825     1.8462     0.1770     0.0720     0.0794     4.9255     0.0000      39987          8  0.000e+00
    161.708    160.749      98.51    18.5846    18.5666   4.682481   4.680652    35.2260    35.2259     2.6888     0.0756 3.7895e-04     0.5746     0.0971     0.0115    97.6015    99.7138     1.8477     4.6142     4.6825     1.8462     0.1770     0.0720     0.0794     4.9255     0.0000      39988          8  0.000e+00
    161.759    160.800      98.51    18.5847    18.5647   4.682495   4.680610    35.2259    35.2271     2.6882     0.0756 3.7895e-04     0.5746     0.0971     0.0115    97.6015    99.7138     1.8477     4.6142     4.6825     1.8462     0.1770     0.0720     0.0794     4.9255     0.0000      39989          8  0.000e+00
    161.708    160.749      98.51    18.5849    18.5663   4.682382   4.681153    35.2248    35.2304     2.6880     0.0756 3.7895e-04     0.5746     0.0971     0.0115    97.6015    99.7138     1.8477     4.6142     4.6825     1.8462     0.1770     0.0720     0.0794     4.9255     0.0000      39990          8  0.000e+00
    161.708    160.749      98.51    18.5832    18.5698   4.681959   4.681453    35.2227    35.2299     2.6878     0.0756 3.7895e-04     0.5746     0.0971     0.0115    97.6015    99.7138     1.8477     4.6142     4.6825     1.8462     0.1770     0.0720     0.0794     4.9255     0.0000      39991          8  0.000e+00
    161.759    160.800      98.51    18.5804    18.5689   4.681952   4.681074    35.2250    35.2275     2.6876     0.0756 3.7895e-04     0.5746     0.0971     0.0115    97.6015    99.7138     1.8477     4.6142     4.6825     1.8462     0.1770     0.0720     0.0794     4.9255     0.0000      39992          8  0.000e+00
    161.759    160.800      98.51    18.5804    18.5683   4.682312   4.681053    35.2281    35.2278     2.6873     0.0573 3.7895e-04     0.5746     0.0971     0.0115    97.6015    99.7138     1.8477     4.6142     4.6825     1.8462     0.1770     0.0708     0.0794     4.9255     0.0000      39993          8  0.000e+00
    161.708    160.749      98.51    18.5816    18.5685   4.682692   4.681153    35.2303    35.2285     2.6869     0.0573 3.7895e-04     0.5746     0.0971     0.0115    97.6015    99.7138     1.8477     4.6142     4.6825     1.8462     0.1770     0.0708     0.0794     4.9255     0.0000      39994          8  0.000e+00
    161.759    160.800      98.51    18.5837    18.5690   4.682777   4.681289    35.2292    35.2292     2.6865     0.0756 3.7895e-04     0.5746     0.0971     0.0115    97.6015    99.7138     1.8477     4.6142     4.6825     1.8462     0.1770     0.0720     0.0794     4.9255     0.0000      39995          8  0.000e+00
    161.759    160.800      98.51    18.5852    18.5697   4.682453   4.681267    35.2251    35.2284     2.6857     0.0756 3.7895e-04     0.5746     0.0971     0.0115    97.6015    99.7138     1.8477     4.6142     4.6825     1.8462     0.1770     0.0720     0.0794     4.9255     0.0000      39996          8  0.000e+00
    161.708    160.749      98.51    18.5842    18.5687   4.682023   4.680988    35.2224    35.2269     2.6854     0.0756 3.7895e-04     0.5258     0.0971     0.0115    97.6015    99.7138     1.8477     4.6142     4.6825     1.8462     0.1770     0.0720     0.0781     4.9255     0.0000      39997          8  0.000e+00
    161.759    160.800      98.51    18.5814    18.5681   4.681699   4.681031    35.2220    35.2277     2.6852     0.0756 3.7895e-04     0.5258     0.0971     0.0115    97.6015    99.7138     1.8477     4.6142     4.6825     1.8462     0.1770     0.0720     0.0781     4.9255     0.0000      39998          8  0.000e+00
    161.759    160.800      98.51    18.5784    18.5695   4.681551   4.681296    35.2234    35.2288     2.6849     0.0573 3.7895e-04     0.5746     0.0971     0.0115    97.6015    99.7138     1.8477     4.6142     4.6825     1.8462     0.1770     0.0708     0.0794     4.9255     0.0000      39999          8  0.000e+00
    161.759    160.800      98.51    18.5763    18.5704   4.681671   4.681339    35.2262    35.2284     2.6845     0.0573 3.8255e-04     0.5746     0.0971     0.0115    97.6015    99.7138     1.8477     4.6142     4.6825     1.8462     0.1783     0.0708     0.0794     4.9255     0.0000      40000          8  0.000e+00
    161.759    160.800      98.51    18.5752    18.5705   4.682009   4.681360    35.2300    35.2285     2.6841     0.0756 3.7895e-04     0.5746     0.0971     0.0115    97.6015    99.7138     1.8477     4.6142     4.6825     1.8462     0.1770     0.0720     0.0794     4.9255     0.0000      40001          8  0.000e+00
    161.759    160.800      98.51    18.5753    18.5709   4.682256   4.681282    35.2320    35.2275     2.6836     0.0756 3.8255e-04     0.5258     0.0971     0.0115    97.6015    99.7138     1.8477     4.6142     4.6825     1.8462     0.1783     0.0720     0.0781     4.9255     0.0000      40002          8  0.000e+00
    161.817    160.858      98.51    18.5773    18.5690   4.682516   4.680988    35.2324    35.2266     2.6830     0.0756 3.8615e-04     0.5746     0.0971     0.0125    97.6015    99.6878     1.8477     4.6142     4.6813     1.8462     0.1795     0.0720     0.0794     4.9255     0.0000      40003          8  0.000e+00
    161.759    160.800      98.51    18.5796    18.5671   4.682636   4.680774    35.2315    35.2264     2.6824     0.0756 3.8615e-04     0.5746     0.0971     0.0125    97.6015    99.6878     1.8477     4.6142     4.6813     1.8462     0.1795     0.0720     0.0794     4.9255     0.0000      40004          8  0.000e+00
    161.759    160.800      98.51    18.5811    18.5656   4.682636   4.680710    35.2302    35.2272     2.6819     0.0756 3.8255e-04     0.5746     0.0961     0.0115    97.6273    99.7138     1.8477     4.6154     4.6825     1.8462     0.1783     0.0720     0.0794     4.9255     0.0000      40005          8  0.000e+00
    161.788    160.829      98.51    18.5827    18.5649   4.682650   4.680667    35.2290    35.2275     2.6817     0.0756 3.8615e-04     0.5746     0.0961     0.0115    97.6273    99.7138     1.8477     4.6154     4.6825     1.8462     0.1795     0.0720     0.0794     4.9255     0.0000      40006          8  0.000e+00
    136.158    135.359      98.51    22.5540    22.7591   5.079923   5.101526    35.1619    35.1647     3.2602     0.1488 3.9335e-04     0.5746     0.1067     0.0219    97.3688    99.4537     2.2387     4.6032     4.6703     2.2369     0.1819     0.0769     0.0794     4.9255     0.0000      42398          9  0.000e+00
    136.202    135.403      98.53    22.5586    22.7602   5.080462   5.101689    35.1623    35.1651     3.2611     0.1488 3.9695e-04     0.5258     0.1056     0.0209    97.3947    99.4797     2.2387     4.6044     4.6716     2.2369     0.1832     0.0769     0.0781     4.9267     0.0000      42399          9  0.000e+00
    136.158    135.359      98.51    22.5701    22.7610   5.081147   5.101808    35.1585    35.1654     3.2615     0.1488 3.9335e-04     0.5258     0.1056     0.0219    97.3947    99.4537     2.2387     4.6044     4.6703     2.2369     0.1819     0.0769     0.0781     4.9255     0.0000      42400          9  0.000e+00
    136.158    135.359      98.51    22.5803    22.7607   5.081861   5.101948    35.1558    35.1667     3.2618     0.1488 3.9335e-04     0.5746     0.1067     0.0209    97.3688    99.4797     2.2387     4.6032     4.6716     2.2369     0.1819     0.0769     0.0794     4.9255     0.0000      42401          9  0.000e+00
    136.143    135.345      98.53    22.5845    22.7616   5.082576   5.101934    35.1580    35.1659     3.2644     0.1488 3.9335e-04     0.5746     0.1056     0.0209    97.3947    99.4797     2.2400     4.6044     4.6716     2.2381     0.1819     0.0769     0.0794     4.9267     0.0000      42402          9  0.000e+00
    136.100    135.301      98.51    22.5868    22.7639   5.083261   5.101555    35.1615    35.1611     3.2649     0.1488 3.9335e-04     0.5746     0.1056     0.0219    97.3947    99.4537     2.2400     4.6044     4.6703     2.2381     0.1819     0.0769     0.0794     4.9255     0.0000      42403          9  0.000e+00
    136.253    135.454      98.51    22.5873    22.7623   5.083874   5.101096    35.1657    35.1588     3.2653     0.1488 3.9335e-04     0.5258     0.1067     0.0219    97.3688    99.4537     2.2400     4.6032     4.6703     2.2381     0.1819     0.0769     0.0781     4.9255     0.0000      42404          9  0.000e+00
    136.158    135.359      98.51    22.5861    22.7610   5.084209   5.101192    35.1694    35.1606     3.2682     0.1488 3.8975e-04     0.5746     0.1056     0.0209    97.3947    99.4797     2.2412     4.6044     4.6716     2.2393     0.1807     0.0769     0.0794     4.9255     0.0000      42405          9  0.000e+00
