public/post/ctd18/stn006.cnv
* Sea-Bird SBE 9 Data File:
* FileName = C:\CTD Data\AGU032_IIOE2_June2018\stn006.hex
* Software Version Seasave V 7.22.5
* Temperature SN = 5966
* Conductivity SN = 4551
* Number of Bytes Per Scan = 40
* Number of Voltage Words = 5
* Number of Scans Averaged by the Deck Unit = 1
* NMEA Latitude = 06 08.13 S
* NMEA Longitude = 038 59.54 E
* NMEA UTC (Time) = Jun 19 2018 09:54:46
* NMEA baud rate = 4800
** Ship: Agulhas II
** Cruise: V032_IIOE2
** Ship Station: AM00887
** Grid number: A-6
** Latitude: 06 08.133 S
** Longitude: 38 59.549 E
** Bottom depth (m): 33.9m
** Operator: Gavin L.
# nquan = 27
# nvalues = 6984                                  
# units = specified
# name 0 = prDM: Pressure, Digiquartz [db]
# name 1 = depSM: Depth [salt water, m]
# name 2 = altM: Altimeter [m]
# name 3 = t090C: Temperature [ITS-90, deg C]
# name 4 = t190C: Temperature, 2 [ITS-90, deg C]
# name 5 = c0S/m: Conductivity [S/m]
# name 6 = c1S/m: Conductivity, 2 [S/m]
# name 7 = sal00: Salinity, Practical [PSU]
# name 8 = sal11: Salinity, Practical, 2 [PSU]
# name 9 = sbeox0ML/L: Oxygen, SBE 43 [ml/l]
# name 10 = flECO-AFL: Fluorescence, WET Labs ECO-AFL/FL [mg/m^3]
# name 11 = turbWETbb0: Turbidity, WET Labs ECO BB [m^-1/sr]
# name 12 = turbWETntu0: Turbidity, WET Labs ECO [NTU]
# name 13 = CStarAt0: Beam Attenuation, WET Labs C-Star [1/m]
# name 14 = CStarAt1: Beam Attenuation, WET Labs C-Star, 2 [1/m]
# name 15 = CStarTr0: Beam Transmission, WET Labs C-Star [%]
# name 16 = CStarTr1: Beam Transmission, WET Labs C-Star, 2 [%]
# name 17 = sbeox0V: Oxygen raw, SBE 43 [V]
# name 18 = v0: Voltage 0
# name 19 = v1: Voltage 1
# name 20 = v2: Voltage 2
# name 21 = v3: Voltage 3
# name 22 = v4: Voltage 4
# name 23 = v5: Voltage 5
# name 24 = v6: Voltage 6
# name 25 = v7: Voltage 7
# name 26 = flag:  0.000e+00
# span 0 =     -1.128,     27.207                 
# span 1 =     -1.122,     27.054                 
# span 2 =       5.45,     100.00                 
# span 3 =    26.1706,    27.3317                 
# span 4 =    26.0561,    27.3308                 
# span 5 =   0.701373,   5.547234                 
# span 6 =   0.576817,   5.547479                 
# span 7 =     3.7018,    34.9701                 
# span 8 =     3.0169,    34.9726                 
# span 9 =     3.9222,     4.7760                 
# span 10 =     0.1122,    73.9950                
# span 11 = 6.8851e-04, 5.1087e-03                
# span 12 =     0.5746,    44.2864                
# span 13 =     0.2892,     1.4448                
# span 14 =    -0.1940,     1.2589                
# span 15 =    69.6837,    93.0260                
# span 16 =    72.9993,   104.9683                
# span 17 =     2.8083,     2.8608                
# span 18 =     3.2955,     4.3980                
# span 19 =     3.4286,     4.9292                
# span 20 =     2.8083,     2.8608                
# span 21 =     0.2821,     1.7814                
# span 22 =     0.0745,     5.0000                
# span 23 =     0.0794,     1.1722                
# span 24 =     0.2723,     5.0000                
# span 25 =     0.0000,     0.0000                
# span 26 = 0.0000e+00, 0.0000e+00                
# interval = seconds: 0.0416667
# start_time = Jun 19 2018 09:54:46 [NMEA time, header]
# bad_flag = -9.990e-29
*END*
[from data line 3705]
     20.234     20.120      11.97    27.3042    27.3033   5.545722   5.545954    34.9694    34.9718     3.9518     0.4785 8.5409e-04     0.7211     0.3745     0.2269    91.0615    94.4854     2.8364     4.3053     4.4371     2.8364     0.3382     0.0989     0.0830     0.5983     0.0000  0.000e+00
     20.183     20.070      11.97    27.3041    27.3033   5.545691   5.545946    34.9693    34.9717     3.9518     0.4785 8.5409e-04     0.6723     0.3745     0.2269    91.0615    94.4854     2.8364     4.3053     4.4371     2.8364     0.3382     0.0989     0.0818     0.5983     0.0000  0.000e+00
     20.234     20.120      11.97    27.3043    27.3033   5.545676   5.545946    34.9691    34.9717     3.9518     0.4785 8.5409e-04     0.7211     0.3745     0.2269    91.0615    94.4854     2.8364     4.3053     4.4371     2.8364     0.3382     0.0989     0.0830     0.5983     0.0000  0.000e+00
     20.234     20.120      11.97    27.3042    27.3035   5.545676   5.545969    34.9691    34.9718     3.9518     0.4785 8.5049e-04     0.6723     0.3745     0.2269    91.0615    94.4854     2.8364     4.3053     4.4371     2.8364     0.3370     0.0989     0.0818     0.5983     0.0000  0.000e+00
     20.234     20.120      11.97    27.3041    27.3033   5.545676   5.545916    34.9692    34.9715     3.9518     0.4785 8.5409e-04     0.6723     0.3745     0.2269    91.0615    94.4854     2.8364     4.3053     4.4371     2.8364     0.3382     0.0989     0.0818     0.5983     0.0000  0.000e+00
     20.168     20.055      11.97    27.3041    27.3035   5.545676   5.545969    34.9692    34.9718     3.9519     0.4968 8.5409e-04     0.7211     0.3745     0.2269    91.0615    94.4854     2.8364     4.3053     4.4371     2.8364     0.3382     0.1001     0.0830     0.5983     0.0000  0.000e+00
     20.234     20.120      11.97    27.3042    27.3035   5.545714   5.545992    34.9694    34.9719     3.9519     0.4785 8.5049e-04     0.7211     0.3745     0.2269    91.0615    94.4854     2.8364     4.3053     4.4371     2.8364     0.3370     0.0989     0.0830     0.5983     0.0000  0.000e+00
     20.234     20.120      11.97    27.3041    27.3033   5.545684   5.545954    34.9692    34.9718     3.9520     0.4785 8.5409e-04     0.6723     0.3745     0.2269    91.0615    94.4854     2.8364     4.3053     4.4371     2.8364     0.3382     0.0989     0.0818     0.5983     0.0000  0.000e+00
     20.234     20.120      11.97    27.3041    27.3035   5.545706   5.545946    34.9694    34.9716     3.9543     0.4785 8.5409e-04     0.7211     0.3757     0.2269    91.0356    94.4854     2.8376     4.3040     4.4371     2.8376     0.3382     0.0989     0.0830     0.5983     0.0000  0.000e+00
     20.183     20.070      11.97    27.3042    27.3033   5.545691   5.545946    34.9692    34.9717     3.9546     0.4785 8.5409e-04     0.7211     0.3745     0.2269    91.0615    94.4854     2.8376     4.3053     4.4371     2.8376     0.3382     0.0989     0.0830     0.5983     0.0000  0.000e+00
     20.219     20.106      11.97    27.3041    27.3033   5.545676   5.545946    34.9692    34.9717     3.9548     0.4785 8.5409e-04     0.6723     0.3745     0.2258    91.0615    94.5114     2.8376     4.3053     4.4383     2.8376     0.3382     0.0989     0.0818     0.5983     0.0000  0.000e+00
     20.234     20.120      11.97    27.3043    27.3034   5.545676   5.545977    34.9691    34.9718     3.9549     0.4785 8.5409e-04     0.6723     0.3745     0.2247    91.0615    94.5374     2.8376     4.3053     4.4396     2.8376     0.3382     0.0989     0.0818     0.5983     0.0000  0.000e+00
     20.183     20.070      11.97    27.3040    27.3033   5.545744   5.545954    34.9698    34.9718     3.9526     0.4785 8.5409e-04     0.7211     0.3745     0.2247    91.0615    94.5374     2.8364     4.3053     4.4396     2.8364     0.3382     0.0989     0.0830     0.5983     0.0000  0.000e+00
     20.234     20.120      11.97    27.3043    27.3035   5.545729   5.545946    34.9694    34.9716     3.9548     0.4785 8.5049e-04     0.6723     0.3745     0.2247    91.0615    94.5374     2.8376     4.3053     4.4396     2.8376     0.3370     0.0989     0.0818     0.5983     0.0000  0.000e+00
     20.234     20.120      11.97    27.3041    27.3033   5.545691   5.545969    34.9693    34.9719     3.9525     0.4785 8.5409e-04     0.7211     0.3745     0.2258    91.0615    94.5114     2.8364     4.3053     4.4383     2.8364     0.3382     0.0989     0.0830     0.5983     0.0000  0.000e+00
     20.183     20.070      11.97    27.3042    27.3033   5.545676   5.545985    34.9691    34.9720     3.9523     0.4785 8.5409e-04     0.7211     0.3734     0.2247    91.0873    94.5374     2.8364     4.3065     4.4396     2.8364     0.3382     0.0989     0.0830     0.5983     0.0000  0.000e+00
     20.219     20.106      11.97    27.3039    27.3035   5.545676   5.545954    34.9693    34.9717     3.9522     0.4785 8.5409e-04     0.6723     0.3711     0.2247    91.1390    94.5374     2.8364     4.3089     4.4396     2.8364     0.3382     0.0989     0.0818     0.5983     0.0000  0.000e+00
     20.234     20.120      11.97    27.3043    27.3033   5.545706   5.545946    34.9693    34.9717     3.9520     0.4785 8.5409e-04     0.6723     0.3711     0.2247    91.1390    94.5374     2.8364     4.3089     4.4396     2.8364     0.3382     0.0989     0.0818     0.5983     0.0000  0.000e+00
     20.183     20.070      11.97    27.3040    27.3035   5.545684   5.545946    34.9693    34.9716     3.9518     0.4785 8.5409e-04     0.6723     0.3711     0.2247    91.1390    94.5374     2.8364     4.3089     4.4396     2.8364     0.3382     0.0989     0.0818     0.5983     0.0000  0.000e+00
     20.234     20.120      11.97    27.3041    27.3035   5.545676   5.545946    34.9692    34.9716     3.9517     0.4785 8.5049e-04     0.6723     0.3711     0.2247    91.1390    94.5374     2.8364     4.3089     4.4396     2.8364     0.3370     0.0989     0.0818     0.5983     0.0000  0.000e+00
     20.183     20.070      11.97    27.3041    27.3033   5.545706   5.545977    34.9694    34.9720     3.9537     0.4785 8.3969e-04     0.7211     0.3711     0.2247    91.1390    94.5374     2.8376     4.3089     4.4396     2.8376     0.3333     0.0989     0.0830     0.5983     0.0000  0.000e+00
     20.234     20.120      11.97    27.3040    27.3033   5.545653   5.545923    34.9691    34.9716     3.9538     0.4785 8.0369e-04     0.6723     0.3711     0.2247    91.1390    94.5374     2.8376     4.3089     4.4396     2.8376     0.3211     0.0989     0.0818     0.5983     0.0000  0.000e+00
     20.219     20.106      11.97    27.3043    27.3035   5.545699   5.545969    34.9692    34.9718     3.9538     0.4785 7.9290e-04     0.6723     0.3711     0.2247    91.1390    94.5374     2.8376     4.3089     4.4396     2.8376     0.3175     0.0989     0.0818     0.5983     0.0000  0.000e+00
     20.183     20.070      11.97    27.3041    27.3035   5.545722   5.545992    34.9695    34.9719     3.9538     0.4785 7.9290e-04     0.7211     0.3700     0.2247    91.1649    94.5374     2.8376     4.3101     4.4396     2.8376     0.3175     0.0989     0.0830     0.5983     0.0000  0.000e+00
     20.234     20.120      11.97    27.3043    27.3035   5.545722   5.545977    34.9694    34.9718     3.9538     0.4785 7.9290e-04     0.7211     0.3711     0.2247    91.1390    94.5374     2.8376     4.3089     4.4396     2.8376     0.3175     0.0989     0.0830     0.5983     0.0000  0.000e+00
     20.183     20.070      11.97    27.3040    27.3033   5.545722   5.545954    34.9696    34.9718     3.9538     0.4785 7.9649e-04     0.7211     0.3711     0.2247    91.1390    94.5374     2.8376     4.3089     4.4396     2.8376     0.3187     0.0989     0.0830     0.5983     0.0000  0.000e+00
     20.234     20.120      11.97    27.3039    27.3033   5.545691   5.545946    34.9694    34.9717     3.9561     0.4785 7.9649e-04     0.6723     0.3711     0.2258    91.1390    94.5114     2.8389     4.3089     4.4383     2.8388     0.3187     0.0989     0.0818     0.5983     0.0000  0.000e+00
     20.168     20.055      11.97    27.3043    27.3035   5.545676   5.545946    34.9691    34.9716     3.9562     0.4785 7.9290e-04     0.6723     0.3711     0.2247    91.1390    94.5374     2.8389     4.3089     4.4396     2.8388     0.3175     0.0989     0.0818     0.5983     0.0000  0.000e+00
     20.234     20.120      11.97    27.3042    27.3033   5.545706   5.545946    34.9693    34.9717     3.9566     0.4785 7.9649e-04     0.7211     0.3700     0.2258    91.1649    94.5114     2.8389     4.3101     4.4383     2.8388     0.3187     0.0989     0.0830     0.5983     0.0000  0.000e+00
     20.234     20.120      11.97    27.3041    27.3031   5.545691   5.545946    34.9693    34.9718     3.9590     0.4785 7.9649e-04     0.6723     0.3711     0.2269    91.1390    94.4854     2.8401     4.3089     4.4371     2.8400     0.3187     0.0989     0.0818     0.5983     0.0000  0.000e+00
     20.183     20.070      11.97    27.3041    27.3035   5.545676   5.545977    34.9692    34.9718     3.9596     0.4785 7.9649e-04     0.7211     0.3711     0.2280    91.1390    94.4594     2.8401     4.3089     4.4359     2.8400     0.3187     0.0989     0.0830     0.5983     0.0000  0.000e+00
     20.183     20.069      11.97    27.3040    27.3031   5.545714   5.545954    34.9695    34.9719     3.9601     0.4785 7.9290e-04     0.6723     0.3711     0.2291    91.1390    94.4333     2.8401     4.3089     4.4347     2.8400     0.3175     0.0989     0.0818     0.5983     0.0000  0.000e+00
     20.234     20.120      11.97    27.3043    27.3035   5.545684   5.545946    34.9691    34.9716     3.9606     0.4785 7.9649e-04     0.7211     0.3711     0.2291    91.1390    94.4333     2.8401     4.3089     4.4347     2.8400     0.3187     0.0989     0.0830     0.5983     0.0000  0.000e+00
     20.219     20.106      11.97    27.3039    27.3033   5.545676   5.545946    34.9693    34.9717     3.9611     0.4785 7.9649e-04     0.7211     0.3711     0.2280    91.1390    94.4594     2.8401     4.3089     4.4359     2.8400     0.3187     0.0989     0.0830     0.5983     0.0000  0.000e+00
     20.183     20.069      11.97    27.3040    27.3033   5.545676   5.545946    34.9693    34.9717     3.9616     0.4785 7.9649e-04     0.6723     0.3711     0.2291    91.1390    94.4333     2.8401     4.3089     4.4347     2.8400     0.3187     0.0989     0.0818     0.5983     0.0000  0.000e+00
     20.183     20.069      11.97    27.3041    27.3033   5.545676   5.545969    34.9692    34.9719     3.9620     0.4785 7.9290e-04     0.6723     0.3711     0.2280    91.1390    94.4594     2.8401     4.3089     4.4359     2.8400     0.3175     0.0989     0.0818     0.5983     0.0000  0.000e+00
     20.233     20.120      11.97    27.3041    27.3032   5.545676   5.545954    34.9692    34.9718     3.9625     0.4785 7.9649e-04     0.7211     0.3734     0.2280    91.0873    94.4594     2.8401     4.3065     4.4359     2.8400     0.3187     0.0989     0.0830     0.5983     0.0000  0.000e+00
     20.182     20.069      11.97    27.3042    27.3035   5.545706   5.545946    34.9694    34.9716     3.9629     0.4785 7.9649e-04     0.7211     0.3745     0.2291    91.0615    94.4333     2.8401     4.3053     4.4347     2.8400     0.3187     0.0989     0.0830     0.5983     0.0000  0.000e+00
     20.219     20.106      11.97    27.3041    27.3031   5.545684   5.545977    34.9692    34.9721     3.9633     0.4785 7.9290e-04     0.6723     0.3745     0.2280    91.0615    94.4594     2.8401     4.3053     4.4359     2.8400     0.3175     0.0989     0.0818     0.5983     0.0000  0.000e+00
     20.182     20.069      11.97    27.3041    27.3033   5.545676   5.545923    34.9692    34.9716     3.9637     0.4785 7.9649e-04     0.7211     0.3745     0.2280    91.0615    94.4594     2.8401     4.3053     4.4359     2.8400     0.3187     0.0989     0.0830     0.5983     0.0000  0.000e+00
     20.182     20.069      11.97    27.3040    27.3035   5.545676   5.545969    34.9693    34.9718     3.9618     0.4785 7.9290e-04     0.6723     0.3745     0.2280    91.0615    94.4594     2.8389     4.3053     4.4359     2.8388     0.3175     0.0989     0.0818     0.5983     0.0000  0.000e+00
     20.233     20.120      11.97    27.3041    27.3031   5.545714   5.545954    34.9695    34.9719     3.9620     0.4785 7.9649e-04     0.6723     0.3745     0.2280    91.0615    94.4594     2.8389     4.3053     4.4359     2.8388     0.3187     0.0989     0.0818     0.5983     0.0000  0.000e+00
     20.182     20.069      11.97    27.3043    27.3033   5.545684   5.545946    34.9691    34.9717     3.9621     0.4785 7.9649e-04     0.6723     0.3745     0.2280    91.0615    94.4594     2.8389     4.3053     4.4359     2.8388     0.3187     0.0989     0.0818     0.5983     0.0000  0.000e+00
     20.233     20.120      11.97    27.3040    27.3031   5.545676   5.545946    34.9693    34.9718     3.9623     0.4785 7.9649e-04     0.7211     0.3745     0.2280    91.0615    94.4594     2.8389     4.3053     4.4359     2.8388     0.3187     0.0989     0.0830     0.5983     0.0000  0.000e+00
     20.168     20.055      11.97    27.3043    27.3033   5.545676   5.545946    34.9691    34.9718     3.9599     0.4785 7.9649e-04     0.6723     0.3745     0.2280    91.0615    94.4594     2.8376     4.3053     4.4359     2.8376     0.3187     0.0989     0.0818     0.5983     0.0000  0.000e+00
     20.233     20.120      11.97    27.3041    27.3033   5.545706   5.545946    34.9694    34.9717     3.9596     0.4785 7.9649e-04     0.6723     0.3745     0.2280    91.0615    94.4594     2.8376     4.3053     4.4359     2.8376     0.3187     0.0989     0.0818     0.5983     0.0000  0.000e+00
     20.182     20.069      11.97    27.3042    27.3033   5.545691   5.545931    34.9692    34.9716     3.9593     0.4785 7.9290e-04     0.6723     0.3745     0.2291    91.0615    94.4333     2.8376     4.3053     4.4347     2.8376     0.3175     0.0989     0.0818     0.5983     0.0000  0.000e+00
     20.182     20.069      11.97    27.3039    27.3031   5.545706   5.546008    34.9696    34.9723     3.9567     0.4785 7.8210e-04     0.7211     0.3745     0.2291    91.0615    94.4333     2.8364     4.3053     4.4347     2.8364     0.3138     0.0989     0.0830     0.5983     0.0000  0.000e+00
     20.182     20.069      11.97    27.3043    27.3033   5.545722   5.545969    34.9694    34.9719     3.9561     0.4785 7.8210e-04     0.7211     0.3745     0.2291    91.0615    94.4333     2.8364     4.3053     4.4347     2.8364     0.3138     0.0989     0.0830     0.5983     0.0000  0.000e+00
     20.219     20.106      11.97    27.3040    27.3033   5.545691   5.545946    34.9694    34.9717     3.9556     0.4785 7.8210e-04     0.7211     0.3745     0.2291    91.0615    94.4333     2.8364     4.3053     4.4347     2.8364     0.3138     0.0989     0.0830     0.5983     0.0000  0.000e+00
     20.233     20.120      11.97    27.3043    27.3033   5.545676   5.545908    34.9691    34.9715     3.9551     0.4785 7.8210e-04     0.6723     0.3745     0.2291    91.0615    94.4333     2.8364     4.3053     4.4347     2.8364     0.3138     0.0989     0.0818     0.5983     0.0000  0.000e+00
     20.182     20.069      11.97    27.3041    27.3033   5.545676   5.545969    34.9692    34.9719     3.9546     0.4785 7.8210e-04     0.7211     0.3745     0.2291    91.0615    94.4333     2.8364     4.3053     4.4347     2.8364     0.3138     0.0989     0.0830     0.5983     0.0000  0.000e+00
     20.182     20.069      11.97    27.3038    27.3031   5.545706   5.545923    34.9696    34.9717     3.9540     0.4785 7.7850e-04     0.6723     0.3745     0.2291    91.0615    94.4333     2.8364     4.3053     4.4347     2.8364     0.3126     0.0989     0.0818     0.5983     0.0000  0.000e+00
