public/post/ctd18/stn007.ros
* Sea-Bird SBE 9 Data File:
* FileName = C:\CTD Data\AGU032_IIOE2_June2018\stn007.hex
* Software Version Seasave V 7.22.5
* Temperature SN = 5966
* Conductivity SN = 4551
* Number of Bytes Per Scan = 40
* Number of Voltage Words = 5
* Number of Scans Averaged by the Deck Unit = 1
* NMEA Latitude = 06 15.57 S
* NMEA Longitude = 039 00.39 E
* NMEA UTC (Time) = Jun 19 2018 13:35:21
* NMEA baud rate = 4800
** Ship: Agulhas II
** Cruise: V032_IIOE2
** Ship Station: AM00888
** Grid number: A-7
** Latitude: 06 15.566 S
** Longitude: 039 00.390 E
** Bottom depth (m): 33.5m
** Operator: Florence and Bornwell
# nquan = 29
# nvalues = 339                                   
# units = specified
# name 0 = prDM: Pressure, Digiquartz [db]
# name 1 = depSM: Depth [salt water, m]
# name 2 = altM: Altimeter [m]
# name 3 = t090C: Temperature [ITS-90, deg C]
# name 4 = t190C: Temperature, 2 [ITS-90, deg C]
# name 5 = c0S/m: Conductivity [S/m]
# name 6 = c1S/m: Conductivity, 2 [S/m]
# name 7 = sal00: Salinity, Practical [PSU]
# name 8 = sal11: Salinity, Practical, 2 [PSU]
# name 9 = sbeox0ML/L: Oxygen, SBE 43 [ml/l]
# name 10 = flECO-AFL: Fluorescence, WET Labs ECO-AFL/FL [mg/m^3]
# name 11 = turbWETbb0: Turbidity, WET Labs ECO BB [m^-1/sr]
# name 12 = turbWETntu0: Turbidity, WET Labs ECO [NTU]
# name 13 = CStarAt0: Beam Attenuation, WET Labs C-Star [1/m]
# name 14 = CStarAt1: Beam Attenuation, WET Labs C-Star, 2 [1/m]
# name 15 = CStarTr0: Beam Transmission, WET Labs C-Star [%]
# name 16 = CStarTr1: Beam Transmission, WET Labs C-Star, 2 [%]
# name 17 = sbeox0V: Oxygen raw, SBE 43 [V]
# name 18 = v0: Voltage 0
# name 19 = v1: Voltage 1
# name 20 = v2: Voltage 2
# name 21 = v3: Voltage 3
# name 22 = v4: Voltage 4
# name 23 = v5: Voltage 5
# name 24 = v6: Voltage 6
# name 25 = v7: Voltage 7
# name 26 = scan: Scan Count
# name 27 = nbf: Bottles Fired
# name 28 = flag:  0.000e+00
# interval = seconds: 0.0416667
# start_time = Jun 19 2018 13:35:21 [NMEA time, header]
# bad_flag = -9.990e-29
*END*
     27.725     27.569       5.86    27.2828    27.2821   5.544689   5.544999    34.9759    34.9786     3.9566     0.5151 9.0448e-04     0.6234     0.3689     0.2225    91.1907    94.5894     2.8389     4.3114     4.4420     2.8388     0.3553     0.1013     0.0806     0.2930     0.0000       3986          1  0.000e+00
     27.776     27.620       5.86    27.2828    27.2824   5.544720   5.544991    34.9761    34.9784     3.9565     0.4968 9.0448e-04     0.6723     0.3689     0.2225    91.1907    94.5894     2.8389     4.3114     4.4420     2.8388     0.3553     0.1001     0.0818     0.2930     0.0000       3987          1  0.000e+00
     27.667     27.511       5.86    27.2828    27.2820   5.544727   5.544991    34.9762    34.9786     3.9564     0.4968 9.0808e-04     0.6234     0.3689     0.2236    91.1907    94.5634     2.8389     4.3114     4.4408     2.8388     0.3565     0.1001     0.0806     0.2930     0.0000       3988          1  0.000e+00
     27.725     27.569       5.86    27.2828    27.2822   5.544727   5.544960    34.9762    34.9783     3.9586     0.4968 9.0448e-04     0.6234     0.3689     0.2236    91.1907    94.5634     2.8401     4.3114     4.4408     2.8400     0.3553     0.1001     0.0806     0.2930     0.0000       3989          1  0.000e+00
     27.725     27.569       5.86    27.2828    27.2820   5.544697   5.544976    34.9760    34.9785     3.9564     0.5151 9.0448e-04     0.6234     0.3689     0.2236    91.1907    94.5634     2.8389     4.3114     4.4408     2.8388     0.3553     0.1013     0.0806     0.2930     0.0000       3990          1  0.000e+00
     27.776     27.620       5.86    27.2828    27.2820   5.544712   5.544991    34.9761    34.9786     3.9566     0.5151 9.0448e-04     0.6723     0.3689     0.2225    91.1907    94.5894     2.8389     4.3114     4.4420     2.8388     0.3553     0.1013     0.0818     0.2930     0.0000       3991          1  0.000e+00
     27.667     27.511       5.86    27.2826    27.2820   5.544727   5.544991    34.9764    34.9786     3.9589     0.4968 9.0448e-04     0.6234     0.3689     0.2236    91.1907    94.5634     2.8401     4.3114     4.4408     2.8400     0.3553     0.1001     0.0806     0.2930     0.0000       3992          1  0.000e+00
     27.776     27.620       5.86    27.2829    27.2822   5.544727   5.545014    34.9760    34.9786     3.9593     0.5151 9.0448e-04     0.6234     0.3689     0.2236    91.1907    94.5634     2.8401     4.3114     4.4408     2.8400     0.3553     0.1013     0.0806     0.2930     0.0000       3993          1  0.000e+00
     27.725     27.569       5.86    27.2828    27.2818   5.544659   5.544999    34.9757    34.9788     3.9596     0.5151 9.0448e-04     0.6234     0.3689     0.2225    91.1907    94.5894     2.8401     4.3114     4.4420     2.8400     0.3553     0.1013     0.0806     0.2930     0.0000       3994          1  0.000e+00
     27.667     27.511       5.86    27.2826    27.2818   5.544705   5.544922    34.9762    34.9783     3.9599     0.5151 9.0808e-04     0.6723     0.3689     0.2225    91.1907    94.5894     2.8401     4.3114     4.4420     2.8400     0.3565     0.1013     0.0818     0.2930     0.0000       3995          1  0.000e+00
     27.725     27.569       5.86    27.2828    27.2820   5.544689   5.544968    34.9759    34.9785     3.9603     0.5151 9.0448e-04     0.6723     0.3689     0.2225    91.1907    94.5894     2.8401     4.3114     4.4420     2.8400     0.3553     0.1013     0.0818     0.2930     0.0000       3996          1  0.000e+00
     27.725     27.569       5.86    27.2826    27.2818   5.544720   5.544991    34.9763    34.9788     3.9631     0.4968 9.0448e-04     0.6234     0.3689     0.2225    91.1907    94.5894     2.8413     4.3114     4.4420     2.8413     0.3553     0.1001     0.0806     0.2930     0.0000       3997          1  0.000e+00
     27.725     27.569       5.86    27.2826    27.2820   5.544727   5.544960    34.9763    34.9784     3.9638     0.5151 9.0448e-04     0.6234     0.3689     0.2236    91.1907    94.5634     2.8413     4.3114     4.4408     2.8413     0.3553     0.1013     0.0806     0.2930     0.0000       3998          1  0.000e+00
     27.725     27.569       5.86    27.2826    27.2817   5.544697   5.544953    34.9761    34.9786     3.9646     0.5151 9.0448e-04     0.6234     0.3689     0.2225    91.1907    94.5894     2.8413     4.3114     4.4420     2.8413     0.3553     0.1013     0.0806     0.2930     0.0000       3999          1  0.000e+00
     27.725     27.569       5.86    27.2828    27.2818   5.544682   5.544914    34.9759    34.9782     3.9654     0.5151 9.0448e-04     0.6234     0.3689     0.2225    91.1907    94.5894     2.8413     4.3114     4.4420     2.8413     0.3553     0.1013     0.0806     0.2930     0.0000       4000          1  0.000e+00
     27.725     27.569       5.86    27.2828    27.2817   5.544682   5.544937    34.9759    34.9785     3.9684     0.4968 9.0448e-04     0.6723     0.3689     0.2225    91.1907    94.5894     2.8425     4.3114     4.4420     2.8425     0.3553     0.1001     0.0818     0.2930     0.0000       4001          1  0.000e+00
     27.725     27.569       5.86    27.2829    27.2818   5.544720   5.544976    34.9760    34.9787     3.9693     0.4968 9.0448e-04     0.6234     0.3689     0.2236    91.1907    94.5634     2.8425     4.3114     4.4408     2.8425     0.3553     0.1001     0.0806     0.2930     0.0000       4002          1  0.000e+00
     27.725     27.569       5.86    27.2828    27.2820   5.544727   5.544922    34.9762    34.9781     3.9703     0.4968 9.0448e-04     0.6723     0.3689     0.2236    91.1907    94.5634     2.8425     4.3114     4.4408     2.8425     0.3553     0.1001     0.0818     0.2930     0.0000       4003          1  0.000e+00
     27.725     27.569       5.86    27.2829    27.2817   5.544727   5.544937    34.9761    34.9785     3.9712     0.4968 9.0448e-04     0.6723     0.3689     0.2236    91.1907    94.5634     2.8425     4.3114     4.4408     2.8425     0.3553     0.1001     0.0818     0.2930     0.0000       4004          1  0.000e+00
     27.725     27.569       5.86    27.2829    27.2820   5.544727   5.544976    34.9761    34.9786     3.9744     0.4968 9.0448e-04     0.7211     0.3689     0.2236    91.1907    94.5634     2.8437     4.3114     4.4408     2.8437     0.3553     0.1001     0.0830     0.2930     0.0000       4005          1  0.000e+00
     27.725     27.569       5.86    27.2831    27.2818   5.544765   5.544960    34.9762    34.9785     3.9755     0.5151 8.0729e-04     0.7211     0.3689     0.2236    91.1907    94.5634     2.8437     4.3114     4.4408     2.8437     0.3223     0.1013     0.0830     0.2930     0.0000       4006          1  0.000e+00
     27.725     27.569       5.86    27.2829    27.2818   5.544735   5.545006    34.9761    34.9789     3.9764     0.4968 7.2450e-04     0.7211     0.3689     0.2236    91.1907    94.5634     2.8437     4.3114     4.4408     2.8437     0.2943     0.1001     0.0830     0.2930     0.0000       4007          1  0.000e+00
     27.725     27.569       5.86    27.2829    27.2818   5.544757   5.544968    34.9763    34.9786     3.9773     0.4968 7.1011e-04     0.7211     0.3689     0.2236    91.1907    94.5634     2.8437     4.3114     4.4408     2.8437     0.2894     0.1001     0.0830     0.2930     0.0000       4008          1  0.000e+00
     27.725     27.569       5.86    27.2831    27.2817   5.544705   5.544914    34.9758    34.9784     3.9804     0.4968 7.1371e-04     0.7211     0.3689     0.2236    91.1907    94.5634     2.8450     4.3114     4.4408     2.8449     0.2906     0.1001     0.0830     0.2930     0.0000       4009          1  0.000e+00
     27.725     27.569       5.86    27.2831    27.2820   5.544712   5.544937    34.9758    34.9782     3.9814     0.4968 7.1731e-04     0.7211     0.3689     0.2236    91.1907    94.5634     2.8450     4.3114     4.4408     2.8449     0.2918     0.1001     0.0830     0.2930     0.0000       4010          1  0.000e+00
     27.725     27.569       5.86    27.2833    27.2820   5.544697   5.544976    34.9756    34.9785     3.9822     0.4968 7.1371e-04     0.7211     0.3677     0.2236    91.2166    94.5634     2.8450     4.3126     4.4408     2.8449     0.2906     0.1001     0.0830     0.2930     0.0000       4011          1  0.000e+00
     27.725     27.569       5.86    27.2831    27.2817   5.544750   5.544922    34.9761    34.9784     3.9829     0.5151 7.1371e-04     0.7211     0.3666     0.2236    91.2424    94.5634     2.8450     4.3138     4.4408     2.8449     0.2906     0.1013     0.0830     0.2930     0.0000       4012          1  0.000e+00
     27.725     27.569       5.86    27.2831    27.2818   5.544735   5.544937    34.9760    34.9784     3.9813     0.5151 7.1731e-04     0.7211     0.3666     0.2236    91.2424    94.5634     2.8437     4.3138     4.4408     2.8437     0.2918     0.1013     0.0830     0.2930     0.0000       4013          1  0.000e+00
     27.725     27.569       5.86    27.2833    27.2818   5.544727   5.544953    34.9758    34.9785     3.9840     0.5151 7.1371e-04     0.7211     0.3666     0.2236    91.2424    94.5634     2.8450     4.3138     4.4408     2.8449     0.2906     0.1013     0.0830     0.2930     0.0000       4014          1  0.000e+00
     27.725     27.569       5.86    27.2829    27.2818   5.544757   5.544976    34.9763    34.9787     3.9821     0.4968 7.1731e-04     0.6723     0.3666     0.2236    91.2424    94.5634     2.8437     4.3138     4.4408     2.8437     0.2918     0.1001     0.0818     0.2930     0.0000       4015          1  0.000e+00
     27.725     27.569       5.86    27.2833    27.2818   5.544705   5.544922    34.9756    34.9783     3.9845     0.5151 7.1371e-04     0.6723     0.3666     0.2236    91.2424    94.5634     2.8450     4.3138     4.4408     2.8449     0.2906     0.1013     0.0818     0.2930     0.0000       4016          1  0.000e+00
     27.725     27.569       5.86    27.2831    27.2817   5.544750   5.544937    34.9761    34.9785     3.9848     0.5151 7.1731e-04     0.6723     0.3666     0.2236    91.2424    94.5634     2.8450     4.3138     4.4408     2.8449     0.2918     0.1013     0.0818     0.2930     0.0000       4017          1  0.000e+00
     27.725     27.569       5.86    27.2833    27.2820   5.544742   5.544976    34.9759    34.9785     3.9827     0.4968 7.1731e-04     0.7211     0.3666     0.2236    91.2424    94.5634     2.8437     4.3138     4.4408     2.8437     0.2918     0.1001     0.0830     0.2930     0.0000       4018          1  0.000e+00
     27.725     27.569       5.86    27.2831    27.2818   5.544727   5.544991    34.9759    34.9788     3.9825     0.5151 7.2090e-04     0.7211     0.3666     0.2236    91.2424    94.5634     2.8437     4.3138     4.4408     2.8437     0.2930     0.1013     0.0830     0.2930     0.0000       4019          1  0.000e+00
     27.725     27.569       5.86    27.2831    27.2820   5.544727   5.545022    34.9759    34.9788     3.9822     0.5151 7.1371e-04     0.6723     0.3666     0.2236    91.2424    94.5634     2.8437     4.3138     4.4408     2.8437     0.2906     0.1013     0.0818     0.2930     0.0000       4020          1  0.000e+00
     27.725     27.569       5.86    27.2833    27.2820   5.544727   5.545029    34.9758    34.9789     3.9841     0.4968 7.1371e-04     0.7211     0.3666     0.2236    91.2424    94.5634     2.8450     4.3138     4.4408     2.8449     0.2906     0.1001     0.0830     0.2930     0.0000       4021          1  0.000e+00
     27.667     27.511       5.86    27.2831    27.2822   5.544727   5.544968    34.9760    34.9783     3.9839     0.5151 7.1371e-04     0.6723     0.3666     0.2236    91.2424    94.5634     2.8450     4.3138     4.4408     2.8449     0.2906     0.1013     0.0818     0.2930     0.0000       4022          1  0.000e+00
     27.776     27.620       5.86    27.2833    27.2820   5.544727   5.544976    34.9758    34.9785     3.9839     0.4968 7.1731e-04     0.6723     0.3666     0.2236    91.2424    94.5634     2.8450     4.3138     4.4408     2.8449     0.2918     0.1001     0.0818     0.2930     0.0000       4023          1  0.000e+00
     27.667     27.511       5.86    27.2833    27.2820   5.544727   5.544960    34.9758    34.9784     3.9835     0.4968 7.1731e-04     0.7211     0.3666     0.2236    91.2424    94.5634     2.8450     4.3138     4.4408     2.8449     0.2918     0.1001     0.0830     0.2930     0.0000       4024          1  0.000e+00
     27.725     27.569       5.86    27.2831    27.2821   5.544765   5.545014    34.9762    34.9787     3.9832     0.4968 7.1731e-04     0.7211     0.3666     0.2236    91.2424    94.5634     2.8450     4.3138     4.4408     2.8449     0.2918     0.1001     0.0830     0.2930     0.0000       4025          1  0.000e+00
     27.776     27.620       5.86    27.2831    27.2820   5.544773   5.544968    34.9762    34.9784     3.9830     0.4968 7.2090e-04     0.7211     0.3666     0.2236    91.2424    94.5634     2.8450     4.3138     4.4408     2.8449     0.2930     0.1001     0.0830     0.2930     0.0000       4026          1  0.000e+00
     27.667     27.511       5.86    27.2831    27.2818   5.544773   5.544976    34.9763    34.9787     3.9826     0.5151 7.1731e-04     0.7211     0.3666     0.2236    91.2424    94.5634     2.8450     4.3138     4.4408     2.8449     0.2918     0.1013     0.0830     0.2930     0.0000       4027          1  0.000e+00
     27.725     27.569       5.86    27.2831    27.2818   5.544773   5.544960    34.9762    34.9785     3.9826     0.4968 7.1731e-04     0.7211     0.3666     0.2236    91.2424    94.5634     2.8450     4.3138     4.4408     2.8449     0.2918     0.1001     0.0830     0.2930     0.0000       4028          1  0.000e+00
     27.725     27.569       5.86    27.2835    27.2818   5.544773   5.544953    34.9760    34.9785     3.9824     0.4968 7.1731e-04     0.7700     0.3666     0.2236    91.2424    94.5634     2.8450     4.3138     4.4408     2.8449     0.2918     0.1001     0.0842     0.2930     0.0000       4029          1  0.000e+00
     27.725     27.569       5.86    27.2833    27.2817   5.544810   5.544953    34.9764    34.9786     3.9822     0.4968 7.1731e-04     0.8188     0.3666     0.2236    91.2424    94.5634     2.8450     4.3138     4.4408     2.8449     0.2918     0.1001     0.0855     0.2930     0.0000       4030          1  0.000e+00
     27.725     27.569       5.86    27.2833    27.2817   5.544750   5.544953    34.9760    34.9786     3.9820     0.5151 7.1371e-04     0.7700     0.3655     0.2236    91.2683    94.5634     2.8450     4.3150     4.4408     2.8449     0.2906     0.1013     0.0842     0.2930     0.0000       4031          1  0.000e+00
     27.725     27.569       5.86    27.2831    27.2818   5.544757   5.544976    34.9761    34.9787     3.9817     0.4968 7.9290e-04     0.8188     0.3643     0.2236    91.2941    94.5634     2.8450     4.3162     4.4408     2.8449     0.3175     0.1001     0.0855     0.2930     0.0000       4032          1  0.000e+00
     27.725     27.569       5.86    27.2835    27.2820   5.544773   5.544960    34.9760    34.9784     3.9837     0.4968 8.6129e-04     0.7700     0.3632     0.2236    91.3200    94.5634     2.8462     4.3175     4.4408     2.8462     0.3407     0.1001     0.0842     0.2930     0.0000       4033          1  0.000e+00
     27.667     27.511       5.86    27.2833    27.2818   5.544773   5.544976    34.9761    34.9787     3.9835     0.5151 8.7568e-04     0.8188     0.3632     0.2236    91.3200    94.5634     2.8462     4.3175     4.4408     2.8462     0.3455     0.1013     0.0855     0.2930     0.0000       4034          1  0.000e+00
     19.614     19.504      13.63    27.2856    27.2853   5.544594   5.544940    34.9755    34.9783     3.9657     0.5518 8.2529e-04     0.7211     0.3711     0.2214    91.1390    94.6154     2.8486     4.3089     4.4432     2.8486     0.3284     0.1038     0.0830     0.6813     0.0000       5481          2  0.000e+00
