public/post/ctd18/stn008.ros
* Sea-Bird SBE 9 Data File:
* FileName = C:\CTD Data\AGU032_IIOE2_June2018\stn008.hex
* Software Version Seasave V 7.22.5
* Temperature SN = 5966
* Conductivity SN = 4551
* Number of Bytes Per Scan = 40
* Number of Voltage Words = 5
* Number of Scans Averaged by the Deck Unit = 1
* NMEA Latitude = 06 29.37 S
* NMEA Longitude = 039 14.56 E
* NMEA UTC (Time) = Jun 19 2018 18:28:52
* NMEA baud rate = 4800
** Ship: Agulhas II
** Cruise: V032_IIOE2
** Ship Station: AM00889
** Grid number: A-8
** Latitude: 06 29.377 S
** Longitude: 039 14.567 E
** Bottom depth (m): 51.97m
** Operator: Florence and Bornwell
# nquan = 29
# nvalues = 539                                   
# units = specified
# name 0 = prDM: Pressure, Digiquartz [db]
# name 1 = depSM: Depth [salt water, m]
# name 2 = altM: Altimeter [m]
# name 3 = t090C: Temperature [ITS-90, deg C]
# name 4 = t190C: Temperature, 2 [ITS-90, deg C]
# name 5 = c0S/m: Conductivity [S/m]
# name 6 = c1S/m: Conductivity, 2 [S/m]
# name 7 = sal00: Salinity, Practical [PSU]
# name 8 = sal11: Salinity, Practical, 2 [PSU]
# name 9 = sbeox0ML/L: Oxygen, SBE 43 [ml/l]
# name 10 = flECO-AFL: Fluorescence, WET Labs ECO-AFL/FL [mg/m^3]
# name 11 = turbWETbb0: Turbidity, WET Labs ECO BB [m^-1/sr]
# name 12 = turbWETntu0: Turbidity, WET Labs ECO [NTU]
# name 13 = CStarAt0: Beam Attenuation, WET Labs C-Star [1/m]
# name 14 = CStarAt1: Beam Attenuation, WET Labs C-Star, 2 [1/m]
# name 15 = CStarTr0: Beam Transmission, WET Labs C-Star [%]
# name 16 = CStarTr1: Beam Transmission, WET Labs C-Star, 2 [%]
# name 17 = sbeox0V: Oxygen raw, SBE 43 [V]
# name 18 = v0: Voltage 0
# name 19 = v1: Voltage 1
# name 20 = v2: Voltage 2
# name 21 = v3: Voltage 3
# name 22 = v4: Voltage 4
# name 23 = v5: Voltage 5
# name 24 = v6: Voltage 6
# name 25 = v7: Voltage 7
# name 26 = scan: Scan Count
# name 27 = nbf: Bottles Fired
# name 28 = flag:  0.000e+00
# interval = seconds: 0.0416667
# start_time = Jun 19 2018 18:28:52 [NMEA time, header]
# bad_flag = -9.990e-29
*END*
[from data line 351]
     20.533     20.418      30.04    27.2620    27.2617   5.551724   5.551992    35.0437    35.0458     3.9851     0.3137 4.8334e-04     0.5746     0.1969     0.0958    95.1974    97.6328     2.8536     4.5006     4.5849     2.8535     0.2125     0.0879     0.0794     1.5018     0.0000       8661          8  0.000e+00
     20.548     20.433      30.06    27.2620    27.2618   5.551701   5.552000    35.0436    35.0458     3.9846     0.3137 4.8334e-04     0.5746     0.1958     0.0958    95.2233    97.6328     2.8536     4.5018     4.5849     2.8535     0.2125     0.0879     0.0794     1.5031     0.0000       8662          8  0.000e+00
     20.497     20.382      30.09    27.2619    27.2615   5.551747   5.552015    35.0440    35.0461     3.9841     0.3137 4.8694e-04     0.5746     0.1958     0.0958    95.2233    97.6328     2.8536     4.5018     4.5849     2.8535     0.2137     0.0879     0.0794     1.5043     0.0000       8663          8  0.000e+00
     20.497     20.382      30.06    27.2620    27.2617   5.551762   5.551977    35.0440    35.0457     3.9835     0.3137 4.8334e-04     0.5746     0.1958     0.0958    95.2233    97.6328     2.8536     4.5018     4.5849     2.8535     0.2125     0.0879     0.0794     1.5031     0.0000       8664          8  0.000e+00
     20.548     20.433      30.06    27.2620    27.2615   5.551792   5.551969    35.0441    35.0458     3.9830     0.3137 4.8334e-04     0.5746     0.1958     0.0958    95.2233    97.6328     2.8536     4.5018     4.5849     2.8535     0.2125     0.0879     0.0794     1.5031     0.0000       8665          8  0.000e+00
     20.497     20.382      30.09    27.2618    27.2617   5.551762   5.551930    35.0441    35.0454     3.9824     0.3137 4.8334e-04     0.5746     0.1958     0.0958    95.2233    97.6328     2.8536     4.5018     4.5849     2.8535     0.2125     0.0879     0.0794     1.5043     0.0000       8666          8  0.000e+00
     20.533     20.418      30.11    27.2617    27.2617   5.551754   5.551992    35.0441    35.0458     3.9797     0.3137 4.7614e-04     0.5746     0.1958     0.0958    95.2233    97.6328     2.8524     4.5018     4.5849     2.8523     0.2100     0.0879     0.0794     1.5055     0.0000       8667          8  0.000e+00
     20.548     20.433      30.11    27.2620    27.2615   5.551724   5.552015    35.0437    35.0461     3.9791     0.3137 4.6174e-04     0.5746     0.1958     0.0958    95.2233    97.6328     2.8524     4.5018     4.5849     2.8523     0.2051     0.0879     0.0794     1.5055     0.0000       8668          8  0.000e+00
     20.497     20.382      30.11    27.2615    27.2615   5.551716   5.551977    35.0440    35.0459     3.9786     0.3137 4.5454e-04     0.5746     0.1958     0.0958    95.2233    97.6328     2.8524     4.5018     4.5849     2.8523     0.2027     0.0879     0.0794     1.5055     0.0000       8669          8  0.000e+00
     20.497     20.382      30.11    27.2618    27.2615   5.551739   5.551969    35.0440    35.0458     3.9779     0.3137 4.5814e-04     0.5746     0.1958     0.0958    95.2233    97.6328     2.8524     4.5018     4.5849     2.8523     0.2039     0.0879     0.0794     1.5055     0.0000       8670          8  0.000e+00
     20.497     20.382      30.13    27.2615    27.2615   5.551686   5.551969    35.0438    35.0458     3.9776     0.3137 4.5814e-04     0.5746     0.1958     0.0958    95.2233    97.6328     2.8524     4.5018     4.5849     2.8523     0.2039     0.0879     0.0794     1.5067     0.0000       8671          8  0.000e+00
     20.548     20.433      30.18    27.2616    27.2613   5.551701   5.552007    35.0438    35.0462     3.9772     0.3137 4.5814e-04     0.5746     0.1958     0.0958    95.2233    97.6328     2.8524     4.5018     4.5849     2.8523     0.2039     0.0879     0.0794     1.5092     0.0000       8672          8  0.000e+00
     20.475     20.360      30.18    27.2615    27.2615   5.551679   5.551977    35.0438    35.0459     3.9769     0.3137 4.6174e-04     0.5746     0.1958     0.0958    95.2233    97.6328     2.8524     4.5018     4.5849     2.8523     0.2051     0.0879     0.0794     1.5092     0.0000       8673          8  0.000e+00
     20.548     20.433      30.18    27.2614    27.2615   5.551656   5.551969    35.0436    35.0458     3.9768     0.3137 4.5814e-04     0.5746     0.1958     0.0958    95.2233    97.6328     2.8524     4.5018     4.5849     2.8523     0.2039     0.0879     0.0794     1.5092     0.0000       8674          8  0.000e+00
     20.497     20.382      30.18    27.2613    27.2613   5.551663   5.551969    35.0438    35.0460     3.9764     0.3137 4.5814e-04     0.5746     0.1969     0.0958    95.1974    97.6328     2.8524     4.5006     4.5849     2.8523     0.2039     0.0879     0.0794     1.5092     0.0000       8675          8  0.000e+00
     20.548     20.433      30.18    27.2616    27.2613   5.551671   5.551938    35.0436    35.0457     3.9738     0.3137 4.5814e-04     0.5746     0.1958     0.0958    95.2233    97.6328     2.8511     4.5018     4.5849     2.8510     0.2039     0.0879     0.0794     1.5092     0.0000       8676          8  0.000e+00
     20.497     20.382      30.18    27.2615    27.2613   5.551724   5.551992    35.0441    35.0461     3.9735     0.2954 4.5814e-04     0.5746     0.2001     0.0958    95.1199    97.6328     2.8511     4.4969     4.5849     2.8510     0.2039     0.0867     0.0794     1.5092     0.0000       8677          8  0.000e+00
     20.548     20.433      30.21    27.2616    27.2613   5.551754   5.551977    35.0442    35.0460     3.9730     0.2954 4.5814e-04     0.5746     0.2045     0.0958    95.0165    97.6328     2.8511     4.4921     4.5849     2.8510     0.2039     0.0867     0.0794     1.5104     0.0000       8678          8  0.000e+00
     20.475     20.360      30.18    27.2615    27.2613   5.551694   5.551930    35.0439    35.0457     3.9728     0.2954 4.6174e-04     0.5746     0.2056     0.0969    94.9906    97.6068     2.8511     4.4908     4.5836     2.8510     0.2051     0.0867     0.0794     1.5092     0.0000       8679          8  0.000e+00
     20.497     20.382      30.18    27.2614    27.2612   5.551769   5.551953    35.0445    35.0460     3.9725     0.2954 4.5814e-04     0.5746     0.2056     0.0980    94.9906    97.5808     2.8511     4.4908     4.5824     2.8510     0.2039     0.0867     0.0794     1.5092     0.0000       8680          8  0.000e+00
     20.548     20.433      30.21    27.2615    27.2611   5.551762   5.551938    35.0443    35.0459     3.9724     0.2954 4.5814e-04     0.5746     0.2056     0.0980    94.9906    97.5808     2.8511     4.4908     4.5824     2.8510     0.2039     0.0867     0.0794     1.5104     0.0000       8681          8  0.000e+00
     20.497     20.382      30.21    27.2616    27.2611   5.551754   5.551953    35.0442    35.0460     3.9722     0.2954 4.5814e-04     0.5746     0.2045     0.0980    95.0165    97.5808     2.8511     4.4921     4.5824     2.8510     0.2039     0.0867     0.0794     1.5104     0.0000       8682          8  0.000e+00
     20.497     20.382      30.21    27.2615    27.2610   5.551724   5.551930    35.0441    35.0459     3.9718     0.2954 4.5814e-04     0.5746     0.2045     0.0980    95.0165    97.5808     2.8511     4.4921     4.5824     2.8510     0.2039     0.0867     0.0794     1.5104     0.0000       8683          8  0.000e+00
     20.548     20.433      30.21    27.2618    27.2611   5.551716   5.551923    35.0438    35.0458     3.9717     0.2954 4.5814e-04     0.5746     0.2045     0.0980    95.0165    97.5808     2.8511     4.4921     4.5824     2.8510     0.2039     0.0867     0.0794     1.5104     0.0000       8684          8  0.000e+00
     20.475     20.360      30.21    27.2617    27.2610   5.551807   5.551923    35.0445    35.0459     3.9715     0.2954 4.5814e-04     0.5746     0.2056     0.0980    94.9906    97.5808     2.8511     4.4908     4.5824     2.8510     0.2039     0.0867     0.0794     1.5104     0.0000       8685          8  0.000e+00
     20.548     20.433      30.23    27.2618    27.2611   5.551777   5.551923    35.0442    35.0458     3.9715     0.2954 4.5814e-04     0.5746     0.2056     0.0980    94.9906    97.5808     2.8511     4.4908     4.5824     2.8510     0.2039     0.0867     0.0794     1.5116     0.0000       8686          8  0.000e+00
     20.497     20.382      30.23    27.2619    27.2610   5.551762   5.551923    35.0441    35.0459     3.9737     0.2954 4.5814e-04     0.5746     0.2056     0.0980    94.9906    97.5808     2.8524     4.4908     4.5824     2.8523     0.2039     0.0867     0.0794     1.5116     0.0000       8687          8  0.000e+00
     20.497     20.382      30.23    27.2618    27.2611   5.551747   5.551884    35.0440    35.0455     3.9739     0.3137 4.5454e-04     0.5746     0.2056     0.0980    94.9906    97.5808     2.8524     4.4908     4.5824     2.8523     0.2027     0.0879     0.0794     1.5116     0.0000       8688          8  0.000e+00
     20.548     20.433      30.23    27.2619    27.2611   5.551754   5.551877    35.0440    35.0454     3.9741     0.2954 4.5454e-04     0.5746     0.2056     0.0980    94.9906    97.5808     2.8524     4.4908     4.5824     2.8523     0.2027     0.0867     0.0794     1.5116     0.0000       8689          8  0.000e+00
     20.497     20.382      30.26    27.2620    27.2610   5.551762   5.551877    35.0440    35.0456     3.9768     0.2954 4.5814e-04     0.5746     0.2056     0.0980    94.9906    97.5808     2.8536     4.4908     4.5824     2.8535     0.2039     0.0867     0.0794     1.5128     0.0000       8690          8  0.000e+00
     20.475     20.360      30.23    27.2619    27.2608   5.551762   5.551946    35.0441    35.0462     3.9772     0.2954 4.5814e-04     0.5746     0.2045     0.0980    95.0165    97.5808     2.8536     4.4921     4.5824     2.8535     0.2039     0.0867     0.0794     1.5116     0.0000       8691          8  0.000e+00
     20.548     20.433      30.23    27.2620    27.2610   5.551785   5.551900    35.0442    35.0457     3.9779     0.2954 4.6174e-04     0.5746     0.2045     0.0980    95.0165    97.5808     2.8536     4.4921     4.5824     2.8535     0.2051     0.0867     0.0794     1.5116     0.0000       8692          8  0.000e+00
     20.497     20.382      30.26    27.2619    27.2610   5.551800   5.551946    35.0443    35.0461     3.9808     0.2954 5.4093e-04     0.5746     0.2056     0.0980    94.9906    97.5808     2.8548     4.4908     4.5824     2.8547     0.2320     0.0867     0.0794     1.5128     0.0000       8693          8  0.000e+00
     20.497     20.382      30.23    27.2616    27.2608   5.551739   5.551938    35.0441    35.0461     3.9792     0.3137 7.1731e-04     0.5746     0.2056     0.0980    94.9906    97.5808     2.8536     4.4908     4.5824     2.8535     0.2918     0.0879     0.0794     1.5116     0.0000       8694          8  0.000e+00
     20.497     20.382      30.23    27.2619    27.2610   5.551747   5.551923    35.0440    35.0459     3.9797     0.2954 7.7130e-04     0.5746     0.2056     0.0980    94.9906    97.5808     2.8536     4.4908     4.5824     2.8535     0.3101     0.0867     0.0794     1.5116     0.0000       8695          8  0.000e+00
     20.548     20.433      30.26    27.2618    27.2613   5.551716   5.551923    35.0438    35.0456     3.9825     0.2954 7.7130e-04     0.5746     0.2045     0.0980    95.0165    97.5808     2.8548     4.4921     4.5824     2.8547     0.3101     0.0867     0.0794     1.5128     0.0000       8696          8  0.000e+00
     20.475     20.360      30.23    27.2615    27.2610   5.551709   5.551854    35.0440    35.0454     3.9809     0.2954 7.6410e-04     0.5746     0.2045     0.0980    95.0165    97.5808     2.8536     4.4921     4.5824     2.8535     0.3077     0.0867     0.0794     1.5116     0.0000       8697          8  0.000e+00
     20.548     20.433      30.23    27.2619    27.2611   5.551716   5.551930    35.0437    35.0458     3.9857     0.3137 7.6050e-04     0.5746     0.2045     0.0980    95.0165    97.5808     2.8560     4.4921     4.5824     2.8559     0.3065     0.0879     0.0794     1.5116     0.0000       8698          8  0.000e+00
     20.497     20.382      30.26    27.2616    27.2613   5.551716   5.551938    35.0439    35.0457     3.9818     0.2954 7.6050e-04     0.5746     0.2034     0.0990    95.0423    97.5548     2.8536     4.4933     4.5812     2.8535     0.3065     0.0867     0.0794     1.5128     0.0000       8699          8  0.000e+00
     20.497     20.382      30.23    27.2619    27.2610   5.551671   5.551923    35.0434    35.0459     3.9844     0.2954 7.6050e-04     0.5746     0.2034     0.0990    95.0423    97.5548     2.8548     4.4933     4.5812     2.8547     0.3065     0.0867     0.0794     1.5116     0.0000       8700          8  0.000e+00
     20.497     20.382      30.23    27.2614    27.2612   5.551663   5.551884    35.0437    35.0455     3.9871     0.3137 7.6050e-04     0.5258     0.2034     0.0990    95.0423    97.5548     2.8560     4.4933     4.5812     2.8559     0.3065     0.0879     0.0781     1.5116     0.0000       8701          8  0.000e+00
     10.427     10.368      39.78    27.2585    27.2586   5.550939   5.551188    35.0438    35.0455     3.9877     0.3320 4.4014e-04     0.6723     0.1969     0.0969    95.1974    97.6068     2.8572     4.5006     4.5836     2.8571     0.1978     0.0891     0.0818     1.9890     0.0000       9789          9  0.000e+00
     10.449     10.390      39.78    27.2586    27.2586   5.550992   5.551149    35.0441    35.0452     3.9870     0.3320 4.4014e-04     0.6723     0.1969     0.0980    95.1974    97.5808     2.8572     4.5006     4.5824     2.8571     0.1978     0.0891     0.0818     1.9890     0.0000       9790          9  0.000e+00
     10.507     10.448      39.78    27.2587    27.2586   5.550992   5.551172    35.0440    35.0454     3.9863     0.3320 4.4014e-04     0.6234     0.1969     0.0980    95.1974    97.5808     2.8572     4.5006     4.5824     2.8571     0.1978     0.0891     0.0806     1.9890     0.0000       9791          9  0.000e+00
     10.485     10.426      39.78    27.2588    27.2586   5.550985   5.551149    35.0439    35.0452     3.9855     0.3320 4.4014e-04     0.6723     0.1958     0.0969    95.2233    97.6068     2.8572     4.5018     4.5836     2.8571     0.1978     0.0891     0.0818     1.9890     0.0000       9792          9  0.000e+00
     10.449     10.390      39.78    27.2593    27.2586   5.550984   5.551142    35.0435    35.0452     3.9847     0.3320 4.4014e-04     0.6234     0.1969     0.0969    95.1974    97.6068     2.8572     4.5006     4.5836     2.8571     0.1978     0.0891     0.0806     1.9890     0.0000       9793          9  0.000e+00
     10.427     10.368      39.78    27.2590    27.2586   5.551007   5.551111    35.0439    35.0450     3.9884     0.3320 4.4014e-04     0.6234     0.1969     0.0969    95.1974    97.6068     2.8597     4.5006     4.5836     2.8596     0.1978     0.0891     0.0806     1.9890     0.0000       9794          9  0.000e+00
     10.449     10.390      39.80    27.2593    27.2584   5.550992   5.551165    35.0436    35.0454     3.9834     0.3320 4.3654e-04     0.6723     0.1969     0.0969    95.1974    97.6068     2.8572     4.5006     4.5836     2.8571     0.1966     0.0891     0.0818     1.9902     0.0000       9795          9  0.000e+00
     10.507     10.448      39.80    27.2591    27.2588   5.550985   5.551188    35.0436    35.0453     3.9806     0.3320 4.4014e-04     0.6234     0.1969     0.0969    95.1974    97.6068     2.8560     4.5006     4.5836     2.8559     0.1978     0.0891     0.0806     1.9902     0.0000       9796          9  0.000e+00
