public/post/ctd18/stn007.ros
* Sea-Bird SBE 9 Data File:
* FileName = C:\CTD Data\AGU032_IIOE2_June2018\stn007.hex
* Software Version Seasave V 7.22.5
* Temperature SN = 5966
* Conductivity SN = 4551
* Number of Bytes Per Scan = 40
* Number of Voltage Words = 5
* Number of Scans Averaged by the Deck Unit = 1
* NMEA Latitude = 06 15.57 S
* NMEA Longitude = 039 00.39 E
* NMEA UTC (Time) = Jun 19 2018 13:35:21
* NMEA baud rate = 4800
** Ship: Agulhas II
** Cruise: V032_IIOE2
** Ship Station: AM00888
** Grid number: A-7
** Latitude: 06 15.566 S
** Longitude: 039 00.390 E
** Bottom depth (m): 33.5m
** Operator: Florence and Bornwell
# nquan = 29
# nvalues = 339                                   
# units = specified
# name 0 = prDM: Pressure, Digiquartz [db]
# name 1 = depSM: Depth [salt water, m]
# name 2 = altM: Altimeter [m]
# name 3 = t090C: Temperature [ITS-90, deg C]
# name 4 = t190C: Temperature, 2 [ITS-90, deg C]
# name 5 = c0S/m: Conductivity [S/m]
# name 6 = c1S/m: Conductivity, 2 [S/m]
# name 7 = sal00: Salinity, Practical [PSU]
# name 8 = sal11: Salinity, Practical, 2 [PSU]
# name 9 = sbeox0ML/L: Oxygen, SBE 43 [ml/l]
# name 10 = flECO-AFL: Fluorescence, WET Labs ECO-AFL/FL [mg/m^3]
# name 11 = turbWETbb0: Turbidity, WET Labs ECO BB [m^-1/sr]
# name 12 = turbWETntu0: Turbidity, WET Labs ECO [NTU]
# name 13 = CStarAt0: Beam Attenuation, WET Labs C-Star [1/m]
# name 14 = CStarAt1: Beam Attenuation, WET Labs C-Star, 2 [1/m]
# name 15 = CStarTr0: Beam Transmission, WET Labs C-Star [%]
# name 16 = CStarTr1: Beam Transmission, WET Labs C-Star, 2 [%]
# name 17 = sbeox0V: Oxygen raw, SBE 43 [V]
# name 18 = v0: Voltage 0
# name 19 = v1: Voltage 1
# name 20 = v2: Voltage 2
# name 21 = v3: Voltage 3
# name 22 = v4: Voltage 4
# name 23 = v5: Voltage 5
# name 24 = v6: Voltage 6
# name 25 = v7: Voltage 7
# name 26 = scan: Scan Count
# name 27 = nbf: Bottles Fired
# name 28 = flag:  0.000e+00
# interval = seconds: 0.0416667
# start_time = Jun 19 2018 13:35:21 [NMEA time, header]
# bad_flag = -9.990e-29
*END*
[from data line 151]
     19.561     19.451      13.63    27.2967    27.2940   5.545805   5.545877    34.9759    34.9784     3.9710     0.3869 7.0291e-04     0.6234     0.3655     0.2203    91.2683    94.6414     2.8474     4.3150     4.4444     2.8474     0.2869     0.0928     0.0806     0.6813     0.0000       5781          4  0.000e+00
     19.597     19.488      13.63    27.2972    27.2938   5.545774   5.545816    34.9752    34.9781     3.9704     0.3869 7.0291e-04     0.6234     0.3655     0.2203    91.2683    94.6414     2.8474     4.3150     4.4444     2.8474     0.2869     0.0928     0.0806     0.6813     0.0000       5782          4  0.000e+00
     19.612     19.502      13.63    27.2966    27.2937   5.545737   5.545869    34.9755    34.9786     3.9675     0.3869 7.0291e-04     0.6723     0.3655     0.2203    91.2683    94.6414     2.8462     4.3150     4.4444     2.8462     0.2869     0.0928     0.0818     0.6813     0.0000       5783          4  0.000e+00
     19.612     19.502      13.63    27.2961    27.2937   5.545684   5.545831    34.9754    34.9783     3.9688     0.3869 7.0291e-04     0.6234     0.3655     0.2203    91.2683    94.6414     2.8474     4.3150     4.4444     2.8474     0.2869     0.0928     0.0806     0.6813     0.0000       5784          4  0.000e+00
     19.612     19.502      13.63    27.2958    27.2933   5.545638   5.545770    34.9754    34.9782     3.9660     0.3869 7.0291e-04     0.6234     0.3655     0.2203    91.2683    94.6414     2.8462     4.3150     4.4444     2.8462     0.2869     0.0928     0.0806     0.6813     0.0000       5785          4  0.000e+00
     19.612     19.502      13.63    27.2951    27.2933   5.545600   5.545793    34.9756    34.9783     3.9653     0.3869 7.0291e-04     0.6723     0.3655     0.2203    91.2683    94.6414     2.8462     4.3150     4.4444     2.8462     0.2869     0.0928     0.0818     0.6813     0.0000       5786          4  0.000e+00
     19.597     19.488      13.63    27.2945    27.2933   5.545585   5.545808    34.9759    34.9784     3.9646     0.4053 7.0291e-04     0.6234     0.3655     0.2203    91.2683    94.6414     2.8462     4.3150     4.4444     2.8462     0.2869     0.0940     0.0806     0.6813     0.0000       5787          4  0.000e+00
     19.612     19.502      13.63    27.2949    27.2931   5.545555   5.545770    34.9754    34.9783     3.9639     0.4053 6.9931e-04     0.6723     0.3655     0.2203    91.2683    94.6414     2.8462     4.3150     4.4444     2.8462     0.2857     0.0940     0.0818     0.6813     0.0000       5788          4  0.000e+00
     19.561     19.451      13.63    27.2949    27.2929   5.545608   5.545693    34.9758    34.9779     3.9609     0.4053 7.0291e-04     0.7211     0.3655     0.2203    91.2683    94.6414     2.8450     4.3150     4.4444     2.8449     0.2869     0.0940     0.0830     0.6813     0.0000       5789          4  0.000e+00
     19.612     19.502      13.63    27.2952    27.2926   5.545631   5.545639    34.9757    34.9778     3.9601     0.4053 7.0291e-04     0.7211     0.3643     0.2203    91.2941    94.6414     2.8450     4.3162     4.4444     2.8449     0.2869     0.0940     0.0830     0.6813     0.0000       5790          4  0.000e+00
     19.612     19.502      13.63    27.2957    27.2922   5.545668   5.545593    34.9757    34.9777     3.9595     0.4053 7.0291e-04     0.6723     0.3632     0.2203    91.3200    94.6414     2.8450     4.3175     4.4444     2.8449     0.2869     0.0940     0.0818     0.6813     0.0000       5791          4  0.000e+00
     19.597     19.488      13.63    27.2954    27.2920   5.545676   5.545478    34.9759    34.9770     3.9587     0.4053 6.9931e-04     0.6723     0.3632     0.2203    91.3200    94.6414     2.8450     4.3175     4.4444     2.8449     0.2857     0.0940     0.0818     0.6813     0.0000       5792          4  0.000e+00
     19.612     19.502      13.63    27.2954    27.2920   5.545608   5.545585    34.9754    34.9778     3.9580     0.4053 7.0291e-04     0.7211     0.3632     0.2203    91.3200    94.6414     2.8450     4.3175     4.4444     2.8449     0.2869     0.0940     0.0830     0.6813     0.0000       5793          4  0.000e+00
     19.612     19.502      13.63    27.2951    27.2917   5.545547   5.545678    34.9752    34.9787     3.9553     0.4053 7.0291e-04     0.7211     0.3632     0.2203    91.3200    94.6414     2.8438     4.3175     4.4444     2.8437     0.2869     0.0940     0.0830     0.6813     0.0000       5794          4  0.000e+00
     19.612     19.502      13.63    27.2949    27.2922   5.545434   5.545708    34.9746    34.9785     3.9545     0.4053 6.9931e-04     0.6723     0.3632     0.2203    91.3200    94.6414     2.8438     4.3175     4.4444     2.8437     0.2857     0.0940     0.0818     0.6813     0.0000       5795          4  0.000e+00
     19.612     19.502      13.63    27.2943    27.2920   5.545336   5.545716    34.9743    34.9787     3.9539     0.4053 7.0291e-04     0.7211     0.3632     0.2203    91.3200    94.6414     2.8438     4.3175     4.4444     2.8437     0.2869     0.0940     0.0830     0.6813     0.0000       5796          4  0.000e+00
     19.597     19.488      13.63    27.2942    27.2924   5.545381   5.545677    34.9747    34.9782     3.9534     0.4053 7.0291e-04     0.6723     0.3643     0.2203    91.2941    94.6414     2.8438     4.3162     4.4444     2.8437     0.2869     0.0940     0.0818     0.6813     0.0000       5797          4  0.000e+00
     19.612     19.502      13.63    27.2938    27.2924   5.545336   5.545701    34.9747    34.9784     3.9527     0.4053 6.9931e-04     0.6723     0.3632     0.2203    91.3200    94.6414     2.8438     4.3175     4.4444     2.8437     0.2857     0.0940     0.0818     0.6813     0.0000       5798          4  0.000e+00
     19.612     19.502      13.63    27.2936    27.2924   5.545313   5.545677    34.9747    34.9782     3.9523     0.4053 6.9931e-04     0.7211     0.3643     0.2203    91.2941    94.6414     2.8438     4.3162     4.4444     2.8437     0.2857     0.0940     0.0830     0.6813     0.0000       5799          4  0.000e+00
     19.612     19.502      13.63    27.2929    27.2926   5.545343   5.545701    34.9754    34.9782     3.9517     0.4053 7.0291e-04     0.7211     0.3632     0.2203    91.3200    94.6414     2.8438     4.3175     4.4444     2.8437     0.2869     0.0940     0.0830     0.6813     0.0000       5800          4  0.000e+00
     19.612     19.502      13.63    27.2927    27.2924   5.545290   5.545677    34.9752    34.9782     3.9511     0.4053 7.0291e-04     0.7211     0.3632     0.2214    91.3200    94.6154     2.8438     4.3175     4.4432     2.8437     0.2869     0.0940     0.0830     0.6813     0.0000       5801          4  0.000e+00
     19.561     19.451      13.63    27.2925    27.2924   5.545336   5.545639    34.9756    34.9779     3.9483     0.4053 7.0651e-04     0.7211     0.3632     0.2247    91.3200    94.5374     2.8425     4.3175     4.4396     2.8425     0.2882     0.0940     0.0830     0.6813     0.0000       5802          4  0.000e+00
     19.648     19.538      13.63    27.2924    27.2922   5.545358   5.545631    34.9759    34.9780     3.9477     0.4053 7.1731e-04     0.7211     0.3643     0.2258    91.2941    94.5114     2.8425     4.3162     4.4383     2.8425     0.2918     0.0940     0.0830     0.6813     0.0000       5803          4  0.000e+00
     19.612     19.502      13.63    27.2925    27.2918   5.545320   5.545562    34.9755    34.9778     3.9493     0.4053 7.1731e-04     0.7211     0.3643     0.2258    91.2941    94.5114     2.8438     4.3162     4.4383     2.8437     0.2918     0.0940     0.0830     0.6813     0.0000       5804          4  0.000e+00
     19.612     19.502      13.63    27.2925    27.2915   5.545245   5.545562    34.9750    34.9781     3.9467     0.4053 7.1731e-04     0.7211     0.3632     0.2258    91.3200    94.5114     2.8425     4.3175     4.4383     2.8425     0.2918     0.0940     0.0830     0.6813     0.0000       5805          4  0.000e+00
     19.612     19.502      13.63    27.2922    27.2911   5.545222   5.545616    34.9751    34.9787     3.9462     0.4053 7.1731e-04     0.7211     0.3632     0.2258    91.3200    94.5114     2.8425     4.3175     4.4383     2.8425     0.2918     0.0940     0.0830     0.6813     0.0000       5806          4  0.000e+00
     19.612     19.502      13.63    27.2924    27.2909   5.545222   5.545562    34.9750    34.9785     3.9482     0.4053 7.1371e-04     0.6723     0.3632     0.2258    91.3200    94.5114     2.8438     4.3175     4.4383     2.8437     0.2906     0.0940     0.0818     0.6813     0.0000       5807          4  0.000e+00
     19.597     19.487      13.63    27.2920    27.2909   5.545222   5.545539    34.9752    34.9783     3.9459     0.4053 7.1731e-04     0.7211     0.3643     0.2258    91.2941    94.5114     2.8425     4.3162     4.4383     2.8425     0.2918     0.0940     0.0830     0.6813     0.0000       5808          4  0.000e+00
     19.612     19.502      13.63    27.2920    27.2904   5.545222   5.545501    34.9752    34.9784     3.9458     0.4236 7.2090e-04     0.7211     0.3632     0.2258    91.3200    94.5114     2.8425     4.3175     4.4383     2.8425     0.2930     0.0952     0.0830     0.6813     0.0000       5809          4  0.000e+00
     19.612     19.502      13.63    27.2915    27.2902   5.545192   5.545524    34.9754    34.9787     3.9482     0.4053 7.1371e-04     0.7211     0.3598     0.2258    91.3975    94.5114     2.8438     4.3211     4.4383     2.8437     0.2906     0.0940     0.0830     0.6813     0.0000       5810          4  0.000e+00
     19.670     19.560      13.63    27.2915    27.2902   5.545177   5.545501    34.9753    34.9785     3.9464     0.4236 7.1731e-04     0.7211     0.3587     0.2258    91.4234    94.5114     2.8425     4.3223     4.4383     2.8425     0.2918     0.0952     0.0830     0.6813     0.0000       5811          4  0.000e+00
     19.561     19.451      13.63    27.2911    27.2900   5.545139   5.545424    34.9753    34.9782     3.9466     0.4053 7.1731e-04     0.6723     0.3575     0.2258    91.4492    94.5114     2.8425     4.3236     4.4383     2.8425     0.2918     0.0940     0.0818     0.6813     0.0000       5812          4  0.000e+00
     19.648     19.538      13.63    27.2909    27.2893   5.545101   5.545363    34.9752    34.9782     3.9493     0.4236 7.1731e-04     0.6723     0.3587     0.2258    91.4234    94.5114     2.8438     4.3223     4.4383     2.8437     0.2918     0.0952     0.0818     0.6813     0.0000       5813          4  0.000e+00
     19.612     19.502      13.63    27.2904    27.2887   5.545018   5.545217    34.9750    34.9776     3.9499     0.4236 7.1371e-04     0.6234     0.3575     0.2258    91.4492    94.5114     2.8438     4.3236     4.4383     2.8437     0.2906     0.0952     0.0806     0.6813     0.0000       5814          4  0.000e+00
     19.612     19.502      13.63    27.2902    27.2884   5.544995   5.545271    34.9750    34.9783     3.9483     0.4236 7.1371e-04     0.6234     0.3587     0.2258    91.4234    94.5114     2.8425     4.3223     4.4383     2.8425     0.2906     0.0952     0.0806     0.6813     0.0000       5815          4  0.000e+00
     19.612     19.502      13.63    27.2893    27.2880   5.544957   5.545271    34.9754    34.9786     3.9488     0.4236 7.2090e-04     0.6234     0.3575     0.2247    91.4492    94.5374     2.8425     4.3236     4.4396     2.8425     0.2930     0.0952     0.0806     0.6813     0.0000       5816          4  0.000e+00
     19.612     19.502      13.63    27.2893    27.2880   5.544950   5.545294    34.9753    34.9787     3.9517     0.4236 7.1731e-04     0.6723     0.3587     0.2258    91.4234    94.5114     2.8438     4.3223     4.4383     2.8437     0.2918     0.0952     0.0818     0.6813     0.0000       5817          4  0.000e+00
     19.597     19.487      13.63    27.2891    27.2886   5.544950   5.545332    34.9755    34.9786     3.9526     0.4236 7.1731e-04     0.6234     0.3587     0.2258    91.4234    94.5114     2.8438     4.3223     4.4383     2.8437     0.2918     0.0952     0.0806     0.6813     0.0000       5818          4  0.000e+00
     19.612     19.502      13.63    27.2893    27.2880   5.544980   5.545209    34.9756    34.9781     3.9533     0.4236 7.1371e-04     0.6234     0.3587     0.2247    91.4234    94.5374     2.8438     4.3223     4.4396     2.8437     0.2906     0.0952     0.0806     0.6813     0.0000       5819          4  0.000e+00
     19.612     19.502      13.63    27.2895    27.2878   5.544965   5.545202    34.9753    34.9782     3.9565     0.4419 7.1731e-04     0.6234     0.3575     0.2258    91.4492    94.5114     2.8450     4.3236     4.4383     2.8449     0.2918     0.0965     0.0806     0.6813     0.0000       5820          4  0.000e+00
     19.670     19.560      13.63    27.2889    27.2877   5.544950   5.545148    34.9756    34.9779     3.9576     0.4236 7.1371e-04     0.6723     0.3575     0.2258    91.4492    94.5114     2.8450     4.3236     4.4383     2.8449     0.2906     0.0952     0.0818     0.6813     0.0000       5821          4  0.000e+00
     19.561     19.451      13.63    27.2893    27.2875   5.544950   5.545155    34.9754    34.9782     3.9586     0.4236 7.1731e-04     0.6723     0.3587     0.2236    91.4234    94.5634     2.8450     4.3223     4.4408     2.8449     0.2918     0.0952     0.0818     0.6813     0.0000       5822          4  0.000e+00
     19.648     19.538      13.63    27.2889    27.2871   5.544980   5.545102    34.9758    34.9780     3.9595     0.4236 7.1731e-04     0.6234     0.3575     0.2225    91.4492    94.5894     2.8450     4.3236     4.4420     2.8449     0.2918     0.0952     0.0806     0.6813     0.0000       5823          4  0.000e+00
     19.612     19.502      13.63    27.2889    27.2869   5.544957   5.545148    34.9757    34.9785     3.9627     0.4236 7.1731e-04     0.6234     0.3587     0.2225    91.4234    94.5894     2.8462     4.3223     4.4420     2.8462     0.2918     0.0952     0.0806     0.6813     0.0000       5824          4  0.000e+00
     19.612     19.502      13.63    27.2889    27.2868   5.544988   5.545132    34.9759    34.9785     3.9638     0.4236 7.1731e-04     0.6723     0.3575     0.2225    91.4492    94.5894     2.8462     4.3236     4.4420     2.8462     0.2918     0.0952     0.0818     0.6813     0.0000       5825          4  0.000e+00
     10.648     10.589      22.17    27.3785    27.3790   5.554843   5.555196    34.9814    34.9835     3.9764     0.3137 8.3609e-04     0.6723     0.3553     0.2126    91.5009    94.8235     2.8596     4.3260     4.4530     2.8596     0.3321     0.0879     0.0818     1.1087     0.0000       6818          5  0.000e+00
     10.706     10.647      22.17    27.3785    27.3786   5.554843   5.555165    34.9813    34.9836     3.9761     0.3137 8.4329e-04     0.6234     0.3553     0.2126    91.5009    94.8235     2.8596     4.3260     4.4530     2.8596     0.3346     0.0879     0.0806     1.1087     0.0000       6819          5  0.000e+00
     10.626     10.567      22.17    27.3785    27.3783   5.554843   5.555119    34.9814    34.9835     3.9758     0.3137 8.3969e-04     0.6723     0.3553     0.2126    91.5009    94.8235     2.8596     4.3260     4.4530     2.8596     0.3333     0.0879     0.0818     1.1087     0.0000       6820          5  0.000e+00
     10.706     10.647      22.17    27.3787    27.3784   5.554806   5.555135    34.9809    34.9835     3.9758     0.3137 8.4329e-04     0.6234     0.3553     0.2126    91.5009    94.8235     2.8596     4.3260     4.4530     2.8596     0.3346     0.0879     0.0806     1.1087     0.0000       6821          5  0.000e+00
