public/post/ctd18/stn006.cnv
* Sea-Bird SBE 9 Data File:
* FileName = C:\CTD Data\AGU032_IIOE2_June2018\stn006.hex
* Software Version Seasave V 7.22.5
* Temperature SN = 5966
* Conductivity SN = 4551
* Number of Bytes Per Scan = 40
* Number of Voltage Words = 5
* Number of Scans Averaged by the Deck Unit = 1
* NMEA Latitude = 06 08.13 S
* NMEA Longitude = 038 59.54 E
* NMEA UTC (Time) = Jun 19 2018 09:54:46
* NMEA baud rate = 4800
** Ship: Agulhas II
** Cruise: V032_IIOE2
** Ship Station: AM00887
** Grid number: A-6
** Latitude: 06 08.133 S
** Longitude: 38 59.549 E
** Bottom depth (m): 33.9m
** Operator: Gavin L.
# nquan = 27
# nvalues = 6984                                  
# units = specified
# name 0 = prDM: Pressure, Digiquartz [db]
# name 1 = depSM: Depth [salt water, m]
# name 2 = altM: Altimeter [m]
# name 3 = t090C: Temperature [ITS-90, deg C]
# name 4 = t190C: Temperature, 2 [ITS-90, deg C]
# name 5 = c0S/m: Conductivity [S/m]
# name 6 = c1S/m: Conductivity, 2 [S/m]
# name 7 = sal00: Salinity, Practical [PSU]
# name 8 = sal11: Salinity, Practical, 2 [PSU]
# name 9 = sbeox0ML/L: Oxygen, SBE 43 [ml/l]
# name 10 = flECO-AFL: Fluorescence, WET Labs ECO-AFL/FL [mg/m^3]
# name 11 = turbWETbb0: Turbidity, WET Labs ECO BB [m^-1/sr]
# name 12 = turbWETntu0: Turbidity, WET Labs ECO [NTU]
# name 13 = CStarAt0: Beam Attenuation, WET Labs C-Star [1/m]
# name 14 = CStarAt1: Beam Attenuation, WET Labs C-Star, 2 [1/m]
# name 15 = CStarTr0: Beam Transmission, WET Labs C-Star [%]
# name 16 = CStarTr1: Beam Transmission, WET Labs C-Star, 2 [%]
# name 17 = sbeox0V: Oxygen raw, SBE 43 [V]
# name 18 = v0: Voltage 0
# name 19 = v1: Voltage 1
# name 20 = v2: Voltage 2
# name 21 = v3: Voltage 3
# name 22 = v4: Voltage 4
# name 23 = v5: Voltage 5
# name 24 = v6: Voltage 6
# name 25 = v7: Voltage 7
# name 26 = flag:  0.000e+00
# span 0 =     -1.128,     27.207                 
# span 1 =     -1.122,     27.054                 
# span 2 =       5.45,     100.00                 
# span 3 =    26.1706,    27.3317                 
# span 4 =    26.0561,    27.3308                 
# span 5 =   0.701373,   5.547234                 
# span 6 =   0.576817,   5.547479                 
# span 7 =     3.7018,    34.9701                 
# span 8 =     3.0169,    34.9726                 
# span 9 =     3.9222,     4.7760                 
# span 10 =     0.1122,    73.9950                
# span 11 = 6.8851e-04, 5.1087e-03                
# span 12 =     0.5746,    44.2864                
# span 13 =     0.2892,     1.4448                
# span 14 =    -0.1940,     1.2589                
# span 15 =    69.6837,    93.0260                
# span 16 =    72.9993,   104.9683                
# span 17 =     2.8083,     2.8608                
# span 18 =     3.2955,     4.3980                
# span 19 =     3.4286,     4.9292                
# span 20 =     2.8083,     2.8608                
# span 21 =     0.2821,     1.7814                
# span 22 =     0.0745,     5.0000                
# span 23 =     0.0794,     1.1722                
# span 24 =     0.2723,     5.0000                
# span 25 =     0.0000,     0.0000                
# span 26 = 0.0000e+00, 0.0000e+00                
# interval = seconds: 0.0416667
# start_time = Jun 19 2018 09:54:46 [NMEA time, header]
# bad_flag = -9.990e-29
*END*
[from data line 3061]
     26.666     26.516       5.59    27.3052    27.3046   5.546126   5.546349    34.9696    34.9717     3.9526     0.4785 9.2248e-04     0.7700     0.3711     0.2280    91.1390    94.4594     2.8327     4.3089     4.4359     2.8327     0.3614     0.0989     0.0842     0.2796     0.0000  0.000e+00
     26.717     26.567       5.59    27.3053    27.3047   5.546126   5.546364    34.9696    34.9717     3.9529     0.4785 9.2248e-04     0.7700     0.3711     0.2280    91.1390    94.4594     2.8327     4.3089     4.4359     2.8327     0.3614     0.0989     0.0842     0.2796     0.0000  0.000e+00
     26.717     26.567       5.59    27.3052    27.3048   5.546088   5.546364    34.9693    34.9716     3.9532     0.4785 9.2248e-04     0.7211     0.3711     0.2280    91.1390    94.4594     2.8327     4.3089     4.4359     2.8327     0.3614     0.0989     0.0830     0.2796     0.0000  0.000e+00
     26.666     26.516       5.62    27.3054    27.3044   5.546126   5.546380    34.9695    34.9721     3.9534     0.4785 9.2248e-04     0.7211     0.3711     0.2280    91.1390    94.4594     2.8327     4.3089     4.4359     2.8327     0.3614     0.0989     0.0830     0.2808     0.0000  0.000e+00
     26.666     26.516       5.64    27.3053    27.3046   5.546065   5.546295    34.9691    34.9713     3.9537     0.4785 9.2248e-04     0.7211     0.3711     0.2280    91.1390    94.4594     2.8327     4.3089     4.4359     2.8327     0.3614     0.0989     0.0830     0.2821     0.0000  0.000e+00
     26.666     26.516       5.64    27.3052    27.3046   5.546081   5.546303    34.9693    34.9714     3.9540     0.4785 9.2248e-04     0.7211     0.3711     0.2280    91.1390    94.4594     2.8327     4.3089     4.4359     2.8327     0.3614     0.0989     0.0830     0.2821     0.0000  0.000e+00
     26.666     26.516       5.64    27.3052    27.3046   5.546050   5.546349    34.9691    34.9717     3.9542     0.4968 9.2248e-04     0.6723     0.3711     0.2291    91.1390    94.4333     2.8327     4.3089     4.4347     2.8327     0.3614     0.1001     0.0818     0.2821     0.0000  0.000e+00
     26.666     26.516       5.64    27.3053    27.3046   5.546065   5.546364    34.9691    34.9718     3.9544     0.4968 9.2248e-04     0.6723     0.3711     0.2302    91.1390    94.4073     2.8327     4.3089     4.4335     2.8327     0.3614     0.1001     0.0818     0.2821     0.0000  0.000e+00
     26.608     26.458       5.67    27.3052    27.3048   5.546058   5.546364    34.9692    34.9717     3.9546     0.4785 9.2248e-04     0.7211     0.3711     0.2302    91.1390    94.4073     2.8327     4.3089     4.4335     2.8327     0.3614     0.0989     0.0830     0.2833     0.0000  0.000e+00
     26.608     26.458       5.67    27.3052    27.3044   5.546073   5.546364    34.9693    34.9720     3.9546     0.4785 9.2248e-04     0.6723     0.3711     0.2302    91.1390    94.4073     2.8327     4.3089     4.4335     2.8327     0.3614     0.0989     0.0818     0.2833     0.0000  0.000e+00
     26.608     26.458       5.67    27.3053    27.3046   5.546058   5.546326    34.9691    34.9715     3.9546     0.4785 9.2248e-04     0.6723     0.3711     0.2302    91.1390    94.4073     2.8327     4.3089     4.4335     2.8327     0.3614     0.0989     0.0818     0.2833     0.0000  0.000e+00
     26.608     26.458       5.67    27.3054    27.3048   5.546103   5.546349    34.9694    34.9716     3.9546     0.4968 9.2608e-04     0.7211     0.3711     0.2302    91.1390    94.4073     2.8327     4.3089     4.4335     2.8327     0.3626     0.1001     0.0830     0.2833     0.0000  0.000e+00
     26.557     26.408       5.69    27.3054    27.3046   5.546088   5.546410    34.9693    34.9722     3.9545     0.4968 9.2248e-04     0.6723     0.3711     0.2302    91.1390    94.4073     2.8327     4.3089     4.4335     2.8327     0.3614     0.1001     0.0818     0.2845     0.0000  0.000e+00
     26.557     26.408       5.69    27.3053    27.3048   5.546058   5.546341    34.9691    34.9715     3.9544     0.4968 9.1528e-04     0.7211     0.3723     0.2302    91.1132    94.4073     2.8327     4.3077     4.4335     2.8327     0.3590     0.1001     0.0830     0.2845     0.0000  0.000e+00
     26.557     26.408       5.71    27.3055    27.3046   5.546073   5.546380    34.9690    34.9719     3.9543     0.4968 8.6848e-04     0.7211     0.3734     0.2302    91.0873    94.4073     2.8327     4.3065     4.4335     2.8327     0.3431     0.1001     0.0830     0.2857     0.0000  0.000e+00
     26.557     26.408       5.71    27.3054    27.3048   5.546088   5.546403    34.9693    34.9720     3.9542     0.4968 8.4329e-04     0.6723     0.3734     0.2302    91.0873    94.4073     2.8327     4.3065     4.4335     2.8327     0.3346     0.1001     0.0818     0.2857     0.0000  0.000e+00
     26.557     26.408       5.71    27.3053    27.3046   5.546081   5.546334    34.9693    34.9716     3.9564     0.4785 8.3969e-04     0.6723     0.3734     0.2302    91.0873    94.4073     2.8340     4.3065     4.4335     2.8339     0.3333     0.0989     0.0818     0.2857     0.0000  0.000e+00
     26.506     26.357       5.74    27.3054    27.3046   5.546081   5.546349    34.9692    34.9717     3.9564     0.4968 8.3969e-04     0.7211     0.3734     0.2302    91.0873    94.4073     2.8340     4.3065     4.4335     2.8339     0.3333     0.1001     0.0830     0.2869     0.0000  0.000e+00
     26.557     26.408       5.76    27.3054    27.3049   5.546126   5.546387    34.9695    34.9717     3.9563     0.4785 8.4329e-04     0.7211     0.3734     0.2302    91.0873    94.4073     2.8340     4.3065     4.4335     2.8339     0.3346     0.0989     0.0830     0.2882     0.0000  0.000e+00
     26.447     26.299       5.76    27.3055    27.3049   5.546126   5.546372    34.9694    34.9716     3.9560     0.4785 8.4329e-04     0.7211     0.3734     0.2291    91.0873    94.4333     2.8340     4.3065     4.4347     2.8339     0.3346     0.0989     0.0830     0.2882     0.0000  0.000e+00
     26.506     26.357       5.76    27.3057    27.3048   5.546126   5.546364    34.9693    34.9717     3.9580     0.4785 8.4329e-04     0.7211     0.3734     0.2291    91.0873    94.4333     2.8352     4.3065     4.4347     2.8352     0.3346     0.0989     0.0830     0.2882     0.0000  0.000e+00
     26.447     26.299       5.76    27.3055    27.3051   5.546133   5.546387    34.9695    34.9716     3.9579     0.4785 8.4329e-04     0.6723     0.3734     0.2302    91.0873    94.4073     2.8352     4.3065     4.4335     2.8352     0.3346     0.0989     0.0818     0.2882     0.0000  0.000e+00
     26.491     26.342       5.79    27.3055    27.3049   5.546126   5.546426    34.9694    34.9720     3.9578     0.4785 8.4329e-04     0.6723     0.3745     0.2302    91.0615    94.4073     2.8352     4.3053     4.4335     2.8352     0.3346     0.0989     0.0818     0.2894     0.0000  0.000e+00
     26.447     26.299       5.81    27.3057    27.3049   5.546103   5.546410    34.9692    34.9720     3.9576     0.4968 8.3969e-04     0.6723     0.3734     0.2302    91.0873    94.4073     2.8352     4.3065     4.4335     2.8352     0.3333     0.1001     0.0818     0.2906     0.0000  0.000e+00
     26.447     26.299       5.81    27.3057    27.3048   5.546149   5.546403    34.9695    34.9720     3.9599     0.4785 8.4329e-04     0.6723     0.3734     0.2302    91.0873    94.4073     2.8364     4.3065     4.4335     2.8364     0.3346     0.0989     0.0818     0.2906     0.0000  0.000e+00
     26.447     26.299       5.81    27.3057    27.3051   5.546103   5.546403    34.9691    34.9717     3.9598     0.4968 8.4329e-04     0.7211     0.3734     0.2302    91.0873    94.4073     2.8364     4.3065     4.4335     2.8364     0.3346     0.1001     0.0830     0.2906     0.0000  0.000e+00
     26.396     26.248       5.81    27.3058    27.3051   5.546126   5.546433    34.9693    34.9720     3.9599     0.4785 8.4689e-04     0.7211     0.3734     0.2302    91.0873    94.4073     2.8364     4.3065     4.4335     2.8364     0.3358     0.0989     0.0830     0.2906     0.0000  0.000e+00
     26.396     26.248       5.86    27.3055    27.3049   5.546164   5.546410    34.9697    34.9719     3.9600     0.4785 8.4329e-04     0.6723     0.3723     0.2313    91.1132    94.3813     2.8364     4.3077     4.4322     2.8364     0.3346     0.0989     0.0818     0.2930     0.0000  0.000e+00
     26.447     26.299       5.86    27.3057    27.3051   5.546149   5.546372    34.9695    34.9715     3.9600     0.4785 8.4329e-04     0.6723     0.3734     0.2324    91.0873    94.3553     2.8364     4.3065     4.4310     2.8364     0.3346     0.0989     0.0818     0.2930     0.0000  0.000e+00
     26.338     26.190       5.86    27.3058    27.3051   5.546164   5.546387    34.9695    34.9717     3.9602     0.4968 8.4329e-04     0.7211     0.3734     0.2324    91.0873    94.3553     2.8364     4.3065     4.4310     2.8364     0.3346     0.1001     0.0830     0.2930     0.0000  0.000e+00
     26.396     26.248       5.86    27.3057    27.3051   5.546103   5.546403    34.9692    34.9718     3.9604     0.4968 8.4329e-04     0.7211     0.3734     0.2324    91.0873    94.3553     2.8364     4.3065     4.4310     2.8364     0.3346     0.1001     0.0830     0.2930     0.0000  0.000e+00
     26.338     26.190       5.86    27.3057    27.3049   5.546156   5.546433    34.9695    34.9721     3.9605     0.4968 8.4329e-04     0.6723     0.3734     0.2324    91.0873    94.3553     2.8364     4.3065     4.4310     2.8364     0.3346     0.1001     0.0818     0.2930     0.0000  0.000e+00
     26.338     26.190       5.89    27.3058    27.3051   5.546141   5.546403    34.9694    34.9718     3.9631     0.5151 8.4329e-04     0.7211     0.3734     0.2324    91.0873    94.3553     2.8376     4.3065     4.4310     2.8376     0.3346     0.1013     0.0830     0.2943     0.0000  0.000e+00
     26.338     26.190       5.91    27.3057    27.3051   5.546133   5.546395    34.9694    34.9717     3.9636     0.4968 8.4329e-04     0.7211     0.3757     0.2324    91.0356    94.3553     2.8376     4.3040     4.4310     2.8376     0.3346     0.1001     0.0830     0.2955     0.0000  0.000e+00
     26.338     26.190       5.91    27.3059    27.3051   5.546126   5.546403    34.9692    34.9718     3.9640     0.4968 8.4329e-04     0.7211     0.3757     0.2324    91.0356    94.3553     2.8376     4.3040     4.4310     2.8376     0.3346     0.1001     0.0830     0.2955     0.0000  0.000e+00
     26.287     26.140       5.89    27.3058    27.3051   5.546156   5.546403    34.9695    34.9718     3.9621     0.4968 8.3969e-04     0.7211     0.3757     0.2324    91.0356    94.3553     2.8364     4.3040     4.4310     2.8364     0.3333     0.1001     0.0830     0.2943     0.0000  0.000e+00
     26.287     26.140       5.91    27.3057    27.3051   5.546148   5.546372    34.9695    34.9716     3.9623     0.5151 8.3969e-04     0.6723     0.3757     0.2324    91.0356    94.3553     2.8364     4.3040     4.4310     2.8364     0.3333     0.1013     0.0818     0.2955     0.0000  0.000e+00
     26.287     26.140       5.96    27.3059    27.3049   5.546164   5.546426    34.9695    34.9721     3.9647     0.4968 8.4329e-04     0.7211     0.3757     0.2324    91.0356    94.3553     2.8376     4.3040     4.4310     2.8376     0.3346     0.1001     0.0830     0.2979     0.0000  0.000e+00
     26.236     26.089       5.96    27.3058    27.3049   5.546201   5.546410    34.9698    34.9720     3.9628     0.4968 8.4329e-04     0.7211     0.3757     0.2324    91.0356    94.3553     2.8364     4.3040     4.4310     2.8364     0.3346     0.1001     0.0830     0.2979     0.0000  0.000e+00
     26.287     26.140       5.96    27.3059    27.3051   5.546156   5.546372    34.9694    34.9716     3.9629     0.5151 8.6489e-04     0.6723     0.3757     0.2324    91.0356    94.3553     2.8364     4.3040     4.4310     2.8364     0.3419     0.1013     0.0818     0.2979     0.0000  0.000e+00
     26.236     26.089       5.96    27.3059    27.3049   5.546164   5.546364    34.9695    34.9716     3.9629     0.4968 1.0341e-03     0.7211     0.3757     0.2324    91.0356    94.3553     2.8364     4.3040     4.4310     2.8364     0.3993     0.1001     0.0830     0.2979     0.0000  0.000e+00
     26.178     26.031       5.98    27.3058    27.3051   5.546148   5.546426    34.9695    34.9720     3.9630     0.4968 1.1169e-03     0.7211     0.3757     0.2324    91.0356    94.3553     2.8364     4.3040     4.4310     2.8364     0.4274     0.1001     0.0830     0.2991     0.0000  0.000e+00
     26.236     26.089       6.03    27.3059    27.3051   5.546164   5.546433    34.9695    34.9720     3.9630     0.5151 1.1276e-03     0.6723     0.3757     0.2324    91.0356    94.3553     2.8364     4.3040     4.4310     2.8364     0.4310     0.1013     0.0818     0.3016     0.0000  0.000e+00
     26.178     26.031       6.03    27.3059    27.3051   5.546171   5.546410    34.9696    34.9719     3.9630     0.4968 1.1205e-03     0.6723     0.3757     0.2324    91.0356    94.3553     2.8364     4.3040     4.4310     2.8364     0.4286     0.1001     0.0818     0.3016     0.0000  0.000e+00
     26.178     26.031       6.03    27.3059    27.3051   5.546148   5.546433    34.9694    34.9721     3.9606     0.4968 1.1133e-03     0.7211     0.3757     0.2324    91.0356    94.3553     2.8352     4.3040     4.4310     2.8352     0.4261     0.1001     0.0830     0.3016     0.0000  0.000e+00
     26.171     26.024       6.03    27.3058    27.3049   5.546164   5.546380    34.9696    34.9718     3.9604     0.5151 1.1169e-03     0.7211     0.3757     0.2324    91.0356    94.3553     2.8352     4.3040     4.4310     2.8352     0.4274     0.1013     0.0830     0.3016     0.0000  0.000e+00
     26.178     26.031       6.06    27.3057    27.3051   5.546111   5.546364    34.9693    34.9715     3.9601     0.4968 1.1169e-03     0.7211     0.3757     0.2324    91.0356    94.3553     2.8352     4.3040     4.4310     2.8352     0.4274     0.1001     0.0830     0.3028     0.0000  0.000e+00
     26.127     25.980       6.08    27.3059    27.3049   5.546186   5.546387    34.9697    34.9718     3.9575     0.5151 1.1169e-03     0.6723     0.3757     0.2291    91.0356    94.4333     2.8340     4.3040     4.4347     2.8339     0.4274     0.1013     0.0818     0.3040     0.0000  0.000e+00
     26.127     25.980       6.08    27.3058    27.3051   5.546111   5.546433    34.9692    34.9721     3.9570     0.5151 1.1205e-03     0.7211     0.3757     0.2269    91.0356    94.4854     2.8340     4.3040     4.4371     2.8339     0.4286     0.1013     0.0830     0.3040     0.0000  0.000e+00
     26.127     25.980       6.08    27.3059    27.3051   5.546156   5.546410    34.9695    34.9719     3.9565     0.4968 1.1169e-03     0.7211     0.3757     0.2269    91.0356    94.4854     2.8340     4.3040     4.4371     2.8339     0.4274     0.1001     0.0830     0.3040     0.0000  0.000e+00
     26.069     25.922       6.08    27.3057    27.3049   5.546141   5.546372    34.9695    34.9717     3.9559     0.5151 1.1169e-03     0.6723     0.3757     0.2258    91.0356    94.5114     2.8340     4.3040     4.4383     2.8339     0.4274     0.1013     0.0818     0.3040     0.0000  0.000e+00
     26.069     25.922       6.11    27.3057    27.3049   5.546103   5.546387    34.9693    34.9719     3.9554     0.5151 1.1169e-03     0.6723     0.3757     0.2269    91.0356    94.4854     2.8340     4.3040     4.4371     2.8339     0.4274     0.1013     0.0818     0.3053     0.0000  0.000e+00
     26.069     25.922       6.13    27.3059    27.3049   5.546148   5.546387    34.9694    34.9719     3.9548     0.5151 1.1169e-03     0.7211     0.3757     0.2269    91.0356    94.4854     2.8340     4.3040     4.4371     2.8339     0.4274     0.1013     0.0830     0.3065     0.0000  0.000e+00
