public/post/ctd18/stn007.cnv
* Sea-Bird SBE 9 Data File:
* FileName = C:\CTD Data\AGU032_IIOE2_June2018\stn007.hex
* Software Version Seasave V 7.22.5
* Temperature SN = 5966
* Conductivity SN = 4551
* Number of Bytes Per Scan = 40
* Number of Voltage Words = 5
* Number of Scans Averaged by the Deck Unit = 1
* NMEA Latitude = 06 15.57 S
* NMEA Longitude = 039 00.39 E
* NMEA UTC (Time) = Jun 19 2018 13:35:21
* NMEA baud rate = 4800
** Ship: Agulhas II
** Cruise: V032_IIOE2
** Ship Station: AM00888
** Grid number: A-7
** Latitude: 06 15.566 S
** Longitude: 039 00.390 E
** Bottom depth (m): 33.5m
** Operator: Florence and Bornwell
# nquan = 27
# nvalues = 8925                                  
# units = specified
# name 0 = prDM: Pressure, Digiquartz [db]
# name 1 = depSM: Depth [salt water, m]
# name 2 = altM: Altimeter [m]
# name 3 = t090C: Temperature [ITS-90, deg C]
# name 4 = t190C: Temperature, 2 [ITS-90, deg C]
# name 5 = c0S/m: Conductivity [S/m]
# name 6 = c1S/m: Conductivity, 2 [S/m]
# name 7 = sal00: Salinity, Practical [PSU]
# name 8 = sal11: Salinity, Practical, 2 [PSU]
# name 9 = sbeox0ML/L: Oxygen, SBE 43 [ml/l]
# name 10 = flECO-AFL: Fluorescence, WET Labs ECO-AFL/FL [mg/m^3]
# name 11 = turbWETbb0: Turbidity, WET Labs ECO BB [m^-1/sr]
# name 12 = turbWETntu0: Turbidity, WET Labs ECO [NTU]
# name 13 = CStarAt0: Beam Attenuation, WET Labs C-Star [1/m]
# name 14 = CStarAt1: Beam Attenuation, WET Labs C-Star, 2 [1/m]
# name 15 = CStarTr0: Beam Transmission, WET Labs C-Star [%]
# name 16 = CStarTr1: Beam Transmission, WET Labs C-Star, 2 [%]
# name 17 = sbeox0V: Oxygen raw, SBE 43 [V]
# name 18 = v0: Voltage 0
# name 19 = v1: Voltage 1
# name 20 = v2: Voltage 2
# name 21 = v3: Voltage 3
# name 22 = v4: Voltage 4
# name 23 = v5: Voltage 5
# name 24 = v6: Voltage 6
# name 25 = v7: Voltage 7
# name 26 = flag:  0.000e+00
# span 0 =     -1.149,     27.885                 
# span 1 =     -1.142,     27.728                 
# span 2 =       5.79,     100.00                 
# span 3 =    26.4453,    27.5191                 
# span 4 =    26.2357,    27.5158                 
# span 5 =   0.644485,   5.569335                 
# span 6 =  -0.156395,   5.569411                 
# span 7 =     3.3633,    35.7506                 
# span 8 =     0.0000,    35.0024                 
# span 9 =     3.8135,     4.8188                 
# span 10 =    -0.0343,     0.7899                
# span 11 = 6.6331e-04, 7.6752e-03                
# span 12 =    -1.2813,    40.2327                
# span 13 =     0.2132,     1.0482                
# span 14 =    -0.2324,     2.2648                
# span 15 =    76.9475,    94.8097                
# span 16 =    56.7677,   105.9828                
# span 17 =     2.7791,     2.8731                
# span 18 =     3.6386,     4.4823                
# span 19 =     2.6667,     4.9768                
# span 20 =     2.7790,     2.8730                
# span 21 =     0.2735,     2.6520                
# span 22 =     0.0647,     0.1197                
# span 23 =     0.0330,     1.0708                
# span 24 =     0.2894,     5.0000                
# span 25 =     0.0000,     0.0000                
# span 26 = 0.0000e+00, 0.0000e+00                
# interval = seconds: 0.0416667
# start_time = Jun 19 2018 13:35:21 [NMEA time, header]
# bad_flag = -9.990e-29
*END*
[from data line 7732]
      5.870      5.837      26.64    27.3773    27.3775   5.554735   5.555055    34.9830    34.9851     3.9916     0.3137 6.9211e-04     0.6234     0.3553     0.2115    91.5009    94.8495     2.8609     4.3260     4.4542     2.8608     0.2833     0.0879     0.0806     1.3321     0.0000  0.000e+00
      5.790      5.758      26.64    27.3773    27.3777   5.554780   5.555063    34.9833    34.9850     3.9911     0.3137 6.9211e-04     0.6234     0.3553     0.2115    91.5009    94.8495     2.8609     4.3260     4.4542     2.8608     0.2833     0.0879     0.0806     1.3321     0.0000  0.000e+00
      5.870      5.837      26.69    27.3776    27.3777   5.554826   5.555124    34.9833    34.9854     3.9905     0.3137 6.9211e-04     0.5746     0.3553     0.2115    91.5009    94.8495     2.8609     4.3260     4.4542     2.8608     0.2833     0.0879     0.0794     1.3346     0.0000  0.000e+00
      5.790      5.758      26.69    27.3778    27.3777   5.554803   5.555186    34.9831    34.9859     3.9873     0.3137 6.9211e-04     0.5746     0.3553     0.2115    91.5009    94.8495     2.8596     4.3260     4.4542     2.8596     0.2833     0.0879     0.0794     1.3346     0.0000  0.000e+00
      5.710      5.678      26.69    27.3780    27.3779   5.554864   5.555163    34.9834    34.9856     3.9885     0.3137 6.8851e-04     0.5746     0.3553     0.2115    91.5009    94.8495     2.8609     4.3260     4.4542     2.8608     0.2821     0.0879     0.0794     1.3346     0.0000  0.000e+00
      5.790      5.758      26.69    27.3782    27.3781   5.554886   5.555186    34.9834    34.9856     3.9832     0.3137 6.9211e-04     0.6234     0.3553     0.2115    91.5009    94.8495     2.8584     4.3260     4.4542     2.8584     0.2833     0.0879     0.0806     1.3346     0.0000  0.000e+00
      5.761      5.729      26.72    27.3785    27.3783   5.554886   5.555194    34.9831    34.9855     3.9864     0.3137 6.9211e-04     0.5746     0.3553     0.2115    91.5009    94.8495     2.8609     4.3260     4.4542     2.8608     0.2833     0.0879     0.0794     1.3358     0.0000  0.000e+00
      5.681      5.649      26.79    27.3787    27.3783   5.554916   5.555194    34.9832    34.9855     3.9810     0.3137 6.9211e-04     0.5746     0.3553     0.2126    91.5009    94.8235     2.8584     4.3260     4.4530     2.8584     0.2833     0.0879     0.0794     1.3394     0.0000  0.000e+00
      5.710      5.678      26.79    27.3787    27.3784   5.554962   5.555201    34.9835    34.9855     3.9822     0.3137 6.9211e-04     0.6234     0.3553     0.2115    91.5009    94.8495     2.8596     4.3260     4.4542     2.8596     0.2833     0.0879     0.0806     1.3394     0.0000  0.000e+00
      5.739      5.707      26.79    27.3791    27.3783   5.554939   5.555194    34.9831    34.9855     3.9818     0.3137 6.9211e-04     0.6234     0.3553     0.2115    91.5009    94.8495     2.8596     4.3260     4.4542     2.8596     0.2833     0.0879     0.0806     1.3394     0.0000  0.000e+00
      5.659      5.627      26.79    27.3791    27.3783   5.554962   5.555232    34.9833    34.9858     3.9762     0.3320 6.8851e-04     0.6234     0.3553     0.2115    91.5009    94.8495     2.8572     4.3260     4.4542     2.8571     0.2821     0.0891     0.0806     1.3394     0.0000  0.000e+00
      5.630      5.598      26.81    27.3793    27.3784   5.554939   5.555178    34.9830    34.9853     3.9792     0.3137 6.9211e-04     0.6234     0.3553     0.2115    91.5009    94.8495     2.8596     4.3260     4.4542     2.8596     0.2833     0.0879     0.0806     1.3407     0.0000  0.000e+00
      5.659      5.627      26.86    27.3793    27.3783   5.554932   5.555186    34.9830    34.9855     3.9761     0.3137 6.9211e-04     0.5746     0.3553     0.2115    91.5009    94.8495     2.8584     4.3260     4.4542     2.8584     0.2833     0.0879     0.0794     1.3431     0.0000  0.000e+00
      5.630      5.598      26.86    27.3793    27.3783   5.554962   5.555193    34.9832    34.9855     3.9753     0.3137 6.9211e-04     0.5746     0.3553     0.2115    91.5009    94.8495     2.8584     4.3260     4.4542     2.8584     0.2833     0.0879     0.0794     1.3431     0.0000  0.000e+00
      5.601      5.569      26.86    27.3793    27.3784   5.554977   5.555193    34.9833    34.9854     3.9762     0.3137 6.9211e-04     0.5746     0.3553     0.2115    91.5009    94.8495     2.8596     4.3260     4.4542     2.8596     0.2833     0.0879     0.0794     1.3431     0.0000  0.000e+00
      5.572      5.540      26.81    27.3793    27.3784   5.554977   5.555232    34.9833    34.9857     3.9733     0.3137 6.9211e-04     0.5746     0.3553     0.2115    91.5009    94.8495     2.8584     4.3260     4.4542     2.8584     0.2833     0.0879     0.0794     1.3407     0.0000  0.000e+00
      5.601      5.569      26.30    27.3794    27.3783   5.554977   5.555240    34.9832    34.9859     3.9747     0.3137 6.9211e-04     0.5746     0.3553     0.2115    91.5009    94.8495     2.8596     4.3260     4.4542     2.8596     0.2833     0.0879     0.0794     1.3150     0.0000  0.000e+00
      5.572      5.540      26.03    27.3793    27.3784   5.555007   5.555209    34.9835    34.9856     3.9716     0.3137 6.9211e-04     0.5746     0.3542     0.2115    91.5268    94.8495     2.8584     4.3272     4.4542     2.8584     0.2833     0.0879     0.0794     1.3016     0.0000  0.000e+00
      5.550      5.519      26.01    27.3794    27.3784   5.554985   5.555201    34.9832    34.9855     3.9730     0.3320 6.9211e-04     0.6234     0.3530     0.2115    91.5526    94.8495     2.8596     4.3284     4.4542     2.8596     0.2833     0.0891     0.0806     1.3004     0.0000  0.000e+00
      5.462      5.432      26.03    27.3793    27.3784   5.554939   5.555232    34.9831    34.9857     3.9678     0.3137 6.9211e-04     0.6723     0.3530     0.2115    91.5526    94.8495     2.8572     4.3284     4.4542     2.8571     0.2833     0.0879     0.0818     1.3016     0.0000  0.000e+00
      5.491      5.461      26.08    27.3794    27.3784   5.554932   5.555201    34.9829    34.9855     3.9713     0.3137 6.8851e-04     0.6234     0.3542     0.2115    91.5268    94.8495     2.8596     4.3272     4.4542     2.8596     0.2821     0.0879     0.0806     1.3040     0.0000  0.000e+00
      5.521      5.490      26.25    27.3794    27.3784   5.555000   5.555193    34.9833    34.9855     3.9709     0.3320 6.9211e-04     0.6723     0.3530     0.2115    91.5526    94.8495     2.8596     4.3284     4.4542     2.8596     0.2833     0.0891     0.0818     1.3126     0.0000  0.000e+00
      5.440      5.410      26.35    27.3794    27.3783   5.554985   5.555201    34.9833    34.9856     3.9659     0.3137 6.9571e-04     0.6234     0.3542     0.2115    91.5268    94.8495     2.8572     4.3272     4.4542     2.8571     0.2845     0.0879     0.0806     1.3175     0.0000  0.000e+00
      5.462      5.432      26.35    27.3794    27.3784   5.554977   5.555224    34.9832    34.9857     3.9696     0.3137 6.9571e-04     0.6723     0.3530     0.2115    91.5526    94.8495     2.8596     4.3284     4.4542     2.8596     0.2845     0.0879     0.0818     1.3175     0.0000  0.000e+00
      5.440      5.410      26.32    27.3794    27.3783   5.554939   5.555239    34.9829    34.9859     3.9672     0.3137 6.9571e-04     0.6234     0.3530     0.2115    91.5526    94.8495     2.8584     4.3284     4.4542     2.8584     0.2845     0.0879     0.0806     1.3162     0.0000  0.000e+00
      5.411      5.381      26.37    27.3794    27.3784   5.554931   5.555209    34.9829    34.9856     3.9646     0.3137 6.9571e-04     0.6723     0.3530     0.2115    91.5526    94.8495     2.8572     4.3284     4.4542     2.8571     0.2845     0.0879     0.0818     1.3187     0.0000  0.000e+00
      5.382      5.352      26.42    27.3793    27.3783   5.554931   5.555201    34.9830    34.9857     3.9666     0.3137 6.9571e-04     0.6723     0.3530     0.2115    91.5526    94.8495     2.8584     4.3284     4.4542     2.8584     0.2845     0.0879     0.0818     1.3211     0.0000  0.000e+00
      5.382      5.352      26.45    27.3794    27.3784   5.554931   5.555224    34.9829    34.9857     3.9688     0.3320 6.9211e-04     0.6234     0.3530     0.2115    91.5526    94.8495     2.8596     4.3284     4.4542     2.8596     0.2833     0.0891     0.0806     1.3223     0.0000  0.000e+00
      5.360      5.331      26.45    27.3793    27.3784   5.554931   5.555209    34.9830    34.9856     3.9667     0.3137 6.9571e-04     0.6234     0.3530     0.2126    91.5526    94.8235     2.8584     4.3284     4.4530     2.8584     0.2845     0.0879     0.0806     1.3223     0.0000  0.000e+00
      5.331      5.302      26.45    27.3793    27.3784   5.554931   5.555232    34.9831    34.9858     3.9690     0.3137 6.9571e-04     0.6234     0.3530     0.2126    91.5526    94.8235     2.8596     4.3284     4.4530     2.8596     0.2845     0.0879     0.0806     1.3223     0.0000  0.000e+00
      5.360      5.331      26.52    27.3793    27.3784   5.554931   5.555239    34.9830    34.9858     3.9692     0.3320 6.9211e-04     0.6723     0.3530     0.2126    91.5526    94.8235     2.8596     4.3284     4.4530     2.8596     0.2833     0.0891     0.0818     1.3260     0.0000  0.000e+00
      5.331      5.302      26.62    27.3794    27.3786   5.554931   5.555209    34.9829    34.9855     3.9697     0.3320 6.9571e-04     0.6234     0.3542     0.2126    91.5268    94.8235     2.8596     4.3272     4.4530     2.8596     0.2845     0.0891     0.0806     1.3309     0.0000  0.000e+00
      5.302      5.273      26.64    27.3793    27.3784   5.554931   5.555201    34.9831    34.9856     3.9702     0.3137 6.9571e-04     0.6234     0.3530     0.2126    91.5526    94.8235     2.8596     4.3284     4.4530     2.8596     0.2845     0.0879     0.0806     1.3321     0.0000  0.000e+00
      5.222      5.193      26.64    27.3794    27.3786   5.554894   5.555224    34.9827    34.9856     3.9730     0.3137 6.9571e-04     0.6234     0.3530     0.2126    91.5526    94.8235     2.8609     4.3284     4.4530     2.8608     0.2845     0.0879     0.0806     1.3321     0.0000  0.000e+00
      5.302      5.273      26.64    27.3793    27.3784   5.554954   5.555209    34.9832    34.9856     3.9738     0.3137 6.9571e-04     0.6234     0.3542     0.2126    91.5268    94.8235     2.8609     4.3272     4.4530     2.8608     0.2845     0.0879     0.0806     1.3321     0.0000  0.000e+00
      5.222      5.193      26.74    27.3793    27.3784   5.554939   5.555201    34.9831    34.9856     3.9723     0.3137 6.9211e-04     0.6723     0.3530     0.2126    91.5526    94.8235     2.8596     4.3284     4.4530     2.8596     0.2833     0.0879     0.0818     1.3370     0.0000  0.000e+00
      5.251      5.222      26.81    27.3793    27.3784   5.554931   5.555201    34.9831    34.9856     3.9752     0.3320 6.9571e-04     0.6723     0.3530     0.2126    91.5526    94.8235     2.8609     4.3284     4.4530     2.8608     0.2845     0.0891     0.0818     1.3407     0.0000  0.000e+00
      5.222      5.193      26.84    27.3793    27.3784   5.554931   5.555224    34.9831    34.9858     3.9758     0.3137 6.9571e-04     0.6723     0.3530     0.2126    91.5526    94.8235     2.8609     4.3284     4.4530     2.8608     0.2845     0.0879     0.0818     1.3419     0.0000  0.000e+00
      5.193      5.164      26.84    27.3793    27.3783   5.554931   5.555209    34.9831    34.9858     3.9765     0.3137 6.9211e-04     0.6234     0.3542     0.2126    91.5268    94.8235     2.8609     4.3272     4.4530     2.8608     0.2833     0.0879     0.0806     1.3419     0.0000  0.000e+00
      5.222      5.193      26.84    27.3794    27.3784   5.554931   5.555163    34.9829    34.9853     3.9751     0.3137 6.9571e-04     0.6723     0.3542     0.2126    91.5268    94.8235     2.8596     4.3272     4.4530     2.8596     0.2845     0.0879     0.0818     1.3419     0.0000  0.000e+00
      5.142      5.113      26.91    27.3791    27.3781   5.554931   5.555178    34.9832    34.9857     3.9779     0.3137 6.9571e-04     0.6723     0.3542     0.2126    91.5268    94.8235     2.8609     4.3272     4.4530     2.8608     0.2845     0.0879     0.0818     1.3455     0.0000  0.000e+00
      5.222      5.193      26.96    27.3793    27.3783   5.554931   5.555124    34.9831    34.9852     3.9787     0.3137 6.9211e-04     0.6723     0.3542     0.2126    91.5268    94.8235     2.8609     4.3272     4.4530     2.8608     0.2833     0.0879     0.0818     1.3480     0.0000  0.000e+00
      5.091      5.063      26.96    27.3793    27.3784   5.554931   5.555178    34.9831    34.9855     3.9771     0.3137 6.9211e-04     0.6723     0.3542     0.2126    91.5268    94.8235     2.8596     4.3272     4.4530     2.8596     0.2833     0.0879     0.0818     1.3480     0.0000  0.000e+00
      5.171      5.142      26.96    27.3794    27.3783   5.554893   5.555163    34.9827    34.9855     3.9777     0.3137 6.9571e-04     0.6234     0.3530     0.2126    91.5526    94.8235     2.8596     4.3284     4.4530     2.8596     0.2845     0.0879     0.0806     1.3480     0.0000  0.000e+00
      5.142      5.113      26.96    27.3791    27.3783   5.554886   5.555178    34.9829    34.9856     3.9781     0.3137 6.9571e-04     0.6723     0.3542     0.2126    91.5268    94.8235     2.8596     4.3272     4.4530     2.8596     0.2845     0.0879     0.0818     1.3480     0.0000  0.000e+00
      5.113      5.084      27.06    27.3794    27.3783   5.554954   5.555162    34.9831    34.9855     3.9785     0.3137 6.9571e-04     0.6234     0.3530     0.2126    91.5526    94.8235     2.8596     4.3284     4.4530     2.8596     0.2845     0.0879     0.0806     1.3529     0.0000  0.000e+00
      5.091      5.063      27.11    27.3791    27.3783   5.554871   5.555116    34.9828    34.9852     3.9789     0.3137 6.9571e-04     0.6234     0.3542     0.2126    91.5268    94.8235     2.8596     4.3272     4.4530     2.8596     0.2845     0.0879     0.0806     1.3553     0.0000  0.000e+00
      5.062      5.034      27.11    27.3791    27.3783   5.554909   5.555170    34.9831    34.9855     3.9793     0.3137 7.0291e-04     0.6723     0.3542     0.2126    91.5268    94.8235     2.8596     4.3272     4.4530     2.8596     0.2869     0.0879     0.0818     1.3553     0.0000  0.000e+00
      5.091      5.063      27.11    27.3793    27.3783   5.554893   5.555162    34.9829    34.9855     3.9798     0.3320 7.1371e-04     0.6723     0.3542     0.2137    91.5268    94.7975     2.8596     4.3272     4.4518     2.8596     0.2906     0.0891     0.0818     1.3553     0.0000  0.000e+00
      5.062      5.034      27.13    27.3791    27.3783   5.554886   5.555186    34.9829    34.9857     3.9778     0.3137 7.1371e-04     0.6234     0.3542     0.2148    91.5268    94.7715     2.8584     4.3272     4.4505     2.8584     0.2906     0.0879     0.0806     1.3565     0.0000  0.000e+00
      5.091      5.063      27.18    27.3793    27.3784   5.554916   5.555162    34.9830    34.9854     3.9801     0.3320 7.1371e-04     0.6234     0.3530     0.2148    91.5526    94.7715     2.8596     4.3284     4.4505     2.8596     0.2906     0.0891     0.0806     1.3590     0.0000  0.000e+00
      5.011      4.983      27.20    27.3791    27.3781   5.554931   5.555178    34.9833    34.9858     3.9781     0.3137 7.1371e-04     0.6723     0.3542     0.2148    91.5268    94.7715     2.8584     4.3272     4.4505     2.8584     0.2906     0.0879     0.0818     1.3602     0.0000  0.000e+00
      5.033      5.005      27.20    27.3791    27.3783   5.554893   5.555193    34.9830    34.9857     3.9802     0.3137 7.1371e-04     0.6723     0.3542     0.2159    91.5268    94.7455     2.8596     4.3272     4.4493     2.8596     0.2906     0.0879     0.0818     1.3602     0.0000  0.000e+00
