public/post/ctd18/stn001.ros
* Sea-Bird SBE 9 Data File:
* FileName = C:\CTD Data\AGU032_IIOE2_June2018\stn001.hex
* Software Version Seasave V 7.22.5
* Temperature SN = 5966
* Conductivity SN = 4551
* Number of Bytes Per Scan = 40
* Number of Voltage Words = 5
* Number of Scans Averaged by the Deck Unit = 1
* NMEA Latitude = 05 01.21 S
* NMEA Longitude = 039 17.62 E
* NMEA UTC (Time) = Jun 18 2018 05:27:07
* NMEA baud rate = 4800
** Ship: Agulhas II
** Cruise: V032_IIOE2
** Ship Station: AM00882
** Grid number: A-1
** Latitude: 05 01.222S
** Longitude: 39 17.625 E
** Bottom depth (m): 416.56m
** Operator: Mbulelo and Gavin
# nquan = 29
# nvalues = 1019                                  
# units = specified
# name 0 = prDM: Pressure, Digiquartz [db]
# name 1 = depSM: Depth [salt water, m]
# name 2 = altM: Altimeter [m]
# name 3 = t090C: Temperature [ITS-90, deg C]
# name 4 = t190C: Temperature, 2 [ITS-90, deg C]
# name 5 = c0S/m: Conductivity [S/m]
# name 6 = c1S/m: Conductivity, 2 [S/m]
# name 7 = sal00: Salinity, Practical [PSU]
# name 8 = sal11: Salinity, Practical, 2 [PSU]
# name 9 = sbeox0ML/L: Oxygen, SBE 43 [ml/l]
# name 10 = flECO-AFL: Fluorescence, WET Labs ECO-AFL/FL [mg/m^3]
# name 11 = turbWETbb0: Turbidity, WET Labs ECO BB [m^-1/sr]
# name 12 = turbWETntu0: Turbidity, WET Labs ECO [NTU]
# name 13 = CStarAt0: Beam Attenuation, WET Labs C-Star [1/m]
# name 14 = CStarAt1: Beam Attenuation, WET Labs C-Star, 2 [1/m]
# name 15 = CStarTr0: Beam Transmission, WET Labs C-Star [%]
# name 16 = CStarTr1: Beam Transmission, WET Labs C-Star, 2 [%]
# name 17 = sbeox0V: Oxygen raw, SBE 43 [V]
# name 18 = v0: Voltage 0
# name 19 = v1: Voltage 1
# name 20 = v2: Voltage 2
# name 21 = v3: Voltage 3
# name 22 = v4: Voltage 4
# name 23 = v5: Voltage 5
# name 24 = v6: Voltage 6
# name 25 = v7: Voltage 7
# name 26 = scan: Scan Count
# name 27 = nbf: Bottles Fired
# name 28 = flag:  0.000e+00
# interval = seconds: 0.0416667
# start_time = Jun 18 2018 05:27:07 [NMEA time, header]
# bad_flag = -9.990e-29
*END*
[from data line 251]
    199.854    198.652      98.51    16.4968    16.4758   4.469582   4.467299    35.1855    35.1838     2.5159     0.0206 3.7535e-04     0.5258     0.1056     0.0146    97.3947    99.6358     1.7100     4.6044     4.6789     1.7094     0.1758     0.0684     0.0781     4.9255     0.0000      24721          6  0.000e+00
    199.905    198.703      98.51    16.4975    16.4736   4.469651   4.467292    35.1855    35.1857     2.5188     0.0206 3.7535e-04     0.5746     0.1045     0.0146    97.4205    99.6358     1.7112     4.6056     4.6789     1.7106     0.1758     0.0684     0.0794     4.9255     0.0000      24722          6  0.000e+00
    199.854    198.652      98.51    16.4983    16.4719   4.469699   4.467208    35.1852    35.1865     2.5190     0.0206 3.7535e-04     0.5746     0.1045     0.0146    97.4205    99.6358     1.7112     4.6056     4.6789     1.7106     0.1758     0.0684     0.0794     4.9255     0.0000      24723          6  0.000e+00
    199.905    198.703      98.51    16.4994    16.4703   4.469817   4.467117    35.1853    35.1871     2.5163     0.0206 3.7535e-04     0.5258     0.1056     0.0146    97.3947    99.6358     1.7100     4.6044     4.6789     1.7094     0.1758     0.0684     0.0781     4.9255     0.0000      24724          6  0.000e+00
    199.861    198.659      98.51    16.4998    16.4695   4.469858   4.467068    35.1853    35.1873     2.5162     0.0206 3.7535e-04     0.5746     0.1056     0.0146    97.3947    99.6358     1.7100     4.6044     4.6789     1.7094     0.1758     0.0684     0.0794     4.9255     0.0000      24725          6  0.000e+00
    199.854    198.652      98.51    16.5005    16.4688   4.469914   4.467145    35.1851    35.1886     2.5190     0.0206 3.7535e-04     0.5746     0.1056     0.0146    97.3947    99.6358     1.7112     4.6044     4.6789     1.7106     0.1758     0.0684     0.0794     4.9255     0.0000      24726          6  0.000e+00
    199.905    198.703      98.51    16.5011    16.4704   4.469997   4.467349    35.1854    35.1891     2.5163     0.0206 3.7535e-04     0.5258     0.1056     0.0146    97.3947    99.6358     1.7100     4.6044     4.6789     1.7094     0.1758     0.0684     0.0781     4.9255     0.0000      24727          6  0.000e+00
    199.854    198.652      98.51    16.5017    16.4721   4.470045   4.467517    35.1853    35.1890     2.5161     0.0206 3.7535e-04     0.5746     0.1056     0.0146    97.3947    99.6358     1.7100     4.6044     4.6789     1.7094     0.1758     0.0684     0.0794     4.9255     0.0000      24728          6  0.000e+00
    199.854    198.652      98.51    16.5021    16.4733   4.470017   4.467643    35.1847    35.1891     2.5189     0.0206 3.7535e-04     0.5746     0.1067     0.0146    97.3688    99.6358     1.7112     4.6032     4.6789     1.7106     0.1758     0.0684     0.0794     4.9255     0.0000      24729          6  0.000e+00
    199.854    198.652      98.51    16.5021    16.4737   4.470045   4.467783    35.1849    35.1899     2.5162     0.0206 3.7535e-04     0.5746     0.1077     0.0146    97.3430    99.6358     1.7100     4.6020     4.6789     1.7094     0.1758     0.0684     0.0794     4.9255     0.0000      24730          6  0.000e+00
    199.861    198.659      98.51    16.5026    16.4727   4.470162   4.467790    35.1855    35.1909     2.5190     0.0206 3.7535e-04     0.5746     0.1067     0.0146    97.3688    99.6358     1.7112     4.6032     4.6789     1.7106     0.1758     0.0684     0.0794     4.9255     0.0000      24731          6  0.000e+00
    199.905    198.703      98.53    16.5031    16.4726   4.470149   4.467811    35.1849    35.1911     2.5163     0.0206 3.7535e-04     0.5746     0.1067     0.0146    97.3688    99.6358     1.7100     4.6032     4.6789     1.7094     0.1758     0.0684     0.0794     4.9267     0.0000      24732          6  0.000e+00
    199.854    198.652      98.51    16.5034    16.4722   4.470135   4.467825    35.1846    35.1916     2.5161     0.0206 3.7895e-04     0.5746     0.1067     0.0146    97.3688    99.6358     1.7100     4.6032     4.6789     1.7094     0.1770     0.0684     0.0794     4.9255     0.0000      24733          6  0.000e+00
    199.854    198.652      98.51    16.5034    16.4721   4.470128   4.467825    35.1845    35.1918     2.5159     0.0206 3.7535e-04     0.5746     0.1067     0.0146    97.3688    99.6358     1.7100     4.6032     4.6789     1.7094     0.1758     0.0684     0.0794     4.9255     0.0000      24734          6  0.000e+00
    199.854    198.652      98.53    16.5036    16.4736   4.470100   4.467882    35.1841    35.1909     2.5187     0.0206 3.7895e-04     0.5746     0.1067     0.0136    97.3688    99.6618     1.7112     4.6032     4.6801     1.7106     0.1770     0.0684     0.0794     4.9267     0.0000      24735          6  0.000e+00
    199.752    198.550      98.51    16.5037    16.4744   4.470059   4.467903    35.1836    35.1905     2.5159     0.0206 4.2934e-04     0.5746     0.1067     0.0146    97.3688    99.6358     1.7100     4.6032     4.6789     1.7094     0.1941     0.0684     0.0794     4.9255     0.0000      24736          6  0.000e+00
    199.964    198.761      98.51    16.5038    16.4751   4.470052   4.467924    35.1834    35.1899     2.5158     0.0206 4.5814e-04     0.5746     0.1067     0.0146    97.3688    99.6358     1.7100     4.6032     4.6789     1.7094     0.2039     0.0684     0.0794     4.9255     0.0000      24737          6  0.000e+00
    199.854    198.652      98.53    16.5037    16.4753   4.470024   4.468050    35.1833    35.1909     2.5155     0.0206 4.6174e-04     0.5746     0.1067     0.0146    97.3688    99.6358     1.7100     4.6032     4.6789     1.7094     0.2051     0.0684     0.0794     4.9267     0.0000      24738          6  0.000e+00
    199.854    198.652      98.51    16.5036    16.4765   4.470010   4.468232    35.1833    35.1915     2.5183     0.0206 4.5814e-04     0.5746     0.1067     0.0136    97.3688    99.6618     1.7112     4.6032     4.6801     1.7106     0.2039     0.0684     0.0794     4.9255     0.0000      24739          6  0.000e+00
    199.854    198.652      98.51    16.5033    16.4780   4.469900   4.468309    35.1826    35.1909     2.5156     0.0206 4.5814e-04     0.5258     0.1067     0.0146    97.3688    99.6358     1.7100     4.6032     4.6789     1.7094     0.2039     0.0684     0.0781     4.9255     0.0000      24740          6  0.000e+00
    199.854    198.652      98.51    16.5027    16.4794   4.469858   4.468372    35.1827    35.1902     2.5154     0.0206 4.5454e-04     0.5258     0.1067     0.0146    97.3688    99.6358     1.7100     4.6032     4.6789     1.7094     0.2027     0.0684     0.0781     4.9255     0.0000      24741          6  0.000e+00
    199.803    198.601      98.51    16.5024    16.4801   4.469803   4.468422    35.1825    35.1900     2.5152     0.0206 4.5814e-04     0.5258     0.1067     0.0146    97.3688    99.6358     1.7100     4.6032     4.6789     1.7094     0.2039     0.0684     0.0781     4.9255     0.0000      24742          6  0.000e+00
    199.905    198.703      98.53    16.5024    16.4802   4.469727   4.468457    35.1818    35.1901     2.5150     0.0206 4.5814e-04     0.5258     0.1067     0.0146    97.3688    99.6358     1.7100     4.6032     4.6789     1.7094     0.2039     0.0684     0.0781     4.9267     0.0000      24743          6  0.000e+00
    199.796    198.594      98.51    16.5024    16.4809   4.469734   4.468471    35.1819    35.1897     2.5147     0.0206 4.5814e-04     0.5258     0.1067     0.0136    97.3688    99.6618     1.7100     4.6032     4.6801     1.7094     0.2039     0.0684     0.0781     4.9255     0.0000      24744          6  0.000e+00
    199.854    198.652      98.51    16.5026    16.4819   4.469748   4.468527    35.1819    35.1893     2.5145     0.0206 4.5814e-04     0.5258     0.1067     0.0146    97.3688    99.6358     1.7100     4.6032     4.6789     1.7094     0.2039     0.0684     0.0781     4.9255     0.0000      24745          6  0.000e+00
    199.854    198.652      98.51    16.5026    16.4826   4.469748   4.468548    35.1819    35.1889     2.5143     0.0206 4.5454e-04     0.5258     0.1067     0.0146    97.3688    99.6358     1.7100     4.6032     4.6789     1.7094     0.2027     0.0684     0.0781     4.9255     0.0000      24746          6  0.000e+00
    199.796    198.594      98.51    16.5033    16.4831   4.469748   4.468548    35.1813    35.1884     2.5145     0.0206 4.5814e-04     0.5258     0.1067     0.0146    97.3688    99.6358     1.7100     4.6032     4.6789     1.7094     0.2039     0.0684     0.0781     4.9255     0.0000      24747          6  0.000e+00
    199.862    198.659      98.51    16.5033    16.4828   4.469755   4.468485    35.1813    35.1881     2.5143     0.0206 4.5454e-04     0.5258     0.1077     0.0136    97.3430    99.6618     1.7100     4.6020     4.6801     1.7094     0.2027     0.0684     0.0781     4.9255     0.0000      24748          6  0.000e+00
    199.796    198.594      98.51    16.5034    16.4827   4.469748   4.468407    35.1812    35.1875     2.5141     0.0206 4.5814e-04     0.5258     0.1067     0.0146    97.3688    99.6358     1.7100     4.6032     4.6789     1.7094     0.2039     0.0684     0.0781     4.9255     0.0000      24749          6  0.000e+00
    199.854    198.652      98.51    16.5036    16.4830   4.469720   4.468450    35.1807    35.1877     2.5169     0.0206 4.5454e-04     0.5258     0.1067     0.0146    97.3688    99.6358     1.7112     4.6032     4.6789     1.7106     0.2027     0.0684     0.0781     4.9255     0.0000      24750          6  0.000e+00
    199.854    198.652      98.51    16.5037    16.4833   4.469762   4.468443    35.1810    35.1873     2.5141     0.0206 4.5814e-04     0.5258     0.1067     0.0146    97.3688    99.6358     1.7100     4.6032     4.6789     1.7094     0.2039     0.0684     0.0781     4.9255     0.0000      24751          6  0.000e+00
    199.854    198.652      98.51    16.5036    16.4830   4.469762   4.468492    35.1811    35.1880     2.5139     0.0206 4.5814e-04     0.5258     0.1056     0.0146    97.3947    99.6358     1.7100     4.6044     4.6789     1.7094     0.2039     0.0684     0.0781     4.9255     0.0000      24752          6  0.000e+00
    199.803    198.601      98.51    16.5037    16.4831   4.469775   4.468513    35.1811    35.1881     2.5141     0.0206 4.5814e-04     0.5258     0.1067     0.0146    97.3688    99.6358     1.7100     4.6032     4.6789     1.7094     0.2039     0.0684     0.0781     4.9255     0.0000      24753          6  0.000e+00
    199.854    198.652      98.53    16.5037    16.4838   4.469872   4.468569    35.1819    35.1880     2.5139     0.0206 4.5454e-04     0.5258     0.1067     0.0146    97.3688    99.6358     1.7100     4.6032     4.6789     1.7094     0.2027     0.0684     0.0781     4.9267     0.0000      24754          6  0.000e+00
    199.796    198.594      98.51    16.5035    16.4833   4.469817   4.468527    35.1817    35.1881     2.5137     0.0206 4.5814e-04     0.5258     0.1067     0.0146    97.3688    99.6358     1.7100     4.6032     4.6789     1.7094     0.2039     0.0684     0.0781     4.9255     0.0000      24755          6  0.000e+00
    199.796    198.594      98.51    16.5027    16.4826   4.469755   4.468534    35.1818    35.1888     2.5140     0.0206 4.5454e-04     0.5258     0.1067     0.0146    97.3688    99.6358     1.7100     4.6032     4.6789     1.7094     0.2027     0.0684     0.0781     4.9255     0.0000      24756          6  0.000e+00
    199.854    198.652      98.51    16.5026    16.4819   4.469775   4.468576    35.1821    35.1897     2.5139     0.0206 4.5814e-04     0.5258     0.1056     0.0146    97.3947    99.6358     1.7100     4.6044     4.6789     1.7094     0.2039     0.0684     0.0781     4.9255     0.0000      24757          6  0.000e+00
    199.796    198.594      98.51    16.5029    16.4824   4.469782   4.468471    35.1819    35.1883     2.5136     0.0206 4.5814e-04     0.5258     0.1067     0.0146    97.3688    99.6358     1.7100     4.6032     4.6789     1.7094     0.2039     0.0684     0.0781     4.9255     0.0000      24758          6  0.000e+00
    199.862    198.659      98.51    16.5027    16.4822   4.469782   4.468520    35.1820    35.1889     2.5105     0.0206 4.5814e-04     0.5258     0.1067     0.0146    97.3688    99.6358     1.7088     4.6032     4.6789     1.7082     0.2039     0.0684     0.0781     4.9255     0.0000      24759          6  0.000e+00
    199.796    198.594      98.51    16.5031    16.4814   4.469817   4.468632    35.1820    35.1907     2.5133     0.0206 4.5814e-04     0.5258     0.1067     0.0146    97.3688    99.6358     1.7100     4.6032     4.6789     1.7094     0.2039     0.0684     0.0781     4.9255     0.0000      24760          6  0.000e+00
    199.854    198.652      98.51    16.5034    16.4807   4.469734   4.468772    35.1810    35.1925     2.5102     0.0206 4.5454e-04     0.5258     0.1067     0.0146    97.3688    99.6358     1.7088     4.6032     4.6789     1.7082     0.2027     0.0684     0.0781     4.9255     0.0000      24761          6  0.000e+00
    199.796    198.594      98.51    16.5033    16.4809   4.469706   4.468786    35.1809    35.1925     2.5096     0.0206 4.0055e-04     0.5258     0.1067     0.0146    97.3688    99.6358     1.7088     4.6032     4.6789     1.7082     0.1844     0.0684     0.0781     4.9255     0.0000      24762          6  0.000e+00
    199.796    198.594      98.53    16.5034    16.4804   4.469734   4.468744    35.1810    35.1925     2.5091     0.0206 3.7175e-04     0.5258     0.1067     0.0146    97.3688    99.6358     1.7088     4.6032     4.6789     1.7082     0.1746     0.0684     0.0781     4.9267     0.0000      24763          6  0.000e+00
    163.460    162.491      65.86    16.7348    16.7287   4.492049   4.491646    35.1881    35.1900     2.4961     0.0390 3.7175e-04     0.5258     0.1056     0.0146    97.3947    99.6358     1.7113     4.6044     4.6789     1.7106     0.1746     0.0696     0.0781     3.2930     0.0000      25903          7  0.000e+00
    163.351    162.383      66.76    16.7355    16.7287   4.492069   4.491829    35.1878    35.1916     2.4964     0.0390 3.7175e-04     0.5258     0.1056     0.0146    97.3947    99.6358     1.7113     4.6044     4.6789     1.7106     0.1746     0.0696     0.0781     3.3382     0.0000      25904          7  0.000e+00
    163.351    162.383      67.18    16.7358    16.7306   4.492007   4.492173    35.1869    35.1930     2.4968     0.0390 3.7175e-04     0.5258     0.1056     0.0146    97.3947    99.6358     1.7113     4.6044     4.6789     1.7106     0.1746     0.0696     0.0781     3.3590     0.0000      25905          7  0.000e+00
    163.300    162.332      67.20    16.7363    16.7333   4.492042   4.492497    35.1868    35.1935     2.4971     0.0390 3.7175e-04     0.5258     0.1056     0.0146    97.3947    99.6358     1.7113     4.6044     4.6789     1.7106     0.1746     0.0696     0.0781     3.3602     0.0000      25906          7  0.000e+00
    163.249    162.281      67.18    16.7366    16.7350   4.492083   4.492644    35.1869    35.1933     2.4973     0.0390 3.6815e-04     0.5258     0.1056     0.0146    97.3947    99.6358     1.7113     4.6044     4.6789     1.7106     0.1734     0.0696     0.0781     3.3590     0.0000      25907          7  0.000e+00
    163.249    162.281      67.16    16.7365    16.7363   4.491979   4.492679    35.1861    35.1924     2.4977     0.0390 3.7175e-04     0.5258     0.1056     0.0146    97.3947    99.6358     1.7113     4.6044     4.6789     1.7106     0.1746     0.0696     0.0781     3.3578     0.0000      25908          7  0.000e+00
