public/post/ctd18/stn007.cnv
* Sea-Bird SBE 9 Data File:
* FileName = C:\CTD Data\AGU032_IIOE2_June2018\stn007.hex
* Software Version Seasave V 7.22.5
* Temperature SN = 5966
* Conductivity SN = 4551
* Number of Bytes Per Scan = 40
* Number of Voltage Words = 5
* Number of Scans Averaged by the Deck Unit = 1
* NMEA Latitude = 06 15.57 S
* NMEA Longitude = 039 00.39 E
* NMEA UTC (Time) = Jun 19 2018 13:35:21
* NMEA baud rate = 4800
** Ship: Agulhas II
** Cruise: V032_IIOE2
** Ship Station: AM00888
** Grid number: A-7
** Latitude: 06 15.566 S
** Longitude: 039 00.390 E
** Bottom depth (m): 33.5m
** Operator: Florence and Bornwell
# nquan = 27
# nvalues = 8925                                  
# units = specified
# name 0 = prDM: Pressure, Digiquartz [db]
# name 1 = depSM: Depth [salt water, m]
# name 2 = altM: Altimeter [m]
# name 3 = t090C: Temperature [ITS-90, deg C]
# name 4 = t190C: Temperature, 2 [ITS-90, deg C]
# name 5 = c0S/m: Conductivity [S/m]
# name 6 = c1S/m: Conductivity, 2 [S/m]
# name 7 = sal00: Salinity, Practical [PSU]
# name 8 = sal11: Salinity, Practical, 2 [PSU]
# name 9 = sbeox0ML/L: Oxygen, SBE 43 [ml/l]
# name 10 = flECO-AFL: Fluorescence, WET Labs ECO-AFL/FL [mg/m^3]
# name 11 = turbWETbb0: Turbidity, WET Labs ECO BB [m^-1/sr]
# name 12 = turbWETntu0: Turbidity, WET Labs ECO [NTU]
# name 13 = CStarAt0: Beam Attenuation, WET Labs C-Star [1/m]
# name 14 = CStarAt1: Beam Attenuation, WET Labs C-Star, 2 [1/m]
# name 15 = CStarTr0: Beam Transmission, WET Labs C-Star [%]
# name 16 = CStarTr1: Beam Transmission, WET Labs C-Star, 2 [%]
# name 17 = sbeox0V: Oxygen raw, SBE 43 [V]
# name 18 = v0: Voltage 0
# name 19 = v1: Voltage 1
# name 20 = v2: Voltage 2
# name 21 = v3: Voltage 3
# name 22 = v4: Voltage 4
# name 23 = v5: Voltage 5
# name 24 = v6: Voltage 6
# name 25 = v7: Voltage 7
# name 26 = flag:  0.000e+00
# span 0 =     -1.149,     27.885                 
# span 1 =     -1.142,     27.728                 
# span 2 =       5.79,     100.00                 
# span 3 =    26.4453,    27.5191                 
# span 4 =    26.2357,    27.5158                 
# span 5 =   0.644485,   5.569335                 
# span 6 =  -0.156395,   5.569411                 
# span 7 =     3.3633,    35.7506                 
# span 8 =     0.0000,    35.0024                 
# span 9 =     3.8135,     4.8188                 
# span 10 =    -0.0343,     0.7899                
# span 11 = 6.6331e-04, 7.6752e-03                
# span 12 =    -1.2813,    40.2327                
# span 13 =     0.2132,     1.0482                
# span 14 =    -0.2324,     2.2648                
# span 15 =    76.9475,    94.8097                
# span 16 =    56.7677,   105.9828                
# span 17 =     2.7791,     2.8731                
# span 18 =     3.6386,     4.4823                
# span 19 =     2.6667,     4.9768                
# span 20 =     2.7790,     2.8730                
# span 21 =     0.2735,     2.6520                
# span 22 =     0.0647,     0.1197                
# span 23 =     0.0330,     1.0708                
# span 24 =     0.2894,     5.0000                
# span 25 =     0.0000,     0.0000                
# span 26 = 0.0000e+00, 0.0000e+00                
# interval = seconds: 0.0416667
# start_time = Jun 19 2018 13:35:21 [NMEA time, header]
# bad_flag = -9.990e-29
*END*
[from data line 806]
      4.486      4.461      28.42    27.3831    27.3825   5.555370   5.555639    34.9836    34.9859     3.9753     0.3137 7.8570e-04     0.6234     0.3598     0.2148    91.3975    94.7715     2.8608     4.3211     4.4505     2.8608     0.3150     0.0879     0.0806     1.4212     0.0000  0.000e+00
      4.464      4.439      28.40    27.3833    27.3825   5.555385   5.555585    34.9835    34.9855     3.9750     0.3137 7.8570e-04     0.6234     0.3598     0.2148    91.3975    94.7715     2.8608     4.3211     4.4505     2.8608     0.3150     0.0879     0.0806     1.4200     0.0000  0.000e+00
      4.486      4.461      28.40    27.3834    27.3825   5.555347   5.555592    34.9831    34.9856     3.9746     0.3137 7.8210e-04     0.6234     0.3598     0.2148    91.3975    94.7715     2.8608     4.3211     4.4505     2.8608     0.3138     0.0879     0.0806     1.4200     0.0000  0.000e+00
      4.464      4.439      28.40    27.3831    27.3825   5.555302   5.555669    34.9831    34.9861     3.9743     0.3137 7.8570e-04     0.6234     0.3598     0.2148    91.3975    94.7715     2.8608     4.3211     4.4505     2.8608     0.3150     0.0879     0.0806     1.4200     0.0000  0.000e+00
      4.544      4.519      28.40    27.3834    27.3823   5.555363   5.555592    34.9832    34.9857     3.9739     0.3137 7.8570e-04     0.6234     0.3598     0.2148    91.3975    94.7715     2.8608     4.3211     4.4505     2.8608     0.3150     0.0879     0.0806     1.4200     0.0000  0.000e+00
      4.566      4.541      28.35    27.3834    27.3826   5.555385   5.555631    34.9834    34.9857     3.9734     0.3137 7.8210e-04     0.6234     0.3598     0.2126    91.3975    94.8235     2.8608     4.3211     4.4530     2.8608     0.3138     0.0879     0.0806     1.4176     0.0000  0.000e+00
      4.544      4.519      28.35    27.3836    27.3826   5.555347   5.555646    34.9830    34.9858     3.9728     0.3137 7.8570e-04     0.6234     0.3598     0.2104    91.3975    94.8756     2.8608     4.3211     4.4554     2.8608     0.3150     0.0879     0.0806     1.4176     0.0000  0.000e+00
      4.544      4.519      28.35    27.3836    27.3825   5.555340   5.555615    34.9829    34.9857     3.9725     0.3137 7.8570e-04     0.6234     0.3598     0.2104    91.3975    94.8756     2.8608     4.3211     4.4554     2.8608     0.3150     0.0879     0.0806     1.4176     0.0000  0.000e+00
      4.624      4.598      28.35    27.3834    27.3826   5.555370   5.555639    34.9832    34.9857     3.9746     0.3137 7.8570e-04     0.6234     0.3598     0.2104    91.3975    94.8756     2.8620     4.3211     4.4554     2.8620     0.3150     0.0879     0.0806     1.4176     0.0000  0.000e+00
      4.544      4.519      27.84    27.3834    27.3825   5.555347   5.555646    34.9831    34.9860     3.9745     0.3137 7.8570e-04     0.6234     0.3598     0.2104    91.3975    94.8756     2.8620     4.3211     4.4554     2.8620     0.3150     0.0879     0.0806     1.3919     0.0000  0.000e+00
      4.675      4.649      27.33    27.3836    27.3825   5.555370   5.555646    34.9831    34.9859     3.9745     0.3137 7.8570e-04     0.6234     0.3598     0.2104    91.3975    94.8756     2.8620     4.3211     4.4554     2.8620     0.3150     0.0879     0.0806     1.3663     0.0000  0.000e+00
      4.595      4.569      27.23    27.3834    27.3826   5.555347   5.555616    34.9831    34.9856     3.9745     0.2954 7.8570e-04     0.6723     0.3542     0.2104    91.5268    94.8756     2.8620     4.3272     4.4554     2.8620     0.3150     0.0867     0.0818     1.3614     0.0000  0.000e+00
      4.675      4.649      27.25    27.3834    27.3828   5.555370   5.555639    34.9832    34.9856     3.9745     0.2954 7.8570e-04     0.6234     0.3508     0.2104    91.6043    94.8756     2.8620     4.3309     4.4554     2.8620     0.3150     0.0867     0.0806     1.3626     0.0000  0.000e+00
      4.653      4.627      27.28    27.3834    27.3826   5.555385   5.555608    34.9833    34.9855     3.9746     0.3137 7.8570e-04     0.6234     0.3508     0.2104    91.6043    94.8756     2.8620     4.3309     4.4554     2.8620     0.3150     0.0879     0.0806     1.3639     0.0000  0.000e+00
      4.675      4.649      27.35    27.3834    27.3826   5.555347   5.555669    34.9831    34.9860     3.9746     0.2954 7.8570e-04     0.6723     0.3508     0.2104    91.6043    94.8756     2.8620     4.3309     4.4554     2.8620     0.3150     0.0867     0.0818     1.3675     0.0000  0.000e+00
      4.704      4.678      27.45    27.3834    27.3828   5.555340   5.555662    34.9830    34.9857     3.9749     0.3137 7.8210e-04     0.6234     0.3508     0.2104    91.6043    94.8756     2.8620     4.3309     4.4554     2.8620     0.3138     0.0879     0.0806     1.3724     0.0000  0.000e+00
      4.675      4.649      27.45    27.3836    27.3826   5.555370   5.555715    34.9831    34.9863     3.9752     0.2954 7.8570e-04     0.6234     0.3508     0.2104    91.6043    94.8756     2.8620     4.3309     4.4554     2.8620     0.3150     0.0867     0.0806     1.3724     0.0000  0.000e+00
      4.755      4.729      27.45    27.3834    27.3828   5.555385   5.555669    34.9833    34.9858     3.9756     0.3137 7.8210e-04     0.6234     0.3508     0.2104    91.6043    94.8756     2.8620     4.3309     4.4554     2.8620     0.3138     0.0879     0.0806     1.3724     0.0000  0.000e+00
      4.733      4.707      27.45    27.3836    27.3830   5.555348   5.555685    34.9829    34.9857     3.9759     0.2954 7.8570e-04     0.6723     0.3496     0.2115    91.6302    94.8495     2.8620     4.3321     4.4542     2.8620     0.3150     0.0867     0.0818     1.3724     0.0000  0.000e+00
      4.704      4.678      27.55    27.3836    27.3828   5.555370   5.555692    34.9831    34.9860     3.9785     0.2954 7.8570e-04     0.6723     0.3508     0.2104    91.6043    94.8756     2.8632     4.3309     4.4554     2.8632     0.3150     0.0867     0.0818     1.3773     0.0000  0.000e+00
      4.784      4.758      27.59    27.3836    27.3832   5.555416   5.555692    34.9834    34.9857     3.9792     0.3137 7.8570e-04     0.6234     0.3508     0.2104    91.6043    94.8756     2.8632     4.3309     4.4554     2.8632     0.3150     0.0879     0.0806     1.3797     0.0000  0.000e+00
      4.755      4.729      27.59    27.3836    27.3830   5.555431   5.555700    34.9835    34.9859     3.9798     0.2954 7.8570e-04     0.6723     0.3496     0.2104    91.6302    94.8756     2.8632     4.3321     4.4554     2.8632     0.3150     0.0867     0.0818     1.3797     0.0000  0.000e+00
      4.784      4.758      27.59    27.3838    27.3834   5.555393   5.555731    34.9831    34.9858     3.9804     0.2954 7.8570e-04     0.6234     0.3508     0.2104    91.6043    94.8756     2.8632     4.3309     4.4554     2.8632     0.3150     0.0867     0.0806     1.3797     0.0000  0.000e+00
      4.813      4.787      27.59    27.3840    27.3832   5.555385   5.555669    34.9829    34.9855     3.9811     0.2954 7.7130e-04     0.6723     0.3508     0.2104    91.6043    94.8756     2.8632     4.3309     4.4554     2.8632     0.3101     0.0867     0.0818     1.3797     0.0000  0.000e+00
      4.704      4.678      27.64    27.3840    27.3832   5.555416   5.555646    34.9831    34.9853     3.9815     0.3137 7.0291e-04     0.6234     0.3508     0.2115    91.6043    94.8495     2.8632     4.3309     4.4542     2.8632     0.2869     0.0879     0.0806     1.3822     0.0000  0.000e+00
      4.944      4.917      27.67    27.3843    27.3834   5.555431   5.555723    34.9829    34.9857     3.9822     0.2954 6.7051e-04     0.6723     0.3508     0.2137    91.6043    94.7975     2.8632     4.3309     4.4518     2.8632     0.2759     0.0867     0.0818     1.3834     0.0000  0.000e+00
      4.813      4.787      27.67    27.3842    27.3834   5.555461   5.555700    34.9833    34.9856     3.9827     0.2954 6.7051e-04     0.6723     0.3508     0.2148    91.6043    94.7715     2.8632     4.3309     4.4505     2.8632     0.2759     0.0867     0.0818     1.3834     0.0000  0.000e+00
      4.893      4.866      27.67    27.3843    27.3834   5.555507   5.555662    34.9834    34.9853     3.9832     0.2954 6.7411e-04     0.6234     0.3508     0.2148    91.6043    94.7715     2.8632     4.3309     4.4505     2.8632     0.2772     0.0867     0.0806     1.3834     0.0000  0.000e+00
      4.864      4.837      27.67    27.3845    27.3832   5.555454   5.555723    34.9829    34.9858     3.9837     0.2954 6.7411e-04     0.6723     0.3508     0.2159    91.6043    94.7455     2.8632     4.3309     4.4493     2.8632     0.2772     0.0867     0.0818     1.3834     0.0000  0.000e+00
      4.893      4.866      27.69    27.3845    27.3830   5.555461   5.555700    34.9830    34.9858     3.9842     0.3137 6.7411e-04     0.6723     0.3508     0.2148    91.6043    94.7715     2.8632     4.3309     4.4505     2.8632     0.2772     0.0879     0.0818     1.3846     0.0000  0.000e+00
      4.864      4.837      27.72    27.3843    27.3834   5.555476   5.555692    34.9832    34.9855     3.9847     0.3137 6.7411e-04     0.6234     0.3508     0.2148    91.6043    94.7715     2.8632     4.3309     4.4505     2.8632     0.2772     0.0879     0.0806     1.3858     0.0000  0.000e+00
      4.893      4.866      27.72    27.3842    27.3832   5.555408   5.555700    34.9829    34.9857     3.9852     0.3137 6.7411e-04     0.6723     0.3530     0.2159    91.5526    94.7455     2.8632     4.3284     4.4493     2.8632     0.2772     0.0879     0.0818     1.3858     0.0000  0.000e+00
      4.922      4.895      27.72    27.3842    27.3832   5.555416   5.555662    34.9829    34.9854     3.9858     0.2954 6.7411e-04     0.6723     0.3542     0.2148    91.5268    94.7715     2.8632     4.3272     4.4505     2.8632     0.2772     0.0867     0.0818     1.3858     0.0000  0.000e+00
      4.944      4.917      27.72    27.3840    27.3830   5.555469   5.555646    34.9834    34.9854     3.9863     0.2954 6.7411e-04     0.6234     0.3553     0.2148    91.5009    94.7715     2.8632     4.3260     4.4505     2.8632     0.2772     0.0867     0.0806     1.3858     0.0000  0.000e+00
      4.922      4.895      27.74    27.3840    27.3832   5.555438   5.555646    34.9832    34.9853     3.9869     0.3137 6.7051e-04     0.6234     0.3542     0.2159    91.5268    94.7455     2.8632     4.3272     4.4493     2.8632     0.2759     0.0879     0.0806     1.3871     0.0000  0.000e+00
      4.944      4.917      27.74    27.3843    27.3832   5.555461   5.555685    34.9831    34.9856     3.9872     0.3137 6.7411e-04     0.6723     0.3542     0.2148    91.5268    94.7715     2.8632     4.3272     4.4505     2.8632     0.2772     0.0879     0.0818     1.3871     0.0000  0.000e+00
      4.973      4.946      27.74    27.3843    27.3830   5.555476   5.555654    34.9833    34.9855     3.9898     0.3137 6.7411e-04     0.6234     0.3542     0.2148    91.5268    94.7715     2.8645     4.3272     4.4505     2.8645     0.2772     0.0879     0.0806     1.3871     0.0000  0.000e+00
      5.003      4.975      27.74    27.3845    27.3832   5.555476   5.555646    34.9831    34.9853     3.9904     0.3320 6.7411e-04     0.6234     0.3542     0.2148    91.5268    94.7715     2.8645     4.3272     4.4505     2.8645     0.2772     0.0891     0.0806     1.3871     0.0000  0.000e+00
      4.973      4.946      27.74    27.3847    27.3830   5.555476   5.555685    34.9829    34.9857     3.9909     0.3137 6.7411e-04     0.6723     0.3542     0.2148    91.5268    94.7715     2.8645     4.3272     4.4505     2.8645     0.2772     0.0879     0.0818     1.3871     0.0000  0.000e+00
      5.003      4.975      27.74    27.3847    27.3830   5.555438   5.555693    34.9827    34.9857     3.9937     0.3137 6.7411e-04     0.6234     0.3542     0.2148    91.5268    94.7715     2.8657     4.3272     4.4505     2.8657     0.2772     0.0879     0.0806     1.3871     0.0000  0.000e+00
      5.032      5.004      27.74    27.3845    27.3830   5.555431   5.555662    34.9827    34.9855     3.9942     0.3137 6.7771e-04     0.6234     0.3542     0.2148    91.5268    94.7715     2.8657     4.3272     4.4505     2.8657     0.2784     0.0879     0.0806     1.3871     0.0000  0.000e+00
      5.003      4.975      27.74    27.3843    27.3830   5.555393   5.555685    34.9826    34.9857     3.9947     0.3137 6.7411e-04     0.6723     0.3542     0.2148    91.5268    94.7715     2.8657     4.3272     4.4505     2.8657     0.2772     0.0879     0.0818     1.3871     0.0000  0.000e+00
      5.032      5.004      27.74    27.3842    27.3832   5.555416   5.555662    34.9829    34.9854     3.9952     0.3137 6.7411e-04     0.6234     0.3542     0.2148    91.5268    94.7715     2.8657     4.3272     4.4505     2.8657     0.2772     0.0879     0.0806     1.3871     0.0000  0.000e+00
      5.053      5.025      27.72    27.3842    27.3832   5.555431   5.555716    34.9830    34.9858     3.9956     0.3137 6.7411e-04     0.6234     0.3553     0.2148    91.5009    94.7715     2.8657     4.3260     4.4505     2.8657     0.2772     0.0879     0.0806     1.3858     0.0000  0.000e+00
      5.083      5.054      27.72    27.3842    27.3830   5.555431   5.555670    34.9830    34.9855     3.9960     0.3137 6.7411e-04     0.6234     0.3553     0.2159    91.5009    94.7455     2.8657     4.3260     4.4493     2.8657     0.2772     0.0879     0.0806     1.3858     0.0000  0.000e+00
      5.053      5.025      27.69    27.3840    27.3834   5.555393   5.555723    34.9829    34.9857     3.9962     0.3137 6.7411e-04     0.6234     0.3553     0.2137    91.5009    94.7975     2.8657     4.3260     4.4518     2.8657     0.2772     0.0879     0.0806     1.3846     0.0000  0.000e+00
      5.083      5.054      27.69    27.3842    27.3832   5.555386   5.555670    34.9827    34.9854     3.9963     0.3137 6.7771e-04     0.6723     0.3542     0.2115    91.5268    94.8495     2.8657     4.3272     4.4542     2.8657     0.2784     0.0879     0.0818     1.3846     0.0000  0.000e+00
      5.112      5.083      27.72    27.3842    27.3834   5.555386   5.555716    34.9827    34.9856     3.9964     0.3137 6.7411e-04     0.6234     0.3542     0.2104    91.5268    94.8756     2.8657     4.3272     4.4554     2.8657     0.2772     0.0879     0.0806     1.3858     0.0000  0.000e+00
      5.083      5.054      27.69    27.3838    27.3832   5.555386   5.555677    34.9830    34.9855     3.9964     0.3137 6.7051e-04     0.6234     0.3542     0.2104    91.5268    94.8756     2.8657     4.3272     4.4554     2.8657     0.2759     0.0879     0.0806     1.3846     0.0000  0.000e+00
      5.133      5.105      27.69    27.3840    27.3832   5.555386   5.555677    34.9828    34.9854     3.9965     0.3320 6.7771e-04     0.6234     0.3542     0.2115    91.5268    94.8495     2.8657     4.3272     4.4542     2.8657     0.2784     0.0891     0.0806     1.3846     0.0000  0.000e+00
      5.163      5.134      27.69    27.3842    27.3832   5.555416   5.555662    34.9829    34.9853     3.9942     0.3137 7.2090e-04     0.6723     0.3542     0.2104    91.5268    94.8756     2.8645     4.3272     4.4554     2.8645     0.2930     0.0879     0.0818     1.3846     0.0000  0.000e+00
      5.083      5.054      27.69    27.3842    27.3830   5.555363   5.555685    34.9825    34.9857     3.9962     0.3137 7.3890e-04     0.6234     0.3553     0.2104    91.5009    94.8756     2.8657     4.3260     4.4554     2.8657     0.2991     0.0879     0.0806     1.3846     0.0000  0.000e+00
      5.163      5.134      27.67    27.3840    27.3828   5.555408   5.555631    34.9829    34.9854     3.9939     0.3137 7.4250e-04     0.6234     0.3553     0.2104    91.5009    94.8756     2.8645     4.3260     4.4554     2.8645     0.3004     0.0879     0.0806     1.3834     0.0000  0.000e+00
