public/post/ctd18/stn008.ros
* Sea-Bird SBE 9 Data File:
* FileName = C:\CTD Data\AGU032_IIOE2_June2018\stn008.hex
* Software Version Seasave V 7.22.5
* Temperature SN = 5966
* Conductivity SN = 4551
* Number of Bytes Per Scan = 40
* Number of Voltage Words = 5
* Number of Scans Averaged by the Deck Unit = 1
* NMEA Latitude = 06 29.37 S
* NMEA Longitude = 039 14.56 E
* NMEA UTC (Time) = Jun 19 2018 18:28:52
* NMEA baud rate = 4800
** Ship: Agulhas II
** Cruise: V032_IIOE2
** Ship Station: AM00889
** Grid number: A-8
** Latitude: 06 29.377 S
** Longitude: 039 14.567 E
** Bottom depth (m): 51.97m
** Operator: Florence and Bornwell
# nquan = 29
# nvalues = 539                                   
# units = specified
# name 0 = prDM: Pressure, Digiquartz [db]
# name 1 = depSM: Depth [salt water, m]
# name 2 = altM: Altimeter [m]
# name 3 = t090C: Temperature [ITS-90, deg C]
# name 4 = t190C: Temperature, 2 [ITS-90, deg C]
# name 5 = c0S/m: Conductivity [S/m]
# name 6 = c1S/m: Conductivity, 2 [S/m]
# name 7 = sal00: Salinity, Practical [PSU]
# name 8 = sal11: Salinity, Practical, 2 [PSU]
# name 9 = sbeox0ML/L: Oxygen, SBE 43 [ml/l]
# name 10 = flECO-AFL: Fluorescence, WET Labs ECO-AFL/FL [mg/m^3]
# name 11 = turbWETbb0: Turbidity, WET Labs ECO BB [m^-1/sr]
# name 12 = turbWETntu0: Turbidity, WET Labs ECO [NTU]
# name 13 = CStarAt0: Beam Attenuation, WET Labs C-Star [1/m]
# name 14 = CStarAt1: Beam Attenuation, WET Labs C-Star, 2 [1/m]
# name 15 = CStarTr0: Beam Transmission, WET Labs C-Star [%]
# name 16 = CStarTr1: Beam Transmission, WET Labs C-Star, 2 [%]
# name 17 = sbeox0V: Oxygen raw, SBE 43 [V]
# name 18 = v0: Voltage 0
# name 19 = v1: Voltage 1
# name 20 = v2: Voltage 2
# name 21 = v3: Voltage 3
# name 22 = v4: Voltage 4
# name 23 = v5: Voltage 5
# name 24 = v6: Voltage 6
# name 25 = v7: Voltage 7
# name 26 = scan: Scan Count
# name 27 = nbf: Bottles Fired
# name 28 = flag:  0.000e+00
# interval = seconds: 0.0416667
# start_time = Jun 19 2018 18:28:52 [NMEA time, header]
# bad_flag = -9.990e-29
*END*
     46.770     46.504       5.03    27.2644    27.2635   5.554819   5.555025    35.0560    35.0581     3.9601     0.4785 5.1213e-04     0.5746     0.2110     0.1065    94.8614    97.3727     2.8340     4.4847     4.5726     2.8339     0.2222     0.0989     0.0794     0.2515     0.0000       4866          1  0.000e+00
     46.762     46.497       5.03    27.2647    27.2637   5.554850   5.555002    35.0560    35.0578     3.9603     0.4602 5.1213e-04     0.5746     0.2110     0.1065    94.8614    97.3727     2.8340     4.4847     4.5726     2.8339     0.2222     0.0977     0.0794     0.2515     0.0000       4867          1  0.000e+00
     46.821     46.555       5.01    27.2644    27.2637   5.554827   5.555018    35.0560    35.0579     3.9606     0.4785 5.2293e-04     0.5746     0.2110     0.1065    94.8614    97.3727     2.8340     4.4847     4.5726     2.8339     0.2259     0.0989     0.0794     0.2503     0.0000       4868          1  0.000e+00
     46.762     46.497       5.01    27.2647    27.2634   5.554819   5.555002    35.0558    35.0581     3.9609     0.4602 5.2653e-04     0.5746     0.2110     0.1065    94.8614    97.3727     2.8340     4.4847     4.5726     2.8339     0.2271     0.0977     0.0794     0.2503     0.0000       4869          1  0.000e+00
     46.770     46.504       5.01    27.2644    27.2637   5.554819   5.555025    35.0560    35.0580     3.9612     0.4602 5.2653e-04     0.5746     0.2110     0.1065    94.8614    97.3727     2.8340     4.4847     4.5726     2.8339     0.2271     0.0977     0.0794     0.2503     0.0000       4870          1  0.000e+00
     46.770     46.504       5.01    27.2647    27.2635   5.554819   5.555033    35.0558    35.0582     3.9615     0.4602 5.2653e-04     0.5746     0.2110     0.1065    94.8614    97.3727     2.8340     4.4847     4.5726     2.8339     0.2271     0.0977     0.0794     0.2503     0.0000       4871          1  0.000e+00
     46.762     46.497       5.01    27.2644    27.2635   5.554781   5.555033    35.0557    35.0582     3.9616     0.4785 5.2653e-04     0.5746     0.2110     0.1065    94.8614    97.3727     2.8340     4.4847     4.5726     2.8339     0.2271     0.0989     0.0794     0.2503     0.0000       4872          1  0.000e+00
     46.821     46.555       5.01    27.2647    27.2637   5.554842   5.555002    35.0559    35.0578     3.9618     0.4785 5.3013e-04     0.5746     0.2099     0.1065    94.8872    97.3727     2.8340     4.4860     4.5726     2.8339     0.2283     0.0989     0.0794     0.2503     0.0000       4873          1  0.000e+00
     46.762     46.497       5.01    27.2644    27.2635   5.554865   5.554956    35.0563    35.0576     3.9617     0.4785 5.2653e-04     0.5746     0.2110     0.1065    94.8614    97.3727     2.8340     4.4847     4.5726     2.8339     0.2271     0.0989     0.0794     0.2503     0.0000       4874          1  0.000e+00
     46.821     46.555       5.01    27.2645    27.2637   5.554827   5.555010    35.0559    35.0579     3.9617     0.4785 5.2653e-04     0.5746     0.2110     0.1065    94.8614    97.3727     2.8340     4.4847     4.5726     2.8339     0.2271     0.0989     0.0794     0.2503     0.0000       4875          1  0.000e+00
     46.762     46.497       5.01    27.2646    27.2635   5.554781   5.555033    35.0556    35.0581     3.9616     0.4785 5.2653e-04     0.5746     0.2110     0.1065    94.8614    97.3727     2.8340     4.4847     4.5726     2.8339     0.2271     0.0989     0.0794     0.2503     0.0000       4876          1  0.000e+00
     46.711     46.446       5.01    27.2645    27.2637   5.554804   5.555002    35.0558    35.0579     3.9616     0.4785 5.2653e-04     0.5746     0.2110     0.1065    94.8614    97.3727     2.8340     4.4847     4.5726     2.8339     0.2271     0.0989     0.0794     0.2503     0.0000       4877          1  0.000e+00
     46.770     46.504       5.01    27.2646    27.2635   5.554887   5.555056    35.0563    35.0583     3.9616     0.4602 5.2653e-04     0.5746     0.2110     0.1065    94.8614    97.3727     2.8340     4.4847     4.5726     2.8339     0.2271     0.0977     0.0794     0.2503     0.0000       4878          1  0.000e+00
     46.821     46.555       5.01    27.2645    27.2637   5.554804   5.555010    35.0558    35.0579     3.9614     0.4236 5.2653e-04     0.5746     0.2154     0.1065    94.7580    97.3727     2.8340     4.4799     4.5726     2.8339     0.2271     0.0952     0.0794     0.2503     0.0000       4879          1  0.000e+00
     46.770     46.504       5.01    27.2644    27.2637   5.554804   5.555025    35.0559    35.0580     3.9611     0.4419 5.3013e-04     0.5746     0.2208     0.1076    94.6287    97.3467     2.8340     4.4737     4.5714     2.8339     0.2283     0.0965     0.0794     0.2503     0.0000       4880          1  0.000e+00
     46.762     46.497       5.01    27.2645    27.2635   5.554819   5.555002    35.0559    35.0580     3.9609     0.4419 5.2653e-04     0.5746     0.2219     0.1118    94.6029    97.2427     2.8340     4.4725     4.5665     2.8339     0.2271     0.0965     0.0794     0.2503     0.0000       4881          1  0.000e+00
     46.821     46.555       5.01    27.2646    27.2635   5.554850   5.555018    35.0560    35.0580     3.9607     0.4236 5.2653e-04     0.5746     0.2219     0.1140    94.6029    97.1906     2.8340     4.4725     4.5641     2.8339     0.2271     0.0952     0.0794     0.2503     0.0000       4882          1  0.000e+00
     46.770     46.504       5.01    27.2645    27.2637   5.554797   5.555002    35.0557    35.0578     3.9605     0.4419 5.2653e-04     0.5746     0.2219     0.1129    94.6029    97.2167     2.8340     4.4725     4.5653     2.8339     0.2271     0.0965     0.0794     0.2503     0.0000       4883          1  0.000e+00
     46.762     46.497       5.01    27.2648    27.2635   5.554804   5.554995    35.0556    35.0579     3.9602     0.4236 5.2653e-04     0.5746     0.2219     0.1129    94.6029    97.2167     2.8340     4.4725     4.5653     2.8339     0.2271     0.0952     0.0794     0.2503     0.0000       4884          1  0.000e+00
     46.770     46.504       5.01    27.2645    27.2635   5.554781   5.555025    35.0556    35.0581     3.9600     0.4236 5.2653e-04     0.5746     0.2219     0.1129    94.6029    97.2167     2.8340     4.4725     4.5653     2.8339     0.2271     0.0952     0.0794     0.2503     0.0000       4885          1  0.000e+00
     46.762     46.497       5.01    27.2644    27.2635   5.554804   5.555064    35.0559    35.0584     3.9598     0.4236 5.2653e-04     0.5746     0.2219     0.1129    94.6029    97.2167     2.8340     4.4725     4.5653     2.8339     0.2271     0.0952     0.0794     0.2503     0.0000       4886          1  0.000e+00
     46.770     46.504       5.01    27.2645    27.2635   5.554850   5.555048    35.0561    35.0583     3.9595     0.4236 5.2653e-04     0.5746     0.2219     0.1129    94.6029    97.2167     2.8340     4.4725     4.5653     2.8339     0.2271     0.0952     0.0794     0.2503     0.0000       4887          1  0.000e+00
     46.762     46.497       5.03    27.2644    27.2637   5.554827   5.555002    35.0560    35.0578     3.9593     0.4236 5.2653e-04     0.5746     0.2219     0.1129    94.6029    97.2167     2.8340     4.4725     4.5653     2.8339     0.2271     0.0952     0.0794     0.2515     0.0000       4888          1  0.000e+00
     46.770     46.504       5.03    27.2647    27.2637   5.554819   5.555018    35.0558    35.0579     3.9568     0.4236 5.2653e-04     0.5746     0.2219     0.1129    94.6029    97.2167     2.8328     4.4725     4.5653     2.8327     0.2271     0.0952     0.0794     0.2515     0.0000       4889          1  0.000e+00
     46.770     46.504       5.03    27.2646    27.2637   5.554751   5.555002    35.0554    35.0578     3.9566     0.4236 5.2653e-04     0.5746     0.2219     0.1129    94.6029    97.2167     2.8328     4.4725     4.5653     2.8327     0.2271     0.0952     0.0794     0.2515     0.0000       4890          1  0.000e+00
     46.762     46.497       5.03    27.2643    27.2637   5.554797   5.555064    35.0559    35.0582     3.9564     0.4236 5.2653e-04     0.5746     0.2219     0.1129    94.6029    97.2167     2.8328     4.4725     4.5653     2.8327     0.2271     0.0952     0.0794     0.2515     0.0000       4891          1  0.000e+00
     46.821     46.555       5.03    27.2648    27.2635   5.554781   5.555018    35.0554    35.0580     3.9560     0.4236 5.2653e-04     0.5746     0.2219     0.1129    94.6029    97.2167     2.8328     4.4725     4.5653     2.8327     0.2271     0.0952     0.0794     0.2515     0.0000       4892          1  0.000e+00
     46.762     46.497       5.03    27.2645    27.2637   5.554804   5.555018    35.0558    35.0579     3.9556     0.4419 5.2653e-04     0.5746     0.2219     0.1129    94.6029    97.2167     2.8328     4.4725     4.5653     2.8327     0.2271     0.0965     0.0794     0.2515     0.0000       4893          1  0.000e+00
     46.770     46.504       5.03    27.2644    27.2637   5.554819   5.555033    35.0560    35.0581     3.9552     0.4236 5.4093e-04     0.5746     0.2219     0.1129    94.6029    97.2167     2.8328     4.4725     4.5653     2.8327     0.2320     0.0952     0.0794     0.2515     0.0000       4894          1  0.000e+00
     46.711     46.446       5.03    27.2645    27.2635   5.554819   5.555002    35.0559    35.0580     3.9548     0.4236 5.4453e-04     0.5746     0.2219     0.1129    94.6029    97.2167     2.8328     4.4725     4.5653     2.8327     0.2332     0.0952     0.0794     0.2515     0.0000       4895          1  0.000e+00
     46.762     46.497       5.03    27.2642    27.2637   5.554850   5.554987    35.0563    35.0577     3.9547     0.4236 5.4813e-04     0.5746     0.2219     0.1129    94.6029    97.2167     2.8328     4.4725     4.5653     2.8327     0.2344     0.0952     0.0794     0.2515     0.0000       4896          1  0.000e+00
     46.821     46.555       5.03    27.2643    27.2635   5.554865   5.554987    35.0563    35.0578     3.9544     0.4236 5.4813e-04     0.5746     0.2219     0.1129    94.6029    97.2167     2.8328     4.4725     4.5653     2.8327     0.2344     0.0952     0.0794     0.2515     0.0000       4897          1  0.000e+00
     46.711     46.446       5.03    27.2644    27.2637   5.554827   5.555025    35.0561    35.0580     3.9540     0.4236 5.4453e-04     0.5746     0.2219     0.1129    94.6029    97.2167     2.8328     4.4725     4.5653     2.8327     0.2332     0.0952     0.0794     0.2515     0.0000       4898          1  0.000e+00
     46.770     46.504       5.03    27.2643    27.2635   5.554781   5.555002    35.0558    35.0579     3.9540     0.4419 5.4453e-04     0.5746     0.2187     0.1129    94.6804    97.2167     2.8328     4.4762     4.5653     2.8327     0.2332     0.0965     0.0794     0.2515     0.0000       4899          1  0.000e+00
     46.762     46.497       5.03    27.2644    27.2633   5.554774   5.555018    35.0557    35.0582     3.9539     0.4419 5.4453e-04     0.5746     0.2121     0.1129    94.8355    97.2167     2.8328     4.4835     4.5653     2.8327     0.2332     0.0965     0.0794     0.2515     0.0000       4900          1  0.000e+00
     46.770     46.504       5.03    27.2643    27.2635   5.554842   5.555002    35.0562    35.0580     3.9538     0.4419 5.4453e-04     0.5746     0.2099     0.1108    94.8872    97.2687     2.8328     4.4860     4.5678     2.8327     0.2332     0.0965     0.0794     0.2515     0.0000       4901          1  0.000e+00
     46.770     46.504       5.03    27.2646    27.2635   5.554827   5.555025    35.0559    35.0581     3.9537     0.4419 5.4453e-04     0.5746     0.2110     0.1086    94.8614    97.3207     2.8328     4.4847     4.5702     2.8327     0.2332     0.0965     0.0794     0.2515     0.0000       4902          1  0.000e+00
     46.762     46.497       5.03    27.2643    27.2637   5.554819   5.554995    35.0560    35.0578     3.9537     0.4236 5.4813e-04     0.5746     0.2110     0.1086    94.8614    97.3207     2.8328     4.4847     4.5702     2.8327     0.2344     0.0952     0.0794     0.2515     0.0000       4903          1  0.000e+00
     46.711     46.446       5.03    27.2644    27.2637   5.554819   5.554987    35.0560    35.0577     3.9539     0.4419 5.4453e-04     0.6234     0.2099     0.1097    94.8872    97.2947     2.8328     4.4860     4.5690     2.8327     0.2332     0.0965     0.0806     0.2515     0.0000       4904          1  0.000e+00
     46.762     46.497       5.03    27.2645    27.2635   5.554850   5.555025    35.0561    35.0581     3.9541     0.4236 5.4453e-04     0.6234     0.2110     0.1086    94.8614    97.3207     2.8328     4.4847     4.5702     2.8327     0.2332     0.0952     0.0806     0.2515     0.0000       4905          1  0.000e+00
     46.770     46.504       5.03    27.2646    27.2637   5.554827   5.555002    35.0559    35.0578     3.9544     0.4236 5.4093e-04     0.5746     0.2110     0.1097    94.8614    97.2947     2.8328     4.4847     4.5690     2.8327     0.2320     0.0952     0.0794     0.2515     0.0000       4906          1  0.000e+00
     46.660     46.396       5.03    27.2645    27.2635   5.554819   5.554987    35.0559    35.0578     3.9546     0.4419 5.4093e-04     0.5746     0.2110     0.1097    94.8614    97.2947     2.8328     4.4847     4.5690     2.8327     0.2320     0.0965     0.0794     0.2515     0.0000       4907          1  0.000e+00
     46.872     46.606       5.03    27.2644    27.2635   5.554850   5.555025    35.0562    35.0581     3.9550     0.4236 5.4453e-04     0.6234     0.2110     0.1097    94.8614    97.2947     2.8328     4.4847     4.5690     2.8327     0.2332     0.0952     0.0806     0.2515     0.0000       4908          1  0.000e+00
     46.711     46.446       5.03    27.2645    27.2637   5.554827   5.555002    35.0560    35.0579     3.9553     0.4419 5.4453e-04     0.5746     0.2110     0.1097    94.8614    97.2947     2.8328     4.4847     4.5690     2.8327     0.2332     0.0965     0.0794     0.2515     0.0000       4909          1  0.000e+00
     46.762     46.497       5.03    27.2644    27.2635   5.554819   5.555018    35.0560    35.0581     3.9557     0.4236 5.4453e-04     0.6234     0.2099     0.1086    94.8872    97.3207     2.8328     4.4860     4.5702     2.8327     0.2332     0.0952     0.0806     0.2515     0.0000       4910          1  0.000e+00
     46.770     46.504       5.03    27.2643    27.2637   5.554781   5.554964    35.0558    35.0576     3.9559     0.4419 5.4453e-04     0.6234     0.2110     0.1097    94.8614    97.2947     2.8328     4.4847     4.5690     2.8327     0.2332     0.0965     0.0806     0.2515     0.0000       4911          1  0.000e+00
     46.711     46.446       5.03    27.2644    27.2635   5.554804   5.555048    35.0559    35.0583     3.9560     0.4419 5.4453e-04     0.6234     0.2110     0.1097    94.8614    97.2947     2.8328     4.4847     4.5690     2.8327     0.2332     0.0965     0.0806     0.2515     0.0000       4912          1  0.000e+00
     46.770     46.504       5.03    27.2643    27.2635   5.554819   5.555018    35.0560    35.0581     3.9562     0.4236 5.4453e-04     0.5746     0.2110     0.1097    94.8614    97.2947     2.8328     4.4847     4.5690     2.8327     0.2332     0.0952     0.0794     0.2515     0.0000       4913          1  0.000e+00
     46.711     46.446       5.03    27.2644    27.2635   5.554781   5.554956    35.0557    35.0576     3.9564     0.4419 5.4813e-04     0.5746     0.2099     0.1097    94.8872    97.2947     2.8328     4.4860     4.5690     2.8327     0.2344     0.0965     0.0794     0.2515     0.0000       4914          1  0.000e+00
     39.734     39.509      11.62    27.2613    27.2606   5.553930   5.554077    35.0541    35.0557     3.9620     0.4602 6.6331e-04     0.5746     0.2088     0.1140    94.9131    97.1906     2.8377     4.4872     4.5641     2.8376     0.2735     0.0977     0.0794     0.5812     0.0000       6076          2  0.000e+00
