public/post/ctd18/stn008.ros
* Sea-Bird SBE 9 Data File:
* FileName = C:\CTD Data\AGU032_IIOE2_June2018\stn008.hex
* Software Version Seasave V 7.22.5
* Temperature SN = 5966
* Conductivity SN = 4551
* Number of Bytes Per Scan = 40
* Number of Voltage Words = 5
* Number of Scans Averaged by the Deck Unit = 1
* NMEA Latitude = 06 29.37 S
* NMEA Longitude = 039 14.56 E
* NMEA UTC (Time) = Jun 19 2018 18:28:52
* NMEA baud rate = 4800
** Ship: Agulhas II
** Cruise: V032_IIOE2
** Ship Station: AM00889
** Grid number: A-8
** Latitude: 06 29.377 S
** Longitude: 039 14.567 E
** Bottom depth (m): 51.97m
** Operator: Florence and Bornwell
# nquan = 29
# nvalues = 539                                   
# units = specified
# name 0 = prDM: Pressure, Digiquartz [db]
# name 1 = depSM: Depth [salt water, m]
# name 2 = altM: Altimeter [m]
# name 3 = t090C: Temperature [ITS-90, deg C]
# name 4 = t190C: Temperature, 2 [ITS-90, deg C]
# name 5 = c0S/m: Conductivity [S/m]
# name 6 = c1S/m: Conductivity, 2 [S/m]
# name 7 = sal00: Salinity, Practical [PSU]
# name 8 = sal11: Salinity, Practical, 2 [PSU]
# name 9 = sbeox0ML/L: Oxygen, SBE 43 [ml/l]
# name 10 = flECO-AFL: Fluorescence, WET Labs ECO-AFL/FL [mg/m^3]
# name 11 = turbWETbb0: Turbidity, WET Labs ECO BB [m^-1/sr]
# name 12 = turbWETntu0: Turbidity, WET Labs ECO [NTU]
# name 13 = CStarAt0: Beam Attenuation, WET Labs C-Star [1/m]
# name 14 = CStarAt1: Beam Attenuation, WET Labs C-Star, 2 [1/m]
# name 15 = CStarTr0: Beam Transmission, WET Labs C-Star [%]
# name 16 = CStarTr1: Beam Transmission, WET Labs C-Star, 2 [%]
# name 17 = sbeox0V: Oxygen raw, SBE 43 [V]
# name 18 = v0: Voltage 0
# name 19 = v1: Voltage 1
# name 20 = v2: Voltage 2
# name 21 = v3: Voltage 3
# name 22 = v4: Voltage 4
# name 23 = v5: Voltage 5
# name 24 = v6: Voltage 6
# name 25 = v7: Voltage 7
# name 26 = scan: Scan Count
# name 27 = nbf: Bottles Fired
# name 28 = flag:  0.000e+00
# interval = seconds: 0.0416667
# start_time = Jun 19 2018 18:28:52 [NMEA time, header]
# bad_flag = -9.990e-29
*END*
[from data line 101]
     39.676     39.451      11.60    27.2614    27.2606   5.553756   5.554123    35.0528    35.0560     3.9653     0.3686 6.6691e-04     0.5746     0.2088     0.1097    94.9131    97.2947     2.8377     4.4872     4.5690     2.8376     0.2747     0.0916     0.0794     0.5800     0.0000       6138          3  0.000e+00
     39.625     39.401      11.60    27.2615    27.2610   5.553892   5.554084    35.0537    35.0555     3.9675     0.3686 6.6331e-04     0.5258     0.2088     0.1097    94.9131    97.2947     2.8389     4.4872     4.5690     2.8388     0.2735     0.0916     0.0781     0.5800     0.0000       6139          3  0.000e+00
     39.683     39.458      11.62    27.2616    27.2606   5.553915   5.554107    35.0538    35.0559     3.9677     0.3686 6.6331e-04     0.5746     0.2088     0.1097    94.9131    97.2947     2.8389     4.4872     4.5690     2.8388     0.2735     0.0916     0.0794     0.5812     0.0000       6140          3  0.000e+00
     39.676     39.451      11.65    27.2617    27.2608   5.553907   5.554123    35.0537    35.0559     3.9679     0.3686 6.6691e-04     0.5746     0.2088     0.1097    94.9131    97.2947     2.8389     4.4872     4.5690     2.8388     0.2747     0.0916     0.0794     0.5824     0.0000       6141          3  0.000e+00
     39.676     39.451      11.67    27.2614    27.2608   5.553907   5.554123    35.0539    35.0559     3.9681     0.3686 6.6331e-04     0.5746     0.2088     0.1097    94.9131    97.2947     2.8389     4.4872     4.5690     2.8388     0.2735     0.0916     0.0794     0.5836     0.0000       6142          3  0.000e+00
     39.676     39.451      11.67    27.2615    27.2608   5.553907   5.554123    35.0538    35.0559     3.9682     0.3686 5.9132e-04     0.5746     0.2088     0.1097    94.9131    97.2947     2.8389     4.4872     4.5690     2.8388     0.2491     0.0916     0.0794     0.5836     0.0000       6143          3  0.000e+00
     39.625     39.401      11.67    27.2616    27.2608   5.553937   5.554153    35.0540    35.0561     3.9682     0.3686 5.4813e-04     0.5746     0.2088     0.1097    94.9131    97.2947     2.8389     4.4872     4.5690     2.8388     0.2344     0.0916     0.0794     0.5836     0.0000       6144          3  0.000e+00
     39.676     39.451      11.67    27.2615    27.2608   5.553884   5.554130    35.0536    35.0559     3.9706     0.3686 5.4093e-04     0.5746     0.2099     0.1097    94.8872    97.2947     2.8401     4.4860     4.5690     2.8400     0.2320     0.0916     0.0794     0.5836     0.0000       6145          3  0.000e+00
     39.676     39.451      11.72    27.2614    27.2610   5.553930   5.554123    35.0540    35.0557     3.9711     0.3686 5.4453e-04     0.5746     0.2088     0.1108    94.9131    97.2687     2.8401     4.4872     4.5678     2.8400     0.2332     0.0916     0.0794     0.5861     0.0000       6146          3  0.000e+00
     39.676     39.451      11.72    27.2617    27.2608   5.553915   5.554123    35.0537    35.0559     3.9715     0.3686 5.4813e-04     0.5746     0.2088     0.1097    94.9131    97.2947     2.8401     4.4872     4.5690     2.8400     0.2344     0.0916     0.0794     0.5861     0.0000       6147          3  0.000e+00
     39.683     39.458      11.72    27.2617    27.2608   5.553975   5.554084    35.0541    35.0556     3.9696     0.3686 5.4813e-04     0.5746     0.2099     0.1097    94.8872    97.2947     2.8389     4.4860     4.5690     2.8388     0.2344     0.0916     0.0794     0.5861     0.0000       6148          3  0.000e+00
     39.625     39.401      11.72    27.2614    27.2610   5.553930   5.554107    35.0540    35.0557     3.9721     0.3686 5.4813e-04     0.5746     0.2088     0.1097    94.9131    97.2947     2.8401     4.4872     4.5690     2.8400     0.2344     0.0916     0.0794     0.5861     0.0000       6149          3  0.000e+00
     39.676     39.451      11.75    27.2615    27.2608   5.553937   5.554123    35.0540    35.0559     3.9725     0.3686 5.4813e-04     0.5746     0.2088     0.1097    94.9131    97.2947     2.8401     4.4872     4.5690     2.8400     0.2344     0.0916     0.0794     0.5873     0.0000       6150          3  0.000e+00
     39.676     39.451      11.77    27.2614    27.2608   5.553983   5.554123    35.0544    35.0559     3.9728     0.3686 5.4813e-04     0.5746     0.2099     0.1097    94.8872    97.2947     2.8401     4.4860     4.5690     2.8400     0.2344     0.0916     0.0794     0.5885     0.0000       6151          3  0.000e+00
     39.683     39.458      11.77    27.2617    27.2608   5.553930   5.554123    35.0538    35.0559     3.9734     0.3686 5.4813e-04     0.5746     0.2154     0.1097    94.7580    97.2947     2.8401     4.4799     4.5690     2.8400     0.2344     0.0916     0.0794     0.5885     0.0000       6152          3  0.000e+00
     39.625     39.401      11.77    27.2616    27.2608   5.553907   5.554123    35.0537    35.0559     3.9739     0.3869 5.4453e-04     0.5746     0.2187     0.1097    94.6804    97.2947     2.8401     4.4762     4.5690     2.8400     0.2332     0.0928     0.0794     0.5885     0.0000       6153          3  0.000e+00
     39.676     39.451      11.77    27.2617    27.2608   5.553907   5.554123    35.0537    35.0559     3.9744     0.3869 5.4813e-04     0.5746     0.2187     0.1086    94.6804    97.3207     2.8401     4.4762     4.5702     2.8400     0.2344     0.0928     0.0794     0.5885     0.0000       6154          3  0.000e+00
     39.683     39.458      11.77    27.2614    27.2608   5.553907   5.554153    35.0539    35.0561     3.9749     0.3869 5.4813e-04     0.5746     0.2187     0.1076    94.6804    97.3467     2.8401     4.4762     4.5714     2.8400     0.2344     0.0928     0.0794     0.5885     0.0000       6155          3  0.000e+00
     39.676     39.451      11.79    27.2615    27.2610   5.553869   5.554130    35.0535    35.0558     3.9753     0.3869 5.4813e-04     0.5746     0.2187     0.1076    94.6804    97.3467     2.8401     4.4762     4.5714     2.8400     0.2344     0.0928     0.0794     0.5897     0.0000       6156          3  0.000e+00
     39.676     39.451      11.79    27.2616    27.2608   5.553892   5.554123    35.0536    35.0559     3.9758     0.3869 5.4813e-04     0.6234     0.2176     0.1086    94.7063    97.3207     2.8401     4.4774     4.5702     2.8400     0.2344     0.0928     0.0806     0.5897     0.0000       6157          3  0.000e+00
     39.676     39.451      11.79    27.2613    27.2608   5.553907   5.554084    35.0539    35.0556     3.9762     0.3869 5.4813e-04     0.5746     0.2176     0.1086    94.7063    97.3207     2.8401     4.4774     4.5702     2.8400     0.2344     0.0928     0.0794     0.5897     0.0000       6158          3  0.000e+00
     39.625     39.401      11.79    27.2614    27.2610   5.553907   5.554076    35.0539    35.0554     3.9766     0.3869 5.4813e-04     0.5746     0.2176     0.1086    94.7063    97.3207     2.8401     4.4774     4.5702     2.8400     0.2344     0.0928     0.0794     0.5897     0.0000       6159          3  0.000e+00
     39.676     39.451      11.82    27.2617    27.2606   5.553907   5.554076    35.0537    35.0557     3.9747     0.3869 5.4813e-04     0.5746     0.2187     0.1076    94.6804    97.3467     2.8389     4.4762     4.5714     2.8388     0.2344     0.0928     0.0794     0.5910     0.0000       6160          3  0.000e+00
     39.734     39.509      11.82    27.2616    27.2610   5.553937   5.554107    35.0539    35.0556     3.9772     0.3869 5.4813e-04     0.5746     0.2176     0.1086    94.7063    97.3207     2.8401     4.4774     4.5702     2.8400     0.2344     0.0928     0.0794     0.5910     0.0000       6161          3  0.000e+00
     39.625     39.401      11.82    27.2615    27.2608   5.553915   5.554084    35.0539    35.0556     3.9773     0.3869 5.4813e-04     0.6234     0.2187     0.1086    94.6804    97.3207     2.8401     4.4762     4.5702     2.8400     0.2344     0.0928     0.0806     0.5910     0.0000       6162          3  0.000e+00
     39.734     39.509      11.82    27.2616    27.2610   5.553907   5.554077    35.0537    35.0554     3.9752     0.3869 5.4813e-04     0.6234     0.2176     0.1086    94.7063    97.3207     2.8389     4.4774     4.5702     2.8388     0.2344     0.0928     0.0806     0.5910     0.0000       6163          3  0.000e+00
     39.625     39.401      11.82    27.2615    27.2608   5.553862   5.554107    35.0535    35.0558     3.9751     0.3869 5.4813e-04     0.5746     0.2176     0.1086    94.7063    97.3207     2.8389     4.4774     4.5702     2.8388     0.2344     0.0928     0.0794     0.5910     0.0000       6164          3  0.000e+00
     39.676     39.451      11.82    27.2614    27.2606   5.553892   5.554123    35.0538    35.0560     3.9747     0.3869 5.4813e-04     0.6234     0.2176     0.1076    94.7063    97.3467     2.8389     4.4774     4.5714     2.8388     0.2344     0.0928     0.0806     0.5910     0.0000       6165          3  0.000e+00
     39.734     39.509      11.82    27.2615    27.2610   5.553907   5.554123    35.0538    35.0557     3.9744     0.3869 5.4813e-04     0.6234     0.2187     0.1076    94.6804    97.3467     2.8389     4.4762     4.5714     2.8388     0.2344     0.0928     0.0806     0.5910     0.0000       6166          3  0.000e+00
     39.683     39.458      11.82    27.2616    27.2608   5.553937   5.554123    35.0539    35.0559     3.9740     0.3869 5.4453e-04     0.5746     0.2187     0.1086    94.6804    97.3207     2.8389     4.4762     4.5702     2.8388     0.2332     0.0928     0.0794     0.5910     0.0000       6167          3  0.000e+00
     39.676     39.451      11.82    27.2615    27.2606   5.553952   5.554153    35.0541    35.0562     3.9735     0.3869 5.4813e-04     0.6234     0.2176     0.1086    94.7063    97.3207     2.8389     4.4774     4.5702     2.8388     0.2344     0.0928     0.0806     0.5910     0.0000       6168          3  0.000e+00
     39.676     39.451      11.82    27.2614    27.2610   5.553915   5.554130    35.0539    35.0558     3.9731     0.3869 5.7692e-04     0.6234     0.2187     0.1086    94.6804    97.3207     2.8389     4.4762     4.5702     2.8388     0.2442     0.0928     0.0806     0.5910     0.0000       6169          3  0.000e+00
     39.676     39.451      11.82    27.2615    27.2608   5.553907   5.554123    35.0538    35.0559     3.9726     0.3869 5.9492e-04     0.5746     0.2176     0.1076    94.7063    97.3467     2.8389     4.4774     4.5714     2.8388     0.2503     0.0928     0.0794     0.5910     0.0000       6170          3  0.000e+00
     39.683     39.458      11.82    27.2616    27.2606   5.553907   5.554084    35.0537    35.0558     3.9721     0.3869 5.9492e-04     0.6234     0.2187     0.1076    94.6804    97.3467     2.8389     4.4762     4.5714     2.8388     0.2503     0.0928     0.0806     0.5910     0.0000       6171          3  0.000e+00
     39.734     39.509      11.82    27.2615    27.2610   5.553937   5.554146    35.0540    35.0559     3.9716     0.3869 5.9492e-04     0.6234     0.2165     0.1076    94.7321    97.3467     2.8389     4.4786     4.5714     2.8388     0.2503     0.0928     0.0806     0.5910     0.0000       6172          3  0.000e+00
     39.676     39.451      11.82    27.2618    27.2608   5.553952   5.554100    35.0539    35.0557     3.9710     0.3869 5.9492e-04     0.6234     0.2154     0.1086    94.7580    97.3207     2.8389     4.4799     4.5702     2.8388     0.2503     0.0928     0.0806     0.5910     0.0000       6173          3  0.000e+00
     39.676     39.451      11.82    27.2615    27.2610   5.553884   5.554107    35.0536    35.0556     3.9705     0.3869 5.9852e-04     0.5746     0.2143     0.1097    94.7838    97.2947     2.8389     4.4811     4.5690     2.8388     0.2515     0.0928     0.0794     0.5910     0.0000       6174          3  0.000e+00
     39.734     39.509      11.82    27.2616    27.2606   5.553930   5.554084    35.0539    35.0557     3.9699     0.3869 5.9492e-04     0.5746     0.2143     0.1097    94.7838    97.2947     2.8389     4.4811     4.5690     2.8388     0.2503     0.0928     0.0794     0.5910     0.0000       6175          3  0.000e+00
     39.676     39.451      11.82    27.2615    27.2610   5.553915   5.554146    35.0539    35.0559     3.9695     0.3869 5.9492e-04     0.5746     0.2143     0.1108    94.7838    97.2687     2.8389     4.4811     4.5678     2.8388     0.2503     0.0928     0.0794     0.5910     0.0000       6176          3  0.000e+00
     39.734     39.509      11.82    27.2616    27.2606   5.553907   5.554130    35.0537    35.0561     3.9691     0.3869 5.9492e-04     0.5746     0.2143     0.1097    94.7838    97.2947     2.8389     4.4811     4.5690     2.8388     0.2503     0.0928     0.0794     0.5910     0.0000       6177          3  0.000e+00
     39.566     39.343      11.82    27.2615    27.2606   5.553937   5.554123    35.0541    35.0561     3.9662     0.3869 5.9492e-04     0.5746     0.2143     0.1097    94.7838    97.2947     2.8377     4.4811     4.5690     2.8376     0.2503     0.0928     0.0794     0.5910     0.0000       6178          3  0.000e+00
     39.843     39.618      11.82    27.2616    27.2610   5.553915   5.554123    35.0537    35.0557     3.9657     0.3869 5.9492e-04     0.5746     0.2143     0.1097    94.7838    97.2947     2.8377     4.4811     4.5690     2.8376     0.2503     0.0928     0.0794     0.5910     0.0000       6179          3  0.000e+00
     39.734     39.509      11.82    27.2617    27.2608   5.553907   5.554084    35.0536    35.0556     3.9652     0.3869 5.9492e-04     0.5746     0.2143     0.1097    94.7838    97.2947     2.8377     4.4811     4.5690     2.8376     0.2503     0.0928     0.0794     0.5910     0.0000       6180          3  0.000e+00
     39.676     39.451      11.82    27.2614    27.2608   5.553937   5.554107    35.0541    35.0558     3.9645     0.4053 5.9492e-04     0.5746     0.2143     0.1097    94.7838    97.2947     2.8377     4.4811     4.5690     2.8376     0.2503     0.0940     0.0794     0.5910     0.0000       6181          3  0.000e+00
     39.734     39.509      11.82    27.2617    27.2608   5.553915   5.554153    35.0537    35.0561     3.9638     0.3869 5.9492e-04     0.5746     0.2143     0.1108    94.7838    97.2687     2.8377     4.4811     4.5678     2.8376     0.2503     0.0928     0.0794     0.5910     0.0000       6182          3  0.000e+00
     39.676     39.451      11.82    27.2616    27.2604   5.553907   5.554100    35.0537    35.0560     3.9611     0.3869 5.9492e-04     0.5746     0.2154     0.1097    94.7580    97.2947     2.8365     4.4799     4.5690     2.8364     0.2503     0.0928     0.0794     0.5910     0.0000       6183          3  0.000e+00
     39.683     39.458      11.82    27.2615    27.2608   5.553869   5.554130    35.0535    35.0559     3.9589     0.3869 5.9492e-04     0.5746     0.2143     0.1097    94.7838    97.2947     2.8365     4.4811     4.5690     2.8364     0.2503     0.0928     0.0794     0.5910     0.0000       6186          4  0.000e+00
     39.734     39.509      11.82    27.2616    27.2610   5.553930   5.554123    35.0539    35.0557     3.9582     0.3869 5.9492e-04     0.5746     0.2143     0.1097    94.7838    97.2947     2.8365     4.4811     4.5690     2.8364     0.2503     0.0928     0.0794     0.5910     0.0000       6187          4  0.000e+00
     39.785     39.560      11.82    27.2617    27.2610   5.553952   5.554153    35.0540    35.0559     3.9555     0.3869 5.9852e-04     0.5746     0.2143     0.1097    94.7838    97.2947     2.8352     4.4811     4.5690     2.8352     0.2515     0.0928     0.0794     0.5910     0.0000       6188          4  0.000e+00
