public/post/ctd18/stn007.cnv
* Sea-Bird SBE 9 Data File:
* FileName = C:\CTD Data\AGU032_IIOE2_June2018\stn007.hex
* Software Version Seasave V 7.22.5
* Temperature SN = 5966
* Conductivity SN = 4551
* Number of Bytes Per Scan = 40
* Number of Voltage Words = 5
* Number of Scans Averaged by the Deck Unit = 1
* NMEA Latitude = 06 15.57 S
* NMEA Longitude = 039 00.39 E
* NMEA UTC (Time) = Jun 19 2018 13:35:21
* NMEA baud rate = 4800
** Ship: Agulhas II
** Cruise: V032_IIOE2
** Ship Station: AM00888
** Grid number: A-7
** Latitude: 06 15.566 S
** Longitude: 039 00.390 E
** Bottom depth (m): 33.5m
** Operator: Florence and Bornwell
# nquan = 27
# nvalues = 8925                                  
# units = specified
# name 0 = prDM: Pressure, Digiquartz [db]
# name 1 = depSM: Depth [salt water, m]
# name 2 = altM: Altimeter [m]
# name 3 = t090C: Temperature [ITS-90, deg C]
# name 4 = t190C: Temperature, 2 [ITS-90, deg C]
# name 5 = c0S/m: Conductivity [S/m]
# name 6 = c1S/m: Conductivity, 2 [S/m]
# name 7 = sal00: Salinity, Practical [PSU]
# name 8 = sal11: Salinity, Practical, 2 [PSU]
# name 9 = sbeox0ML/L: Oxygen, SBE 43 [ml/l]
# name 10 = flECO-AFL: Fluorescence, WET Labs ECO-AFL/FL [mg/m^3]
# name 11 = turbWETbb0: Turbidity, WET Labs ECO BB [m^-1/sr]
# name 12 = turbWETntu0: Turbidity, WET Labs ECO [NTU]
# name 13 = CStarAt0: Beam Attenuation, WET Labs C-Star [1/m]
# name 14 = CStarAt1: Beam Attenuation, WET Labs C-Star, 2 [1/m]
# name 15 = CStarTr0: Beam Transmission, WET Labs C-Star [%]
# name 16 = CStarTr1: Beam Transmission, WET Labs C-Star, 2 [%]
# name 17 = sbeox0V: Oxygen raw, SBE 43 [V]
# name 18 = v0: Voltage 0
# name 19 = v1: Voltage 1
# name 20 = v2: Voltage 2
# name 21 = v3: Voltage 3
# name 22 = v4: Voltage 4
# name 23 = v5: Voltage 5
# name 24 = v6: Voltage 6
# name 25 = v7: Voltage 7
# name 26 = flag:  0.000e+00
# span 0 =     -1.149,     27.885                 
# span 1 =     -1.142,     27.728                 
# span 2 =       5.79,     100.00                 
# span 3 =    26.4453,    27.5191                 
# span 4 =    26.2357,    27.5158                 
# span 5 =   0.644485,   5.569335                 
# span 6 =  -0.156395,   5.569411                 
# span 7 =     3.3633,    35.7506                 
# span 8 =     0.0000,    35.0024                 
# span 9 =     3.8135,     4.8188                 
# span 10 =    -0.0343,     0.7899                
# span 11 = 6.6331e-04, 7.6752e-03                
# span 12 =    -1.2813,    40.2327                
# span 13 =     0.2132,     1.0482                
# span 14 =    -0.2324,     2.2648                
# span 15 =    76.9475,    94.8097                
# span 16 =    56.7677,   105.9828                
# span 17 =     2.7791,     2.8731                
# span 18 =     3.6386,     4.4823                
# span 19 =     2.6667,     4.9768                
# span 20 =     2.7790,     2.8730                
# span 21 =     0.2735,     2.6520                
# span 22 =     0.0647,     0.1197                
# span 23 =     0.0330,     1.0708                
# span 24 =     0.2894,     5.0000                
# span 25 =     0.0000,     0.0000                
# span 26 = 0.0000e+00, 0.0000e+00                
# interval = seconds: 0.0416667
# start_time = Jun 19 2018 13:35:21 [NMEA time, header]
# bad_flag = -9.990e-29
*END*
[from data line 7356]
     10.028      9.972      22.66    27.3780    27.3788   5.554805   5.555173    34.9817    34.9837     3.9944     0.3503 7.3170e-04     0.7211     0.3530     0.2390    91.5526    94.1992     2.8621     4.3284     4.4237     2.8620     0.2967     0.0904     0.0830     1.1331     0.0000  0.000e+00
     10.057     10.001      22.66    27.3778    27.3790   5.554828   5.555227    34.9820    34.9839     3.9948     0.3320 7.2810e-04     0.6723     0.3530     0.2192    91.5526    94.6675     2.8621     4.3284     4.4457     2.8620     0.2955     0.0891     0.0818     1.1331     0.0000  0.000e+00
     10.028      9.972      22.66    27.3780    27.3788   5.554805   5.555204    34.9817    34.9839     3.9951     0.3320 7.2810e-04     0.6723     0.3530     0.2148    91.5526    94.7715     2.8621     4.3284     4.4505     2.8620     0.2955     0.0891     0.0818     1.1331     0.0000  0.000e+00
     10.057     10.001      22.66    27.3776    27.3790   5.554760   5.555196    34.9816    34.9837     3.9954     0.3503 7.2810e-04     0.6723     0.3530     0.2159    91.5526    94.7455     2.8621     4.3284     4.4493     2.8620     0.2955     0.0904     0.0818     1.1331     0.0000  0.000e+00
      9.977      9.921      22.66    27.3776    27.3788   5.554714   5.555203    34.9813    34.9839     3.9956     0.3503 7.2810e-04     0.7211     0.3530     0.2170    91.5526    94.7195     2.8621     4.3284     4.4481     2.8620     0.2955     0.0904     0.0830     1.1331     0.0000  0.000e+00
      9.999      9.943      22.66    27.3771    27.3786   5.554639   5.555203    34.9812    34.9840     3.9936     0.3503 7.3170e-04     0.7211     0.3530     0.2170    91.5526    94.7195     2.8609     4.3284     4.4481     2.8608     0.2967     0.0904     0.0830     1.1331     0.0000  0.000e+00
      9.999      9.943      22.66    27.3767    27.3790   5.554578   5.555196    34.9810    34.9837     3.9932     0.3320 7.3170e-04     0.7211     0.3530     0.2170    91.5526    94.7195     2.8609     4.3284     4.4481     2.8608     0.2967     0.0891     0.0830     1.1331     0.0000  0.000e+00
      9.977      9.921      22.66    27.3764    27.3788   5.554533   5.555234    34.9810    34.9841     3.9929     0.3320 7.2810e-04     0.6723     0.3530     0.2170    91.5526    94.7195     2.8609     4.3284     4.4481     2.8608     0.2955     0.0891     0.0818     1.1331     0.0000  0.000e+00
      9.999      9.943      22.71    27.3760    27.3790   5.554487   5.555211    34.9809    34.9838     3.9928     0.3503 7.2810e-04     0.7211     0.3530     0.2170    91.5526    94.7195     2.8609     4.3284     4.4481     2.8608     0.2955     0.0904     0.0830     1.1355     0.0000  0.000e+00
      9.977      9.921      22.74    27.3757    27.3790   5.554442   5.555196    34.9809    34.9837     3.9904     0.3320 7.3170e-04     0.6723     0.3542     0.2170    91.5268    94.7195     2.8596     4.3272     4.4481     2.8596     0.2967     0.0891     0.0818     1.1368     0.0000  0.000e+00
      9.948      9.892      22.74    27.3753    27.3786   5.554396   5.555196    34.9808    34.9840     3.9924     0.3503 7.2810e-04     0.6723     0.3553     0.2170    91.5009    94.7195     2.8609     4.3260     4.4481     2.8608     0.2955     0.0904     0.0818     1.1368     0.0000  0.000e+00
      9.999      9.943      22.74    27.3751    27.3783   5.554389   5.555096    34.9809    34.9835     3.9922     0.3320 7.3530e-04     0.6723     0.3553     0.2170    91.5009    94.7195     2.8609     4.3260     4.4481     2.8608     0.2979     0.0891     0.0818     1.1368     0.0000  0.000e+00
      9.926      9.871      22.74    27.3747    27.3781   5.554389   5.555057    34.9812    34.9834     3.9897     0.3320 7.3170e-04     0.6234     0.3553     0.2170    91.5009    94.7195     2.8596     4.3260     4.4481     2.8596     0.2967     0.0891     0.0806     1.1368     0.0000  0.000e+00
      9.948      9.892      22.78    27.3744    27.3777   5.554283   5.555027    34.9807    34.9835     3.9894     0.3320 7.2810e-04     0.6234     0.3553     0.2170    91.5009    94.7195     2.8596     4.3260     4.4481     2.8596     0.2955     0.0891     0.0806     1.1392     0.0000  0.000e+00
      9.926      9.871      22.78    27.3739    27.3770   5.554253   5.554881    34.9809    34.9830     3.9889     0.3503 7.2810e-04     0.6234     0.3553     0.2170    91.5009    94.7195     2.8596     4.3260     4.4481     2.8596     0.2955     0.0904     0.0806     1.1392     0.0000  0.000e+00
      9.890      9.834      22.78    27.3738    27.3766   5.554215   5.554865    34.9807    34.9832     3.9885     0.3320 7.3170e-04     0.6234     0.3553     0.2170    91.5009    94.7195     2.8596     4.3260     4.4481     2.8596     0.2967     0.0891     0.0806     1.1392     0.0000  0.000e+00
      9.948      9.892      22.78    27.3736    27.3761   5.554207   5.554812    34.9807    34.9832     3.9899     0.3320 7.2810e-04     0.6234     0.3553     0.2170    91.5009    94.7195     2.8609     4.3260     4.4481     2.8608     0.2955     0.0891     0.0806     1.1392     0.0000  0.000e+00
      9.926      9.871      22.78    27.3733    27.3757   5.554207   5.554819    34.9810    34.9835     3.9871     0.3503 7.3170e-04     0.6234     0.3564     0.2170    91.4751    94.7195     2.8596     4.3248     4.4481     2.8596     0.2967     0.0904     0.0806     1.1392     0.0000  0.000e+00
      9.839      9.784      22.81    27.3733    27.3752   5.554169   5.554835    34.9807    34.9840     3.9888     0.3503 7.3170e-04     0.6234     0.3553     0.2170    91.5009    94.7195     2.8609     4.3260     4.4481     2.8608     0.2967     0.0904     0.0806     1.1404     0.0000  0.000e+00
      9.926      9.871      22.81    27.3731    27.3748   5.554124   5.554835    34.9805    34.9843     3.9885     0.3320 7.2810e-04     0.6234     0.3553     0.2170    91.5009    94.7195     2.8609     4.3260     4.4481     2.8608     0.2955     0.0891     0.0806     1.1404     0.0000  0.000e+00
      9.839      9.784      22.81    27.3731    27.3746   5.554116   5.554765    34.9805    34.9840     3.9880     0.3320 7.3170e-04     0.6723     0.3553     0.2170    91.5009    94.7195     2.8609     4.3260     4.4481     2.8608     0.2967     0.0891     0.0818     1.1404     0.0000  0.000e+00
      9.890      9.834      22.81    27.3727    27.3743   5.554116   5.554704    34.9808    34.9838     3.9877     0.3503 7.3170e-04     0.6234     0.3553     0.2159    91.5009    94.7455     2.8609     4.3260     4.4493     2.8608     0.2967     0.0904     0.0806     1.1404     0.0000  0.000e+00
      9.868      9.813      22.83    27.3726    27.3739   5.554078   5.554589    34.9807    34.9833     3.9872     0.3320 7.3170e-04     0.6723     0.3553     0.2148    91.5009    94.7715     2.8609     4.3260     4.4505     2.8608     0.2967     0.0891     0.0818     1.1416     0.0000  0.000e+00
      9.788      9.733      22.86    27.3724    27.3735   5.554071   5.554489    34.9808    34.9829     3.9867     0.3320 7.3170e-04     0.6723     0.3553     0.2148    91.5009    94.7715     2.8609     4.3260     4.4505     2.8608     0.2967     0.0891     0.0818     1.1429     0.0000  0.000e+00
      9.868      9.813      22.86    27.3722    27.3730   5.554101   5.554397    34.9811    34.9826     3.9863     0.3320 7.2810e-04     0.6723     0.3564     0.2159    91.4751    94.7455     2.8609     4.3248     4.4493     2.8608     0.2955     0.0891     0.0818     1.1429     0.0000  0.000e+00
      9.788      9.733      22.86    27.3726    27.3724   5.554078   5.554343    34.9807    34.9826     3.9862     0.3320 7.2810e-04     0.6234     0.3553     0.2148    91.5009    94.7715     2.8609     4.3260     4.4505     2.8608     0.2955     0.0891     0.0806     1.1429     0.0000  0.000e+00
      9.817      9.762      22.86    27.3724    27.3719   5.554101   5.554297    34.9810    34.9827     3.9859     0.3320 7.2810e-04     0.6723     0.3553     0.2148    91.5009    94.7715     2.8609     4.3260     4.4505     2.8608     0.2955     0.0891     0.0818     1.1429     0.0000  0.000e+00
      9.788      9.733      22.86    27.3722    27.3719   5.554078   5.554320    34.9809    34.9829     3.9876     0.3503 7.2810e-04     0.6234     0.3564     0.2159    91.4751    94.7455     2.8621     4.3248     4.4493     2.8620     0.2955     0.0904     0.0806     1.1429     0.0000  0.000e+00
      9.788      9.733      22.88    27.3724    27.3719   5.554003   5.554335    34.9803    34.9830     3.9850     0.3320 7.2810e-04     0.6723     0.3553     0.2159    91.5009    94.7455     2.8609     4.3260     4.4493     2.8608     0.2955     0.0891     0.0818     1.1441     0.0000  0.000e+00
      9.817      9.762      22.88    27.3722    27.3719   5.554010   5.554335    34.9804    34.9830     3.9848     0.3503 7.2810e-04     0.6234     0.3553     0.2148    91.5009    94.7715     2.8609     4.3260     4.4505     2.8608     0.2955     0.0904     0.0806     1.1441     0.0000  0.000e+00
      9.729      9.675      22.88    27.3718    27.3718   5.554056   5.554335    34.9811    34.9831     3.9844     0.3320 7.2810e-04     0.6234     0.3553     0.2148    91.5009    94.7715     2.8609     4.3260     4.4505     2.8608     0.2955     0.0891     0.0806     1.1441     0.0000  0.000e+00
      9.817      9.762      22.88    27.3718    27.3715   5.554003   5.554335    34.9807    34.9833     3.9863     0.3320 7.2810e-04     0.6234     0.3553     0.2148    91.5009    94.7715     2.8621     4.3260     4.4505     2.8620     0.2955     0.0891     0.0806     1.1441     0.0000  0.000e+00
      9.678      9.624      22.91    27.3720    27.3714   5.554048   5.554266    34.9809    34.9829     3.9839     0.3320 7.2810e-04     0.6723     0.3553     0.2148    91.5009    94.7715     2.8609     4.3260     4.4505     2.8608     0.2955     0.0891     0.0818     1.1453     0.0000  0.000e+00
      9.788      9.733      22.93    27.3720    27.3714   5.554033   5.554274    34.9807    34.9829     3.9837     0.3503 7.2810e-04     0.6234     0.3553     0.2159    91.5009    94.7455     2.8609     4.3260     4.4493     2.8608     0.2955     0.0904     0.0806     1.1465     0.0000  0.000e+00
      9.708      9.653      22.93    27.3718    27.3710   5.553987   5.554289    34.9806    34.9834     3.9835     0.3320 7.2810e-04     0.6234     0.3553     0.2148    91.5009    94.7715     2.8609     4.3260     4.4505     2.8608     0.2955     0.0891     0.0806     1.1465     0.0000  0.000e+00
      9.729      9.675      22.93    27.3715    27.3710   5.553980   5.554320    34.9808    34.9836     3.9833     0.3503 7.2810e-04     0.6234     0.3553     0.2148    91.5009    94.7715     2.8609     4.3260     4.4505     2.8608     0.2955     0.0904     0.0806     1.1465     0.0000  0.000e+00
      9.708      9.653      22.93    27.3715    27.3710   5.554010   5.554297    34.9810    34.9834     3.9807     0.3320 7.3170e-04     0.6234     0.3553     0.2148    91.5009    94.7715     2.8596     4.3260     4.4505     2.8596     0.2967     0.0891     0.0806     1.1465     0.0000  0.000e+00
      9.678      9.624      22.98    27.3718    27.3710   5.554056   5.554289    34.9811    34.9834     3.9802     0.3320 7.2810e-04     0.6234     0.3553     0.2159    91.5009    94.7455     2.8596     4.3260     4.4493     2.8596     0.2955     0.0891     0.0806     1.1490     0.0000  0.000e+00
      9.708      9.653      23.00    27.3720    27.3708   5.554071   5.554320    34.9810    34.9837     3.9822     0.3320 7.2810e-04     0.6234     0.3553     0.2148    91.5009    94.7715     2.8609     4.3260     4.4505     2.8608     0.2955     0.0891     0.0806     1.1502     0.0000  0.000e+00
      9.678      9.624      23.00    27.3722    27.3710   5.554101   5.554335    34.9811    34.9837     3.9799     0.3320 7.2810e-04     0.6234     0.3553     0.2159    91.5009    94.7455     2.8596     4.3260     4.4493     2.8596     0.2955     0.0891     0.0806     1.1502     0.0000  0.000e+00
      9.678      9.624      23.00    27.3722    27.3710   5.554116   5.554335    34.9812    34.9837     3.9796     0.3137 7.2810e-04     0.6234     0.3553     0.2159    91.5009    94.7455     2.8596     4.3260     4.4493     2.8596     0.2955     0.0879     0.0806     1.1502     0.0000  0.000e+00
      9.657      9.603      23.03    27.3722    27.3712   5.554146   5.554366    34.9815    34.9838     3.9794     0.3137 7.2810e-04     0.6723     0.3553     0.2148    91.5009    94.7715     2.8596     4.3260     4.4505     2.8596     0.2955     0.0879     0.0818     1.1514     0.0000  0.000e+00
      9.620      9.567      23.05    27.3727    27.3710   5.554192   5.554312    34.9814    34.9835     3.9791     0.3137 7.3170e-04     0.6723     0.3553     0.2137    91.5009    94.7975     2.8596     4.3260     4.4518     2.8596     0.2967     0.0879     0.0818     1.1526     0.0000  0.000e+00
      9.657      9.603      23.05    27.3727    27.3710   5.554207   5.554289    34.9815    34.9834     3.9814     0.3320 7.2810e-04     0.6234     0.3553     0.2137    91.5009    94.7975     2.8609     4.3260     4.4518     2.8608     0.2955     0.0891     0.0806     1.1526     0.0000  0.000e+00
      9.620      9.567      23.05    27.3729    27.3712   5.554169   5.554251    34.9811    34.9830     3.9816     0.3137 7.2810e-04     0.6723     0.3553     0.2137    91.5009    94.7975     2.8609     4.3260     4.4518     2.8608     0.2955     0.0879     0.0818     1.1526     0.0000  0.000e+00
      9.620      9.567      23.05    27.3727    27.3708   5.554192   5.554243    34.9814    34.9832     3.9818     0.3137 7.3170e-04     0.6234     0.3553     0.2137    91.5009    94.7975     2.8609     4.3260     4.4518     2.8608     0.2967     0.0879     0.0806     1.1526     0.0000  0.000e+00
      9.657      9.603      23.08    27.3729    27.3706   5.554169   5.554205    34.9811    34.9831     3.9821     0.3320 7.2810e-04     0.6234     0.3553     0.2137    91.5009    94.7975     2.8609     4.3260     4.4518     2.8608     0.2955     0.0891     0.0806     1.1538     0.0000  0.000e+00
      9.569      9.516      23.10    27.3727    27.3706   5.554124   5.554197    34.9809    34.9830     3.9846     0.3320 7.2810e-04     0.6723     0.3553     0.2137    91.5009    94.7975     2.8621     4.3260     4.4518     2.8620     0.2955     0.0891     0.0818     1.1551     0.0000  0.000e+00
      9.657      9.603      23.10    27.3729    27.3705   5.554146   5.554266    34.9809    34.9836     3.9850     0.3320 7.3170e-04     0.6234     0.3553     0.2137    91.5009    94.7975     2.8621     4.3260     4.4518     2.8620     0.2967     0.0891     0.0806     1.1551     0.0000  0.000e+00
      9.569      9.516      23.10    27.3728    27.3706   5.554162   5.554289    34.9812    34.9837     3.9854     0.3320 7.2810e-04     0.6234     0.3553     0.2137    91.5009    94.7975     2.8621     4.3260     4.4518     2.8620     0.2955     0.0891     0.0806     1.1551     0.0000  0.000e+00
      9.489      9.436      23.10    27.3727    27.3708   5.554161   5.554320    34.9812    34.9838     3.9881     0.3137 7.3170e-04     0.6723     0.3575     0.2137    91.4492    94.7975     2.8633     4.3236     4.4518     2.8632     0.2967     0.0879     0.0818     1.1551     0.0000  0.000e+00
      9.678      9.624      23.13    27.3729    27.3710   5.554192   5.554335    34.9812    34.9837     3.9888     0.3137 7.3170e-04     0.6723     0.3575     0.2137    91.4492    94.7975     2.8633     4.3236     4.4518     2.8632     0.2967     0.0879     0.0818     1.1563     0.0000  0.000e+00
      9.569      9.516      23.15    27.3729    27.3712   5.554237   5.554335    34.9816    34.9836     3.9894     0.3137 7.2810e-04     0.6234     0.3575     0.2137    91.4492    94.7975     2.8633     4.3236     4.4518     2.8632     0.2955     0.0879     0.0806     1.1575     0.0000  0.000e+00
