public/post/ctd18/stn006.cnv
* Sea-Bird SBE 9 Data File:
* FileName = C:\CTD Data\AGU032_IIOE2_June2018\stn006.hex
* Software Version Seasave V 7.22.5
* Temperature SN = 5966
* Conductivity SN = 4551
* Number of Bytes Per Scan = 40
* Number of Voltage Words = 5
* Number of Scans Averaged by the Deck Unit = 1
* NMEA Latitude = 06 08.13 S
* NMEA Longitude = 038 59.54 E
* NMEA UTC (Time) = Jun 19 2018 09:54:46
* NMEA baud rate = 4800
** Ship: Agulhas II
** Cruise: V032_IIOE2
** Ship Station: AM00887
** Grid number: A-6
** Latitude: 06 08.133 S
** Longitude: 38 59.549 E
** Bottom depth (m): 33.9m
** Operator: Gavin L.
# nquan = 27
# nvalues = 6984                                  
# units = specified
# name 0 = prDM: Pressure, Digiquartz [db]
# name 1 = depSM: Depth [salt water, m]
# name 2 = altM: Altimeter [m]
# name 3 = t090C: Temperature [ITS-90, deg C]
# name 4 = t190C: Temperature, 2 [ITS-90, deg C]
# name 5 = c0S/m: Conductivity [S/m]
# name 6 = c1S/m: Conductivity, 2 [S/m]
# name 7 = sal00: Salinity, Practical [PSU]
# name 8 = sal11: Salinity, Practical, 2 [PSU]
# name 9 = sbeox0ML/L: Oxygen, SBE 43 [ml/l]
# name 10 = flECO-AFL: Fluorescence, WET Labs ECO-AFL/FL [mg/m^3]
# name 11 = turbWETbb0: Turbidity, WET Labs ECO BB [m^-1/sr]
# name 12 = turbWETntu0: Turbidity, WET Labs ECO [NTU]
# name 13 = CStarAt0: Beam Attenuation, WET Labs C-Star [1/m]
# name 14 = CStarAt1: Beam Attenuation, WET Labs C-Star, 2 [1/m]
# name 15 = CStarTr0: Beam Transmission, WET Labs C-Star [%]
# name 16 = CStarTr1: Beam Transmission, WET Labs C-Star, 2 [%]
# name 17 = sbeox0V: Oxygen raw, SBE 43 [V]
# name 18 = v0: Voltage 0
# name 19 = v1: Voltage 1
# name 20 = v2: Voltage 2
# name 21 = v3: Voltage 3
# name 22 = v4: Voltage 4
# name 23 = v5: Voltage 5
# name 24 = v6: Voltage 6
# name 25 = v7: Voltage 7
# name 26 = flag:  0.000e+00
# span 0 =     -1.128,     27.207                 
# span 1 =     -1.122,     27.054                 
# span 2 =       5.45,     100.00                 
# span 3 =    26.1706,    27.3317                 
# span 4 =    26.0561,    27.3308                 
# span 5 =   0.701373,   5.547234                 
# span 6 =   0.576817,   5.547479                 
# span 7 =     3.7018,    34.9701                 
# span 8 =     3.0169,    34.9726                 
# span 9 =     3.9222,     4.7760                 
# span 10 =     0.1122,    73.9950                
# span 11 = 6.8851e-04, 5.1087e-03                
# span 12 =     0.5746,    44.2864                
# span 13 =     0.2892,     1.4448                
# span 14 =    -0.1940,     1.2589                
# span 15 =    69.6837,    93.0260                
# span 16 =    72.9993,   104.9683                
# span 17 =     2.8083,     2.8608                
# span 18 =     3.2955,     4.3980                
# span 19 =     3.4286,     4.9292                
# span 20 =     2.8083,     2.8608                
# span 21 =     0.2821,     1.7814                
# span 22 =     0.0745,     5.0000                
# span 23 =     0.0794,     1.1722                
# span 24 =     0.2723,     5.0000                
# span 25 =     0.0000,     0.0000                
# span 26 = 0.0000e+00, 0.0000e+00                
# interval = seconds: 0.0416667
# start_time = Jun 19 2018 09:54:46 [NMEA time, header]
# bad_flag = -9.990e-29
*END*
[from data line 430]
      7.751      7.708      24.30    27.3135    27.3133   5.545669   5.546039    34.9658    34.9686     3.9854     0.3686 8.8648e-04     0.6723     0.3962     0.2556    90.5703    93.8091     2.8523     4.2821     4.4054     2.8523     0.3492     0.0916     0.0818     1.2149     0.0000  0.000e+00
      7.664      7.621      24.30    27.3133    27.3137   5.545707   5.546062    34.9663    34.9686     3.9850     0.3869 8.8288e-04     0.6723     0.3962     0.2567    90.5703    93.7830     2.8523     4.2821     4.4042     2.8523     0.3480     0.0928     0.0818     1.2149     0.0000  0.000e+00
      7.751      7.708      24.30    27.3137    27.3140   5.545715   5.545970    34.9660    34.9676     3.9846     0.3686 8.8288e-04     0.7211     0.3973     0.2567    90.5445    93.7830     2.8523     4.2808     4.4042     2.8523     0.3480     0.0916     0.0830     1.2149     0.0000  0.000e+00
      7.773      7.730      24.00    27.3135    27.3144   5.545685   5.546078    34.9659    34.9681     3.9841     0.3869 8.8288e-04     0.6723     0.3973     0.2567    90.5445    93.7830     2.8523     4.2808     4.4042     2.8523     0.3480     0.0928     0.0818     1.2002     0.0000  0.000e+00
      7.751      7.708      23.71    27.3133    27.3147   5.545669   5.546124    34.9660    34.9682     3.9813     0.3869 8.8288e-04     0.7211     0.3973     0.2567    90.5445    93.7830     2.8510     4.2808     4.4042     2.8510     0.3480     0.0928     0.0830     1.1856     0.0000  0.000e+00
      7.773      7.730      23.64    27.3133    27.3149   5.545669   5.546124    34.9660    34.9680     3.9806     0.3686 8.8288e-04     0.7211     0.3973     0.2567    90.5445    93.7830     2.8510     4.2808     4.4042     2.8510     0.3480     0.0916     0.0830     1.1819     0.0000  0.000e+00
      7.831      7.788      23.66    27.3133    27.3151   5.545707   5.546085    34.9662    34.9676     3.9775     0.3869 8.8288e-04     0.7211     0.3973     0.2567    90.5445    93.7830     2.8498     4.2808     4.4042     2.8498     0.3480     0.0928     0.0830     1.1832     0.0000  0.000e+00
      7.802      7.759      23.66    27.3132    27.3153   5.545647   5.546178    34.9659    34.9681     3.9764     0.3686 8.8288e-04     0.7211     0.3973     0.2567    90.5445    93.7830     2.8498     4.2808     4.4042     2.8498     0.3480     0.0916     0.0830     1.1832     0.0000  0.000e+00
      7.831      7.788      23.69    27.3127    27.3153   5.545654   5.546162    34.9663    34.9680     3.9754     0.3869 8.8288e-04     0.7211     0.3973     0.2567    90.5445    93.7830     2.8498     4.2808     4.4042     2.8498     0.3480     0.0928     0.0830     1.1844     0.0000  0.000e+00
      7.861      7.817      23.71    27.3123    27.3149   5.545601   5.546124    34.9663    34.9680     3.9745     0.4053 8.7928e-04     0.6723     0.3973     0.2567    90.5445    93.7830     2.8498     4.2808     4.4042     2.8498     0.3468     0.0940     0.0818     1.1856     0.0000  0.000e+00
      7.882      7.838      23.71    27.3121    27.3144   5.545579   5.546055    34.9663    34.9679     3.9736     0.4053 8.8288e-04     0.7211     0.3973     0.2567    90.5445    93.7830     2.8498     4.2808     4.4042     2.8498     0.3480     0.0940     0.0830     1.1856     0.0000  0.000e+00
      7.861      7.817      23.71    27.3123    27.3137   5.545647   5.545993    34.9666    34.9680     3.9703     0.4236 8.8288e-04     0.7211     0.3973     0.2556    90.5445    93.8091     2.8486     4.2808     4.4054     2.8486     0.3480     0.0952     0.0830     1.1856     0.0000  0.000e+00
      7.933      7.889      23.71    27.3124    27.3135   5.545670   5.545986    34.9667    34.9681     3.9691     0.4236 8.8648e-04     0.6723     0.3973     0.2523    90.5445    93.8871     2.8486     4.2808     4.4090     2.8486     0.3492     0.0952     0.0818     1.1856     0.0000  0.000e+00
      7.861      7.817      23.74    27.3126    27.3129   5.545700   5.545986    34.9667    34.9685     3.9681     0.4053 8.8288e-04     0.7211     0.3973     0.2512    90.5445    93.9131     2.8486     4.2808     4.4103     2.8486     0.3480     0.0940     0.0830     1.1868     0.0000  0.000e+00
      7.933      7.889      23.74    27.3126    27.3129   5.545647   5.545947    34.9663    34.9682     3.9671     0.4236 8.8288e-04     0.7211     0.3973     0.2523    90.5445    93.8871     2.8486     4.2808     4.4090     2.8486     0.3480     0.0952     0.0830     1.1868     0.0000  0.000e+00
      7.970      7.925      23.74    27.3127    27.3129   5.545654   5.546040    34.9663    34.9689     3.9661     0.4236 8.7568e-04     0.7211     0.3973     0.2523    90.5445    93.8871     2.8486     4.2808     4.4090     2.8486     0.3455     0.0952     0.0830     1.1868     0.0000  0.000e+00
      7.992      7.947      23.74    27.3128    27.3132   5.545601   5.546040    34.9658    34.9686     3.9651     0.4236 8.3969e-04     0.7211     0.3950     0.2523    90.5962    93.8871     2.8486     4.2833     4.4090     2.8486     0.3333     0.0952     0.0830     1.1868     0.0000  0.000e+00
      7.992      7.947      23.74    27.3121    27.3137   5.545579   5.546032    34.9662    34.9683     3.9644     0.4236 8.2169e-04     0.6723     0.3939     0.2523    90.6220    93.8871     2.8486     4.2845     4.4090     2.8486     0.3272     0.0952     0.0818     1.1868     0.0000  0.000e+00
      7.970      7.925      23.74    27.3119    27.3140   5.545541   5.546055    34.9661    34.9681     3.9636     0.4236 8.2169e-04     0.6723     0.3928     0.2523    90.6479    93.8871     2.8486     4.2857     4.4090     2.8486     0.3272     0.0952     0.0818     1.1868     0.0000  0.000e+00
      7.992      7.947      23.74    27.3118    27.3140   5.545601   5.546070    34.9666    34.9682     3.9630     0.4236 8.2529e-04     0.7211     0.3928     0.2523    90.6479    93.8871     2.8486     4.2857     4.4090     2.8486     0.3284     0.0952     0.0830     1.1868     0.0000  0.000e+00
      8.072      8.027      23.74    27.3121    27.3138   5.545654   5.546040    34.9667    34.9681     3.9624     0.4053 8.2529e-04     0.7211     0.3928     0.2523    90.6479    93.8871     2.8486     4.2857     4.4090     2.8486     0.3284     0.0940     0.0830     1.1868     0.0000  0.000e+00
      8.043      7.998      23.74    27.3123    27.3137   5.545639   5.545993    34.9665    34.9680     3.9618     0.4053 8.2169e-04     0.6723     0.3928     0.2523    90.6479    93.8871     2.8486     4.2857     4.4090     2.8486     0.3272     0.0940     0.0818     1.1868     0.0000  0.000e+00
      8.021      7.976      23.74    27.3124    27.3129   5.545654   5.545986    34.9665    34.9685     3.9589     0.4053 8.2529e-04     0.7211     0.3928     0.2523    90.6479    93.8871     2.8474     4.2857     4.4090     2.8474     0.3284     0.0940     0.0830     1.1868     0.0000  0.000e+00
      8.101      8.056      23.74    27.3126    27.3127   5.545632   5.545986    34.9661    34.9686     3.9582     0.4053 8.2529e-04     0.7211     0.3928     0.2523    90.6479    93.8871     2.8474     4.2857     4.4090     2.8474     0.3284     0.0940     0.0830     1.1868     0.0000  0.000e+00
      8.072      8.027      23.71    27.3128    27.3126   5.545692   5.545986    34.9665    34.9687     3.9577     0.4053 8.2529e-04     0.7211     0.3928     0.2512    90.6479    93.9131     2.8474     4.2857     4.4103     2.8474     0.3284     0.0940     0.0830     1.1856     0.0000  0.000e+00
      8.152      8.106      23.71    27.3129    27.3129   5.545677   5.545947    34.9662    34.9681     3.9574     0.4053 8.2529e-04     0.7211     0.3928     0.2523    90.6479    93.8871     2.8474     4.2857     4.4090     2.8474     0.3284     0.0940     0.0830     1.1856     0.0000  0.000e+00
      8.130      8.085      23.71    27.3132    27.3129   5.545670   5.546009    34.9660    34.9686     3.9569     0.4236 8.2529e-04     0.6723     0.3928     0.2523    90.6479    93.8871     2.8474     4.2857     4.4090     2.8474     0.3284     0.0952     0.0818     1.1856     0.0000  0.000e+00
      8.152      8.106      23.71    27.3130    27.3133   5.545700   5.545994    34.9664    34.9682     3.9565     0.4053 8.2529e-04     0.7211     0.3928     0.2523    90.6479    93.8871     2.8474     4.2857     4.4090     2.8474     0.3284     0.0940     0.0830     1.1856     0.0000  0.000e+00
      8.152      8.106      23.69    27.3132    27.3134   5.545715   5.546055    34.9663    34.9686     3.9561     0.4053 8.2529e-04     0.6723     0.3928     0.2523    90.6479    93.8871     2.8474     4.2857     4.4090     2.8474     0.3284     0.0940     0.0818     1.1844     0.0000  0.000e+00
      8.181      8.135      23.69    27.3129    27.3135   5.545685   5.546063    34.9663    34.9686     3.9557     0.4236 8.2529e-04     0.7211     0.3928     0.2523    90.6479    93.8871     2.8474     4.2857     4.4090     2.8474     0.3284     0.0952     0.0830     1.1844     0.0000  0.000e+00
      8.210      8.164      23.69    27.3132    27.3135   5.545670   5.546001    34.9660    34.9681     3.9556     0.4236 8.2529e-04     0.7211     0.3928     0.2523    90.6479    93.8871     2.8474     4.2857     4.4090     2.8474     0.3284     0.0952     0.0830     1.1844     0.0000  0.000e+00
      8.181      8.135      23.69    27.3130    27.3129   5.545707   5.545917    34.9664    34.9679     3.9552     0.4236 8.2529e-04     0.6723     0.3928     0.2523    90.6479    93.8871     2.8474     4.2857     4.4090     2.8474     0.3284     0.0952     0.0818     1.1844     0.0000  0.000e+00
      8.261      8.215      23.66    27.3133    27.3124   5.545715   5.545925    34.9662    34.9683     3.9552     0.4053 8.2529e-04     0.6723     0.3928     0.2523    90.6479    93.8871     2.8474     4.2857     4.4090     2.8474     0.3284     0.0940     0.0818     1.1832     0.0000  0.000e+00
      8.239      8.193      23.64    27.3133    27.3122   5.545745   5.545871    34.9664    34.9681     3.9549     0.4053 8.2529e-04     0.7211     0.3939     0.2523    90.6220    93.8871     2.8474     4.2845     4.4090     2.8474     0.3284     0.0940     0.0830     1.1819     0.0000  0.000e+00
      8.261      8.215      23.61    27.3137    27.3120   5.545760   5.545848    34.9662    34.9681     3.9571     0.4236 8.2529e-04     0.6234     0.3928     0.2523    90.6479    93.8871     2.8486     4.2857     4.4090     2.8486     0.3284     0.0952     0.0806     1.1807     0.0000  0.000e+00
      8.290      8.244      23.61    27.3137    27.3116   5.545723   5.545917    34.9659    34.9688     3.9573     0.4419 8.2529e-04     0.6723     0.3928     0.2523    90.6479    93.8871     2.8486     4.2857     4.4090     2.8486     0.3284     0.0965     0.0818     1.1807     0.0000  0.000e+00
      8.312      8.266      23.61    27.3135    27.3120   5.545685   5.545901    34.9658    34.9684     3.9576     0.4419 8.2529e-04     0.6234     0.3962     0.2523    90.5703    93.8871     2.8486     4.2821     4.4090     2.8486     0.3284     0.0965     0.0806     1.1807     0.0000  0.000e+00
      8.312      8.266      23.59    27.3135    27.3118   5.545738   5.545855    34.9662    34.9683     3.9578     0.4419 8.2529e-04     0.6234     0.4007     0.2523    90.4669    93.8871     2.8486     4.2772     4.4090     2.8486     0.3284     0.0965     0.0806     1.1795     0.0000  0.000e+00
      8.341      8.294      23.57    27.3135    27.3118   5.545761   5.545878    34.9663    34.9684     3.9581     0.4236 8.2529e-04     0.6723     0.4019     0.2523    90.4411    93.8871     2.8486     4.2759     4.4090     2.8486     0.3284     0.0952     0.0818     1.1783     0.0000  0.000e+00
      8.312      8.266      23.57    27.3136    27.3118   5.545730   5.545894    34.9660    34.9685     3.9584     0.4419 8.2529e-04     0.6723     0.4019     0.2523    90.4411    93.8871     2.8486     4.2759     4.4090     2.8486     0.3284     0.0965     0.0818     1.1783     0.0000  0.000e+00
      8.399      8.352      23.57    27.3139    27.3114   5.545783   5.545879    34.9662    34.9687     3.9611     0.4236 8.2529e-04     0.6234     0.4019     0.2523    90.4411    93.8871     2.8498     4.2759     4.4090     2.8498     0.3284     0.0952     0.0806     1.1783     0.0000  0.000e+00
      8.370      8.323      23.57    27.3142    27.3113   5.545806   5.545855    34.9661    34.9686     3.9616     0.4419 8.2529e-04     0.6234     0.4019     0.2523    90.4411    93.8871     2.8498     4.2759     4.4090     2.8498     0.3284     0.0965     0.0806     1.1783     0.0000  0.000e+00
      8.399      8.352      23.54    27.3146    27.3106   5.545806   5.545779    34.9658    34.9686     3.9622     0.4236 8.3969e-04     0.6234     0.4019     0.2523    90.4411    93.8871     2.8498     4.2759     4.4090     2.8498     0.3333     0.0952     0.0806     1.1770     0.0000  0.000e+00
      8.421      8.374      23.52    27.3147    27.3100   5.545836   5.545786    34.9659    34.9691     3.9628     0.4419 8.4689e-04     0.6234     0.4019     0.2523    90.4411    93.8871     2.8498     4.2759     4.4090     2.8498     0.3358     0.0965     0.0806     1.1758     0.0000  0.000e+00
      8.450      8.403      23.52    27.3150    27.3098   5.545821   5.545763    34.9656    34.9691     3.9634     0.4236 8.5049e-04     0.6234     0.4019     0.2523    90.4411    93.8871     2.8498     4.2759     4.4090     2.8498     0.3370     0.0952     0.0806     1.1758     0.0000  0.000e+00
      8.479      8.432      23.52    27.3150    27.3096   5.545768   5.545717    34.9653    34.9689     3.9640     0.4419 8.4329e-04     0.6234     0.4019     0.2523    90.4411    93.8871     2.8498     4.2759     4.4090     2.8498     0.3346     0.0965     0.0806     1.1758     0.0000  0.000e+00
      8.479      8.432      23.39    27.3142    27.3095   5.545730   5.545740    34.9655    34.9692     3.9647     0.4419 8.4689e-04     0.6234     0.4019     0.2523    90.4411    93.8871     2.8498     4.2759     4.4090     2.8498     0.3358     0.0965     0.0806     1.1697     0.0000  0.000e+00
      8.508      8.461      23.15    27.3135    27.3096   5.545677   5.545786    34.9657    34.9694     3.9654     0.4236 8.4689e-04     0.6234     0.4019     0.2523    90.4411    93.8871     2.8498     4.2759     4.4090     2.8498     0.3358     0.0952     0.0806     1.1575     0.0000  0.000e+00
      8.479      8.432      23.08    27.3128    27.3098   5.545632   5.545802    34.9659    34.9693     3.9662     0.4236 8.5049e-04     0.6723     0.4019     0.2512    90.4411    93.9131     2.8498     4.2759     4.4103     2.8498     0.3370     0.0952     0.0818     1.1538     0.0000  0.000e+00
      8.559      8.512      23.08    27.3119    27.3098   5.545556   5.545802    34.9660    34.9693     3.9692     0.4236 8.4689e-04     0.6234     0.4019     0.2523    90.4411    93.8871     2.8510     4.2759     4.4090     2.8510     0.3358     0.0952     0.0806     1.1538     0.0000  0.000e+00
      8.530      8.483      23.10    27.3109    27.3102   5.545397   5.545802    34.9656    34.9690     3.9702     0.4236 8.4689e-04     0.6723     0.4019     0.2523    90.4411    93.8871     2.8510     4.2759     4.4090     2.8510     0.3358     0.0952     0.0818     1.1551     0.0000  0.000e+00
      8.559      8.512      23.10    27.3097    27.3106   5.545352   5.545894    34.9662    34.9694     3.9712     0.4419 8.4689e-04     0.6234     0.4019     0.2523    90.4411    93.8871     2.8510     4.2759     4.4090     2.8510     0.3358     0.0965     0.0806     1.1551     0.0000  0.000e+00
      8.581      8.533      23.10    27.3088    27.3109   5.545382   5.545863    34.9671    34.9689     3.9722     0.4236 8.4689e-04     0.6234     0.4019     0.2479    90.4411    93.9911     2.8510     4.2759     4.4139     2.8510     0.3358     0.0952     0.0806     1.1551     0.0000  0.000e+00
