public/post/ctd18/stn002.ros
* Sea-Bird SBE 9 Data File:
* FileName = C:\CTD Data\AGU032_IIOE2_June2018\stn002.hex
* Software Version Seasave V 7.22.5
* Temperature SN = 5966
* Conductivity SN = 4551
* Number of Bytes Per Scan = 40
* Number of Voltage Words = 5
* Number of Scans Averaged by the Deck Unit = 1
* NMEA Latitude = 05 15.90 S
* NMEA Longitude = 039 14.44 E
* NMEA UTC (Time) = Jun 18 2018 13:32:50
* NMEA baud rate = 4800
** Ship: Agulhas II
** Cruise: V032_IIOE2
** Ship Station: AM00883
** Grid number: A-2
** Latitude: 05 15.996 S
** Longitude: 39 14.461 E
** Bottom depth (m): 497.23m
** Operator: Bornwell and Florence
# nquan = 29
# nvalues = 1145                                  
# units = specified
# name 0 = prDM: Pressure, Digiquartz [db]
# name 1 = depSM: Depth [salt water, m]
# name 2 = altM: Altimeter [m]
# name 3 = t090C: Temperature [ITS-90, deg C]
# name 4 = t190C: Temperature, 2 [ITS-90, deg C]
# name 5 = c0S/m: Conductivity [S/m]
# name 6 = c1S/m: Conductivity, 2 [S/m]
# name 7 = sal00: Salinity, Practical [PSU]
# name 8 = sal11: Salinity, Practical, 2 [PSU]
# name 9 = sbeox0ML/L: Oxygen, SBE 43 [ml/l]
# name 10 = flECO-AFL: Fluorescence, WET Labs ECO-AFL/FL [mg/m^3]
# name 11 = turbWETbb0: Turbidity, WET Labs ECO BB [m^-1/sr]
# name 12 = turbWETntu0: Turbidity, WET Labs ECO [NTU]
# name 13 = CStarAt0: Beam Attenuation, WET Labs C-Star [1/m]
# name 14 = CStarAt1: Beam Attenuation, WET Labs C-Star, 2 [1/m]
# name 15 = CStarTr0: Beam Transmission, WET Labs C-Star [%]
# name 16 = CStarTr1: Beam Transmission, WET Labs C-Star, 2 [%]
# name 17 = sbeox0V: Oxygen raw, SBE 43 [V]
# name 18 = v0: Voltage 0
# name 19 = v1: Voltage 1
# name 20 = v2: Voltage 2
# name 21 = v3: Voltage 3
# name 22 = v4: Voltage 4
# name 23 = v5: Voltage 5
# name 24 = v6: Voltage 6
# name 25 = v7: Voltage 7
# name 26 = scan: Scan Count
# name 27 = nbf: Bottles Fired
# name 28 = flag:  0.000e+00
# interval = seconds: 0.0416667
# start_time = Jun 18 2018 13:32:50 [NMEA time, header]
# bad_flag = -9.990e-29
*END*
[from data line 201]
    287.705    285.913      98.51    12.0467    12.0463   4.020483   4.020741    35.0316    35.0344     3.3463     0.0023 3.7895e-04     0.5258     0.0929     0.0094    97.7049    99.7658     1.9601     4.6190     4.6850     1.9585     0.1770     0.0672     0.0781     4.9255     0.0000      31771          5  0.000e+00
    287.705    285.913      98.51    12.0465    12.0461   4.020477   4.020755    35.0317    35.0347     3.3469     0.0023 3.7895e-04     0.5258     0.0929     0.0094    97.7049    99.7658     1.9601     4.6190     4.6850     1.9585     0.1770     0.0672     0.0781     4.9255     0.0000      31772          5  0.000e+00
    287.705    285.913      98.51    12.0467    12.0461   4.020477   4.020714    35.0316    35.0343     3.3470     0.0023 3.7895e-04     0.5746     0.0929     0.0094    97.7049    99.7658     1.9601     4.6190     4.6850     1.9585     0.1770     0.0672     0.0794     4.9255     0.0000      31773          5  0.000e+00
    287.720    285.928      98.51    12.0466    12.0461   4.020477   4.020721    35.0316    35.0344     3.3471     0.0023 3.7895e-04     0.5258     0.0918     0.0094    97.7307    99.7658     1.9601     4.6203     4.6850     1.9585     0.1770     0.0672     0.0781     4.9255     0.0000      31774          5  0.000e+00
    287.706    285.913      98.51    12.0467    12.0460   4.020523   4.020728    35.0320    35.0346     3.3478     0.0023 3.7895e-04     0.5258     0.0929     0.0094    97.7049    99.7658     1.9601     4.6190     4.6850     1.9585     0.1770     0.0672     0.0781     4.9255     0.0000      31775          5  0.000e+00
    287.706    285.913      98.51    12.0467    12.0460   4.020490   4.020728    35.0317    35.0346     3.3445     0.0023 3.7895e-04     0.5258     0.0929     0.0094    97.7049    99.7658     1.9589     4.6190     4.6850     1.9573     0.1770     0.0672     0.0781     4.9255     0.0000      31776          5  0.000e+00
    287.706    285.913      98.51    12.0468    12.0458   4.020530   4.020755    35.0319    35.0350     3.3475     0.0023 3.7895e-04     0.5258     0.0929     0.0094    97.7049    99.7658     1.9601     4.6190     4.6850     1.9585     0.1770     0.0672     0.0781     4.9255     0.0000      31777          5  0.000e+00
    287.720    285.928      98.53    12.0468    12.0457   4.020516   4.020687    35.0318    35.0345     3.3478     0.0023 3.7535e-04     0.5746     0.0929     0.0094    97.7049    99.7658     1.9601     4.6190     4.6850     1.9585     0.1758     0.0672     0.0794     4.9267     0.0000      31778          5  0.000e+00
    287.764    285.971      98.51    12.0470    12.0453   4.020536   4.020667    35.0318    35.0346     3.3480     0.0023 3.7535e-04     0.5746     0.0918     0.0094    97.7307    99.7658     1.9601     4.6203     4.6850     1.9585     0.1758     0.0672     0.0794     4.9255     0.0000      31779          5  0.000e+00
    287.706    285.913      98.51    12.0468    12.0452   4.020516   4.020627    35.0318    35.0344     3.3483    -0.0160 3.7535e-04     0.5746     0.0918     0.0094    97.7307    99.7658     1.9601     4.6203     4.6850     1.9585     0.1758     0.0659     0.0794     4.9255     0.0000      31780          5  0.000e+00
    287.706    285.913      98.53    12.0470    12.0450   4.020510   4.020600    35.0316    35.0343     3.3486     0.0023 3.7895e-04     0.5746     0.0918     0.0094    97.7307    99.7658     1.9601     4.6203     4.6850     1.9585     0.1770     0.0672     0.0794     4.9267     0.0000      31781          5  0.000e+00
    287.764    285.971      98.51    12.0470    12.0446   4.020510   4.020587    35.0315    35.0345     3.3489     0.0023 3.7535e-04     0.5258     0.0918     0.0094    97.7307    99.7658     1.9601     4.6203     4.6850     1.9585     0.1758     0.0672     0.0781     4.9255     0.0000      31782          5  0.000e+00
    287.771    285.979      98.53    12.0468    12.0446   4.020483   4.020614    35.0315    35.0347     3.3459     0.0023 3.7535e-04     0.5746     0.0918     0.0094    97.7307    99.7658     1.9589     4.6203     4.6850     1.9573     0.1758     0.0672     0.0794     4.9267     0.0000      31783          5  0.000e+00
    287.764    285.971      98.51    12.0463    12.0446   4.020477   4.020627    35.0318    35.0349     3.3457     0.0023 3.7535e-04     0.5258     0.0918     0.0094    97.7307    99.7658     1.9589     4.6203     4.6850     1.9573     0.1758     0.0672     0.0781     4.9255     0.0000      31784          5  0.000e+00
    287.706    285.913      98.51    12.0464    12.0446   4.020417   4.020647    35.0312    35.0351     3.3455     0.0023 3.7535e-04     0.5258     0.0918     0.0094    97.7307    99.7658     1.9589     4.6203     4.6850     1.9573     0.1758     0.0672     0.0781     4.9255     0.0000      31785          5  0.000e+00
    287.706    285.913      98.51    12.0461    12.0446   4.020424   4.020661    35.0315    35.0352     3.3489     0.0023 3.7175e-04     0.5746     0.0918     0.0094    97.7307    99.7658     1.9601     4.6203     4.6850     1.9585     0.1746     0.0672     0.0794     4.9255     0.0000      31786          5  0.000e+00
    287.772    285.979      98.51    12.0461    12.0446   4.020417   4.020654    35.0314    35.0351     3.3494     0.0023 3.7535e-04     0.5258     0.0918     0.0094    97.7307    99.7658     1.9601     4.6203     4.6850     1.9585     0.1758     0.0672     0.0781     4.9255     0.0000      31787          5  0.000e+00
    287.764    285.971      98.51    12.0458    12.0448   4.020378   4.020661    35.0313    35.0350     3.3500     0.0023 3.7535e-04     0.5746     0.0918     0.0094    97.7307    99.7658     1.9601     4.6203     4.6850     1.9585     0.1758     0.0672     0.0794     4.9255     0.0000      31788          5  0.000e+00
    287.764    285.971      98.51    12.0456    12.0450   4.020344   4.020688    35.0312    35.0352     3.3506     0.0023 3.7535e-04     0.5746     0.0918     0.0094    97.7307    99.7658     1.9601     4.6203     4.6850     1.9585     0.1758     0.0672     0.0794     4.9255     0.0000      31789          5  0.000e+00
    287.764    285.971      98.51    12.0455    12.0453   4.020358   4.020721    35.0315    35.0351     3.3512     0.0023 3.7535e-04     0.5258     0.0918     0.0094    97.7307    99.7658     1.9601     4.6203     4.6850     1.9585     0.1758     0.0672     0.0781     4.9255     0.0000      31790          5  0.000e+00
    287.720    285.928      98.51    12.0455    12.0453   4.020371   4.020728    35.0316    35.0352     3.3518     0.0023 3.7895e-04     0.5258     0.0918     0.0094    97.7307    99.7658     1.9601     4.6203     4.6850     1.9585     0.1770     0.0672     0.0781     4.9255     0.0000      31791          5  0.000e+00
    287.764    285.971      98.51    12.0453    12.0453   4.020371   4.020674    35.0318    35.0347     3.3491     0.0023 3.7535e-04     0.5258     0.0918     0.0094    97.7307    99.7658     1.9589     4.6203     4.6850     1.9573     0.1758     0.0672     0.0781     4.9255     0.0000      31792          5  0.000e+00
    287.815    286.022      98.51    12.0452    12.0453   4.020391   4.020688    35.0321    35.0348     3.3520     0.0023 3.7535e-04     0.5258     0.0918     0.0094    97.7307    99.7658     1.9601     4.6203     4.6850     1.9585     0.1758     0.0672     0.0781     4.9255     0.0000      31793          5  0.000e+00
    287.706    285.913      98.51    12.0453    12.0455   4.020351   4.020701    35.0316    35.0348     3.3493     0.0023 3.7535e-04     0.5258     0.0918     0.0094    97.7307    99.7658     1.9589     4.6203     4.6850     1.9573     0.1758     0.0672     0.0781     4.9255     0.0000      31794          5  0.000e+00
    287.816    286.022      98.51    12.0450    12.0453   4.020358   4.020694    35.0319    35.0348     3.3495     0.0023 3.7535e-04     0.5258     0.0918     0.0094    97.7307    99.7658     1.9589     4.6203     4.6850     1.9573     0.1758     0.0672     0.0781     4.9255     0.0000      31795          5  0.000e+00
    287.772    285.979      98.51    12.0452    12.0453   4.020397   4.020694    35.0321    35.0349     3.3496     0.0023 3.7895e-04     0.5258     0.0918     0.0094    97.7307    99.7658     1.9589     4.6203     4.6850     1.9573     0.1770     0.0672     0.0781     4.9255     0.0000      31796          5  0.000e+00
    287.706    285.913      98.51    12.0451    12.0455   4.020325   4.020694    35.0316    35.0348     3.3492     0.0023 3.7535e-04     0.5746     0.0918     0.0094    97.7307    99.7658     1.9589     4.6203     4.6850     1.9573     0.1758     0.0672     0.0794     4.9255     0.0000      31797          5  0.000e+00
    287.764    285.972      98.53    12.0453    12.0453   4.020325   4.020674    35.0313    35.0347     3.3523     0.0023 3.7535e-04     0.5258     0.0918     0.0094    97.7307    99.7658     1.9601     4.6203     4.6850     1.9585     0.1758     0.0672     0.0781     4.9267     0.0000      31798          5  0.000e+00
    287.764    285.972      98.51    12.0450    12.0453   4.020338   4.020687    35.0317    35.0348     3.3492     0.0023 3.7535e-04     0.5746     0.0918     0.0104    97.7307    99.7398     1.9589     4.6203     4.6838     1.9573     0.1758     0.0672     0.0794     4.9255     0.0000      31799          5  0.000e+00
    287.830    286.037      98.51    12.0452    12.0455   4.020338   4.020721    35.0315    35.0350     3.3489     0.0023 3.7535e-04     0.5746     0.0908     0.0094    97.7566    99.7658     1.9589     4.6215     4.6850     1.9573     0.1758     0.0672     0.0794     4.9255     0.0000      31800          5  0.000e+00
    287.764    285.972      98.51    12.0450    12.0455   4.020311   4.020681    35.0315    35.0346     3.3485     0.0023 3.7895e-04     0.5746     0.0908     0.0094    97.7566    99.7658     1.9589     4.6215     4.6850     1.9573     0.1770     0.0672     0.0794     4.9255     0.0000      31801          5  0.000e+00
    287.764    285.972      98.53    12.0448    12.0453   4.020325   4.020687    35.0318    35.0348     3.3483     0.0023 3.7535e-04     0.5746     0.0908     0.0094    97.7566    99.7658     1.9589     4.6215     4.6850     1.9573     0.1758     0.0672     0.0794     4.9267     0.0000      31802          5  0.000e+00
    287.706    285.913      98.51    12.0448    12.0452   4.020338   4.020674    35.0319    35.0349     3.3480     0.0023 3.9695e-04     0.5258     0.0918     0.0094    97.7307    99.7658     1.9589     4.6203     4.6850     1.9573     0.1832     0.0672     0.0781     4.9255     0.0000      31803          5  0.000e+00
    287.662    285.870      98.51    12.0448    12.0450   4.020338   4.020634    35.0320    35.0347     3.3477     0.0023 4.6894e-04     0.5746     0.0908     0.0094    97.7566    99.7658     1.9589     4.6215     4.6850     1.9573     0.2076     0.0672     0.0794     4.9255     0.0000      31804          5  0.000e+00
    287.925    286.132      98.51    12.0448    12.0450   4.020338   4.020647    35.0318    35.0347     3.3477     0.0023 4.9054e-04     0.5746     0.0908     0.0094    97.7566    99.7658     1.9589     4.6215     4.6850     1.9573     0.2149     0.0672     0.0794     4.9255     0.0000      31805          5  0.000e+00
    287.706    285.914      98.51    12.0448    12.0448   4.020311   4.020661    35.0317    35.0351     3.3474     0.0023 4.9054e-04     0.5746     0.0918     0.0094    97.7307    99.7658     1.9589     4.6203     4.6850     1.9573     0.2149     0.0672     0.0794     4.9255     0.0000      31806          5  0.000e+00
    287.764    285.972      98.51    12.0448    12.0450   4.020325   4.020627    35.0318    35.0346     3.3473     0.0023 4.9054e-04     0.5746     0.0908     0.0094    97.7566    99.7658     1.9589     4.6215     4.6850     1.9573     0.2149     0.0672     0.0794     4.9255     0.0000      31807          5  0.000e+00
    287.764    285.972      98.53    12.0449    12.0450   4.020338   4.020681    35.0318    35.0351     3.3471     0.0023 4.8694e-04     0.5746     0.0918     0.0094    97.7307    99.7658     1.9589     4.6203     4.6850     1.9573     0.2137     0.0672     0.0794     4.9267     0.0000      31808          5  0.000e+00
    287.772    285.979      98.51    12.0450    12.0450   4.020338   4.020674    35.0317    35.0350     3.3470     0.0023 4.8334e-04     0.5258     0.0918     0.0094    97.7307    99.7658     1.9589     4.6203     4.6850     1.9573     0.2125     0.0672     0.0781     4.9255     0.0000      31809          5  0.000e+00
    287.764    285.972      98.51    12.0448    12.0453   4.020338   4.020654    35.0319    35.0345     3.3470     0.0023 4.8694e-04     0.5746     0.0918     0.0094    97.7307    99.7658     1.9589     4.6203     4.6850     1.9573     0.2137     0.0672     0.0794     4.9255     0.0000      31810          5  0.000e+00
    287.764    285.972      98.53    12.0450    12.0448   4.020358   4.020661    35.0319    35.0350     3.3469     0.0023 4.9054e-04     0.5746     0.0908     0.0094    97.7566    99.7658     1.9589     4.6215     4.6850     1.9573     0.2149     0.0672     0.0794     4.9267     0.0000      31811          5  0.000e+00
    287.765    285.972      98.53    12.0450    12.0448   4.020371   4.020654    35.0321    35.0350     3.3469     0.0023 4.8694e-04     0.5258     0.0918     0.0094    97.7307    99.7658     1.9589     4.6203     4.6850     1.9573     0.2137     0.0672     0.0781     4.9267     0.0000      31812          5  0.000e+00
    287.772    285.979      98.51    12.0450    12.0450   4.020344   4.020661    35.0318    35.0349     3.3469     0.0023 4.8334e-04     0.5258     0.0908     0.0094    97.7566    99.7658     1.9589     4.6215     4.6850     1.9573     0.2125     0.0672     0.0781     4.9255     0.0000      31813          5  0.000e+00
    287.765    285.972      98.51    12.0448    12.0453   4.020311   4.020714    35.0317    35.0351     3.3469     0.0023 4.9054e-04     0.5258     0.0908     0.0094    97.7566    99.7658     1.9589     4.6215     4.6850     1.9573     0.2149     0.0672     0.0781     4.9255     0.0000      31814          5  0.000e+00
    251.573    250.028      49.84    13.3586    13.3664   4.155338   4.156213    35.1216    35.1227     2.9912     0.0206 4.2215e-04     0.5746     0.0992     0.0136    97.5498    99.6618     1.8477     4.6117     4.6801     1.8462     0.1917     0.0684     0.0794     2.4921     0.0000      34390          6  0.000e+00
    251.573    250.028      49.84    13.3591    13.3666   4.155285   4.156199    35.1206    35.1224     2.9912     0.0206 4.2215e-04     0.5258     0.1003     0.0136    97.5239    99.6618     1.8477     4.6105     4.6801     1.8462     0.1917     0.0684     0.0781     2.4921     0.0000      34391          6  0.000e+00
    251.624    250.078      49.84    13.3588    13.3664   4.155271   4.156199    35.1208    35.1225     2.9913     0.0206 4.2574e-04     0.5746     0.0992     0.0136    97.5498    99.6618     1.8477     4.6117     4.6801     1.8462     0.1929     0.0684     0.0794     2.4921     0.0000      34392          6  0.000e+00
    251.573    250.028      49.87    13.3586    13.3668   4.155218   4.156138    35.1205    35.1216     2.9914     0.0206 4.2215e-04     0.5258     0.0992     0.0136    97.5498    99.6618     1.8477     4.6117     4.6801     1.8462     0.1917     0.0684     0.0781     2.4933     0.0000      34393          6  0.000e+00
    251.573    250.028      49.84    13.3581    13.3664   4.155063   4.156172    35.1194    35.1223     2.9916     0.0206 4.2215e-04     0.5746     0.1003     0.0136    97.5239    99.6618     1.8477     4.6105     4.6801     1.8462     0.1917     0.0684     0.0794     2.4921     0.0000      34394          6  0.000e+00
