public/post/ctd18/stn001.ros
* Sea-Bird SBE 9 Data File:
* FileName = C:\CTD Data\AGU032_IIOE2_June2018\stn001.hex
* Software Version Seasave V 7.22.5
* Temperature SN = 5966
* Conductivity SN = 4551
* Number of Bytes Per Scan = 40
* Number of Voltage Words = 5
* Number of Scans Averaged by the Deck Unit = 1
* NMEA Latitude = 05 01.21 S
* NMEA Longitude = 039 17.62 E
* NMEA UTC (Time) = Jun 18 2018 05:27:07
* NMEA baud rate = 4800
** Ship: Agulhas II
** Cruise: V032_IIOE2
** Ship Station: AM00882
** Grid number: A-1
** Latitude: 05 01.222S
** Longitude: 39 17.625 E
** Bottom depth (m): 416.56m
** Operator: Mbulelo and Gavin
# nquan = 29
# nvalues = 1019                                  
# units = specified
# name 0 = prDM: Pressure, Digiquartz [db]
# name 1 = depSM: Depth [salt water, m]
# name 2 = altM: Altimeter [m]
# name 3 = t090C: Temperature [ITS-90, deg C]
# name 4 = t190C: Temperature, 2 [ITS-90, deg C]
# name 5 = c0S/m: Conductivity [S/m]
# name 6 = c1S/m: Conductivity, 2 [S/m]
# name 7 = sal00: Salinity, Practical [PSU]
# name 8 = sal11: Salinity, Practical, 2 [PSU]
# name 9 = sbeox0ML/L: Oxygen, SBE 43 [ml/l]
# name 10 = flECO-AFL: Fluorescence, WET Labs ECO-AFL/FL [mg/m^3]
# name 11 = turbWETbb0: Turbidity, WET Labs ECO BB [m^-1/sr]
# name 12 = turbWETntu0: Turbidity, WET Labs ECO [NTU]
# name 13 = CStarAt0: Beam Attenuation, WET Labs C-Star [1/m]
# name 14 = CStarAt1: Beam Attenuation, WET Labs C-Star, 2 [1/m]
# name 15 = CStarTr0: Beam Transmission, WET Labs C-Star [%]
# name 16 = CStarTr1: Beam Transmission, WET Labs C-Star, 2 [%]
# name 17 = sbeox0V: Oxygen raw, SBE 43 [V]
# name 18 = v0: Voltage 0
# name 19 = v1: Voltage 1
# name 20 = v2: Voltage 2
# name 21 = v3: Voltage 3
# name 22 = v4: Voltage 4
# name 23 = v5: Voltage 5
# name 24 = v6: Voltage 6
# name 25 = v7: Voltage 7
# name 26 = scan: Scan Count
# name 27 = nbf: Bottles Fired
# name 28 = flag:  0.000e+00
# interval = seconds: 0.0416667
# start_time = Jun 18 2018 05:27:07 [NMEA time, header]
# bad_flag = -9.990e-29
*END*
[from data line 51]
    349.763    347.533      75.60    11.5216    11.5299   3.967948   3.969060    34.9840    34.9871     3.3721     0.0023 3.7535e-04     0.5258     0.1067     0.0198    97.3688    99.5057     1.9360     4.6032     4.6728     1.9353     0.1758     0.0672     0.0781     3.7802     0.0000      19236          2  0.000e+00
    349.814    347.584      75.78    11.5219    11.5292   3.967988   3.969020    34.9840    34.9873     3.3722     0.0023 3.7535e-04     0.5258     0.1067     0.0198    97.3688    99.5057     1.9360     4.6032     4.6728     1.9353     0.1758     0.0672     0.0781     3.7888     0.0000      19237          2  0.000e+00
    349.814    347.584      75.75    11.5219    11.5282   3.968054   3.968920    34.9847    34.9873     3.3722     0.0023 3.7535e-04     0.5258     0.1067     0.0198    97.3688    99.5057     1.9360     4.6032     4.6728     1.9353     0.1758     0.0672     0.0781     3.7875     0.0000      19238          2  0.000e+00
    349.814    347.584      75.73    11.5222    11.5279   3.968074   3.968880    34.9846    34.9872     3.3722     0.0023 3.7535e-04     0.5258     0.1056     0.0198    97.3947    99.5057     1.9360     4.6044     4.6728     1.9353     0.1758     0.0672     0.0781     3.7863     0.0000      19239          2  0.000e+00
    349.763    347.533      75.73    11.5232    11.5277   3.968153   3.968880    34.9844    34.9873     3.3721     0.0023 3.7535e-04     0.5258     0.1067     0.0198    97.3688    99.5057     1.9360     4.6032     4.6728     1.9353     0.1758     0.0672     0.0781     3.7863     0.0000      19240          2  0.000e+00
    349.814    347.584      75.73    11.5238    11.5277   3.968153   3.968833    34.9838    34.9868     3.3721     0.0023 3.7895e-04     0.5258     0.1056     0.0198    97.3947    99.5057     1.9360     4.6044     4.6728     1.9353     0.1770     0.0672     0.0781     3.7863     0.0000      19241          2  0.000e+00
    349.763    347.533      75.73    11.5246    11.5276   3.968166   3.968806    34.9833    34.9868     3.3720     0.0023 3.7535e-04     0.5258     0.1067     0.0198    97.3688    99.5057     1.9360     4.6032     4.6728     1.9353     0.1758     0.0672     0.0781     3.7863     0.0000      19242          2  0.000e+00
    349.814    347.584      75.73    11.5244    11.5271   3.968179   3.968806    34.9836    34.9872     3.3719     0.0023 3.7535e-04     0.5258     0.1067     0.0198    97.3688    99.5057     1.9360     4.6032     4.6728     1.9353     0.1758     0.0672     0.0781     3.7863     0.0000      19243          2  0.000e+00
    349.763    347.533      75.73    11.5241    11.5271   3.968179   3.968766    34.9839    34.9868     3.3718     0.0023 3.7535e-04     0.5258     0.1067     0.0198    97.3688    99.5057     1.9360     4.6032     4.6728     1.9353     0.1758     0.0672     0.0781     3.7863     0.0000      19244          2  0.000e+00
    349.814    347.584      75.73    11.5241    11.5266   3.968153   3.968713    34.9836    34.9868     3.3717     0.0023 3.7895e-04     0.5258     0.1067     0.0198    97.3688    99.5057     1.9360     4.6032     4.6728     1.9353     0.1770     0.0672     0.0781     3.7863     0.0000      19245          2  0.000e+00
    349.763    347.533      75.73    11.5246    11.5264   3.968192   3.968679    34.9835    34.9866     3.3715     0.0023 3.7895e-04     0.5258     0.1067     0.0198    97.3688    99.5057     1.9360     4.6032     4.6728     1.9353     0.1770     0.0672     0.0781     3.7863     0.0000      19246          2  0.000e+00
    349.814    347.584      79.98    11.5246    11.5259   3.968311   3.968679    34.9847    34.9871     3.3713     0.0023 3.8255e-04     0.5258     0.1067     0.0198    97.3688    99.5057     1.9360     4.6032     4.6728     1.9353     0.1783     0.0672     0.0781     3.9988     0.0000      19247          2  0.000e+00
    349.763    347.533      94.02    11.5254    11.5252   3.968501   3.968592    34.9858    34.9869     3.3710     0.0206 3.7535e-04     0.5258     0.1067     0.0198    97.3688    99.5057     1.9360     4.6032     4.6728     1.9353     0.1758     0.0684     0.0781     4.7009     0.0000      19248          2  0.000e+00
    349.814    347.584      99.29    11.5264    11.5254   3.968633   3.968512    34.9862    34.9859     3.3707     0.0206 3.7895e-04     0.5258     0.1056     0.0198    97.3947    99.5057     1.9360     4.6044     4.6728     1.9353     0.1770     0.0684     0.0781     4.9646     0.0000      19249          2  0.000e+00
    349.763    347.533      99.34    11.5282    11.5252   3.968706   3.968505    34.9852    34.9860     3.3703     0.0206 3.8255e-04     0.5258     0.1067     0.0198    97.3688    99.5057     1.9360     4.6032     4.6728     1.9353     0.1783     0.0684     0.0781     4.9670     0.0000      19250          2  0.000e+00
    349.756    347.526      98.68    11.5295    11.5248   3.968778   3.968499    34.9846    34.9864     3.3699     0.0206 3.8255e-04     0.5258     0.1056     0.0198    97.3947    99.5057     1.9360     4.6044     4.6728     1.9353     0.1783     0.0684     0.0781     4.9341     0.0000      19251          2  0.000e+00
    349.814    347.584      98.49    11.5312    11.5244   3.968844   3.968472    34.9837    34.9864     3.3695     0.0206 3.7895e-04     0.5258     0.1067     0.0198    97.3688    99.5057     1.9360     4.6032     4.6728     1.9353     0.1770     0.0684     0.0781     4.9243     0.0000      19252          2  0.000e+00
    349.763    347.533      98.49    11.5316    11.5242   3.968890   3.968472    34.9837    34.9866     3.3691     0.0206 3.7895e-04     0.5258     0.1056     0.0198    97.3947    99.5057     1.9360     4.6044     4.6728     1.9353     0.1770     0.0684     0.0781     4.9243     0.0000      19253          2  0.000e+00
    349.763    347.533      98.51    11.5322    11.5238   3.968844   3.968465    34.9828    34.9870     3.3687     0.0206 3.7535e-04     0.5258     0.1045     0.0198    97.4205    99.5057     1.9360     4.6056     4.6728     1.9353     0.1758     0.0684     0.0781     4.9255     0.0000      19254          2  0.000e+00
    349.814    347.584      98.51    11.5325    11.5233   3.968831   3.968405    34.9823    34.9869     3.3683     0.0206 3.7895e-04     0.5258     0.1035     0.0198    97.4464    99.5057     1.9360     4.6068     4.6728     1.9353     0.1770     0.0684     0.0781     4.9255     0.0000      19255          2  0.000e+00
    349.763    347.533      98.51    11.5326    11.5229   3.968910   3.968432    34.9830    34.9875     3.3678     0.0206 3.7895e-04     0.5258     0.1035     0.0209    97.4464    99.4797     1.9360     4.6068     4.6716     1.9353     0.1770     0.0684     0.0781     4.9255     0.0000      19256          2  0.000e+00
    349.756    347.526      98.51    11.5333    11.5226   3.969035   3.968459    34.9836    34.9880     3.3673     0.0206 3.7895e-04     0.5258     0.1045     0.0209    97.4205    99.4797     1.9360     4.6056     4.6716     1.9353     0.1770     0.0684     0.0781     4.9255     0.0000      19257          2  0.000e+00
    349.814    347.584      98.51    11.5343    11.5224   3.969153   3.968432    34.9838    34.9879     3.3668     0.0206 3.8255e-04     0.5258     0.1035     0.0209    97.4464    99.4797     1.9360     4.6068     4.6716     1.9353     0.1783     0.0684     0.0781     4.9255     0.0000      19258          2  0.000e+00
    349.763    347.533      98.51    11.5348    11.5226   3.969180   3.968439    34.9836    34.9878     3.3662     0.0206 3.7895e-04     0.5746     0.1045     0.0209    97.4205    99.4797     1.9360     4.6056     4.6716     1.9353     0.1770     0.0684     0.0794     4.9255     0.0000      19259          2  0.000e+00
    349.763    347.533      98.51    11.5351    11.5231   3.969074   3.968405    34.9823    34.9870     3.3657     0.0206 3.7895e-04     0.5746     0.1045     0.0209    97.4205    99.4797     1.9360     4.6056     4.6716     1.9353     0.1770     0.0684     0.0794     4.9255     0.0000      19260          2  0.000e+00
    349.763    347.533      98.53    11.5354    11.5230   3.968883   3.968445    34.9801    34.9875     3.3652     0.0206 3.7895e-04     0.5746     0.1035     0.0209    97.4464    99.4797     1.9360     4.6068     4.6716     1.9353     0.1770     0.0684     0.0794     4.9267     0.0000      19261          2  0.000e+00
    349.763    347.533      98.51    11.5348    11.5229   3.968752   3.968425    34.9794    34.9874     3.3646     0.0206 3.7895e-04     0.5746     0.1045     0.0209    97.4205    99.4797     1.9360     4.6056     4.6716     1.9353     0.1770     0.0684     0.0794     4.9255     0.0000      19262          2  0.000e+00
    349.814    347.584      98.53    11.5328    11.5233   3.968594   3.968392    34.9797    34.9867     3.3642     0.0206 3.7895e-04     0.5746     0.1045     0.0209    97.4205    99.4797     1.9360     4.6056     4.6716     1.9353     0.1770     0.0684     0.0794     4.9267     0.0000      19263          2  0.000e+00
    349.756    347.526      98.51    11.5315    11.5233   3.968528   3.968392    34.9803    34.9868     3.3643     0.0206 3.7535e-04     0.5746     0.1045     0.0209    97.4205    99.4797     1.9360     4.6056     4.6716     1.9353     0.1758     0.0684     0.0794     4.9255     0.0000      19264          2  0.000e+00
    349.763    347.533      98.51    11.5307    11.5233   3.968495   3.968372    34.9808    34.9866     3.3637     0.0206 3.7895e-04     0.5746     0.1045     0.0209    97.4205    99.4797     1.9360     4.6056     4.6716     1.9353     0.1770     0.0684     0.0794     4.9255     0.0000      19265          2  0.000e+00
    349.763    347.533      98.53    11.5305    11.5233   3.968587   3.968358    34.9819    34.9864     3.3637     0.0206 3.7895e-04     0.5746     0.1045     0.0209    97.4205    99.4797     1.9360     4.6056     4.6716     1.9353     0.1770     0.0684     0.0794     4.9267     0.0000      19266          2  0.000e+00
    349.814    347.584      98.51    11.5302    11.5234   3.968673   3.968379    34.9830    34.9864     3.3637     0.0206 3.7895e-04     0.5746     0.1045     0.0209    97.4205    99.4797     1.9360     4.6056     4.6716     1.9353     0.1770     0.0684     0.0794     4.9255     0.0000      19267          2  0.000e+00
    349.763    347.533      98.51    11.5310    11.5236   3.968745   3.968405    34.9829    34.9866     3.3636     0.0206 3.7895e-04     0.5746     0.1045     0.0209    97.4205    99.4797     1.9360     4.6056     4.6716     1.9353     0.1770     0.0684     0.0794     4.9255     0.0000      19268          2  0.000e+00
    349.763    347.533      98.53    11.5316    11.5236   3.968785   3.968392    34.9827    34.9864     3.3636     0.0206 3.7895e-04     0.5746     0.1045     0.0209    97.4205    99.4797     1.9360     4.6056     4.6716     1.9353     0.1770     0.0684     0.0794     4.9267     0.0000      19269          2  0.000e+00
    349.756    347.526      98.51    11.5316    11.5236   3.968771   3.968365    34.9826    34.9862     3.3636     0.0206 3.7535e-04     0.5746     0.1045     0.0209    97.4205    99.4797     1.9360     4.6056     4.6716     1.9353     0.1758     0.0684     0.0794     4.9255     0.0000      19270          2  0.000e+00
    349.763    347.533      98.51    11.5312    11.5236   3.968706   3.968365    34.9824    34.9862     3.3636     0.0206 3.7535e-04     0.5746     0.1045     0.0209    97.4205    99.4797     1.9360     4.6056     4.6716     1.9353     0.1758     0.0684     0.0794     4.9255     0.0000      19271          2  0.000e+00
    349.814    347.584      98.53    11.5313    11.5234   3.968613   3.968312    34.9813    34.9858     3.3636     0.0206 3.7535e-04     0.5746     0.1045     0.0209    97.4205    99.4797     1.9360     4.6056     4.6716     1.9353     0.1758     0.0684     0.0794     4.9267     0.0000      19272          2  0.000e+00
    349.763    347.533      98.51    11.5310    11.5229   3.968613   3.968312    34.9816    34.9863     3.3636     0.0206 3.7535e-04     0.5746     0.1045     0.0209    97.4205    99.4797     1.9360     4.6056     4.6716     1.9353     0.1758     0.0684     0.0794     4.9255     0.0000      19273          2  0.000e+00
    349.763    347.533      98.53    11.5307    11.5230   3.968646   3.968332    34.9823    34.9864     3.3637     0.0206 3.7535e-04     0.5746     0.1056     0.0209    97.3947    99.4797     1.9360     4.6044     4.6716     1.9353     0.1758     0.0684     0.0794     4.9267     0.0000      19274          2  0.000e+00
    349.763    347.533      98.51    11.5303    11.5228   3.968679   3.968298    34.9829    34.9863     3.3672     0.0206 3.7535e-04     0.5746     0.1056     0.0209    97.3947    99.4797     1.9372     4.6044     4.6716     1.9365     0.1758     0.0684     0.0794     4.9255     0.0000      19275          2  0.000e+00
    349.756    347.526      98.51    11.5302    11.5228   3.968844   3.968338    34.9847    34.9867     3.3642     0.0206 3.7535e-04     0.6234     0.1056     0.0219    97.3947    99.4537     1.9360     4.6044     4.6703     1.9353     0.1758     0.0684     0.0806     4.9255     0.0000      19276          2  0.000e+00
    349.763    347.533      98.51    11.5303    11.5228   3.968923   3.968365    34.9853    34.9869     3.3642     0.0206 3.7535e-04     0.5746     0.1056     0.0209    97.3947    99.4797     1.9360     4.6044     4.6716     1.9353     0.1758     0.0684     0.0794     4.9255     0.0000      19277          2  0.000e+00
    349.763    347.533      98.53    11.5298    11.5231   3.968956   3.968358    34.9861    34.9866     3.3642     0.0206 3.7535e-04     0.5746     0.1056     0.0198    97.3947    99.5057     1.9360     4.6044     4.6728     1.9353     0.1758     0.0684     0.0794     4.9267     0.0000      19278          2  0.000e+00
    349.814    347.584      98.51    11.5300    11.5234   3.968989   3.968405    34.9862    34.9867     3.3642     0.0206 3.7535e-04     0.5746     0.1056     0.0198    97.3947    99.5057     1.9360     4.6044     4.6728     1.9353     0.1758     0.0684     0.0794     4.9255     0.0000      19279          2  0.000e+00
    349.763    347.533      98.51    11.5303    11.5236   3.968976   3.968439    34.9858    34.9869     3.3641     0.0206 3.7535e-04     0.5746     0.1056     0.0198    97.3947    99.5057     1.9360     4.6044     4.6728     1.9353     0.1758     0.0684     0.0794     4.9255     0.0000      19280          2  0.000e+00
    349.763    347.533      98.51    11.5307    11.5239   3.968989   3.968485    34.9856    34.9871     3.3641     0.0206 3.7535e-04     0.5746     0.1056     0.0209    97.3947    99.4797     1.9360     4.6044     4.6716     1.9353     0.1758     0.0684     0.0794     4.9255     0.0000      19281          2  0.000e+00
    349.653    347.424      98.51    11.5305    11.5242   3.968923   3.968519    34.9852    34.9871     3.3640     0.0206 3.7535e-04     0.5746     0.1056     0.0209    97.3947    99.4797     1.9360     4.6044     4.6716     1.9353     0.1758     0.0684     0.0794     4.9255     0.0000      19282          2  0.000e+00
    300.359    298.480      39.90    12.0539    12.0535   4.021455   4.021855    35.0288    35.0331     3.3122     0.0206 5.1573e-04     0.5746     0.1014     0.0167    97.4981    99.5838     1.9398     4.6093     4.6764     1.9389     0.2234     0.0684     0.0794     1.9951     0.0000      21452          3  0.000e+00
    300.249    298.371      41.34    12.0538    12.0536   4.021455   4.021848    35.0290    35.0330     3.3086     0.0206 5.1213e-04     0.5258     0.1014     0.0167    97.4981    99.5838     1.9386     4.6093     4.6764     1.9377     0.2222     0.0684     0.0781     2.0672     0.0000      21453          3  0.000e+00
