public/post/ctd18/stn006.cnv
* Sea-Bird SBE 9 Data File:
* FileName = C:\CTD Data\AGU032_IIOE2_June2018\stn006.hex
* Software Version Seasave V 7.22.5
* Temperature SN = 5966
* Conductivity SN = 4551
* Number of Bytes Per Scan = 40
* Number of Voltage Words = 5
* Number of Scans Averaged by the Deck Unit = 1
* NMEA Latitude = 06 08.13 S
* NMEA Longitude = 038 59.54 E
* NMEA UTC (Time) = Jun 19 2018 09:54:46
* NMEA baud rate = 4800
** Ship: Agulhas II
** Cruise: V032_IIOE2
** Ship Station: AM00887
** Grid number: A-6
** Latitude: 06 08.133 S
** Longitude: 38 59.549 E
** Bottom depth (m): 33.9m
** Operator: Gavin L.
# nquan = 27
# nvalues = 6984                                  
# units = specified
# name 0 = prDM: Pressure, Digiquartz [db]
# name 1 = depSM: Depth [salt water, m]
# name 2 = altM: Altimeter [m]
# name 3 = t090C: Temperature [ITS-90, deg C]
# name 4 = t190C: Temperature, 2 [ITS-90, deg C]
# name 5 = c0S/m: Conductivity [S/m]
# name 6 = c1S/m: Conductivity, 2 [S/m]
# name 7 = sal00: Salinity, Practical [PSU]
# name 8 = sal11: Salinity, Practical, 2 [PSU]
# name 9 = sbeox0ML/L: Oxygen, SBE 43 [ml/l]
# name 10 = flECO-AFL: Fluorescence, WET Labs ECO-AFL/FL [mg/m^3]
# name 11 = turbWETbb0: Turbidity, WET Labs ECO BB [m^-1/sr]
# name 12 = turbWETntu0: Turbidity, WET Labs ECO [NTU]
# name 13 = CStarAt0: Beam Attenuation, WET Labs C-Star [1/m]
# name 14 = CStarAt1: Beam Attenuation, WET Labs C-Star, 2 [1/m]
# name 15 = CStarTr0: Beam Transmission, WET Labs C-Star [%]
# name 16 = CStarTr1: Beam Transmission, WET Labs C-Star, 2 [%]
# name 17 = sbeox0V: Oxygen raw, SBE 43 [V]
# name 18 = v0: Voltage 0
# name 19 = v1: Voltage 1
# name 20 = v2: Voltage 2
# name 21 = v3: Voltage 3
# name 22 = v4: Voltage 4
# name 23 = v5: Voltage 5
# name 24 = v6: Voltage 6
# name 25 = v7: Voltage 7
# name 26 = flag:  0.000e+00
# span 0 =     -1.128,     27.207                 
# span 1 =     -1.122,     27.054                 
# span 2 =       5.45,     100.00                 
# span 3 =    26.1706,    27.3317                 
# span 4 =    26.0561,    27.3308                 
# span 5 =   0.701373,   5.547234                 
# span 6 =   0.576817,   5.547479                 
# span 7 =     3.7018,    34.9701                 
# span 8 =     3.0169,    34.9726                 
# span 9 =     3.9222,     4.7760                 
# span 10 =     0.1122,    73.9950                
# span 11 = 6.8851e-04, 5.1087e-03                
# span 12 =     0.5746,    44.2864                
# span 13 =     0.2892,     1.4448                
# span 14 =    -0.1940,     1.2589                
# span 15 =    69.6837,    93.0260                
# span 16 =    72.9993,   104.9683                
# span 17 =     2.8083,     2.8608                
# span 18 =     3.2955,     4.3980                
# span 19 =     3.4286,     4.9292                
# span 20 =     2.8083,     2.8608                
# span 21 =     0.2821,     1.7814                
# span 22 =     0.0745,     5.0000                
# span 23 =     0.0794,     1.1722                
# span 24 =     0.2723,     5.0000                
# span 25 =     0.0000,     0.0000                
# span 26 = 0.0000e+00, 0.0000e+00                
# interval = seconds: 0.0416667
# start_time = Jun 19 2018 09:54:46 [NMEA time, header]
# bad_flag = -9.990e-29
*END*
[from data line 2094]
     26.399     26.251       6.28    27.3055    27.3049   5.546149   5.546449    34.9696    34.9722     3.9560     0.4785 9.3328e-04     0.6723     0.3745     0.2302    91.0615    94.4073     2.8340     4.3053     4.4335     2.8339     0.3651     0.0989     0.0818     0.3138     0.0000  0.000e+00
     26.450     26.301       6.25    27.3057    27.3048   5.546164   5.546410    34.9696    34.9721     3.9554     0.4968 9.3688e-04     0.6723     0.3745     0.2302    91.0615    94.4073     2.8340     4.3053     4.4335     2.8339     0.3663     0.1001     0.0818     0.3126     0.0000  0.000e+00
     26.399     26.251       6.25    27.3057    27.3049   5.546133   5.546403    34.9694    34.9719     3.9545     0.4968 9.3328e-04     0.6723     0.3745     0.2302    91.0615    94.4073     2.8340     4.3053     4.4335     2.8339     0.3651     0.1001     0.0818     0.3126     0.0000  0.000e+00
     26.450     26.301       6.25    27.3057    27.3048   5.546133   5.546426    34.9693    34.9722     3.9516     0.4968 9.3328e-04     0.7211     0.3745     0.2313    91.0615    94.3813     2.8327     4.3053     4.4322     2.8327     0.3651     0.1001     0.0830     0.3126     0.0000  0.000e+00
     26.450     26.301       6.25    27.3055    27.3048   5.546126   5.546410    34.9694    34.9721     3.9507     0.4968 9.3688e-04     0.7211     0.3745     0.2335    91.0615    94.3293     2.8327     4.3053     4.4298     2.8327     0.3663     0.1001     0.0830     0.3126     0.0000  0.000e+00
     26.450     26.301       6.20    27.3058    27.3048   5.546171   5.546403    34.9696    34.9720     3.9496     0.4968 9.3328e-04     0.6723     0.3745     0.2357    91.0615    94.2773     2.8327     4.3053     4.4274     2.8327     0.3651     0.1001     0.0818     0.3101     0.0000  0.000e+00
     26.450     26.301       6.20    27.3055    27.3049   5.546171   5.546403    34.9698    34.9719     3.9486     0.4968 9.3328e-04     0.7211     0.3745     0.2357    91.0615    94.2773     2.8327     4.3053     4.4274     2.8327     0.3651     0.1001     0.0830     0.3101     0.0000  0.000e+00
     26.508     26.359       6.20    27.3057    27.3048   5.546171   5.546433    34.9696    34.9722     3.9499     0.5151 9.3328e-04     0.6723     0.3745     0.2357    91.0615    94.2773     2.8340     4.3053     4.4274     2.8339     0.3651     0.1013     0.0818     0.3101     0.0000  0.000e+00
     26.450     26.301       6.20    27.3055    27.3049   5.546149   5.546449    34.9697    34.9722     3.9469     0.4968 9.3328e-04     0.6723     0.3745     0.2346    91.0615    94.3033     2.8327     4.3053     4.4286     2.8327     0.3651     0.1001     0.0818     0.3101     0.0000  0.000e+00
     26.508     26.359       6.18    27.3057    27.3048   5.546126   5.546410    34.9693    34.9720     3.9461     0.5151 9.3328e-04     0.7211     0.3745     0.2357    91.0615    94.2773     2.8327     4.3053     4.4274     2.8327     0.3651     0.1013     0.0830     0.3089     0.0000  0.000e+00
     26.559     26.410       6.13    27.3057    27.3049   5.546134   5.546433    34.9693    34.9720     3.9453     0.4968 9.3328e-04     0.6723     0.3734     0.2357    91.0873    94.2773     2.8327     4.3065     4.4274     2.8327     0.3651     0.1001     0.0818     0.3065     0.0000  0.000e+00
     26.508     26.359       6.11    27.3058    27.3051   5.546164   5.546410    34.9695    34.9718     3.9468     0.4968 9.3328e-04     0.6723     0.3723     0.2346    91.1132    94.3033     2.8340     4.3077     4.4286     2.8339     0.3651     0.1001     0.0818     0.3053     0.0000  0.000e+00
     26.508     26.359       6.11    27.3055    27.3049   5.546133   5.546426    34.9695    34.9720     3.9464     0.5151 9.3328e-04     0.7211     0.3723     0.2357    91.1132    94.2773     2.8340     4.3077     4.4274     2.8339     0.3651     0.1013     0.0830     0.3053     0.0000  0.000e+00
     26.559     26.410       6.11    27.3055    27.3051   5.546134   5.546441    34.9695    34.9720     3.9462     0.4968 9.3688e-04     0.7211     0.3723     0.2357    91.1132    94.2773     2.8340     4.3077     4.4274     2.8339     0.3663     0.1001     0.0830     0.3053     0.0000  0.000e+00
     26.559     26.410       6.11    27.3058    27.3049   5.546164   5.546449    34.9695    34.9721     3.9460     0.4968 9.3328e-04     0.6723     0.3723     0.2357    91.1132    94.2773     2.8340     4.3077     4.4274     2.8339     0.3651     0.1001     0.0818     0.3053     0.0000  0.000e+00
     26.559     26.410       6.08    27.3057    27.3049   5.546179   5.546410    34.9696    34.9719     3.9458     0.4968 9.3328e-04     0.6723     0.3723     0.2357    91.1132    94.2773     2.8340     4.3077     4.4274     2.8339     0.3651     0.1001     0.0818     0.3040     0.0000  0.000e+00
     26.559     26.410       6.08    27.3054    27.3049   5.546141   5.546403    34.9697    34.9718     3.9459     0.4968 9.3328e-04     0.6723     0.3723     0.2346    91.1132    94.3033     2.8340     4.3077     4.4286     2.8339     0.3651     0.1001     0.0818     0.3040     0.0000  0.000e+00
     26.559     26.410       6.06    27.3058    27.3049   5.546156   5.546433    34.9694    34.9720     3.9481     0.5151 9.1528e-04     0.6723     0.3723     0.2357    91.1132    94.2773     2.8352     4.3077     4.4274     2.8352     0.3590     0.1013     0.0818     0.3028     0.0000  0.000e+00
     26.610     26.461       6.08    27.3055    27.3049   5.546149   5.546449    34.9696    34.9722     3.9484     0.4968 8.5049e-04     0.7211     0.3723     0.2357    91.1132    94.2773     2.8352     4.3077     4.4274     2.8352     0.3370     0.1001     0.0830     0.3040     0.0000  0.000e+00
     26.559     26.410       6.06    27.3055    27.3049   5.546164   5.546410    34.9697    34.9719     3.9489     0.5151 8.2529e-04     0.6723     0.3723     0.2346    91.1132    94.3033     2.8352     4.3077     4.4286     2.8352     0.3284     0.1013     0.0818     0.3028     0.0000  0.000e+00
     26.610     26.461       6.03    27.3057    27.3049   5.546171   5.546434    34.9696    34.9720     3.9493     0.4968 8.2529e-04     0.7211     0.3723     0.2357    91.1132    94.2773     2.8352     4.3077     4.4274     2.8352     0.3284     0.1001     0.0830     0.3016     0.0000  0.000e+00
     26.610     26.461       6.03    27.3058    27.3051   5.546149   5.546410    34.9694    34.9717     3.9521     0.5151 8.2529e-04     0.7211     0.3723     0.2357    91.1132    94.2773     2.8364     4.3077     4.4274     2.8364     0.3284     0.1013     0.0830     0.3016     0.0000  0.000e+00
     26.654     26.504       6.03    27.3057    27.3049   5.546065   5.546387    34.9688    34.9717     3.9528     0.4968 8.2529e-04     0.6723     0.3723     0.2357    91.1132    94.2773     2.8364     4.3077     4.4274     2.8364     0.3284     0.1001     0.0818     0.3016     0.0000  0.000e+00
     26.610     26.461       6.03    27.3059    27.3049   5.545876   5.546395    34.9673    34.9718     3.9558     0.4968 8.2889e-04     0.6723     0.3723     0.2357    91.1132    94.2773     2.8376     4.3077     4.4274     2.8376     0.3297     0.1001     0.0818     0.3016     0.0000  0.000e+00
     26.610     26.461       5.98    27.3057    27.3049   5.546012   5.546434    34.9685    34.9720     3.9569     0.4968 8.2889e-04     0.6723     0.3723     0.2313    91.1132    94.3813     2.8376     4.3077     4.4322     2.8376     0.3297     0.1001     0.0818     0.2991     0.0000  0.000e+00
     26.668     26.519       5.98    27.3057    27.3049   5.546179   5.546410    34.9696    34.9718     3.9578     0.4968 8.2889e-04     0.7211     0.3723     0.2269    91.1132    94.4854     2.8376     4.3077     4.4371     2.8376     0.3297     0.1001     0.0830     0.2991     0.0000  0.000e+00
     26.610     26.461       5.98    27.3057    27.3051   5.546194   5.546403    34.9697    34.9717     3.9586     0.4968 8.2889e-04     0.6723     0.3723     0.2258    91.1132    94.5114     2.8376     4.3077     4.4383     2.8376     0.3297     0.1001     0.0818     0.2991     0.0000  0.000e+00
     26.668     26.519       5.98    27.3057    27.3049   5.546103   5.546434    34.9691    34.9720     3.9595     0.4785 8.2889e-04     0.7211     0.3723     0.2258    91.1132    94.5114     2.8376     4.3077     4.4383     2.8376     0.3297     0.0989     0.0830     0.2991     0.0000  0.000e+00
     26.668     26.519       5.96    27.3057    27.3049   5.546156   5.546449    34.9694    34.9721     3.9627     0.4968 8.2889e-04     0.7211     0.3723     0.2269    91.1132    94.4854     2.8388     4.3077     4.4371     2.8388     0.3297     0.1001     0.0830     0.2979     0.0000  0.000e+00
     26.668     26.519       5.93    27.3057    27.3049   5.546171   5.546449    34.9696    34.9721     3.9612     0.4968 8.2889e-04     0.7211     0.3723     0.2269    91.1132    94.4854     2.8376     4.3077     4.4371     2.8376     0.3297     0.1001     0.0830     0.2967     0.0000  0.000e+00
     26.719     26.569       5.93    27.3058    27.3051   5.546134   5.546411    34.9692    34.9717     3.9619     0.4785 8.2889e-04     0.6723     0.3745     0.2269    91.0615    94.4854     2.8376     4.3053     4.4371     2.8376     0.3297     0.0989     0.0818     0.2967     0.0000  0.000e+00
     26.668     26.519       5.93    27.3059    27.3049   5.546171   5.546403    34.9694    34.9718     3.9647     0.4785 8.3249e-04     0.7211     0.3757     0.2258    91.0356    94.5114     2.8388     4.3040     4.4383     2.8388     0.3309     0.0989     0.0830     0.2967     0.0000  0.000e+00
     26.719     26.569       5.93    27.3057    27.3051   5.546141   5.546457    34.9693    34.9720     3.9655     0.4968 8.2889e-04     0.6723     0.3757     0.2269    91.0356    94.4854     2.8388     4.3040     4.4371     2.8388     0.3297     0.1001     0.0818     0.2967     0.0000  0.000e+00
     26.719     26.569       5.91    27.3057    27.3049   5.546171   5.546418    34.9696    34.9719     3.9660     0.4785 8.2889e-04     0.6723     0.3757     0.2269    91.0356    94.4854     2.8388     4.3040     4.4371     2.8388     0.3297     0.0989     0.0818     0.2955     0.0000  0.000e+00
     26.719     26.569       5.89    27.3057    27.3051   5.546141   5.546434    34.9693    34.9719     3.9665     0.4968 8.2889e-04     0.7211     0.3757     0.2269    91.0356    94.4854     2.8388     4.3040     4.4371     2.8388     0.3297     0.1001     0.0830     0.2943     0.0000  0.000e+00
     26.719     26.569       5.89    27.3057    27.3051   5.546156   5.546449    34.9694    34.9720     3.9670     0.4785 8.2889e-04     0.6723     0.3757     0.2258    91.0356    94.5114     2.8388     4.3040     4.4383     2.8388     0.3297     0.0989     0.0818     0.2943     0.0000  0.000e+00
     26.719     26.569       5.89    27.3058    27.3048   5.546179   5.546411    34.9695    34.9720     3.9674     0.4968 8.2889e-04     0.7211     0.3757     0.2269    91.0356    94.4854     2.8388     4.3040     4.4371     2.8388     0.3297     0.1001     0.0830     0.2943     0.0000  0.000e+00
     26.778     26.627       5.86    27.3057    27.3051   5.546171   5.546403    34.9695    34.9716     3.9680     0.4785 8.2889e-04     0.6723     0.3757     0.2269    91.0356    94.4854     2.8388     4.3040     4.4371     2.8388     0.3297     0.0989     0.0818     0.2930     0.0000  0.000e+00
     26.778     26.627       5.86    27.3059    27.3049   5.546171   5.546434    34.9694    34.9720     3.9661     0.4785 8.2889e-04     0.7211     0.3757     0.2269    91.0356    94.4854     2.8376     4.3040     4.4371     2.8376     0.3297     0.0989     0.0830     0.2930     0.0000  0.000e+00
     26.719     26.569       5.86    27.3058    27.3049   5.546149   5.546411    34.9693    34.9719     3.9662     0.4785 8.2889e-04     0.6723     0.3757     0.2258    91.0356    94.5114     2.8376     4.3040     4.4383     2.8376     0.3297     0.0989     0.0818     0.2930     0.0000  0.000e+00
     26.778     26.627       5.86    27.3057    27.3049   5.546164   5.546434    34.9695    34.9720     3.9666     0.4968 8.2889e-04     0.6723     0.3757     0.2258    91.0356    94.5114     2.8376     4.3040     4.4383     2.8376     0.3297     0.1001     0.0818     0.2930     0.0000  0.000e+00
     26.778     26.627       5.86    27.3057    27.3049   5.546179   5.546434    34.9696    34.9720     3.9644     0.4968 8.2889e-04     0.6723     0.3757     0.2258    91.0356    94.5114     2.8364     4.3040     4.4383     2.8364     0.3297     0.1001     0.0818     0.2930     0.0000  0.000e+00
     26.829     26.678       5.86    27.3058    27.3049   5.546171   5.546441    34.9694    34.9720     3.9666     0.4785 8.2889e-04     0.7211     0.3757     0.2258    91.0356    94.5114     2.8376     4.3040     4.4383     2.8376     0.3297     0.0989     0.0830     0.2930     0.0000  0.000e+00
     26.778     26.627       5.84    27.3057    27.3049   5.546171   5.546411    34.9695    34.9718     3.9643     0.4785 8.2889e-04     0.7211     0.3757     0.2269    91.0356    94.4854     2.8364     4.3040     4.4371     2.8364     0.3297     0.0989     0.0830     0.2918     0.0000  0.000e+00
     26.829     26.678       5.81    27.3057    27.3049   5.546179   5.546403    34.9696    34.9717     3.9641     0.4968 8.3609e-04     0.7211     0.3745     0.2269    91.0615    94.4854     2.8364     4.3053     4.4371     2.8364     0.3321     0.1001     0.0830     0.2906     0.0000  0.000e+00
     26.778     26.627       5.81    27.3057    27.3049   5.546209   5.546403    34.9698    34.9718     3.9639     0.4785 8.3609e-04     0.6723     0.3757     0.2280    91.0356    94.4594     2.8364     4.3040     4.4359     2.8364     0.3321     0.0989     0.0818     0.2906     0.0000  0.000e+00
     26.829     26.678       5.81    27.3057    27.3049   5.546194   5.546434    34.9697    34.9720     3.9614     0.4785 8.3609e-04     0.7211     0.3757     0.2280    91.0356    94.4594     2.8352     4.3040     4.4359     2.8352     0.3321     0.0989     0.0830     0.2906     0.0000  0.000e+00
     26.829     26.678       5.81    27.3059    27.3048   5.546209   5.546480    34.9696    34.9724     3.9610     0.4968 8.3969e-04     0.7211     0.3757     0.2280    91.0356    94.4594     2.8352     4.3040     4.4359     2.8352     0.3333     0.1001     0.0830     0.2906     0.0000  0.000e+00
     26.829     26.678       5.76    27.3059    27.3049   5.546149   5.546426    34.9692    34.9719     3.9626     0.4785 8.3609e-04     0.7211     0.3757     0.2291    91.0356    94.4333     2.8364     4.3040     4.4347     2.8364     0.3321     0.0989     0.0830     0.2882     0.0000  0.000e+00
     26.887     26.736       5.76    27.3057    27.3049   5.546172   5.546434    34.9695    34.9719     3.9601     0.4785 8.3609e-04     0.7211     0.3757     0.2280    91.0356    94.4594     2.8352     4.3040     4.4359     2.8352     0.3321     0.0989     0.0830     0.2882     0.0000  0.000e+00
     26.829     26.678       5.76    27.3059    27.3048   5.546171   5.546449    34.9694    34.9722     3.9596     0.4968 8.3249e-04     0.6723     0.3814     0.2280    90.9064    94.4594     2.8352     4.2979     4.4359     2.8352     0.3309     0.1001     0.0818     0.2882     0.0000  0.000e+00
     26.887     26.736       5.76    27.3057    27.3049   5.546149   5.546403    34.9693    34.9717     3.9592     0.4968 8.3609e-04     0.7211     0.3836     0.2280    90.8547    94.4594     2.8352     4.2955     4.4359     2.8352     0.3321     0.1001     0.0830     0.2882     0.0000  0.000e+00
     26.821     26.671       5.76    27.3057    27.3048   5.546164   5.546395    34.9695    34.9718     3.9584     0.4968 8.3609e-04     0.6723     0.3848     0.2280    90.8288    94.4594     2.8352     4.2943     4.4359     2.8352     0.3321     0.1001     0.0818     0.2882     0.0000  0.000e+00
