public/post/ctd18/stn001.ros
* Sea-Bird SBE 9 Data File:
* FileName = C:\CTD Data\AGU032_IIOE2_June2018\stn001.hex
* Software Version Seasave V 7.22.5
* Temperature SN = 5966
* Conductivity SN = 4551
* Number of Bytes Per Scan = 40
* Number of Voltage Words = 5
* Number of Scans Averaged by the Deck Unit = 1
* NMEA Latitude = 05 01.21 S
* NMEA Longitude = 039 17.62 E
* NMEA UTC (Time) = Jun 18 2018 05:27:07
* NMEA baud rate = 4800
** Ship: Agulhas II
** Cruise: V032_IIOE2
** Ship Station: AM00882
** Grid number: A-1
** Latitude: 05 01.222S
** Longitude: 39 17.625 E
** Bottom depth (m): 416.56m
** Operator: Mbulelo and Gavin
# nquan = 29
# nvalues = 1019                                  
# units = specified
# name 0 = prDM: Pressure, Digiquartz [db]
# name 1 = depSM: Depth [salt water, m]
# name 2 = altM: Altimeter [m]
# name 3 = t090C: Temperature [ITS-90, deg C]
# name 4 = t190C: Temperature, 2 [ITS-90, deg C]
# name 5 = c0S/m: Conductivity [S/m]
# name 6 = c1S/m: Conductivity, 2 [S/m]
# name 7 = sal00: Salinity, Practical [PSU]
# name 8 = sal11: Salinity, Practical, 2 [PSU]
# name 9 = sbeox0ML/L: Oxygen, SBE 43 [ml/l]
# name 10 = flECO-AFL: Fluorescence, WET Labs ECO-AFL/FL [mg/m^3]
# name 11 = turbWETbb0: Turbidity, WET Labs ECO BB [m^-1/sr]
# name 12 = turbWETntu0: Turbidity, WET Labs ECO [NTU]
# name 13 = CStarAt0: Beam Attenuation, WET Labs C-Star [1/m]
# name 14 = CStarAt1: Beam Attenuation, WET Labs C-Star, 2 [1/m]
# name 15 = CStarTr0: Beam Transmission, WET Labs C-Star [%]
# name 16 = CStarTr1: Beam Transmission, WET Labs C-Star, 2 [%]
# name 17 = sbeox0V: Oxygen raw, SBE 43 [V]
# name 18 = v0: Voltage 0
# name 19 = v1: Voltage 1
# name 20 = v2: Voltage 2
# name 21 = v3: Voltage 3
# name 22 = v4: Voltage 4
# name 23 = v5: Voltage 5
# name 24 = v6: Voltage 6
# name 25 = v7: Voltage 7
# name 26 = scan: Scan Count
# name 27 = nbf: Bottles Fired
# name 28 = flag:  0.000e+00
# interval = seconds: 0.0416667
# start_time = Jun 18 2018 05:27:07 [NMEA time, header]
# bad_flag = -9.990e-29
*END*
[from data line 851]
     19.413     19.305      98.51    26.8848    26.8849   5.500289   5.500850    34.9611    34.9650     3.9456     0.3686 4.2574e-04     0.5746     0.1644     0.0703    95.9729    98.2571     2.8207     4.5372     4.6142     2.8193     0.1929     0.0916     0.0794     4.9255     0.0000      36978         18  0.000e+00
     19.464     19.356      98.51    26.8848    26.8849   5.500319   5.500835    34.9613    34.9649     3.9463     0.3686 4.2574e-04     0.5746     0.1633     0.0693    95.9988    98.2832     2.8207     4.5385     4.6154     2.8193     0.1929     0.0916     0.0794     4.9255     0.0000      36979         18  0.000e+00
     19.413     19.305      98.51    26.8848    26.8847   5.500289   5.500865    34.9611    34.9653     3.9470     0.3686 4.2574e-04     0.5746     0.1633     0.0693    95.9988    98.2832     2.8207     4.5385     4.6154     2.8193     0.1929     0.0916     0.0794     4.9255     0.0000      36980         18  0.000e+00
     19.392     19.283      98.53    26.8848    26.8847   5.500349   5.500773    34.9615    34.9646     3.9479     0.3686 4.2574e-04     0.5746     0.1633     0.0703    95.9988    98.2571     2.8207     4.5385     4.6142     2.8193     0.1929     0.0916     0.0794     4.9267     0.0000      36981         18  0.000e+00
     19.515     19.406      98.51    26.8848    26.8849   5.500342   5.500812    34.9614    34.9647     3.9464     0.3686 4.2574e-04     0.5746     0.1644     0.0693    95.9729    98.2832     2.8195     4.5372     4.6154     2.8181     0.1929     0.0916     0.0794     4.9255     0.0000      36982         18  0.000e+00
     19.464     19.356      98.51    26.8848    26.8847   5.500319   5.500835    34.9613    34.9650     3.9469     0.3686 4.2574e-04     0.5746     0.1633     0.0703    95.9988    98.2571     2.8195     4.5385     4.6142     2.8181     0.1929     0.0916     0.0794     4.9255     0.0000      36983         18  0.000e+00
     19.355     19.247      98.51    26.8849    26.8847   5.500327   5.500835    34.9612    34.9651     3.9474     0.3686 4.2574e-04     0.5746     0.1633     0.0693    95.9988    98.2832     2.8195     4.5385     4.6154     2.8181     0.1929     0.0916     0.0794     4.9255     0.0000      36984         18  0.000e+00
     19.515     19.407      98.51    26.8849    26.8847   5.500334   5.500865    34.9612    34.9652     3.9480     0.3686 4.2574e-04     0.5746     0.1633     0.0693    95.9988    98.2832     2.8195     4.5385     4.6154     2.8181     0.1929     0.0916     0.0794     4.9255     0.0000      36985         18  0.000e+00
     19.450     19.341      98.51    26.8848    26.8847   5.500357   5.500819    34.9615    34.9649     3.9485     0.3686 4.2574e-04     0.5746     0.1633     0.0693    95.9988    98.2832     2.8195     4.5385     4.6154     2.8181     0.1929     0.0916     0.0794     4.9255     0.0000      36986         18  0.000e+00
     19.414     19.305      98.51    26.8848    26.8845   5.500304   5.500858    34.9612    34.9653     3.9491     0.3686 4.2574e-04     0.5746     0.1633     0.0693    95.9988    98.2832     2.8195     4.5385     4.6154     2.8181     0.1929     0.0916     0.0794     4.9255     0.0000      36987         18  0.000e+00
     19.464     19.356      98.51    26.8848    26.8849   5.500312   5.500812    34.9612    34.9647     3.9498     0.3686 4.2574e-04     0.5746     0.1633     0.0693    95.9988    98.2832     2.8195     4.5385     4.6154     2.8181     0.1929     0.0916     0.0794     4.9255     0.0000      36988         18  0.000e+00
     19.465     19.356      98.51    26.8849    26.8847   5.500297   5.500819    34.9610    34.9649     3.9504     0.3686 4.2574e-04     0.5746     0.1633     0.0703    95.9988    98.2571     2.8195     4.5385     4.6142     2.8181     0.1929     0.0916     0.0794     4.9255     0.0000      36989         18  0.000e+00
     19.465     19.356      98.53    26.8849    26.8845   5.500319   5.500835    34.9611    34.9652     3.9510     0.3686 4.2574e-04     0.5746     0.1633     0.0693    95.9988    98.2832     2.8195     4.5385     4.6154     2.8181     0.1929     0.0916     0.0794     4.9267     0.0000      36990         18  0.000e+00
     19.450     19.341      98.51    26.8848    26.8845   5.500289   5.500865    34.9610    34.9654     3.9515     0.3686 4.2574e-04     0.5746     0.1633     0.0693    95.9988    98.2832     2.8195     4.5385     4.6154     2.8181     0.1929     0.0916     0.0794     4.9255     0.0000      36991         18  0.000e+00
     19.355     19.247      98.51    26.8846    26.8845   5.500349   5.500773    34.9616    34.9647     3.9519     0.3686 4.2574e-04     0.5746     0.1655     0.0693    95.9471    98.2832     2.8195     4.5360     4.6154     2.8181     0.1929     0.0916     0.0794     4.9255     0.0000      36992         18  0.000e+00
     19.516     19.407      98.51    26.8848    26.8845   5.500312   5.500812    34.9612    34.9650     3.9524     0.3686 4.2215e-04     0.5746     0.1676     0.0703    95.8954    98.2571     2.8195     4.5336     4.6142     2.8181     0.1917     0.0916     0.0794     4.9255     0.0000      36993         18  0.000e+00
     19.516     19.407      98.51    26.8848    26.8843   5.500342   5.500835    34.9614    34.9653     3.9527     0.3686 4.1855e-04     0.5746     0.1676     0.0693    95.8954    98.2832     2.8195     4.5336     4.6154     2.8181     0.1905     0.0916     0.0794     4.9255     0.0000      36994         18  0.000e+00
     19.355     19.247      98.51    26.8848    26.8843   5.500342   5.500796    34.9615    34.9651     3.9529     0.3686 4.1495e-04     0.5746     0.1676     0.0693    95.8954    98.2832     2.8195     4.5336     4.6154     2.8181     0.1893     0.0916     0.0794     4.9255     0.0000      36995         18  0.000e+00
     19.501     19.392      98.51    26.8848    26.8847   5.500319   5.500750    34.9612    34.9644     3.9532     0.3686 4.1495e-04     0.5746     0.1666     0.0693    95.9212    98.2832     2.8195     4.5348     4.6154     2.8181     0.1893     0.0916     0.0794     4.9255     0.0000      36996         18  0.000e+00
     19.465     19.356      98.51    26.8849    26.8843   5.500365   5.500812    34.9615    34.9651     3.9557     0.3686 4.1495e-04     0.5746     0.1666     0.0703    95.9212    98.2571     2.8207     4.5348     4.6142     2.8193     0.1893     0.0916     0.0794     4.9255     0.0000      36997         18  0.000e+00
     19.465     19.356      98.53    26.8848    26.8845   5.500380   5.500796    34.9617    34.9649     3.9561     0.3686 4.1495e-04     0.5746     0.1666     0.0682    95.9212    98.3092     2.8207     4.5348     4.6166     2.8193     0.1893     0.0916     0.0794     4.9267     0.0000      36998         18  0.000e+00
     11.049     10.987      98.51    26.8810    26.8805   5.499674   5.500088    34.9621    34.9654     3.9673     0.3869 4.1135e-04     0.5746     0.1709     0.0703    95.8178    98.2571     2.8256     4.5299     4.6142     2.8242     0.1880     0.0928     0.0794     4.9255     0.0000      37943         19  0.000e+00
     11.136     11.074      98.53    26.8812    26.8807   5.499659   5.500134    34.9618    34.9656     3.9670     0.3869 4.1135e-04     0.5746     0.1709     0.0703    95.8178    98.2571     2.8256     4.5299     4.6142     2.8242     0.1880     0.0928     0.0794     4.9267     0.0000      37944         19  0.000e+00
     11.158     11.096      98.51    26.8812    26.8805   5.499614   5.500126    34.9615    34.9656     3.9669     0.3869 4.1135e-04     0.5746     0.1709     0.0703    95.8178    98.2571     2.8256     4.5299     4.6142     2.8242     0.1880     0.0928     0.0794     4.9255     0.0000      37945         19  0.000e+00
     11.049     10.988      98.53    26.8810    26.8805   5.499659   5.500142    34.9620    34.9658     3.9666     0.3869 4.1135e-04     0.5746     0.1709     0.0703    95.8178    98.2571     2.8256     4.5299     4.6142     2.8242     0.1880     0.0928     0.0794     4.9267     0.0000      37946         19  0.000e+00
     11.136     11.074      98.51    26.8812    26.8807   5.499659   5.500157    34.9618    34.9657     3.9664     0.3686 4.1135e-04     0.5746     0.1709     0.0714    95.8178    98.2311     2.8256     4.5299     4.6129     2.8242     0.1880     0.0916     0.0794     4.9255     0.0000      37947         19  0.000e+00
     11.158     11.096      98.51    26.8813    26.8807   5.499606   5.500119    34.9613    34.9655     3.9661     0.3686 4.1135e-04     0.5746     0.1709     0.0746    95.8178    98.1531     2.8256     4.5299     4.6093     2.8242     0.1880     0.0916     0.0794     4.9255     0.0000      37948         19  0.000e+00
     11.136     11.074      98.51    26.8814    26.8807   5.499667   5.500142    34.9617    34.9656     3.9636     0.3686 4.0775e-04     0.5746     0.1709     0.0746    95.8178    98.1531     2.8243     4.5299     4.6093     2.8230     0.1868     0.0916     0.0794     4.9255     0.0000      37949         19  0.000e+00
     11.107     11.045      98.51    26.8815    26.8805   5.499659   5.500119    34.9615    34.9656     3.9632     0.3686 4.1135e-04     0.5746     0.1709     0.0746    95.8178    98.1531     2.8243     4.5299     4.6093     2.8230     0.1880     0.0916     0.0794     4.9255     0.0000      37950         19  0.000e+00
     11.158     11.096      98.51    26.8815    26.8809   5.499636   5.500142    34.9614    34.9655     3.9629     0.3686 4.1135e-04     0.5746     0.1698     0.0746    95.8437    98.1531     2.8243     4.5311     4.6093     2.8230     0.1880     0.0916     0.0794     4.9255     0.0000      37951         19  0.000e+00
     11.136     11.074      98.51    26.8813    26.8809   5.499682   5.500157    34.9618    34.9656     3.9625     0.3686 4.1135e-04     0.5746     0.1709     0.0746    95.8178    98.1531     2.8243     4.5299     4.6093     2.8230     0.1880     0.0916     0.0794     4.9255     0.0000      37952         19  0.000e+00
     11.158     11.096      98.51    26.8815    26.8807   5.499629   5.500126    34.9613    34.9655     3.9620     0.3686 4.1135e-04     0.5746     0.1698     0.0746    95.8437    98.1531     2.8243     4.5311     4.6093     2.8230     0.1880     0.0916     0.0794     4.9255     0.0000      37953         19  0.000e+00
     11.085     11.024      98.51    26.8810    26.8809   5.499629   5.500111    34.9617    34.9653     3.9615     0.3686 4.1135e-04     0.5746     0.1709     0.0746    95.8178    98.1531     2.8243     4.5299     4.6093     2.8230     0.1880     0.0916     0.0794     4.9255     0.0000      37954         19  0.000e+00
     11.209     11.147      98.51    26.8812    26.8809   5.499614   5.500172    34.9614    34.9657     3.9611     0.3686 4.1135e-04     0.5746     0.1709     0.0746    95.8178    98.1531     2.8243     4.5299     4.6093     2.8230     0.1880     0.0916     0.0794     4.9255     0.0000      37955         19  0.000e+00
     11.158     11.096      98.53    26.8810    26.8809   5.499561   5.500165    34.9612    34.9656     3.9606     0.3686 4.1495e-04     0.5746     0.1698     0.0746    95.8437    98.1531     2.8243     4.5311     4.6093     2.8230     0.1893     0.0916     0.0794     4.9267     0.0000      37956         19  0.000e+00
     11.187     11.125      98.51    26.8808    26.8807   5.499523   5.500119    34.9611    34.9654     3.9603     0.3686 4.3294e-04     0.5746     0.1709     0.0746    95.8178    98.1531     2.8243     4.5299     4.6093     2.8230     0.1954     0.0916     0.0794     4.9255     0.0000      37957         19  0.000e+00
     11.107     11.046      98.51    26.8808    26.8809   5.499546   5.500142    34.9613    34.9655     3.9599     0.3686 4.4734e-04     0.5746     0.1709     0.0746    95.8178    98.1531     2.8243     4.5299     4.6093     2.8230     0.2002     0.0916     0.0794     4.9255     0.0000      37958         19  0.000e+00
     10.976     10.915      98.51    26.8808    26.8807   5.499546   5.500088    34.9613    34.9653     3.9592     0.3686 4.4734e-04     0.5746     0.1709     0.0746    95.8178    98.1531     2.8243     4.5299     4.6093     2.8230     0.2002     0.0916     0.0794     4.9255     0.0000      37959         19  0.000e+00
     11.319     11.256      98.51    26.8804    26.8807   5.499523   5.500096    34.9613    34.9652     3.9588     0.3686 4.4374e-04     0.5746     0.1709     0.0746    95.8178    98.1531     2.8243     4.5299     4.6093     2.8230     0.1990     0.0916     0.0794     4.9255     0.0000      37960         19  0.000e+00
     11.107     11.046      98.51    26.8803    26.8803   5.499538   5.500073    34.9616    34.9654     3.9581     0.3686 4.4374e-04     0.5746     0.1698     0.0746    95.8437    98.1531     2.8243     4.5311     4.6093     2.8230     0.1990     0.0916     0.0794     4.9255     0.0000      37961         19  0.000e+00
     11.188     11.125      98.51    26.8803    26.8803   5.499486   5.499973    34.9612    34.9647     3.9577     0.3686 4.4374e-04     0.5746     0.1687     0.0746    95.8695    98.1531     2.8243     4.5324     4.6093     2.8230     0.1990     0.0916     0.0794     4.9255     0.0000      37962         19  0.000e+00
     11.158     11.096      98.53    26.8803    26.8801   5.499538   5.499996    34.9616    34.9650     3.9549     0.3686 4.4374e-04     0.5746     0.1676     0.0746    95.8954    98.1531     2.8231     4.5336     4.6093     2.8217     0.1990     0.0916     0.0794     4.9267     0.0000      37963         19  0.000e+00
     11.158     11.096      98.51    26.8801    26.8798   5.499478   5.500019    34.9613    34.9654     3.9542     0.3686 4.4374e-04     0.5746     0.1676     0.0746    95.8954    98.1531     2.8231     4.5336     4.6093     2.8217     0.1990     0.0916     0.0794     4.9255     0.0000      37964         19  0.000e+00
     11.188     11.125      98.51    26.8801    26.8798   5.499501   5.499950    34.9615    34.9649     3.9535     0.3686 4.4374e-04     0.5746     0.1687     0.0746    95.8695    98.1531     2.8231     4.5324     4.6093     2.8217     0.1990     0.0916     0.0794     4.9255     0.0000      37965         19  0.000e+00
     11.049     10.988      98.51    26.8797    26.8798   5.499470   5.499996    34.9616    34.9653     3.9528     0.3686 4.4374e-04     0.5746     0.1676     0.0746    95.8954    98.1531     2.8231     4.5336     4.6093     2.8217     0.1990     0.0916     0.0794     4.9255     0.0000      37966         19  0.000e+00
     11.188     11.125      98.51    26.8801    26.8800   5.499463   5.500019    34.9612    34.9653     3.9498     0.3686 4.4374e-04     0.5746     0.1676     0.0746    95.8954    98.1531     2.8219     4.5336     4.6093     2.8205     0.1990     0.0916     0.0794     4.9255     0.0000      37967         19  0.000e+00
     11.159     11.096      98.51    26.8801    26.8800   5.499501   5.500019    34.9615    34.9653     3.9491     0.3686 4.4374e-04     0.5746     0.1687     0.0724    95.8695    98.2051     2.8219     4.5324     4.6117     2.8205     0.1990     0.0916     0.0794     4.9255     0.0000      37968         19  0.000e+00
     11.210     11.147      98.53    26.8801    26.8798   5.499501   5.499981    34.9615    34.9651     3.9482     0.3686 4.4014e-04     0.5746     0.1687     0.0703    95.8695    98.2571     2.8219     4.5324     4.6142     2.8205     0.1978     0.0916     0.0794     4.9267     0.0000      37969         19  0.000e+00
     11.188     11.125      98.51    26.8801    26.8794   5.499546   5.500012    34.9618    34.9656     3.9452     0.3686 4.4374e-04     0.5746     0.1687     0.0703    95.8695    98.2571     2.8207     4.5324     4.6142     2.8193     0.1990     0.0916     0.0794     4.9255     0.0000      37970         19  0.000e+00
