content/post/ctd_rufiji/SBE19plus_01906740_2018_02_13_0919.cnv
* Sea-Bird SBE19plus  Data File:
* FileName = C:\Users\all user\Desktop\CTD tafiri 2018\SBE19plus_01906740_2018_02_13_0919.hex
* Software version 2.6.3.104
* Temperature SN = 6740
* Conductivity SN = 6740
* System UpLoad Time = Feb 13 2018 14:03:41
* <ApplicationData>
* <Seaterm232>
# nquan = 13
# nvalues = 400                                   
# units = specified
# name 0 = prdM: Pressure, Strain Gauge [db]
# name 1 = tv290C: Temperature [ITS-90, deg C]
# name 2 = c0S/m: Conductivity [S/m]
# name 3 = sal00: Salinity, Practical [PSU]
# name 4 = sbeox0ML/L: Oxygen, SBE 43 [ml/l]
# name 5 = flECO-AFL: Fluorescence, WET Labs ECO-AFL/FL [mg/m^3]
# name 6 = nbf: Bottles Fired
# name 7 = timeS: Time, Elapsed [seconds]
# name 8 = timeJ: Julian Days
# name 9 = density00: Density [density, kg/m^3]
# name 10 = depSM: Depth [salt water, m], lat = 0.00
# name 11 = dz/dtM: Descent Rate [m/s]
# name 12 = flag:  0.000e+00
# span 0 =      0.139,      2.701                 
# span 1 =    28.2516,    30.3136                 
# span 2 =   0.001099,   0.023259                 
# span 3 =     0.0152,     0.1033                 
# span 4 =     1.9208,     3.5784                 
# span 5 =    -0.0342,     1.7183                 
# span 6 =          0,          0                 
# span 7 =      0.000,     99.750                 
# span 8 =  34.391968,  34.393122                 
# span 9 =   995.5764,   996.1758                 
# span 10 =      0.138,      2.686                
# span 11 =     -0.368,      0.383                
# span 12 = 0.0000e+00, 0.0000e+00                
# interval = seconds: 0.25
# start_time = Feb 03 2018 09:24:26 [Instrument's time stamp, header]
# bad_flag = -9.990e-29
*END*
[from data line 334]
      2.701    30.2757   0.022957     0.1015     2.1312     1.6848          0     83.500  34.392934   995.6537      2.686      0.032  0.000e+00
      2.690    30.2763   0.022936     0.1014     2.1266     1.6893          0     83.750  34.392937   995.6534      2.675      0.027  0.000e+00
      2.690    30.2769   0.022876     0.1012     2.1623     1.6687          0     84.000  34.392940   995.6530      2.675      0.024  0.000e+00
      2.668    30.2807   0.022705     0.1005     2.1618     1.6810          0     84.250  34.392943   995.6512      2.654      0.012  0.000e+00
      2.647    30.2874   0.022633     0.1002     2.1434     1.6657          0     84.500  34.392946   995.6488      2.632     -0.003  0.000e+00
      2.625    30.2953   0.022648     0.1002     2.1235     1.6642          0     84.750  34.392948   995.6464      2.611     -0.023  0.000e+00
      2.593    30.2995   0.022699     0.1004     2.1276     1.6695          0     85.000  34.392951   995.6451      2.578     -0.043  0.000e+00
      2.582    30.3025   0.022699     0.1004     2.1280     1.6733          0     85.250  34.392954   995.6441      2.568     -0.059  0.000e+00
      2.560    30.3048   0.022693     0.1004     2.1208     1.6771          0     85.500  34.392957   995.6433      2.546     -0.075  0.000e+00
      2.571    30.3064   0.022642     0.1002     2.1282     1.6802          0     85.750  34.392960   995.6427      2.557     -0.073  0.000e+00
      2.571    30.3073   0.022601     0.1000     1.9260     1.6802          0     86.000  34.392963   995.6423      2.557     -0.066  0.000e+00
      2.582    30.3076   0.022574     0.0999     1.9208     1.6649          0     86.250  34.392966   995.6422      2.568     -0.048  0.000e+00
      2.560    30.3084   0.022559     0.0998     1.9767     1.6649          0     86.500  34.392969   995.6418      2.546     -0.035  0.000e+00
      2.549    30.3093   0.022544     0.0997     1.9895     1.6634          0     86.750  34.392972   995.6414      2.535     -0.026  0.000e+00
      2.539    30.3105   0.022535     0.0997     2.0499     1.6733          0     87.000  34.392975   995.6410      2.525     -0.020  0.000e+00
      2.506    30.3111   0.022541     0.0997     2.0642     1.6275          0     87.250  34.392977   995.6407      2.492     -0.028  0.000e+00
      2.431    30.3116   0.022547     0.0998     2.1057     1.6344          0     87.500  34.392980   995.6402      2.417     -0.054  0.000e+00
      2.398    30.3114   0.022580     0.0999     2.1587     1.6314          0     87.750  34.392983   995.6402      2.385     -0.086  0.000e+00
      2.344    30.3116   0.022586     0.0999     2.2084     1.6375          0     88.000  34.392986   995.6399      2.331     -0.117  0.000e+00
      2.268    30.3119   0.022592     0.0999     2.1976     1.6535          0     88.250  34.392989   995.6395      2.256     -0.154  0.000e+00
      2.247    30.3097   0.022601     0.1000     2.1949     1.6413          0     88.500  34.392992   995.6401      2.234     -0.173  0.000e+00
      2.204    30.3069   0.022601     0.1000     2.1838     1.6481          0     88.750  34.392995   995.6408      2.191     -0.188  0.000e+00
      2.150    30.3051   0.022601     0.1000     2.1756     1.6436          0     89.000  34.392998   995.6411      2.138     -0.197  0.000e+00
      2.095    30.3040   0.022601     0.1000     2.1718     1.6695          0     89.250  34.393001   995.6412      2.084     -0.198  0.000e+00
      2.031    30.3025   0.022601     0.1000     2.1674     1.6558          0     89.500  34.393003   995.6414      2.019     -0.197  0.000e+00
      2.020    30.3010   0.022595     0.1000     2.1504     1.6558          0     89.750  34.393006   995.6417      2.009     -0.193  0.000e+00
      1.977    30.2998   0.022592     0.1000     2.1122     1.6504          0     90.000  34.393009   995.6419      1.966     -0.184  0.000e+00
      1.922    30.2995   0.022580     0.0999     2.0961     1.6619          0     90.250  34.393012   995.6418      1.912     -0.179  0.000e+00
      1.890    30.2991   0.022574     0.0999     2.0893     1.6489          0     90.500  34.393015   995.6417      1.880     -0.179  0.000e+00
      1.868    30.2991   0.022568     0.0999     2.0809     1.6558          0     90.750  34.393018   995.6416      1.858     -0.168  0.000e+00
      1.793    30.2989   0.022568     0.0999     2.0856     1.6642          0     91.000  34.393021   995.6413      1.783     -0.166  0.000e+00
      1.749    30.2987   0.022562     0.0998     2.0913     1.6542          0     91.250  34.393024   995.6411      1.740     -0.166  0.000e+00
      1.706    30.2992   0.022562     0.0998     2.1156     1.6878          0     91.500  34.393027   995.6408      1.697     -0.169  0.000e+00
      1.598    30.3003   0.022559     0.0998     2.0831     1.6878          0     91.750  34.393030   995.6400      1.589     -0.196  0.000e+00
      1.479    30.3018   0.022550     0.0998     2.0777     1.6802          0     92.000  34.393032   995.6390      1.471     -0.230  0.000e+00
      1.414    30.3037   0.022547     0.0998     2.0658     1.6871          0     92.250  34.393035   995.6381      1.407     -0.259  0.000e+00
      1.350    30.3045   0.022529     0.0997     2.0603     1.6726          0     92.500  34.393038   995.6375      1.342     -0.287  0.000e+00
      1.241    30.3061   0.022529     0.0997     2.0378     1.6726          0     92.750  34.393041   995.6365      1.235     -0.316  0.000e+00
      1.166    30.3069   0.022532     0.0997     2.0441     1.6695          0     93.000  34.393044   995.6360      1.159     -0.329  0.000e+00
      1.069    30.3072   0.022520     0.0996     2.0474     1.6619          0     93.250  34.393047   995.6354      1.063     -0.346  0.000e+00
      0.950    30.3075   0.022514     0.0996     2.0206     1.6871          0     93.500  34.393050   995.6347      0.944     -0.361  0.000e+00
      0.863    30.3089   0.022508     0.0996     2.1244     1.6932          0     93.750  34.393053   995.6339      0.858     -0.360  0.000e+00
      0.874    30.3094   0.022514     0.0996     2.1627     1.6962          0     94.000  34.393056   995.6338      0.869     -0.337  0.000e+00
      0.809    30.3098   0.022508     0.0996     2.2590     1.6970          0     94.250  34.393058   995.6334      0.805     -0.321  0.000e+00
      0.755    30.3102   0.022496     0.0995     2.2826     1.6962          0     94.500  34.393061   995.6330      0.751     -0.298  0.000e+00
      0.744    30.3111   0.022487     0.0995     2.2870     1.6794          0     94.750  34.393064   995.6326      0.740     -0.254  0.000e+00
      0.733    30.3112   0.022502     0.0996     2.2739     1.6748          0     95.000  34.393067   995.6326      0.729     -0.210  0.000e+00
      0.690    30.3106   0.022508     0.0996     2.2663     1.6726          0     95.250  34.393070   995.6326      0.686     -0.168  0.000e+00
      0.571    30.3105   0.022508     0.0996     2.1845     1.6604          0     95.500  34.393073   995.6321      0.568     -0.159  0.000e+00
      0.388    30.3109   0.022481     0.0995     2.2808     1.3079          0     95.750  34.393076   995.6311      0.385     -0.205  0.000e+00
      0.225    30.3109   0.022463     0.0994     2.3292     1.2995          0     96.000  34.393079   995.6303      0.224     -0.285  0.000e+00
      0.150    30.3113   0.022445     0.0993     2.3345     1.3056          0     96.250  34.393082   995.6298      0.149     -0.340  0.000e+00
      0.160    30.3125   0.022427     0.0993     2.3329     1.3109          0     96.500  34.393084   995.6294      0.160     -0.365  0.000e+00
      0.150    30.3136   0.013286     0.0615     2.1989    -0.0227          0     96.750  34.393087   995.6007      0.149     -0.368  0.000e+00
      0.160    30.3083   0.004401     0.0269     2.2366    -0.0227          0     97.000  34.393090   995.5764      0.160     -0.332  0.000e+00
      0.150    30.2938   0.003508     0.0236     2.2537    -0.0250          0     97.250  34.393093   995.5783      0.149     -0.262  0.000e+00
      0.160    30.2740   0.003588     0.0239     2.2898    -0.0197          0     97.500  34.393096   995.5846      0.160     -0.166  0.000e+00
      0.171    30.2543   0.003677     0.0242     2.2790    -0.0258          0     97.750  34.393099   995.5909      0.170     -0.071  0.000e+00
      0.193    30.2327   0.003520     0.0237     2.3445    -0.0258          0     98.000  34.393102   995.5971      0.192     -0.004  0.000e+00
      0.182    30.2104   0.003339     0.0230     2.3837    -0.0326          0     98.250  34.393105   995.6034      0.181      0.018  0.000e+00
      0.171    30.1887   0.002844     0.0213     2.4272    -0.0296          0     98.500  34.393108   995.6086      0.170      0.015  0.000e+00
      0.150    30.1655   0.002797     0.0211     2.4470    -0.0342          0     98.750  34.393111   995.6154      0.149      0.009  0.000e+00
      0.150    30.1456   0.002764     0.0210     2.4431    -0.0334          0     99.000  34.393113   995.6214      0.149     -0.001  0.000e+00
      0.139    30.1240   0.002497     0.0201     2.4724    -0.0227          0     99.250  34.393116   995.6272      0.138     -0.009  0.000e+00
      0.161    30.0990   0.002746     0.0210     2.4693    -0.0227          0     99.500  34.393119   995.6355      0.160     -0.014  0.000e+00
      0.150    30.0713   0.002411     0.0198     2.4858    -0.0303          0     99.750  34.393122   995.6430      0.149     -0.019  0.000e+00
