content/post/ctd_rufiji/SBE19plus_01906740_2018_02_13_0919.cnv
* Sea-Bird SBE19plus  Data File:
* FileName = C:\Users\all user\Desktop\CTD tafiri 2018\SBE19plus_01906740_2018_02_13_0919.hex
* Software version 2.6.3.104
* Temperature SN = 6740
* Conductivity SN = 6740
* System UpLoad Time = Feb 13 2018 14:03:41
* <ApplicationData>
* <Seaterm232>
# nquan = 13
# nvalues = 400                                   
# units = specified
# name 0 = prdM: Pressure, Strain Gauge [db]
# name 1 = tv290C: Temperature [ITS-90, deg C]
# name 2 = c0S/m: Conductivity [S/m]
# name 3 = sal00: Salinity, Practical [PSU]
# name 4 = sbeox0ML/L: Oxygen, SBE 43 [ml/l]
# name 5 = flECO-AFL: Fluorescence, WET Labs ECO-AFL/FL [mg/m^3]
# name 6 = nbf: Bottles Fired
# name 7 = timeS: Time, Elapsed [seconds]
# name 8 = timeJ: Julian Days
# name 9 = density00: Density [density, kg/m^3]
# name 10 = depSM: Depth [salt water, m], lat = 0.00
# name 11 = dz/dtM: Descent Rate [m/s]
# name 12 = flag:  0.000e+00
# span 0 =      0.139,      2.701                 
# span 1 =    28.2516,    30.3136                 
# span 2 =   0.001099,   0.023259                 
# span 3 =     0.0152,     0.1033                 
# span 4 =     1.9208,     3.5784                 
# span 5 =    -0.0342,     1.7183                 
# span 6 =          0,          0                 
# span 7 =      0.000,     99.750                 
# span 8 =  34.391968,  34.393122                 
# span 9 =   995.5764,   996.1758                 
# span 10 =      0.138,      2.686                
# span 11 =     -0.368,      0.383                
# span 12 = 0.0000e+00, 0.0000e+00                
# interval = seconds: 0.25
# start_time = Feb 03 2018 09:24:26 [Instrument's time stamp, header]
# bad_flag = -9.990e-29
*END*
[from data line 223]
      1.133    30.2043   0.023133     0.1024     2.1632     1.6413          0     55.750  34.392613   995.6691      1.127      0.012  0.000e+00
      1.154    30.2061   0.023136     0.1024     2.1759     1.6481          0     56.000  34.392616   995.6686      1.148      0.012  0.000e+00
      1.111    30.2076   0.023133     0.1024     2.1722     1.6588          0     56.250  34.392619   995.6679      1.105      0.002  0.000e+00
      1.122    30.2080   0.023133     0.1024     2.1739     1.6588          0     56.500  34.392622   995.6679      1.116     -0.008  0.000e+00
      1.133    30.2075   0.023133     0.1024     2.1794     1.6504          0     56.750  34.392624   995.6681      1.127     -0.009  0.000e+00
      1.122    30.2079   0.023136     0.1024     2.1680     1.6565          0     57.000  34.392627   995.6679      1.116     -0.009  0.000e+00
      1.111    30.2081   0.023127     0.1024     2.1694     1.6596          0     57.250  34.392630   995.6678      1.105     -0.010  0.000e+00
      1.133    30.2079   0.023127     0.1024     2.1687     1.6413          0     57.500  34.392633   995.6680      1.127     -0.007  0.000e+00
      1.133    30.2080   0.023115     0.1023     2.1722     1.6344          0     57.750  34.392636   995.6679      1.127     -0.004  0.000e+00
      1.100    30.2084   0.023118     0.1023     2.1689     1.6375          0     58.000  34.392639   995.6676      1.094     -0.010  0.000e+00
      1.133    30.2090   0.023115     0.1023     2.1536     1.6321          0     58.250  34.392642   995.6676      1.127      0.002  0.000e+00
      1.111    30.2094   0.023106     0.1023     2.1599     1.6535          0     58.500  34.392645   995.6673      1.105     -0.004  0.000e+00
      1.100    30.2091   0.023115     0.1023     2.1596     1.6436          0     58.750  34.392648   995.6674      1.094     -0.010  0.000e+00
      1.111    30.2086   0.023109     0.1023     2.1656     1.6413          0     59.000  34.392650   995.6676      1.105     -0.008  0.000e+00
      1.100    30.2072   0.023109     0.1023     2.1622     1.6443          0     59.250  34.392653   995.6679      1.094     -0.011  0.000e+00
      1.100    30.2050   0.023109     0.1023     2.1624     1.6596          0     59.500  34.392656   995.6686      1.094     -0.016  0.000e+00
      1.100    30.2040   0.023106     0.1023     2.1672     1.6588          0     59.750  34.392659   995.6689      1.094     -0.013  0.000e+00
      1.100    30.2054   0.023106     0.1023     2.1737     1.6588          0     60.000  34.392662   995.6685      1.094     -0.008  0.000e+00
      1.079    30.2050   0.023097     0.1022     2.1794     1.6558          0     60.250  34.392665   995.6685      1.073     -0.017  0.000e+00
      1.100    30.2047   0.023100     0.1023     2.1785     1.6573          0     60.500  34.392668   995.6687      1.094     -0.009  0.000e+00
      1.100    30.2072   0.023094     0.1022     2.1777     1.6672          0     60.750  34.392671   995.6679      1.094     -0.005  0.000e+00
      1.100    30.2084   0.023106     0.1023     2.1746     1.6642          0     61.000  34.392674   995.6676      1.094     -0.004  0.000e+00
      1.100    30.2089   0.023085     0.1022     2.1816     1.6573          0     61.250  34.392677   995.6674      1.094      0.000  0.000e+00
      1.111    30.2077   0.023094     0.1022     2.1649     1.6573          0     61.500  34.392679   995.6678      1.105      0.004  0.000e+00
      1.111    30.2074   0.023088     0.1022     2.1612     1.6329          0     61.750  34.392682   995.6679      1.105      0.008  0.000e+00
      1.111    30.2088   0.023088     0.1022     2.1482     1.6291          0     62.000  34.392685   995.6674      1.105      0.011  0.000e+00
      1.111    30.2111   0.023079     0.1022     2.1476     1.6359          0     62.250  34.392688   995.6667      1.105      0.013  0.000e+00
      1.133    30.2125   0.023082     0.1022     2.1394     1.6428          0     62.500  34.392691   995.6664      1.127      0.013  0.000e+00
      1.111    30.2136   0.023076     0.1021     2.1349     1.6321          0     62.750  34.392694   995.6659      1.105      0.011  0.000e+00
      1.111    30.2145   0.023082     0.1022     2.1360     1.6344          0     63.000  34.392697   995.6657      1.105      0.008  0.000e+00
      1.111    30.2146   0.023082     0.1022     2.1308     1.6375          0     63.250  34.392700   995.6656      1.105      0.004  0.000e+00
      1.122    30.2149   0.023079     0.1022     2.1312     1.6329          0     63.500  34.392703   995.6656      1.116      0.003  0.000e+00
      1.133    30.2156   0.023082     0.1022     2.1275     1.6504          0     63.750  34.392705   995.6654      1.127      0.006  0.000e+00
      1.133    30.2168   0.023082     0.1022     2.1221     1.6542          0     64.000  34.392708   995.6651      1.127      0.009  0.000e+00
      1.111    30.2183   0.023076     0.1021     2.1234     1.6512          0     64.250  34.392711   995.6645      1.105      0.004  0.000e+00
      1.122    30.2194   0.023079     0.1021     2.1356     1.6428          0     64.500  34.392714   995.6642      1.116      0.001  0.000e+00
      1.122    30.2204   0.023073     0.1021     2.1448     1.6535          0     64.750  34.392717   995.6639      1.116      0.006  0.000e+00
      1.111    30.2213   0.023076     0.1021     2.1328     1.6558          0     65.000  34.392720   995.6636      1.105      0.001  0.000e+00
      1.144    30.2208   0.023073     0.1021     2.1376     1.6512          0     65.250  34.392723   995.6639      1.137      0.004  0.000e+00
      1.133    30.2205   0.023073     0.1021     2.1365     1.6558          0     65.500  34.392726   995.6639      1.127      0.003  0.000e+00
      1.144    30.2211   0.023073     0.1021     2.1441     1.6550          0     65.750  34.392729   995.6638      1.137      0.007  0.000e+00
      1.144    30.2222   0.023067     0.1021     2.1513     1.6573          0     66.000  34.392731   995.6634      1.137      0.012  0.000e+00
      1.155    30.2222   0.023073     0.1021     2.1628     1.6619          0     66.250  34.392734   995.6635      1.148      0.020  0.000e+00
      1.057    30.2190   0.023073     0.1021     2.1507     1.6558          0     66.500  34.392737   995.6640      1.051     -0.006  0.000e+00
      0.949    30.2148   0.023076     0.1021     2.1523     1.6565          0     66.750  34.392740   995.6649      0.944     -0.055  0.000e+00
      0.863    30.2127   0.023067     0.1021     2.1575     1.6611          0     67.000  34.392743   995.6651      0.858     -0.114  0.000e+00
      0.744    30.2111   0.023067     0.1021     2.2278     1.6672          0     67.250  34.392746   995.6650      0.740     -0.192  0.000e+00
      0.690    30.2100   0.023067     0.1021     2.2182     1.6550          0     67.500  34.392749   995.6651      0.686     -0.249  0.000e+00
      0.668    30.2088   0.023061     0.1021     2.2405     1.6550          0     67.750  34.392752   995.6654      0.665     -0.285  0.000e+00
      0.636    30.2058   0.023061     0.1021     2.1841     1.6481          0     68.000  34.392755   995.6662      0.632     -0.295  0.000e+00
      0.582    30.2006   0.023061     0.1021     2.2067     1.6481          0     68.250  34.392758   995.6675      0.579     -0.286  0.000e+00
      0.560    30.1972   0.023061     0.1021     2.1041     1.6375          0     68.500  34.392760   995.6684      0.557     -0.241  0.000e+00
      0.636    30.1941   0.023043     0.1020     2.0823     1.6443          0     68.750  34.392763   995.6697      0.632     -0.169  0.000e+00
      0.701    30.1928   0.023040     0.1020     2.1284     1.6466          0     69.000  34.392766   995.6703      0.697     -0.088  0.000e+00
      0.733    30.1929   0.023040     0.1020     2.1476     1.6489          0     69.250  34.392769   995.6705      0.729     -0.010  0.000e+00
      0.776    30.1938   0.023043     0.1020     2.1137     1.6436          0     69.500  34.392772   995.6704      0.772      0.048  0.000e+00
      0.863    30.1968   0.023049     0.1021     2.1487     1.6451          0     69.750  34.392775   995.6699      0.858      0.110  0.000e+00
      0.884    30.2057   0.023043     0.1020     2.1530     1.6466          0     70.000  34.392778   995.6672      0.880      0.158  0.000e+00
      0.928    30.2176   0.023043     0.1020     2.1424     1.6428          0     70.250  34.392781   995.6638      0.923      0.192  0.000e+00
      0.960    30.2270   0.023049     0.1020     2.1960     1.6558          0     70.500  34.392784   995.6611      0.955      0.198  0.000e+00
      0.992    30.2323   0.023049     0.1020     2.1865     1.6527          0     70.750  34.392786   995.6596      0.987      0.180  0.000e+00
      1.003    30.2338   0.023049     0.1020     2.1707     1.6527          0     71.000  34.392789   995.6592      0.998      0.161  0.000e+00
      1.047    30.2318   0.023055     0.1020     2.1743     1.6497          0     71.250  34.392792   995.6600      1.041      0.151  0.000e+00
      1.079    30.2308   0.023043     0.1020     2.1856     1.6344          0     71.500  34.392795   995.6605      1.073      0.138  0.000e+00
      1.111    30.2319   0.023049     0.1020     2.1943     1.6428          0     71.750  34.392798   995.6603      1.105      0.124  0.000e+00
      1.155    30.2344   0.023049     0.1020     2.2060     1.6413          0     72.000  34.392801   995.6597      1.148      0.128  0.000e+00
      1.144    30.2372   0.023049     0.1020     2.1791     1.6100          0     72.250  34.392804   995.6588      1.138      0.117  0.000e+00
      1.198    30.2367   0.023049     0.1020     2.1865     1.6291          0     72.500  34.392807   995.6592      1.191      0.118  0.000e+00
      1.209    30.2361   0.023049     0.1020     2.1696     1.6161          0     72.750  34.392810   995.6594      1.202      0.115  0.000e+00
      1.274    30.2372   0.023055     0.1020     2.1825     1.6275          0     73.000  34.392812   995.6594      1.267      0.123  0.000e+00
      1.360    30.2381   0.023043     0.1020     2.2162     1.6199          0     73.250  34.392815   995.6595      1.353      0.138  0.000e+00
      1.436    30.2374   0.023034     0.1019     2.1893     1.6306          0     73.500  34.392818   995.6600      1.428      0.165  0.000e+00
      1.457    30.2403   0.023034     0.1019     2.2159     1.6321          0     73.750  34.392821   995.6592      1.449      0.182  0.000e+00
      1.511    30.2445   0.023025     0.1019     2.2172     1.6291          0     74.000  34.392824   995.6581      1.503      0.200  0.000e+00
      1.555    30.2473   0.023022     0.1019     2.1811     1.6390          0     74.250  34.392827   995.6575      1.546      0.216  0.000e+00
      1.598    30.2485   0.023028     0.1019     2.1888     1.6428          0     74.500  34.392830   995.6573      1.589      0.214  0.000e+00
      1.641    30.2482   0.023017     0.1018     2.2054     1.6268          0     74.750  34.392833   995.6575      1.632      0.211  0.000e+00
      1.674    30.2476   0.023019     0.1018     2.2197     1.6275          0     75.000  34.392836   995.6579      1.664      0.191  0.000e+00
      1.695    30.2459   0.023008     0.1018     2.2082     1.6451          0     75.250  34.392839   995.6585      1.686      0.167  0.000e+00
      1.749    30.2444   0.023014     0.1018     2.2157     1.6474          0     75.500  34.392841   995.6592      1.740      0.159  0.000e+00
      1.825    30.2443   0.023008     0.1018     2.1976     1.6413          0     75.750  34.392844   995.6595      1.815      0.169  0.000e+00
      1.922    30.2449   0.022990     0.1017     2.1556     1.6367          0     76.000  34.392847   995.6597      1.912      0.187  0.000e+00
      2.020    30.2463   0.022999     0.1018     2.1736     1.6314          0     76.250  34.392850   995.6597      2.008      0.218  0.000e+00
      2.106    30.2473   0.022990     0.1017     2.1684     1.6642          0     76.500  34.392853   995.6598      2.094      0.253  0.000e+00
      2.171    30.2484   0.022990     0.1017     2.1994     1.6657          0     76.750  34.392856   995.6597      2.159      0.283  0.000e+00
      2.246    30.2521   0.022981     0.1017     2.2073     1.6703          0     77.000  34.392859   995.6589      2.234      0.308  0.000e+00
      2.365    30.2548   0.022975     0.1016     2.2854     1.6748          0     77.250  34.392862   995.6586      2.352      0.337  0.000e+00
      2.495    30.2565   0.022963     0.1016     2.2180     1.6672          0     77.500  34.392865   995.6586      2.481      0.360  0.000e+00
      2.625    30.2590   0.022975     0.1016     2.1984     1.6832          0     77.750  34.392867   995.6585      2.610      0.383  0.000e+00
      2.647    30.2600   0.022981     0.1017     2.2210     1.6878          0     78.000  34.392870   995.6583      2.632      0.379  0.000e+00
      2.657    30.2590   0.022987     0.1017     2.2187     1.6878          0     78.250  34.392873   995.6587      2.643      0.355  0.000e+00
      2.668    30.2581   0.022984     0.1017     2.1910     1.6802          0     78.500  34.392876   995.6590      2.654      0.318  0.000e+00
      2.679    30.2577   0.022984     0.1017     2.1599     1.6947          0     78.750  34.392879   995.6592      2.664      0.269  0.000e+00
      2.647    30.2586   0.022975     0.1016     2.1352     1.6802          0     79.000  34.392882   995.6587      2.632      0.195  0.000e+00
      2.636    30.2607   0.022981     0.1017     2.1601     1.6848          0     79.250  34.392885   995.6580      2.621      0.111  0.000e+00
      2.625    30.2612   0.022981     0.1017     2.1985     1.6840          0     79.500  34.392888   995.6578      2.611      0.038  0.000e+00
      2.647    30.2617   0.022981     0.1017     2.1781     1.6504          0     79.750  34.392891   995.6578      2.632     -0.003  0.000e+00
      2.658    30.2619   0.022975     0.1016     2.1942     1.6588          0     80.000  34.392894   995.6577      2.643     -0.008  0.000e+00
      2.636    30.2625   0.022981     0.1017     2.2232     1.6596          0     80.250  34.392896   995.6575      2.621     -0.014  0.000e+00
      2.625    30.2628   0.022969     0.1016     2.2500     1.6550          0     80.500  34.392899   995.6573      2.611     -0.018  0.000e+00
      2.647    30.2636   0.022975     0.1016     2.2867     1.6726          0     80.750  34.392902   995.6572      2.632     -0.011  0.000e+00
      2.614    30.2640   0.022969     0.1016     2.2718     1.6741          0     81.000  34.392905   995.6569      2.600     -0.007  0.000e+00
      2.625    30.2642   0.022963     0.1016     2.2474     1.6718          0     81.250  34.392908   995.6569      2.611     -0.007  0.000e+00
      2.625    30.2646   0.022957     0.1016     2.2097     1.6604          0     81.500  34.392911   995.6567      2.611     -0.009  0.000e+00
      2.647    30.2650   0.022963     0.1016     2.2021     1.6710          0     81.750  34.392914   995.6567      2.632     -0.009  0.000e+00
      2.647    30.2652   0.022963     0.1016     2.1637     1.6810          0     82.000  34.392917   995.6567      2.632     -0.002  0.000e+00
      2.658    30.2654   0.022957     0.1016     2.0990     1.6947          0     82.250  34.392920   995.6566      2.643      0.011  0.000e+00
      2.658    30.2663   0.022951     0.1015     2.0747     1.6886          0     82.500  34.392922   995.6563      2.643      0.017  0.000e+00
      2.679    30.2681   0.022948     0.1015     2.0525     1.6848          0     82.750  34.392925   995.6559      2.665      0.023  0.000e+00
      2.679    30.2708   0.022957     0.1015     2.0666     1.6886          0     83.000  34.392928   995.6551      2.665      0.033  0.000e+00
