content/post/ctd_rufiji/SBE19plus_01906740_2018_02_13_0915.cnv
* Sea-Bird SBE19plus  Data File:
* FileName = C:\Users\all user\Desktop\CTD tafiri 2018\SBE19plus_01906740_2018_02_13_0915.hex
* Software version 2.6.3.104
* Temperature SN = 6740
* Conductivity SN = 6740
* System UpLoad Time = Feb 13 2018 14:03:02
* <ApplicationData>
* <Seaterm232>
# nquan = 13
# nvalues = 260                                   
# units = specified
# name 0 = prdM: Pressure, Strain Gauge [db]
# name 1 = tv290C: Temperature [ITS-90, deg C]
# name 2 = c0S/m: Conductivity [S/m]
# name 3 = sal00: Salinity, Practical [PSU]
# name 4 = sbeox0ML/L: Oxygen, SBE 43 [ml/l]
# name 5 = flECO-AFL: Fluorescence, WET Labs ECO-AFL/FL [mg/m^3]
# name 6 = nbf: Bottles Fired
# name 7 = timeS: Time, Elapsed [seconds]
# name 8 = timeJ: Julian Days
# name 9 = density00: Density [density, kg/m^3]
# name 10 = depSM: Depth [salt water, m], lat = 0.00
# name 11 = dz/dtM: Descent Rate [m/s]
# name 12 = flag:  0.000e+00
# span 0 =      0.138,      2.733                 
# span 1 =    28.9051,    30.8641                 
# span 2 =   0.000732,   0.012142                 
# span 3 =     0.0144,     0.0569                 
# span 4 =     1.5752,     7.7762                 
# span 5 =    -0.0860,     1.5657                 
# span 6 =          0,          0                 
# span 7 =      0.000,     64.750                 
# span 8 =  34.292894,  34.293643                 
# span 9 =   995.4317,   996.0068                 
# span 10 =      0.137,      2.718                
# span 11 =     -0.422,      0.345                
# span 12 = 0.0000e+00, 0.0000e+00                
# interval = seconds: 0.25
# start_time = Feb 03 2018 07:01:46 [Instrument's time stamp, header]
# bad_flag = -9.990e-29
*END*
      0.270    28.9051   0.008109     0.0415     3.8724    -0.0769          0      0.000  34.292894   996.0068      0.268 -1.053e-16  0.000e+00
      0.302    29.4373   0.011975     0.0569     3.8320    -0.0860          0      0.250  34.292896   995.8616      0.300      0.009  0.000e+00
      0.324    29.7674   0.009687     0.0474     3.7982    -0.0754          0      0.500  34.292899   995.7561      0.322      0.021  0.000e+00
      0.356    29.9475   0.006306     0.0341     6.8369    -0.0769          0      0.750  34.292902   995.6920      0.354      0.038  0.000e+00
      0.388    29.9990   0.009830     0.0479     6.1776    -0.0471          0      1.000  34.292905   995.6870      0.386      0.058  0.000e+00
      0.464    29.9780   0.011910     0.0562     7.7762    -0.0471          0      1.250  34.292908   995.7000      0.461      0.091  0.000e+00
      0.496    30.0230   0.011955     0.0564     4.3015    -0.0517          0      1.500  34.292911   995.6866      0.494      0.119  0.000e+00
      0.529    30.1515   0.012050     0.0567     3.7756    -0.0487          0      1.750  34.292914   995.6481      0.526      0.140  0.000e+00
      0.540    30.3422   0.012103     0.0567     3.2435     0.5701          0      2.000  34.292917   995.5902      0.537      0.148  0.000e+00
      0.561    30.5274   0.012109     0.0566     2.7669     0.5724          0      2.250  34.292920   995.5335      0.558      0.143  0.000e+00
      0.604    30.6565   0.012097     0.0565     2.3502     0.5709          0      2.500  34.292922   995.4940      0.601      0.140  0.000e+00
      0.669    30.7356   0.012103     0.0565     1.9619     0.5625          0      2.750  34.292925   995.4699      0.666      0.143  0.000e+00
      0.723    30.7838   0.012118     0.0565     2.4742     1.4940          0      3.000  34.292928   995.4552      0.719      0.147  0.000e+00
      0.788    30.8140   0.012127     0.0565     2.8471     1.4856          0      3.250  34.292931   995.4462      0.784      0.155  0.000e+00
      0.853    30.8342   0.012127     0.0565     3.6821     1.4902          0      3.500  34.292934   995.4402      0.848      0.179  0.000e+00
      0.950    30.8479   0.012142     0.0565     3.6927     1.4872          0      3.750  34.292937   995.4365      0.945      0.213  0.000e+00
      0.994    30.8575   0.012130     0.0565     3.6505     1.4856          0      4.000  34.292940   995.4337      0.988      0.240  0.000e+00
      1.015    30.8638   0.012115     0.0564     3.5768     1.5291          0      4.250  34.292943   995.4318      1.010      0.245  0.000e+00
      1.037    30.8641   0.012103     0.0564     3.4693     1.5276          0      4.500  34.292946   995.4317      1.031      0.231  0.000e+00
      1.048    30.8596   0.012103     0.0564     3.3537     1.5276          0      4.750  34.292948   995.4332      1.042      0.203  0.000e+00
      1.091    30.8555   0.012109     0.0564     3.2403     1.5230          0      5.000  34.292951   995.4347      1.085      0.179  0.000e+00
      1.145    30.8534   0.012068     0.0562     3.1317     1.4559          0      5.250  34.292954   995.4354      1.139      0.159  0.000e+00
      1.177    30.8508   0.012097     0.0563     3.0914     1.4582          0      5.500  34.292957   995.4365      1.171      0.141  0.000e+00
      1.167    30.8475   0.012088     0.0563     4.1407     1.4544          0      5.750  34.292960   995.4374      1.160      0.115  0.000e+00
      1.188    30.8392   0.012035     0.0561     3.0131     1.4521          0      6.000  34.292963   995.4399      1.182      0.107  0.000e+00
      1.178    30.8363   0.012032     0.0561     3.3970     1.4185          0      6.250  34.292966   995.4407      1.171      0.095  0.000e+00
      1.178    30.8130   0.012017     0.0561     3.8182     1.4200          0      6.500  34.292969   995.4479      1.171      0.078  0.000e+00
      1.178    30.7546   0.012017     0.0561     4.5471     1.4154          0      6.750  34.292972   995.4660      1.171      0.057  0.000e+00
      1.188    30.6994   0.012017     0.0561     4.4546     1.4154          0      7.000  34.292975   995.4831      1.182      0.033  0.000e+00
      1.199    30.6507   0.012002     0.0561     3.1279     1.3880          0      7.250  34.292977   995.4981      1.193      0.017  0.000e+00
      1.188    30.6117   0.011996     0.0561     2.9595     1.3933          0      7.500  34.292980   995.5101      1.182      0.009  0.000e+00
      1.178    30.5776   0.011990     0.0561     2.9677     1.3971          0      7.750  34.292983   995.5205      1.171      0.007  0.000e+00
      1.178    30.5509   0.011990     0.0561     3.0304     1.3865          0      8.000  34.292986   995.5287      1.171      0.000  0.000e+00
      1.188    30.5197   0.012011     0.0562     2.8014     1.3903          0      8.250  34.292989   995.5384      1.182      0.003  0.000e+00
      1.210    30.4897   0.011990     0.0562     2.5979     1.4002          0      8.500  34.292992   995.5476      1.203      0.008  0.000e+00
      1.221    30.4622   0.011963     0.0561     2.5760     1.4040          0      8.750  34.292995   995.5560      1.214      0.014  0.000e+00
      1.221    30.4157   0.011960     0.0561     2.5003     1.4071          0      9.000  34.292998   995.5703      1.214      0.017  0.000e+00
      1.221    30.3764   0.011957     0.0561     2.9950     1.3971          0      9.250  34.293001   995.5823      1.214      0.020  0.000e+00
      1.232    30.3491   0.011957     0.0562     3.8484     1.3956          0      9.500  34.293003   995.5907      1.225      0.028  0.000e+00
      1.232    30.3277   0.011966     0.0562     5.7255     1.3796          0      9.750  34.293006   995.5973      1.225      0.030  0.000e+00
      1.243    30.2938   0.011981     0.0563     2.4349     1.3941          0     10.000  34.293009   995.6077      1.236      0.029  0.000e+00
      1.243    30.2491   0.011975     0.0563     2.1997     1.3865          0     10.250  34.293012   995.6213      1.236      0.023  0.000e+00
      1.232    30.2201   0.011954     0.0562     1.9680     1.3918          0     10.500  34.293015   995.6300      1.225      0.014  0.000e+00
      1.210    30.2024   0.011928     0.0561     1.7504     1.4017          0     10.750  34.293018   995.6352      1.203      0.003  0.000e+00
      1.210    30.1843   0.011904     0.0561     1.8925     1.3948          0     11.000  34.293021   995.6407      1.203     -0.004  0.000e+00
      1.210    30.1676   0.011904     0.0561     2.2870     1.4017          0     11.250  34.293024   995.6457      1.203     -0.011  0.000e+00
      1.232    30.1531   0.011898     0.0561     2.5252     1.4208          0     11.500  34.293027   995.6502      1.225     -0.011  0.000e+00
      1.242    30.1413   0.011889     0.0560     2.8985     1.4269          0     11.750  34.293030   995.6538      1.236     -0.005  0.000e+00
      1.242    30.1290   0.011889     0.0560     3.8297     1.4277          0     12.000  34.293032   995.6576      1.236     -0.000  0.000e+00
      1.232    30.1156   0.011886     0.0560     3.2949     1.4383          0     12.250  34.293035   995.6616      1.225      0.005  0.000e+00
      1.232    30.1055   0.011868     0.0560     2.8823     1.4238          0     12.500  34.293038   995.6646      1.225      0.011  0.000e+00
      1.232    30.1014   0.011868     0.0560     2.7938     1.4109          0     12.750  34.293041   995.6658      1.225      0.014  0.000e+00
      1.221    30.1016   0.011871     0.0560     2.9615     1.4162          0     13.000  34.293044   995.6657      1.214      0.006  0.000e+00
      1.232    30.1051   0.011862     0.0559     2.7310     1.4162          0     13.250  34.293047   995.6647      1.225      0.001  0.000e+00
      1.232    30.1059   0.011862     0.0559     3.9433     1.4154          0     13.500  34.293050   995.6645      1.225     -0.005  0.000e+00
      1.242    30.1056   0.011856     0.0559     1.5752     1.4124          0     13.750  34.293053   995.6646      1.235     -0.003  0.000e+00
      1.232    30.1121   0.011856     0.0559     1.7303     1.4215          0     14.000  34.293056   995.6626      1.225     -0.001  0.000e+00
      1.242    30.1238   0.011862     0.0559     1.7906     1.4193          0     14.250  34.293058   995.6591      1.235      0.005  0.000e+00
      1.242    30.1385   0.011862     0.0559     1.7668     1.4071          0     14.500  34.293061   995.6546      1.235      0.007  0.000e+00
      1.253    30.1567   0.011862     0.0559     1.6975     1.4055          0     14.750  34.293064   995.6491      1.246      0.011  0.000e+00
      1.242    30.1858   0.011862     0.0559     1.6894     1.4009          0     15.000  34.293067   995.6402      1.235      0.011  0.000e+00
      1.232    30.2215   0.011868     0.0559     1.8139     1.3926          0     15.250  34.293070   995.6293      1.225      0.004  0.000e+00
      1.210    30.2544   0.011862     0.0558     1.9482     1.4017          0     15.500  34.293073   995.6192      1.203     -0.006  0.000e+00
      1.232    30.2932   0.011862     0.0558     2.4493     1.4177          0     15.750  34.293076   995.6075      1.225     -0.009  0.000e+00
      1.232    30.3357   0.011868     0.0558     2.3536     1.4055          0     16.000  34.293079   995.5945      1.225     -0.008  0.000e+00
      1.232    30.3778   0.011877     0.0558     2.3099     1.4208          0     16.250  34.293082   995.5817      1.225     -0.010  0.000e+00
      1.231    30.4266   0.011883     0.0558     2.2727     1.4132          0     16.500  34.293084   995.5668      1.225     -0.009  0.000e+00
      1.253    30.4791   0.011892     0.0558     2.2285     1.4238          0     16.750  34.293087   995.5508      1.246     -0.001  0.000e+00
      1.221    30.5208   0.011895     0.0558     2.1836     1.4338          0     17.000  34.293090   995.5378      1.214      0.001  0.000e+00
      1.210    30.5563   0.011898     0.0558     2.2485     1.4292          0     17.250  34.293093   995.5269      1.203     -0.001  0.000e+00
      1.221    30.5848   0.011904     0.0558     2.1984     1.4269          0     17.500  34.293096   995.5182      1.214     -0.001  0.000e+00
      1.221    30.6094   0.011922     0.0558     2.1867     1.4338          0     17.750  34.293099   995.5107      1.214     -0.009  0.000e+00
      1.242    30.6266   0.011922     0.0558     2.1879     1.4154          0     18.000  34.293102   995.5055      1.235     -0.004  0.000e+00
      1.231    30.6396   0.011928     0.0558     2.2082     1.4086          0     18.250  34.293105   995.5015      1.225     -0.002  0.000e+00
      1.231    30.6520   0.011925     0.0558     2.2358     1.4078          0     18.500  34.293108   995.4976      1.225     -0.001  0.000e+00
      1.242    30.6619   0.011925     0.0558     2.2636     1.4208          0     18.750  34.293111   995.4946      1.235      0.004  0.000e+00
      1.242    30.6653   0.011916     0.0558     2.2874     1.4452          0     19.000  34.293113   995.4935      1.235      0.014  0.000e+00
      1.231    30.6609   0.011916     0.0558     2.3062     1.4399          0     19.250  34.293116   995.4948      1.225      0.012  0.000e+00
      1.253    30.6494   0.011910     0.0557     2.3474     1.4391          0     19.500  34.293119   995.4985      1.246      0.011  0.000e+00
      1.221    30.6364   0.011904     0.0557     2.3649     1.4383          0     19.750  34.293122   995.5023      1.214      0.003  0.000e+00
      1.242    30.6273   0.011910     0.0558     2.3787     1.4467          0     20.000  34.293125   995.5052      1.235     -0.000  0.000e+00
      1.210    30.6274   0.011904     0.0557     2.3828     1.4353          0     20.250  34.293128   995.5050      1.203     -0.006  0.000e+00
      1.242    30.6336   0.011895     0.0557     2.3861     1.4254          0     20.500  34.293131   995.5033      1.235     -0.004  0.000e+00
      1.242    30.6390   0.011889     0.0557     2.3917     1.4338          0     20.750  34.293134   995.5016      1.235     -0.004  0.000e+00
      1.242    30.6394   0.011886     0.0557     2.3866     1.4299          0     21.000  34.293137   995.5014      1.235      0.000  0.000e+00
      1.242    30.6334   0.011871     0.0556     2.3815     1.4109          0     21.250  34.293139   995.5033      1.235      0.004  0.000e+00
      1.253    30.6211   0.011862     0.0556     2.3687     1.4124          0     21.500  34.293142   995.5071      1.246      0.007  0.000e+00
      1.253    30.6056   0.011856     0.0556     2.3669     1.4109          0     21.750  34.293145   995.5118      1.246      0.015  0.000e+00
      1.242    30.5900   0.011844     0.0555     2.5017     1.4215          0     22.000  34.293148   995.5165      1.235      0.010  0.000e+00
      1.221    30.5771   0.011850     0.0556     2.4979     1.4124          0     22.250  34.293151   995.5204      1.214      0.005  0.000e+00
      1.231    30.5666   0.011838     0.0555     2.4882     1.4177          0     22.500  34.293154   995.5237      1.225     -0.006  0.000e+00
      1.221    30.5585   0.011838     0.0555     2.4727     1.4132          0     22.750  34.293157   995.5261      1.214     -0.012  0.000e+00
      1.242    30.5518   0.011835     0.0555     2.4470     1.4063          0     23.000  34.293160   995.5282      1.235     -0.009  0.000e+00
      1.242    30.5465   0.011835     0.0555     2.4129     1.4391          0     23.250  34.293163   995.5299      1.235     -0.007  0.000e+00
      1.253    30.5424   0.011832     0.0555     2.3796     1.4513          0     23.500  34.293166   995.5312      1.246     -0.002  0.000e+00
      1.264    30.5384   0.011824     0.0555     2.3461     1.4437          0     23.750  34.293168   995.5324      1.257      0.009  0.000e+00
      1.231    30.5335   0.011824     0.0555     2.3052     1.4521          0     24.000  34.293171   995.5338      1.225      0.010  0.000e+00
      1.264    30.5272   0.011821     0.0555     2.3022     1.4513          0     24.250  34.293174   995.5359      1.257      0.018  0.000e+00
      1.242    30.5191   0.011809     0.0554     2.3020     1.4154          0     24.500  34.293177   995.5382      1.235      0.011  0.000e+00
      1.231    30.5102   0.011812     0.0555     2.2970     1.4200          0     24.750  34.293180   995.5409      1.225      0.004  0.000e+00
      1.231    30.5013   0.011809     0.0554     2.2990     1.4231          0     25.000  34.293183   995.5436      1.225     -0.007  0.000e+00
      1.253    30.4930   0.011809     0.0555     2.2898     1.4124          0     25.250  34.293186   995.5463      1.246     -0.005  0.000e+00
      1.242    30.4861   0.011797     0.0554     2.2847     1.4284          0     25.500  34.293189   995.5483      1.235     -0.007  0.000e+00
      1.253    30.4804   0.011791     0.0554     2.2758     1.4353          0     25.750  34.293192   995.5501      1.246     -0.003  0.000e+00
      1.231    30.4749   0.011803     0.0554     2.2683     1.4376          0     26.000  34.293194   995.5517      1.224     -0.001  0.000e+00
      1.242    30.4695   0.011797     0.0554     2.2602     1.4391          0     26.250  34.293197   995.5534      1.235     -0.004  0.000e+00
      1.242    30.4635   0.011791     0.0554     2.2476     1.4292          0     26.500  34.293200   995.5552      1.235      0.002  0.000e+00
      1.242    30.4569   0.011791     0.0554     2.2402     1.4284          0     26.750  34.293203   995.5573      1.235      0.003  0.000e+00
      1.253    30.4498   0.011776     0.0554     2.2373     1.4284          0     27.000  34.293206   995.5594      1.246      0.003  0.000e+00
      1.231    30.4429   0.011785     0.0554     2.2329     1.4269          0     27.250  34.293209   995.5615      1.224     -0.004  0.000e+00
      1.231    30.4363   0.011776     0.0554     2.2313     1.4452          0     27.500  34.293212   995.5635      1.224     -0.004  0.000e+00
