content/post/ctd_rufiji/SBE19plus_01906740_2018_02_13_0910.cnv
* Sea-Bird SBE19plus  Data File:
* FileName = C:\Users\all user\Desktop\CTD tafiri 2018\SBE19plus_01906740_2018_02_13_0910.hex
* Software version 2.6.3.104
* Temperature SN = 6740
* Conductivity SN = 6740
* System UpLoad Time = Feb 13 2018 14:02:14
* <ApplicationData>
* <Seaterm232>
# nquan = 13
# nvalues = 331                                   
# units = specified
# name 0 = prdM: Pressure, Strain Gauge [db]
# name 1 = tv290C: Temperature [ITS-90, deg C]
# name 2 = c0S/m: Conductivity [S/m]
# name 3 = sal00: Salinity, Practical [PSU]
# name 4 = sbeox0ML/L: Oxygen, SBE 43 [ml/l]
# name 5 = flECO-AFL: Fluorescence, WET Labs ECO-AFL/FL [mg/m^3]
# name 6 = nbf: Bottles Fired
# name 7 = timeS: Time, Elapsed [seconds]
# name 8 = timeJ: Julian Days
# name 9 = density00: Density [density, kg/m^3]
# name 10 = depSM: Depth [salt water, m], lat = 0.00
# name 11 = dz/dtM: Descent Rate [m/s]
# name 12 = flag:  0.000e+00
# span 0 =      0.122,      2.846                 
# span 1 =    28.2157,    30.3061                 
# span 2 =   0.000542,   0.018532                 
# span 3 =     0.0137,     0.0835                 
# span 4 =     0.6727,     6.9000                 
# span 5 =    -0.1097,     2.1357                 
# span 6 =          0,          0                 
# span 7 =      0.000,     82.500                 
# span 8 =  34.275243,  34.276198                 
# span 9 =   995.6228,   996.1855                 
# span 10 =      0.121,      2.831                
# span 11 =     -0.521,      0.243                
# span 12 = 0.0000e+00, 0.0000e+00                
# interval = seconds: 0.25
# start_time = Feb 03 2018 06:36:21 [Instrument's time stamp, header]
# bad_flag = -9.990e-29
*END*
[from data line 112]
      1.041    30.2725   0.018368     0.0824     2.2418     1.5963          0     28.000  34.275567   995.6329      1.035      0.004  0.000e+00
      1.051    30.2702   0.018365     0.0824     2.2008     1.5955          0     28.250  34.275570   995.6336      1.046      0.006  0.000e+00
      1.041    30.2684   0.018365     0.0824     2.1820     1.5955          0     28.500  34.275573   995.6341      1.035     -0.002  0.000e+00
      1.051    30.2664   0.018353     0.0823     2.1693     1.6092          0     28.750  34.275576   995.6347      1.046     -0.002  0.000e+00
      1.051    30.2647   0.018341     0.0823     2.1616     1.6161          0     29.000  34.275579   995.6352      1.046      0.004  0.000e+00
      1.052    30.2623   0.018341     0.0823     2.1862     1.6085          0     29.250  34.275582   995.6360      1.046      0.004  0.000e+00
      1.052    30.2591   0.018332     0.0823     2.1812     1.6031          0     29.500  34.275584   995.6369      1.046      0.004  0.000e+00
      1.041    30.2560   0.018332     0.0823     2.1825     1.5757          0     29.750  34.275587   995.6378      1.035      0.003  0.000e+00
      1.041    30.2531   0.018329     0.0823     2.1865     1.5825          0     30.000  34.275590   995.6387      1.035     -0.001  0.000e+00
      1.041    30.2503   0.018326     0.0823     2.1840     1.5841          0     30.250  34.275593   995.6395      1.035     -0.004  0.000e+00
      1.041    30.2474   0.018320     0.0822     2.1779     1.5825          0     30.500  34.275596   995.6404      1.035     -0.004  0.000e+00
      1.030    30.2445   0.018320     0.0822     2.1724     1.5978          0     30.750  34.275599   995.6413      1.024     -0.010  0.000e+00
      1.019    30.2414   0.018323     0.0822     2.1664     1.6016          0     31.000  34.275602   995.6421      1.014     -0.014  0.000e+00
      1.030    30.2386   0.018326     0.0823     2.1551     1.5902          0     31.250  34.275605   995.6431      1.024     -0.014  0.000e+00
      1.008    30.2360   0.018308     0.0822     3.5749     1.6008          0     31.500  34.275608   995.6437      1.003     -0.017  0.000e+00
      0.998    30.2334   0.018299     0.0822     4.2501     1.6130          0     31.750  34.275611   995.6444      0.992     -0.021  0.000e+00
      1.030    30.2303   0.018305     0.0822     3.5835     1.6138          0     32.000  34.275613   995.6455      1.024     -0.016  0.000e+00
      1.030    30.2272   0.018308     0.0822     2.8941     1.6192          0     32.250  34.275616   995.6465      1.024     -0.010  0.000e+00
      1.019    30.2242   0.018308     0.0822     2.7947     1.6153          0     32.500  34.275619   995.6474      1.014     -0.006  0.000e+00
      1.030    30.2214   0.018305     0.0822     2.9127     1.6245          0     32.750  34.275622   995.6482      1.024      0.001  0.000e+00
      1.030    30.2197   0.018305     0.0822     2.3065     1.6062          0     33.000  34.275625   995.6488      1.024      0.006  0.000e+00
      0.997    30.2174   0.018293     0.0822     1.9361     1.6069          0     33.250  34.275628   995.6493      0.992     -0.001  0.000e+00
      1.019    30.2142   0.018275     0.0821     1.5531     1.6024          0     33.500  34.275631   995.6503      1.014      0.003  0.000e+00
      1.041    30.2116   0.018287     0.0821     1.8356     1.6001          0     33.750  34.275634   995.6512      1.035      0.006  0.000e+00
      1.030    30.2089   0.018281     0.0821     1.9735     1.5978          0     34.000  34.275637   995.6520      1.024     -0.000  0.000e+00
      1.030    30.2064   0.018299     0.0822     2.2291     1.5993          0     34.250  34.275639   995.6528      1.024      0.003  0.000e+00
      1.030    30.2053   0.018299     0.0822     2.7322     1.5932          0     34.500  34.275642   995.6531      1.024      0.006  0.000e+00
      1.019    30.2051   0.018293     0.0822     2.7709     1.6031          0     34.750  34.275645   995.6531      1.013      0.002  0.000e+00
      1.019    30.2041   0.018293     0.0822     3.3066     1.6100          0     35.000  34.275648   995.6534      1.013      0.002  0.000e+00
      1.019    30.2017   0.018275     0.0821     3.4961     1.6115          0     35.250  34.275651   995.6541      1.013      0.003  0.000e+00
      1.051    30.1979   0.018281     0.0821     2.9492     1.6047          0     35.500  34.275654   995.6554      1.045      0.002  0.000e+00
      1.040    30.1942   0.018275     0.0821     3.3884     1.6016          0     35.750  34.275657   995.6565      1.035      0.002  0.000e+00
      1.030    30.1904   0.018266     0.0821     3.4145     1.6298          0     36.000  34.275660   995.6576      1.024      0.005  0.000e+00
      1.030    30.1866   0.018272     0.0821     2.6484     1.6336          0     36.250  34.275663   995.6587      1.024      0.005  0.000e+00
      1.029    30.1831   0.018272     0.0821     0.9030     1.6336          0     36.500  34.275666   995.6598      1.024      0.005  0.000e+00
      1.040    30.1794   0.018275     0.0821     0.7927     1.6390          0     36.750  34.275668   995.6610      1.035      0.008  0.000e+00
      1.040    30.1760   0.018272     0.0821     0.6727     1.6291          0     37.000  34.275671   995.6620      1.035      0.006  0.000e+00
      1.040    30.1726   0.018272     0.0821     0.7221     1.6130          0     37.250  34.275674   995.6630      1.035      0.004  0.000e+00
      1.040    30.1695   0.018272     0.0821     0.8868     1.6138          0     37.500  34.275677   995.6640      1.035     -0.001  0.000e+00
      1.030    30.1666   0.018269     0.0821     0.9870     1.6031          0     37.750  34.275680   995.6648      1.024      0.001  0.000e+00
      1.030    30.1640   0.018266     0.0821     1.3059     1.6092          0     38.000  34.275683   995.6656      1.024      0.001  0.000e+00
      1.019    30.1613   0.018266     0.0821     1.7093     1.6062          0     38.250  34.275686   995.6664      1.013     -0.004  0.000e+00
      1.040    30.1583   0.018266     0.0821     2.0270     1.6077          0     38.500  34.275689   995.6674      1.035     -0.004  0.000e+00
      1.008    30.1555   0.018275     0.0822     1.9696     1.6031          0     38.750  34.275692   995.6681      1.002     -0.012  0.000e+00
      1.019    30.1534   0.018260     0.0821     1.9410     1.6130          0     39.000  34.275694   995.6688      1.013     -0.013  0.000e+00
      0.997    30.1514   0.018260     0.0821     1.9077     1.6512          0     39.250  34.275697   995.6693      0.992     -0.018  0.000e+00
      0.943    30.1500   0.018257     0.0821     1.8801     1.6375          0     39.500  34.275700   995.6695      0.938     -0.034  0.000e+00
      0.911    30.1489   0.018260     0.0821     1.8616     1.6382          0     39.750  34.275703   995.6697      0.906     -0.053  0.000e+00
      0.868    30.1480   0.018299     0.0823     1.8454     1.6504          0     40.000  34.275706   995.6699      0.863     -0.078  0.000e+00
      0.835    30.1517   0.018314     0.0823     1.8426     1.6100          0     40.250  34.275709   995.6686      0.831     -0.101  0.000e+00
      0.814    30.1571   0.018323     0.0824     1.8448     1.6069          0     40.500  34.275712   995.6669      0.809     -0.121  0.000e+00
      0.803    30.1613   0.018314     0.0823     1.8466     1.6085          0     40.750  34.275715   995.6656      0.798     -0.122  0.000e+00
      0.846    30.1659   0.018281     0.0822     1.8621     1.6069          0     41.000  34.275718   995.6643      0.841     -0.107  0.000e+00
      0.922    30.1667   0.018275     0.0821     1.8758     1.6115          0     41.250  34.275720   995.6643      0.917     -0.058  0.000e+00
      0.965    30.1640   0.018275     0.0822     1.9004     1.6314          0     41.500  34.275723   995.6654      0.960      0.003  0.000e+00
      1.030    30.1610   0.018281     0.0822     1.9063     1.6275          0     41.750  34.275726   995.6666      1.024      0.065  0.000e+00
      1.041    30.1586   0.018287     0.0822     1.9098     1.6359          0     42.000  34.275729   995.6674      1.035      0.113  0.000e+00
      1.095    30.1559   0.018293     0.0822     1.9161     1.6359          0     42.250  34.275732   995.6684      1.089      0.153  0.000e+00
      1.095    30.1521   0.018287     0.0822     1.9366     1.6886          0     42.500  34.275735   995.6696      1.089      0.167  0.000e+00
      1.149    30.1481   0.018275     0.0822     1.9317     1.6970          0     42.750  34.275738   995.6710      1.143      0.170  0.000e+00
      1.170    30.1427   0.018275     0.0822     1.9299     1.7000          0     43.000  34.275741   995.6727      1.164      0.154  0.000e+00
      1.192    30.1379   0.018299     0.0823     1.9281     1.6932          0     43.250  34.275744   995.6744      1.186      0.133  0.000e+00
      1.235    30.1350   0.018305     0.0823     1.9267     1.6840          0     43.500  34.275747   995.6755      1.229      0.125  0.000e+00
      1.268    30.1352   0.018308     0.0823     1.9254     1.6832          0     43.750  34.275749   995.6756      1.261      0.120  0.000e+00
      1.268    30.1357   0.018299     0.0823     5.5658     1.6817          0     44.000  34.275752   995.6754      1.261      0.117  0.000e+00
      1.289    30.1329   0.018281     0.0822     4.5624     1.6832          0     44.250  34.275755   995.6763      1.282      0.107  0.000e+00
      1.322    30.1281   0.018281     0.0822     5.6942     1.6810          0     44.500  34.275758   995.6779      1.315      0.107  0.000e+00
      1.365    30.1246   0.018287     0.0823     2.5012     1.6375          0     44.750  34.275761   995.6792      1.358      0.103  0.000e+00
      1.430    30.1229   0.018293     0.0823     2.1914     1.6306          0     45.000  34.275764   995.6800      1.422      0.117  0.000e+00
      1.484    30.1213   0.018299     0.0823     1.7725     1.6306          0     45.250  34.275767   995.6807      1.476      0.133  0.000e+00
      1.527    30.1238   0.018311     0.0824     1.3359     1.6253          0     45.500  34.275770   995.6802      1.519      0.148  0.000e+00
      1.560    30.1309   0.018326     0.0824     1.1131     1.6306          0     45.750  34.275773   995.6782      1.551      0.163  0.000e+00
      1.592    30.1476   0.018341     0.0824     0.6763     1.6184          0     46.000  34.275775   995.6733      1.583      0.176  0.000e+00
      1.603    30.1657   0.018347     0.0824     2.0193     1.6298          0     46.250  34.275778   995.6679      1.594      0.170  0.000e+00
      1.657    30.1831   0.018353     0.0824     1.9235     1.6169          0     46.500  34.275781   995.6629      1.648      0.163  0.000e+00
      1.743    30.1979   0.018359     0.0825     2.4143     1.6558          0     46.750  34.275784   995.6587      1.734      0.166  0.000e+00
      1.797    30.2093   0.018374     0.0825     2.7538     1.6642          0     47.000  34.275787   995.6556      1.788      0.170  0.000e+00
      1.884    30.2234   0.018386     0.0825     1.9433     1.6581          0     47.250  34.275790   995.6517      1.874      0.190  0.000e+00
      1.927    30.2383   0.018401     0.0826     1.8167     1.6558          0     47.500  34.275793   995.6474      1.917      0.208  0.000e+00
      1.960    30.2507   0.018413     0.0826     1.7092     1.6504          0     47.750  34.275796   995.6438      1.949      0.221  0.000e+00
      1.992    30.2600   0.018425     0.0826     1.9655     1.6642          0     48.000  34.275799   995.6411      1.981      0.223  0.000e+00
      2.003    30.2674   0.018422     0.0826     2.2214     1.6642          0     48.250  34.275802   995.6389      1.992      0.211  0.000e+00
      2.025    30.2708   0.018431     0.0827     1.9279     1.6565          0     48.500  34.275804   995.6380      2.013      0.181  0.000e+00
      2.079    30.2708   0.018425     0.0826     1.9935     1.6535          0     48.750  34.275807   995.6382      2.067      0.155  0.000e+00
      2.165    30.2722   0.018419     0.0826     1.9508     1.6443          0     49.000  34.275810   995.6381      2.153      0.153  0.000e+00
      2.219    30.2752   0.018422     0.0826     2.1317     1.6527          0     49.250  34.275813   995.6375      2.207      0.155  0.000e+00
      2.273    30.2791   0.018419     0.0826     2.3455     1.6489          0     49.500  34.275816   995.6365      2.261      0.172  0.000e+00
      2.317    30.2829   0.018425     0.0826     2.2768     1.6436          0     49.750  34.275819   995.6356      2.304      0.190  0.000e+00
      2.338    30.2852   0.018419     0.0826     1.9744     1.6489          0     50.000  34.275822   995.6349      2.325      0.198  0.000e+00
      2.327    30.2866   0.018416     0.0826     1.9615     1.6398          0     50.250  34.275825   995.6345      2.315      0.188  0.000e+00
      2.349    30.2872   0.018401     0.0825     2.0762     1.6451          0     50.500  34.275828   995.6343      2.336      0.166  0.000e+00
      2.414    30.2850   0.018386     0.0825     2.0453     1.6420          0     50.750  34.275830   995.6352      2.400      0.145  0.000e+00
      2.468    30.2799   0.018374     0.0824     2.5307     1.6161          0     51.000  34.275833   995.6370      2.454      0.130  0.000e+00
      2.511    30.2758   0.018368     0.0824     2.4839     1.6138          0     51.250  34.275836   995.6384      2.497      0.130  0.000e+00
      2.576    30.2738   0.018368     0.0824     2.3855     1.6169          0     51.500  34.275839   995.6393      2.562      0.143  0.000e+00
      2.576    30.2725   0.018347     0.0823     2.4346     1.6314          0     51.750  34.275842   995.6397      2.562      0.149  0.000e+00
      2.641    30.2732   0.018347     0.0823     2.3737     1.7740          0     52.000  34.275845   995.6397      2.626      0.167  0.000e+00
      2.651    30.2740   0.018341     0.0823     2.0527     1.7702          0     52.250  34.275848   995.6395      2.637      0.174  0.000e+00
      2.651    30.2724   0.018326     0.0822     2.0359     1.7656          0     52.500  34.275851   995.6400      2.637      0.156  0.000e+00
      2.695    30.2608   0.018320     0.0822     2.1540     1.7748          0     52.750  34.275854   995.6437      2.680      0.135  0.000e+00
      2.738    30.2319   0.018311     0.0822     1.5343     1.7687          0     53.000  34.275856   995.6527      2.723      0.124  0.000e+00
      2.738    30.2002   0.018314     0.0823     1.5232     1.6657          0     53.250  34.275859   995.6623      2.723      0.110  0.000e+00
      2.727    30.1800   0.018293     0.0822     1.5489     1.6695          0     53.500  34.275862   995.6684      2.712      0.089  0.000e+00
      2.749    30.1581   0.018281     0.0822     1.5823     1.6680          0     53.750  34.275865   995.6751      2.734      0.081  0.000e+00
      2.749    30.1280   0.018275     0.0822     1.6572     1.6687          0     54.000  34.275868   995.6842      2.734      0.061  0.000e+00
      2.738    30.0759   0.018275     0.0823     1.7363     1.6558          0     54.250  34.275871   995.7000      2.723      0.049  0.000e+00
      2.738    30.0270   0.018299     0.0824     1.7696     1.6588          0     54.500  34.275874   995.7150      2.723      0.034  0.000e+00
      2.738    30.0000   0.018308     0.0825     1.8379     1.6634          0     54.750  34.275877   995.7232      2.723      0.013  0.000e+00
      2.727    29.9919   0.018311     0.0825     1.9750     1.6558          0     55.000  34.275880   995.7256      2.712     -0.002  0.000e+00
      2.738    29.9918   0.018314     0.0825     1.9845     1.6344          0     55.250  34.275883   995.7257      2.723     -0.002  0.000e+00
