content/post/ctd_rufiji/SBE19plus_01906740_2018_02_13_0895.cnv
* Sea-Bird SBE19plus  Data File:
* FileName = C:\Users\all user\Desktop\CTD tafiri 2018\SBE19plus_01906740_2018_02_13_0895.hex
* Software version 2.6.3.104
* Temperature SN = 6740
* Conductivity SN = 6740
* System UpLoad Time = Feb 13 2018 13:59:38
* <ApplicationData>
* <Seaterm232>
# nquan = 13
# nvalues = 528                                   
# units = specified
# name 0 = prdM: Pressure, Strain Gauge [db]
# name 1 = tv290C: Temperature [ITS-90, deg C]
# name 2 = c0S/m: Conductivity [S/m]
# name 3 = sal00: Salinity, Practical [PSU]
# name 4 = sbeox0ML/L: Oxygen, SBE 43 [ml/l]
# name 5 = flECO-AFL: Fluorescence, WET Labs ECO-AFL/FL [mg/m^3]
# name 6 = nbf: Bottles Fired
# name 7 = timeS: Time, Elapsed [seconds]
# name 8 = timeJ: Julian Days
# name 9 = density00: Density [density, kg/m^3]
# name 10 = depSM: Depth [salt water, m], lat = 0.00
# name 11 = dz/dtM: Descent Rate [m/s]
# name 12 = flag:  0.000e+00
# span 0 =      0.073,      6.408                 
# span 1 =    29.8510,    31.0886                 
# span 2 =   0.003019,   2.527503                 
# span 3 =     0.0219,    13.5960                 
# span 4 =     1.2912,     4.3857                 
# span 5 =    -0.4401,     1.8602                 
# span 6 =          0,          0                 
# span 7 =      0.000,    131.750                 
# span 8 =  33.766065,  33.767590                 
# span 9 =   995.7123,  1005.4935                 
# span 10 =      0.072,      6.373                
# span 11 =     -0.663,      0.270                
# span 12 = 0.0000e+00, 0.0000e+00                
# interval = seconds: 0.25
# start_time = Feb 02 2018 18:23:08 [Instrument's time stamp, header]
# bad_flag = -9.990e-29
*END*
[from data line 223]
      2.506    30.6353   1.795394     9.4148     1.5033     1.1103          0     55.750  33.766710  1002.4691      2.492      0.126  0.000e+00
      2.538    30.6951   1.804947     9.4579     1.4650     1.1095          0     56.000  33.766713  1002.4822      2.524      0.123  0.000e+00
      2.538    30.7434   1.839956     9.6480     1.6247     1.1194          0     56.250  33.766716  1002.6078      2.524      0.124  0.000e+00
      2.581    30.7855   1.863139     9.7719     1.5896     1.1202          0     56.500  33.766719  1002.6864      2.567      0.128  0.000e+00
      2.592    30.8193   1.895869     9.9519     1.5512     1.1209          0     56.750  33.766722  1002.8092      2.578      0.129  0.000e+00
      2.603    30.8471   1.937486    10.1840     1.5070     1.1248          0     57.000  33.766725  1002.9725      2.589      0.113  0.000e+00
      2.625    30.8683   1.964831    10.3361     1.5173     1.1187          0     57.250  33.766727  1003.0786      2.610      0.093  0.000e+00
      2.614    30.8823   1.982602    10.4349     1.6180     1.1301          0     57.500  33.766730  1003.1474      2.599      0.071  0.000e+00
      2.646    30.8932   1.991774    10.4852     1.7103     1.1263          0     57.750  33.766733  1003.1813      2.632      0.066  0.000e+00
      2.636    30.9017   2.003305    10.5495     1.7343     1.1324          0     58.000  33.766736  1003.2262      2.621      0.054  0.000e+00
      2.668    30.9077   2.009778    10.5853     1.7490     1.1362          0     58.250  33.766739  1003.2510      2.653      0.053  0.000e+00
      2.711    30.9131   2.023849    10.6648     1.7681     1.1148          0     58.500  33.766742  1003.3084      2.696      0.056  0.000e+00
      2.754    30.9184   2.054104    10.8374     1.7802     1.1278          0     58.750  33.766745  1003.4349      2.739      0.072  0.000e+00
      2.765    30.9242   2.082036    10.9967     1.7987     1.1133          0     59.000  33.766748  1003.5513      2.750      0.084  0.000e+00
      2.787    30.9294   2.111218    11.1636     1.8069     1.1209          0     59.250  33.766751  1003.6734      2.771      0.093  0.000e+00
      2.830    30.9339   2.157653    11.4304     1.8241     1.1209          0     59.500  33.766753  1003.8700      2.814      0.109  0.000e+00
      2.906    30.9375   2.206702    11.7132     1.8323     1.1164          0     59.750  33.766756  1004.0790      2.890      0.127  0.000e+00
      2.949    30.9400   2.241220    11.9126     1.8420     1.1141          0     60.000  33.766759  1004.2262      2.932      0.149  0.000e+00
      2.970    30.9399   2.265350    12.0526     1.8483     1.1209          0     60.250  33.766762  1004.3302      2.954      0.153  0.000e+00
      2.992    30.9385   2.281865    12.1489     1.8536     1.0996          0     60.500  33.766765  1004.4021      2.975      0.150  0.000e+00
      2.992    30.9370   2.289298    12.1924     1.8646     1.0912          0     60.750  33.766768  1004.4349      2.975      0.141  0.000e+00
      2.992    30.9366   2.374039    12.6862     1.8687     1.0988          0     61.000  33.766771  1004.8013      2.975      0.127  0.000e+00
      3.024    30.9367   2.435916    13.0479     1.8677     1.0981          0     61.250  33.766774  1005.0697      3.007      0.110  0.000e+00
      3.089    30.9384   2.457511    13.1740     1.8736     1.0958          0     61.500  33.766777  1005.1629      3.072      0.100  0.000e+00
      3.154    30.9409   2.464386    13.2136     1.8954     1.0950          0     61.750  33.766780  1005.1918      3.136      0.101  0.000e+00
      3.240    30.9434   2.470190    13.2470     1.9281     1.0965          0     62.000  33.766782  1005.2161      3.222      0.130  0.000e+00
      3.294    30.9448   2.476519    13.2837     2.0680     1.0935          0     62.250  33.766785  1005.2432      3.276      0.164  0.000e+00
      3.338    30.9451   2.478035    13.2925     2.3981     1.0935          0     62.500  33.766788  1005.2498      3.319      0.195  0.000e+00
      3.435    30.9453   2.478435    13.2948     2.3569     1.1225          0     62.750  33.766791  1005.2518      3.416      0.234  0.000e+00
      3.511    30.9457   2.482147    13.3164     2.2279     1.1225          0     63.000  33.766794  1005.2681      3.492      0.263  0.000e+00
      3.554    30.9444   2.491086    13.3692     2.1675     1.1225          0     63.250  33.766797  1005.3078      3.535      0.270  0.000e+00
      3.587    30.9410   2.492348    13.3775     2.2476     1.1156          0     63.500  33.766800  1005.3153      3.567      0.258  0.000e+00
      3.651    30.9384   2.491509    13.3733     2.3985     1.1438          0     63.750  33.766803  1005.3132      3.631      0.248  0.000e+00
      3.706    30.9370   2.491810    13.3754     2.1747     1.1393          0     64.000  33.766806  1005.3155      3.685      0.237  0.000e+00
      3.706    30.9363   2.496874    13.4054     2.1314     1.1438          0     64.250  33.766808  1005.3380      3.685      0.217  0.000e+00
      3.738    30.9336   2.503074    13.4425     2.1139     1.1408          0     64.500  33.766811  1005.3665      3.718      0.193  0.000e+00
      3.814    30.9304   2.505129    13.4554     2.1732     1.1423          0     64.750  33.766814  1005.3775      3.793      0.175  0.000e+00
      3.890    30.9273   2.511286    13.4924     2.2149     1.1408          0     65.000  33.766817  1005.4063      3.868      0.177  0.000e+00
      3.933    30.9236   2.513212    13.5047     2.2220     1.1423          0     65.250  33.766820  1005.4168      3.911      0.185  0.000e+00
      3.944    30.9201   2.514411    13.5127     2.2098     1.1438          0     65.500  33.766823  1005.4239      3.922      0.183  0.000e+00
      3.965    30.9173   2.515677    13.5209     2.2237     1.1454          0     65.750  33.766826  1005.4310      3.943      0.172  0.000e+00
      4.019    30.9153   2.515440    13.5201     2.2762     1.1736          0     66.000  33.766829  1005.4313      3.997      0.171  0.000e+00
      4.095    30.9143   2.513228    13.5073     2.2802     1.1812          0     66.250  33.766832  1005.4224      4.072      0.184  0.000e+00
      4.160    30.9155   2.513206    13.5069     2.2817     1.1782          0     66.500  33.766834  1005.4220      4.137      0.188  0.000e+00
      4.181    30.9153   2.518457    13.5378     2.2827     1.1820          0     66.750  33.766837  1005.4451      4.158      0.179  0.000e+00
      4.225    30.9126   2.522472    13.5621     2.3533     1.2117          0     67.000  33.766840  1005.4642      4.201      0.176  0.000e+00
      4.246    30.9098   2.523524    13.5691     2.2950     1.2201          0     67.250  33.766843  1005.4704      4.223      0.178  0.000e+00
      4.279    30.9079   2.522923    13.5661     2.2988     1.2163          0     67.500  33.766846  1005.4689      4.255      0.179  0.000e+00
      4.322    30.9073   2.520979    13.5548     2.2986     1.2178          0     67.750  33.766849  1005.4610      4.298      0.171  0.000e+00
      4.387    30.9080   2.518710    13.5413     2.2930     1.2789          0     68.000  33.766852  1005.4509      4.363      0.163  0.000e+00
      4.451    30.9093   2.517967    13.5365     2.5018     1.2804          0     68.250  33.766855  1005.4473      4.427      0.163  0.000e+00
      4.473    30.9106   2.516987    13.5304     2.4654     1.2751          0     68.500  33.766858  1005.4424      4.448      0.164  0.000e+00
      4.527    30.9119   2.516068    13.5247     2.3466     1.2827          0     68.750  33.766861  1005.4380      4.502      0.176  0.000e+00
      4.560    30.9128   2.516172    13.5250     2.3929     1.2697          0     69.000  33.766863  1005.4381      4.534      0.180  0.000e+00
      4.635    30.9127   2.516371    13.5262     2.4456     1.3140          0     69.250  33.766866  1005.4393      4.610      0.193  0.000e+00
      4.711    30.9123   2.519206    13.5430     2.4337     1.3117          0     69.500  33.766869  1005.4522      4.685      0.206  0.000e+00
      4.733    30.9103   2.520863    13.5533     2.4061     1.3117          0     69.750  33.766872  1005.4606      4.707      0.205  0.000e+00
      4.754    30.9069   2.521678    13.5590     2.3877     1.3193          0     70.000  33.766875  1005.4660      4.728      0.193  0.000e+00
      4.776    30.9035   2.522351    13.5639     2.4672     1.3445          0     70.250  33.766878  1005.4709      4.750      0.180  0.000e+00
      4.830    30.9015   2.522659    13.5662     2.3867     1.3391          0     70.500  33.766881  1005.4735      4.803      0.177  0.000e+00
      4.895    30.9000   2.521238    13.5583     2.3235     1.3384          0     70.750  33.766884  1005.4684      4.868      0.174  0.000e+00
      4.938    30.8987   2.520390    13.5536     2.2780     1.3323          0     71.000  33.766887  1005.4655      4.911      0.172  0.000e+00
      4.949    30.8982   2.521254    13.5588     2.2871     1.4681          0     71.250  33.766889  1005.4696      4.922      0.156  0.000e+00
      5.003    30.8975   2.521458    13.5602     2.2623     1.4689          0     71.500  33.766892  1005.4711      4.975      0.153  0.000e+00
      5.057    30.8970   2.521255    13.5592     2.3252     1.4681          0     71.750  33.766895  1005.4707      5.029      0.166  0.000e+00
      5.111    30.8968   2.520489    13.5547     2.3538     1.4711          0     72.000  33.766898  1005.4677      5.083      0.178  0.000e+00
      5.165    30.8968   2.520373    13.5540     2.3840     1.5383          0     72.250  33.766901  1005.4675      5.137      0.186  0.000e+00
      5.252    30.8971   2.520252    13.5532     2.3420     1.5345          0     72.500  33.766904  1005.4671      5.223      0.197  0.000e+00
      5.230    30.8972   2.521067    13.5580     2.3775     1.5345          0     72.750  33.766907  1005.4705      5.201      0.188  0.000e+00
      5.295    30.8975   2.521558    13.5608     2.3615     1.5337          0     73.000  33.766910  1005.4728      5.266      0.192  0.000e+00
      5.360    30.8976   2.521613    13.5610     2.3822     1.5345          0     73.250  33.766913  1005.4732      5.330      0.200  0.000e+00
      5.381    30.8975   2.521337    13.5595     2.3904     1.5726          0     73.500  33.766916  1005.4722      5.351      0.190  0.000e+00
      5.403    30.8979   2.521508    13.5603     2.3666     1.5741          0     73.750  33.766918  1005.4728      5.373      0.175  0.000e+00
      5.413    30.8978   2.521998    13.5633     2.4160     1.5711          0     74.000  33.766921  1005.4750      5.384      0.154  0.000e+00
      5.500    30.8982   2.521954    13.5629     2.4572     1.5711          0     74.250  33.766924  1005.4751      5.470      0.150  0.000e+00
      5.554    30.8980   2.521420    13.5598     2.3877     1.6115          0     74.500  33.766927  1005.4730      5.523      0.153  0.000e+00
      5.597    30.8980   2.520775    13.5560     2.3832     1.6123          0     74.750  33.766930  1005.4704      5.566      0.171  0.000e+00
      5.630    30.8978   2.520269    13.5531     2.3609     1.6108          0     75.000  33.766933  1005.4684      5.599      0.166  0.000e+00
      5.630    30.8973   2.519911    13.5511     2.3603     1.6069          0     75.250  33.766936  1005.4671      5.599      0.157  0.000e+00
      5.662    30.8967   2.519729    13.5502     2.3600     1.5932          0     75.500  33.766939  1005.4668      5.631      0.156  0.000e+00
      5.684    30.8963   2.519371    13.5482     2.3583     1.5978          0     75.750  33.766942  1005.4655      5.652      0.147  0.000e+00
      5.759    30.8960   2.519206    13.5473     2.3596     1.5970          0     76.000  33.766944  1005.4653      5.728      0.146  0.000e+00
      5.857    30.8958   2.518589    13.5437     2.3741     1.5955          0     76.250  33.766947  1005.4631      5.824      0.150  0.000e+00
      5.921    30.8954   2.518793    13.5450     2.3565     1.6314          0     76.500  33.766950  1005.4645      5.889      0.171  0.000e+00
      5.976    30.8955   2.519592    13.5497     2.3591     1.6321          0     76.750  33.766953  1005.4682      5.943      0.196  0.000e+00
      5.986    30.8952   2.520016    13.5523     2.3590     1.6314          0     77.000  33.766956  1005.4703      5.953      0.210  0.000e+00
      6.030    30.8950   2.519894    13.5516     2.3483     1.6375          0     77.250  33.766959  1005.4700      5.996      0.221  0.000e+00
      6.051    30.8953   2.519729    13.5505     2.3590     1.6367          0     77.500  33.766962  1005.4692      6.018      0.211  0.000e+00
      6.138    30.8952   2.518386    13.5426     2.4178     1.6832          0     77.750  33.766965  1005.4638      6.104      0.207  0.000e+00
      6.246    30.8952   2.517345    13.5365     2.3764     1.6901          0     78.000  33.766968  1005.4597      6.211      0.207  0.000e+00
      6.300    30.8949   2.517323    13.5364     3.8794     1.6756          0     78.250  33.766970  1005.4600      6.265      0.209  0.000e+00
      6.322    30.8948   2.517488    13.5374     4.1569     1.6810          0     78.500  33.766973  1005.4608      6.287      0.213  0.000e+00
      6.322    30.8950   2.517422    13.5370     4.3124     1.6947          0     78.750  33.766976  1005.4604      6.287      0.208  0.000e+00
      6.332    30.8945   2.517450    13.5373     4.2445     1.6901          0     79.000  33.766979  1005.4609      6.297      0.198  0.000e+00
      6.354    30.8944   2.517422    13.5372     4.0903     1.6901          0     79.250  33.766982  1005.4609      6.319      0.172  0.000e+00
      6.343    30.8942   2.517406    13.5371     4.0221     1.6893          0     79.500  33.766985  1005.4609      6.308      0.134  0.000e+00
      6.343    30.8940   2.517395    13.5371     3.8299     1.7260          0     79.750  33.766988  1005.4610      6.308      0.082  0.000e+00
      6.365    30.8940   2.517307    13.5366     3.5409     1.7267          0     80.000  33.766991  1005.4607      6.330      0.045  0.000e+00
      6.354    30.8941   2.517268    13.5363     3.2833     1.7214          0     80.250  33.766994  1005.4604      6.319      0.027  0.000e+00
      6.354    30.8944   2.517406    13.5371     3.2664     1.7237          0     80.500  33.766997  1005.4608      6.319      0.019  0.000e+00
      6.354    30.8941   2.517290    13.5365     3.2195     1.7305          0     80.750  33.766999  1005.4605      6.319      0.014  0.000e+00
      6.354    30.8942   2.517406    13.5371     3.1842     1.7305          0     81.000  33.767002  1005.4610      6.319      0.008  0.000e+00
      6.332    30.8939   2.517439    13.5374     3.2047     1.7290          0     81.250  33.767005  1005.4612      6.297     -0.003  0.000e+00
      6.343    30.8938   2.517406    13.5372     3.1257     1.7321          0     81.500  33.767008  1005.4611      6.308     -0.004  0.000e+00
      6.354    30.8935   2.517466    13.5377     3.1049     1.7206          0     81.750  33.767011  1005.4616      6.319     -0.004  0.000e+00
      6.289    30.8932   2.517544    13.5382     2.8964     1.8007          0     82.000  33.767014  1005.4618      6.254     -0.023  0.000e+00
      6.246    30.8931   2.517659    13.5389     1.6235     1.7954          0     82.250  33.767017  1005.4622      6.212     -0.042  0.000e+00
      6.149    30.8929   2.517593    13.5386     1.3964     1.8030          0     82.500  33.767020  1005.4616      6.115     -0.084  0.000e+00
      6.116    30.8931   2.517593    13.5385     1.3480     1.8000          0     82.750  33.767023  1005.4613      6.082     -0.120  0.000e+00
      6.116    30.8930   2.517643    13.5389     1.3669     1.7565          0     83.000  33.767025  1005.4616      6.082     -0.140  0.000e+00
