content/post/ctd_rufiji/SBE19plus_01906740_2018_02_13_0906.cnv
* Sea-Bird SBE19plus  Data File:
* FileName = C:\Users\all user\Desktop\CTD tafiri 2018\SBE19plus_01906740_2018_02_13_0906.hex
* Software version 2.6.3.104
* Temperature SN = 6740
* Conductivity SN = 6740
* System UpLoad Time = Feb 13 2018 14:01:32
* <ApplicationData>
* <Seaterm232>
# nquan = 13
# nvalues = 338                                   
# units = specified
# name 0 = prdM: Pressure, Strain Gauge [db]
# name 1 = tv290C: Temperature [ITS-90, deg C]
# name 2 = c0S/m: Conductivity [S/m]
# name 3 = sal00: Salinity, Practical [PSU]
# name 4 = sbeox0ML/L: Oxygen, SBE 43 [ml/l]
# name 5 = flECO-AFL: Fluorescence, WET Labs ECO-AFL/FL [mg/m^3]
# name 6 = nbf: Bottles Fired
# name 7 = timeS: Time, Elapsed [seconds]
# name 8 = timeJ: Julian Days
# name 9 = density00: Density [density, kg/m^3]
# name 10 = depSM: Depth [salt water, m], lat = 0.00
# name 11 = dz/dtM: Descent Rate [m/s]
# name 12 = flag:  0.000e+00
# span 0 =      0.151,      3.729                 
# span 1 =    25.3640,    30.3652                 
# span 2 =   0.000516,   0.033746                 
# span 3 =     0.0127,     0.1482                 
# span 4 =     1.1778,     6.8125                 
# span 5 =    -0.0616,     1.9762                 
# span 6 =          0,          0                 
# span 7 =      0.000,     84.250                 
# span 8 =  34.263889,  34.264864                 
# span 9 =   995.6424,   996.9637                 
# span 10 =      0.150,      3.709                
# span 11 =     -0.413,      0.529                
# span 12 = 0.0000e+00, 0.0000e+00                
# interval = seconds: 0.25
# start_time = Feb 03 2018 06:20:00 [Instrument's time stamp, header]
# bad_flag = -9.990e-29
*END*
[from data line 223]
      1.243    29.8889   0.031936     0.1406     1.4989     1.7969          0     55.750  34.264534   995.7936      1.236      0.105  0.000e+00
      1.297    29.8927   0.031912     0.1405     1.6579     1.8045          0     56.000  34.264537   995.7926      1.290      0.107  0.000e+00
      1.329    29.9000   0.031885     0.1404     1.8488     1.7748          0     56.250  34.264540   995.7905      1.322      0.119  0.000e+00
      1.373    29.9193   0.031873     0.1403     1.8615     1.7801          0     56.500  34.264543   995.7848      1.365      0.126  0.000e+00
      1.405    29.9461   0.031864     0.1402     1.9008     1.7839          0     56.750  34.264546   995.7768      1.397      0.130  0.000e+00
      1.416    29.9705   0.031864     0.1401     1.9241     1.7801          0     57.000  34.264549   995.7694      1.408      0.122  0.000e+00
      1.438    29.9867   0.031858     0.1400     1.9427     1.7786          0     57.250  34.264552   995.7646      1.430      0.121  0.000e+00
      1.492    29.9966   0.031870     0.1401     1.9710     1.7626          0     57.500  34.264554   995.7618      1.483      0.129  0.000e+00
      1.524    30.0024   0.031879     0.1401     1.9729     1.7626          0     57.750  34.264557   995.7602      1.516      0.131  0.000e+00
      1.546    30.0066   0.031873     0.1401     1.9661     1.7626          0     58.000  34.264560   995.7591      1.537      0.123  0.000e+00
      1.557    30.0094   0.031873     0.1400     1.9903     1.7687          0     58.250  34.264563   995.7583      1.548      0.116  0.000e+00
      1.589    30.0106   0.031864     0.1400     1.9425     1.7443          0     58.500  34.264566   995.7580      1.580      0.111  0.000e+00
      1.632    30.0109   0.031864     0.1400     1.9485     1.7389          0     58.750  34.264569   995.7581      1.623      0.115  0.000e+00
      1.729    30.0104   0.031873     0.1400     1.9326     1.7443          0     59.000  34.264572   995.7587      1.720      0.138  0.000e+00
      1.783    30.0115   0.031891     0.1401     1.8173     1.7344          0     59.250  34.264575   995.7587      1.774      0.157  0.000e+00
      1.848    30.0196   0.031918     0.1402     1.9224     1.8236          0     59.500  34.264578   995.7566      1.838      0.177  0.000e+00
      1.816    30.0356   0.031918     0.1402     1.9444     1.8259          0     59.750  34.264580   995.7516      1.806      0.178  0.000e+00
      1.870    30.0561   0.031912     0.1401     1.9424     1.8206          0     60.000  34.264583   995.7456      1.860      0.183  0.000e+00
      1.881    30.0735   0.031897     0.1400     1.9179     1.8183          0     60.250  34.264586   995.7403      1.870      0.175  0.000e+00
      1.913    30.0836   0.031885     0.1399     1.9110     1.7992          0     60.500  34.264589   995.7373      1.903      0.157  0.000e+00
      1.935    30.0898   0.031885     0.1399     1.9328     1.7977          0     60.750  34.264592   995.7355      1.924      0.132  0.000e+00
      2.000    30.0958   0.031879     0.1399     2.3976     1.8023          0     61.000  34.264595   995.7339      1.989      0.115  0.000e+00
      2.032    30.1013   0.031879     0.1398     2.5123     1.7946          0     61.250  34.264598   995.7324      2.021      0.115  0.000e+00
      2.054    30.1059   0.031897     0.1399     2.8935     1.8030          0     61.500  34.264601   995.7312      2.042      0.119  0.000e+00
      2.075    30.1160   0.031897     0.1399     2.7641     1.8114          0     61.750  34.264604   995.7282      2.064      0.132  0.000e+00
      2.162    30.1298   0.031918     0.1399     2.4173     1.8084          0     62.000  34.264606   995.7244      2.150      0.142  0.000e+00
      2.302    30.1482   0.031951     0.1400     2.4600     1.8061          0     62.250  34.264609   995.7195      2.290      0.185  0.000e+00
      2.454    30.1747   0.032014     0.1402     2.6668     1.8084          0     62.500  34.264612   995.7123      2.440      0.242  0.000e+00
      2.594    30.2073   0.032014     0.1402     2.2721     1.9358          0     62.750  34.264615   995.7030      2.580      0.310  0.000e+00
      2.724    30.2373   0.032065     0.1403     2.1798     1.9320          0     63.000  34.264618   995.6945      2.709      0.374  0.000e+00
      2.821    30.2604   0.032284     0.1412     2.1082     1.9335          0     63.250  34.264621   995.6886      2.806      0.433  0.000e+00
      2.951    30.2837   0.032323     0.1413     2.1616     1.9396          0     63.500  34.264624   995.6822      2.935      0.483  0.000e+00
      3.048    30.3031   0.032134     0.1404     1.9555     1.8923          0     63.750  34.264627   995.6761      3.032      0.505  0.000e+00
      3.189    30.3187   0.031909     0.1394     2.0723     1.8900          0     64.000  34.264630   995.6712      3.171      0.505  0.000e+00
      3.373    30.3303   0.031779     0.1388     1.9705     1.9007          0     64.250  34.264633   995.6680      3.354      0.508  0.000e+00
      3.524    30.3387   0.031602     0.1381     1.9237     1.8976          0     64.500  34.264635   995.6655      3.505      0.518  0.000e+00
      3.643    30.3437   0.031254     0.1366     1.3003     1.9686          0     64.750  34.264638   995.6634      3.623      0.529  0.000e+00
      3.686    30.3488   0.031091     0.1359     1.2522     1.9678          0     65.000  34.264641   995.6615      3.666      0.519  0.000e+00
      3.697    30.3545   0.031052     0.1357     1.2832     1.9716          0     65.250  34.264644   995.6597      3.677      0.482  0.000e+00
      3.697    30.3580   0.031070     0.1357     1.3593     1.9709          0     65.500  34.264647   995.6587      3.677      0.413  0.000e+00
      3.708    30.3586   0.031091     0.1358     1.5109     1.9762          0     65.750  34.264650   995.6586      3.687      0.332  0.000e+00
      3.697    30.3583   0.031082     0.1358     1.6216     1.7641          0     66.000  34.264653   995.6586      3.677      0.229  0.000e+00
      3.697    30.3580   0.031070     0.1357     1.7894     1.7687          0     66.250  34.264656   995.6587      3.677      0.130  0.000e+00
      3.729    30.3562   0.031058     0.1357     1.9687     1.7687          0     66.500  34.264659   995.6593      3.709      0.068  0.000e+00
      3.708    30.3547   0.031046     0.1357     2.1570     1.7641          0     66.750  34.264661   995.6597      3.687      0.026  0.000e+00
      3.729    30.3544   0.031040     0.1356     2.1681     1.7473          0     67.000  34.264664   995.6599      3.709      0.017  0.000e+00
      3.729    30.3540   0.031037     0.1356     2.1754     1.7519          0     67.250  34.264667   995.6599      3.709      0.017  0.000e+00
      3.719    30.3545   0.031052     0.1357     2.1733     1.7664          0     67.500  34.264670   995.6598      3.698      0.015  0.000e+00
      3.719    30.3559   0.031070     0.1358     2.1607     1.7557          0     67.750  34.264673   995.6594      3.698      0.012  0.000e+00
      3.697    30.3572   0.031076     0.1358     2.1536     1.7527          0     68.000  34.264676   995.6590      3.677      0.004  0.000e+00
      3.621    30.3532   0.031034     0.1356     2.1425     1.7504          0     68.250  34.264679   995.6597      3.601     -0.026  0.000e+00
      3.556    30.3448   0.031019     0.1356     2.1348     1.7511          0     68.500  34.264682   995.6620      3.537     -0.068  0.000e+00
      3.502    30.3440   0.031025     0.1356     2.1269     1.7603          0     68.750  34.264685   995.6620      3.483     -0.105  0.000e+00
      3.438    30.3447   0.031019     0.1356     2.1175     1.7473          0     69.000  34.264688   995.6615      3.419     -0.151  0.000e+00
      3.405    30.3442   0.031031     0.1356     2.1028     1.7580          0     69.250  34.264690   995.6615      3.386     -0.181  0.000e+00
      3.362    30.3437   0.031034     0.1356     2.0875     1.7504          0     69.500  34.264693   995.6615      3.343     -0.200  0.000e+00
      3.308    30.3458   0.031046     0.1357     2.0813     1.7481          0     69.750  34.264696   995.6606      3.290     -0.213  0.000e+00
      3.265    30.3479   0.031058     0.1357     2.0660     1.7534          0     70.000  34.264699   995.6598      3.247     -0.210  0.000e+00
      3.210    30.3493   0.031058     0.1357     2.0526     1.7389          0     70.250  34.264702   995.6592      3.193     -0.199  0.000e+00
      3.156    30.3499   0.031058     0.1357     2.0428     1.7374          0     70.500  34.264705   995.6587      3.139     -0.195  0.000e+00
      3.102    30.3498   0.031061     0.1357     2.0401     1.7443          0     70.750  34.264708   995.6585      3.085     -0.195  0.000e+00
      3.037    30.3499   0.031046     0.1357     2.0357     1.7366          0     71.000  34.264711   995.6581      3.021     -0.201  0.000e+00
      2.962    30.3493   0.031046     0.1357     2.0299     1.7420          0     71.250  34.264714   995.6580      2.946     -0.218  0.000e+00
      2.875    30.3490   0.031043     0.1357     2.0308     1.7405          0     71.500  34.264716   995.6577      2.860     -0.236  0.000e+00
      2.789    30.3485   0.031025     0.1356     2.0292     1.7405          0     71.750  34.264719   995.6574      2.773     -0.257  0.000e+00
      2.702    30.3457   0.031016     0.1355     2.0291     1.7344          0     72.000  34.264722   995.6579      2.687     -0.281  0.000e+00
      2.648    30.3410   0.030986     0.1354     2.1394     1.7756          0     72.250  34.264725   995.6590      2.634     -0.293  0.000e+00
      2.573    30.3370   0.030980     0.1354     2.3497     1.7786          0     72.500  34.264728   995.6598      2.558     -0.303  0.000e+00
      2.486    30.3370   0.030980     0.1354     2.4686     1.7801          0     72.750  34.264731   995.6594      2.472     -0.311  0.000e+00
      2.410    30.3380   0.030971     0.1354     2.7844     1.7748          0     73.000  34.264734   995.6588      2.397     -0.312  0.000e+00
      2.335    30.3379   0.030965     0.1354     2.8708     1.7763          0     73.250  34.264737   995.6585      2.322     -0.309  0.000e+00
      2.302    30.3293   0.030965     0.1354     3.0542     1.7412          0     73.500  34.264740   995.6610      2.290     -0.293  0.000e+00
      2.281    30.3032   0.030974     0.1355     3.0721     1.7359          0     73.750  34.264742   995.6689      2.268     -0.268  0.000e+00
      2.237    30.2500   0.030980     0.1356     2.9585     1.7489          0     74.000  34.264745   995.6850      2.225     -0.244  0.000e+00
      2.108    30.1959   0.030980     0.1358     2.8517     1.7420          0     74.250  34.264748   995.7010      2.096     -0.246  0.000e+00
      2.021    30.1635   0.030980     0.1358     2.6601     1.7672          0     74.500  34.264751   995.7105      2.010     -0.249  0.000e+00
      1.935    30.1427   0.030980     0.1359     2.4404     1.7611          0     74.750  34.264754   995.7165      1.924     -0.259  0.000e+00
      1.870    30.1291   0.030974     0.1359     2.3182     1.7664          0     75.000  34.264757   995.7203      1.860     -0.273  0.000e+00
      1.794    30.1207   0.030971     0.1359     2.3670     1.7595          0     75.250  34.264760   995.7225      1.784     -0.291  0.000e+00
      1.708    30.1188   0.030980     0.1359     2.3273     1.7633          0     75.500  34.264763   995.7227      1.698     -0.316  0.000e+00
      1.578    30.1171   0.030986     0.1360     2.3439     1.7626          0     75.750  34.264766   995.7227      1.569     -0.345  0.000e+00
      1.502    30.1165   0.030992     0.1360     2.3538     1.7641          0     76.000  34.264769   995.7226      1.494     -0.353  0.000e+00
      1.448    30.1308   0.030980     0.1359     2.3241     1.7672          0     76.250  34.264771   995.7179      1.440     -0.338  0.000e+00
      1.362    30.1423   0.030986     0.1359     2.4755     1.7687          0     76.500  34.264774   995.7141      1.354     -0.337  0.000e+00
      1.254    30.1620   0.030992     0.1359     2.4011     1.7664          0     76.750  34.264777   995.7076      1.247     -0.343  0.000e+00
      1.189    30.1914   0.030992     0.1358     2.3801     1.7725          0     77.000  34.264780   995.6983      1.182     -0.344  0.000e+00
      1.102    30.2122   0.030992     0.1358     2.0587     1.7603          0     77.250  34.264783   995.6915      1.096     -0.341  0.000e+00
      1.038    30.2279   0.030998     0.1358     2.0445     1.7618          0     77.500  34.264786   995.6865      1.032     -0.329  0.000e+00
      0.951    30.2438   0.030986     0.1357     2.0641     1.7695          0     77.750  34.264789   995.6812      0.946     -0.318  0.000e+00
      0.886    30.2552   0.031037     0.1359     1.8514     1.7649          0     78.000  34.264792   995.6776      0.881     -0.317  0.000e+00
      0.865    30.2690   0.031097     0.1361     1.3451     1.7702          0     78.250  34.264795   995.6735      0.860     -0.301  0.000e+00
      0.854    30.2887   0.031127     0.1362     1.3598     1.7702          0     78.500  34.264797   995.6675      0.849     -0.264  0.000e+00
      0.843    30.3054   0.031151     0.1362     1.4222     1.7862          0     78.750  34.264800   995.6624      0.838     -0.218  0.000e+00
      0.854    30.3175   0.031224     0.1365     1.5084     1.7809          0     79.000  34.264803   995.6589      0.849     -0.171  0.000e+00
      0.832    30.3278   0.031281     0.1367     1.6379     1.7740          0     79.250  34.264806   995.6559      0.828     -0.125  0.000e+00
      0.757    30.3351   0.031287     0.1367     1.7610     1.7717          0     79.500  34.264809   995.6533      0.752     -0.104  0.000e+00
      0.616    30.3406   0.031278     0.1367     1.8841     1.7962          0     79.750  34.264812   995.6510      0.613     -0.120  0.000e+00
      0.486    30.3477   0.031518     0.1377     1.9770     1.8045          0     80.000  34.264815   995.6490      0.484     -0.170  0.000e+00
      0.302    30.3535   0.031734     0.1386     2.0993     1.8038          0     80.250  34.264818   995.6471      0.301     -0.260  0.000e+00
      0.184    30.3592   0.031807     0.1389     2.0943     1.8030          0     80.500  34.264821   995.6450      0.183     -0.350  0.000e+00
      0.162    30.3637   0.031825     0.1390     2.1165     0.9462          0     80.750  34.264823   995.6436      0.161     -0.404  0.000e+00
      0.173    30.3652   0.031701     0.1384     2.2483     0.9561          0     81.000  34.264826   995.6428      0.172     -0.413  0.000e+00
      0.151    30.3651   0.031581     0.1379     2.2709     0.9584          0     81.250  34.264829   995.6424      0.150     -0.379  0.000e+00
      0.173    30.3454   0.031236     0.1365     2.3516     0.9424          0     81.500  34.264832   995.6474      0.172     -0.300  0.000e+00
      0.151    30.2957   0.031221     0.1365     2.4500     0.9470          0     81.750  34.264835   995.6625      0.150     -0.208  0.000e+00
      0.173    30.2036   0.031512     0.1380     2.5205    -0.0372          0     82.000  34.264838   995.6917      0.172     -0.116  0.000e+00
      0.162    30.0656   0.031623     0.1388     2.4797    -0.0410          0     82.250  34.264841   995.7341      0.161     -0.041  0.000e+00
      0.173    29.8745   0.031671     0.1395     2.4819    -0.0426          0     82.500  34.264844   995.7924      0.172     -0.003  0.000e+00
      0.183    29.6829   0.031725     0.1402     2.4415    -0.0365          0     82.750  34.264847   995.8505      0.182      0.007  0.000e+00
      0.173    29.5314   0.031765     0.1408     2.4295    -0.0540          0     83.000  34.264850   995.8961      0.172      0.007  0.000e+00
