content/post/ctd_rufiji/SBE19plus_01906740_2018_02_13_0915.cnv
* Sea-Bird SBE19plus  Data File:
* FileName = C:\Users\all user\Desktop\CTD tafiri 2018\SBE19plus_01906740_2018_02_13_0915.hex
* Software version 2.6.3.104
* Temperature SN = 6740
* Conductivity SN = 6740
* System UpLoad Time = Feb 13 2018 14:03:02
* <ApplicationData>
* <Seaterm232>
# nquan = 13
# nvalues = 260                                   
# units = specified
# name 0 = prdM: Pressure, Strain Gauge [db]
# name 1 = tv290C: Temperature [ITS-90, deg C]
# name 2 = c0S/m: Conductivity [S/m]
# name 3 = sal00: Salinity, Practical [PSU]
# name 4 = sbeox0ML/L: Oxygen, SBE 43 [ml/l]
# name 5 = flECO-AFL: Fluorescence, WET Labs ECO-AFL/FL [mg/m^3]
# name 6 = nbf: Bottles Fired
# name 7 = timeS: Time, Elapsed [seconds]
# name 8 = timeJ: Julian Days
# name 9 = density00: Density [density, kg/m^3]
# name 10 = depSM: Depth [salt water, m], lat = 0.00
# name 11 = dz/dtM: Descent Rate [m/s]
# name 12 = flag:  0.000e+00
# span 0 =      0.138,      2.733                 
# span 1 =    28.9051,    30.8641                 
# span 2 =   0.000732,   0.012142                 
# span 3 =     0.0144,     0.0569                 
# span 4 =     1.5752,     7.7762                 
# span 5 =    -0.0860,     1.5657                 
# span 6 =          0,          0                 
# span 7 =      0.000,     64.750                 
# span 8 =  34.292894,  34.293643                 
# span 9 =   995.4317,   996.0068                 
# span 10 =      0.137,      2.718                
# span 11 =     -0.422,      0.345                
# span 12 = 0.0000e+00, 0.0000e+00                
# interval = seconds: 0.25
# start_time = Feb 03 2018 07:01:46 [Instrument's time stamp, header]
# bad_flag = -9.990e-29
*END*
[from data line 112]
      1.242    30.4226   0.011770     0.0553     2.2210     1.4338          0     28.000  34.293218   995.5677      1.235     -0.002  0.000e+00
      1.220    30.4153   0.011770     0.0554     2.2486     1.4406          0     28.250  34.293220   995.5698      1.214     -0.009  0.000e+00
      1.231    30.4076   0.011764     0.0553     2.2667     1.4299          0     28.500  34.293223   995.5722      1.224     -0.009  0.000e+00
      1.231    30.3996   0.011770     0.0554     2.2698     1.4483          0     28.750  34.293226   995.5747      1.224     -0.008  0.000e+00
      1.242    30.3926   0.011776     0.0554     3.2004     1.4452          0     29.000  34.293229   995.5769      1.235     -0.004  0.000e+00
      1.253    30.3885   0.011758     0.0553     5.4057     1.4406          0     29.250  34.293232   995.5781      1.246      0.007  0.000e+00
      1.231    30.3888   0.011776     0.0554     3.0543     1.4360          0     29.500  34.293235   995.5780      1.224      0.005  0.000e+00
      1.231    30.3922   0.011776     0.0554     2.3085     1.4536          0     29.750  34.293238   995.5770      1.224      0.003  0.000e+00
      1.231    30.3944   0.011764     0.0553     2.0234     1.4544          0     30.000  34.293241   995.5763      1.224      0.001  0.000e+00
      1.253    30.3909   0.011758     0.0553     2.7910     1.4421          0     30.250  34.293244   995.5774      1.246      0.008  0.000e+00
      1.253    30.3821   0.011758     0.0553     2.9600     1.4475          0     30.500  34.293247   995.5801      1.246      0.007  0.000e+00
      1.242    30.3705   0.011752     0.0553     2.2727     1.4353          0     30.750  34.293249   995.5836      1.235      0.005  0.000e+00
      1.263    30.3596   0.011758     0.0553     2.5453     1.4414          0     31.000  34.293252   995.5870      1.257      0.008  0.000e+00
      1.242    30.3504   0.011752     0.0553     1.8298     1.4498          0     31.250  34.293255   995.5897      1.235      0.006  0.000e+00
      1.253    30.3434   0.011758     0.0554     2.3919     1.4368          0     31.500  34.293258   995.5919      1.246      0.012  0.000e+00
      1.220    30.3390   0.011752     0.0553     2.5118     1.4055          0     31.750  34.293261   995.5931      1.214      0.001  0.000e+00
      1.220    30.3373   0.011758     0.0554     2.4776     1.4055          0     32.000  34.293264   995.5936      1.214     -0.009  0.000e+00
      1.220    30.3373   0.011764     0.0554     2.2189     1.4025          0     32.250  34.293267   995.5937      1.213     -0.019  0.000e+00
      1.231    30.3373   0.011764     0.0554     2.1423     1.3971          0     32.500  34.293270   995.5937      1.224     -0.017  0.000e+00
      1.220    30.3362   0.011764     0.0554     2.3157     1.4040          0     32.750  34.293273   995.5940      1.213     -0.017  0.000e+00
      1.231    30.3322   0.011752     0.0553     2.2059     1.4139          0     33.000  34.293275   995.5952      1.224     -0.016  0.000e+00
      1.231    30.3259   0.011749     0.0553     2.3614     1.4101          0     33.250  34.293278   995.5971      1.224     -0.007  0.000e+00
      1.209    30.3180   0.011749     0.0553     1.9762     1.4208          0     33.500  34.293281   995.5995      1.203     -0.008  0.000e+00
      1.253    30.3101   0.011740     0.0553     2.0896     1.4101          0     33.750  34.293284   995.6021      1.246      0.008  0.000e+00
      1.242    30.3013   0.011749     0.0554     2.2442     1.4483          0     34.000  34.293287   995.6047      1.235      0.010  0.000e+00
      1.231    30.2933   0.011749     0.0554     2.3623     1.4467          0     34.250  34.293290   995.6071      1.224      0.008  0.000e+00
      1.231    30.2859   0.011740     0.0553     2.3607     1.4551          0     34.500  34.293293   995.6093      1.224      0.005  0.000e+00
      1.231    30.2790   0.011743     0.0553     2.2834     1.4513          0     34.750  34.293296   995.6114      1.224      0.005  0.000e+00
      1.253    30.2740   0.011743     0.0553     2.3948     1.4254          0     35.000  34.293299   995.6131      1.246      0.007  0.000e+00
      1.231    30.2717   0.011743     0.0553     1.9598     1.4360          0     35.250  34.293302   995.6137      1.224      0.005  0.000e+00
      1.231    30.2719   0.011740     0.0553     2.2907     1.4322          0     35.500  34.293304   995.6136      1.224      0.003  0.000e+00
      1.242    30.2734   0.011743     0.0553     2.3457     1.4277          0     35.750  34.293307   995.6132      1.235     -0.004  0.000e+00
      1.242    30.2742   0.011749     0.0554     2.1341     1.4490          0     36.000  34.293310   995.6130      1.235      0.002  0.000e+00
      1.231    30.2717   0.011734     0.0553     2.1409     1.4444          0     36.250  34.293313   995.6136      1.224      0.002  0.000e+00
      1.242    30.2661   0.011737     0.0553     2.2754     1.4513          0     36.500  34.293316   995.6154      1.235      0.002  0.000e+00
      1.231    30.2593   0.011737     0.0553     2.0311     1.4498          0     36.750  34.293319   995.6174      1.224     -0.002  0.000e+00
      1.231    30.2517   0.011737     0.0553     2.2291     1.4483          0     37.000  34.293322   995.6198      1.224     -0.005  0.000e+00
      1.242    30.2443   0.011728     0.0553     2.4614     1.4200          0     37.250  34.293325   995.6220      1.235      0.001  0.000e+00
      1.231    30.2371   0.011731     0.0553     2.4526     1.4254          0     37.500  34.293328   995.6242      1.224     -0.001  0.000e+00
      1.253    30.2313   0.011737     0.0554     1.9253     1.4376          0     37.750  34.293330   995.6261      1.246      0.001  0.000e+00
      1.242    30.2269   0.011740     0.0554     2.2240     1.4284          0     38.000  34.293333   995.6274      1.235      0.004  0.000e+00
      1.242    30.2259   0.011737     0.0554     2.4242     1.4383          0     38.250  34.293336   995.6276      1.235      0.006  0.000e+00
      1.252    30.2266   0.011743     0.0554     2.4160     1.4338          0     38.500  34.293339   995.6275      1.246      0.007  0.000e+00
      1.274    30.2299   0.011740     0.0554     2.0051     1.4376          0     38.750  34.293342   995.6266      1.267      0.016  0.000e+00
      1.285    30.2339   0.011743     0.0554     2.0165     1.4345          0     39.000  34.293345   995.6254      1.278      0.023  0.000e+00
      1.285    30.2381   0.011752     0.0554     2.2866     1.4696          0     39.250  34.293348   995.6242      1.278      0.026  0.000e+00
      1.328    30.2423   0.011758     0.0554     2.3646     1.4681          0     39.500  34.293351   995.6231      1.321      0.040  0.000e+00
      1.328    30.2481   0.011758     0.0554     2.2243     1.4711          0     39.750  34.293354   995.6213      1.321      0.045  0.000e+00
      1.306    30.2525   0.011758     0.0554     2.1197     1.4788          0     40.000  34.293356   995.6199      1.299      0.045  0.000e+00
      1.328    30.2517   0.011752     0.0554     2.1684     1.4467          0     40.250  34.293359   995.6202      1.321      0.044  0.000e+00
      1.306    30.2461   0.011746     0.0554     2.2592     1.4490          0     40.500  34.293362   995.6218      1.299      0.031  0.000e+00
      1.328    30.2381   0.011743     0.0554     2.3803     1.4460          0     40.750  34.293365   995.6244      1.321      0.023  0.000e+00
      1.360    30.2296   0.011743     0.0554     2.2206     1.4467          0     41.000  34.293368   995.6271      1.353      0.026  0.000e+00
      1.404    30.2242   0.011752     0.0554     2.1338     1.4315          0     41.250  34.293371   995.6290      1.396      0.038  0.000e+00
      1.436    30.2274   0.011770     0.0555     2.1748     1.5009          0     41.500  34.293374   995.6282      1.428      0.051  0.000e+00
      1.490    30.2380   0.011797     0.0556     2.2780     1.5070          0     41.750  34.293377   995.6253      1.482      0.083  0.000e+00
      1.577    30.2635   0.011809     0.0556     2.2501     1.5039          0     42.000  34.293380   995.6179      1.568      0.127  0.000e+00
      1.620    30.2931   0.011809     0.0556     2.3393     1.5039          0     42.250  34.293383   995.6091      1.611      0.158  0.000e+00
      1.663    30.3131   0.011803     0.0556     2.2829     1.5657          0     42.500  34.293385   995.6031      1.654      0.188  0.000e+00
      1.685    30.3209   0.011812     0.0556     2.0861     1.5604          0     42.750  34.293388   995.6009      1.675      0.194  0.000e+00
      1.717    30.3297   0.011809     0.0556     2.1728     1.5589          0     43.000  34.293391   995.5983      1.708      0.190  0.000e+00
      1.771    30.3391   0.011809     0.0556     2.1567     1.5512          0     43.250  34.293394   995.5957      1.761      0.186  0.000e+00
      1.804    30.3412   0.011803     0.0555     2.2613     1.4887          0     43.500  34.293397   995.5952      1.794      0.177  0.000e+00
      1.847    30.3329   0.011785     0.0555     2.3414     1.4864          0     43.750  34.293400   995.5979      1.837      0.164  0.000e+00
      1.912    30.3174   0.011776     0.0554     2.1495     1.4849          0     44.000  34.293403   995.6029      1.901      0.159  0.000e+00
      1.966    30.3019   0.011776     0.0555     2.2858     1.4841          0     44.250  34.293406   995.6078      1.955      0.169  0.000e+00
      1.998    30.2925   0.011776     0.0555     2.3619     1.4811          0     44.500  34.293409   995.6108      1.987      0.177  0.000e+00
      2.063    30.2871   0.011776     0.0555     2.3797     1.5230          0     44.750  34.293411   995.6128      2.052      0.190  0.000e+00
      2.139    30.2837   0.011785     0.0555     2.2080     1.5276          0     45.000  34.293414   995.6142      2.127      0.205  0.000e+00
      2.182    30.2817   0.011791     0.0555     2.1266     1.5215          0     45.250  34.293417   995.6150      2.170      0.211  0.000e+00
      2.258    30.2834   0.011809     0.0556     2.1537     1.5261          0     45.500  34.293420   995.6149      2.245      0.225  0.000e+00
      2.366    30.2985   0.011838     0.0557     2.2314     1.5062          0     45.750  34.293423   995.6108      2.353      0.246  0.000e+00
      2.474    30.3364   0.011868     0.0558     2.2165     1.5039          0     46.000  34.293426   995.5998      2.460      0.272  0.000e+00
      2.582    30.3884   0.011916     0.0560     2.2767     1.5169          0     46.250  34.293429   995.5846      2.568      0.308  0.000e+00
      2.658    30.4599   0.011954     0.0561     2.1069     1.5184          0     46.500  34.293432   995.5631      2.643      0.337  0.000e+00
      2.712    30.5254   0.011996     0.0562     2.1817     1.5039          0     46.750  34.293435   995.5434      2.697      0.345  0.000e+00
      2.712    30.5835   0.012023     0.0562     2.2598     1.5100          0     47.000  34.293438   995.5256      2.697      0.326  0.000e+00
      2.701    30.6347   0.012023     0.0562     2.2775     1.5001          0     47.250  34.293440   995.5098      2.686      0.288  0.000e+00
      2.712    30.6807   0.012020     0.0562     2.1849     1.4986          0     47.500  34.293443   995.4956      2.697      0.228  0.000e+00
      2.722    30.7186   0.012023     0.0561     2.3938     1.4139          0     47.750  34.293446   995.4840      2.707      0.162  0.000e+00
      2.712    30.7445   0.012023     0.0561     2.4722     1.4124          0     48.000  34.293449   995.4760      2.697      0.098  0.000e+00
      2.722    30.7628   0.012020     0.0561     2.3809     1.4055          0     48.250  34.293452   995.4703      2.707      0.050  0.000e+00
      2.712    30.7783   0.012011     0.0561     2.3179     1.4116          0     48.500  34.293455   995.4655      2.697      0.018  0.000e+00
      2.712    30.7908   0.012011     0.0560     2.3553     1.4101          0     48.750  34.293458   995.4616      2.697      0.003  0.000e+00
      2.733    30.8004   0.012002     0.0560     2.4529     1.4277          0     49.000  34.293461   995.4587      2.718      0.008  0.000e+00
      2.722    30.8075   0.011996     0.0560     2.5365     1.4223          0     49.250  34.293464   995.4564      2.707      0.009  0.000e+00
      2.701    30.8110   0.011990     0.0559     2.3895     1.4299          0     49.500  34.293466   995.4552      2.686     -0.001  0.000e+00
      2.711    30.8120   0.011990     0.0559     2.4682     1.4299          0     49.750  34.293469   995.4550      2.697     -0.004  0.000e+00
      2.712    30.8120   0.011984     0.0559     2.5612     1.4185          0     50.000  34.293472   995.4550      2.697     -0.003  0.000e+00
      2.722    30.8111   0.011975     0.0559     2.5752     1.4116          0     50.250  34.293475   995.4552      2.707     -0.002  0.000e+00
      2.722    30.8104   0.011975     0.0559     2.6746     1.4132          0     50.500  34.293478   995.4555      2.707      0.001  0.000e+00
      2.722    30.8100   0.011972     0.0559     2.6162     1.4215          0     50.750  34.293481   995.4556      2.707      0.001  0.000e+00
      2.711    30.8097   0.011963     0.0558     2.5306     1.4643          0     51.000  34.293484   995.4556      2.697     -0.002  0.000e+00
      2.733    30.8097   0.011969     0.0559     2.6194     1.4643          0     51.250  34.293487   995.4557      2.718      0.007  0.000e+00
      2.701    30.8092   0.011963     0.0558     2.6402     1.4582          0     51.500  34.293490   995.4557      2.686      0.004  0.000e+00
      2.733    30.8085   0.011954     0.0558     2.5250     1.4597          0     51.750  34.293492   995.4561      2.718      0.004  0.000e+00
      2.733    30.8051   0.011943     0.0558     2.4649     1.4536          0     52.000  34.293495   995.4571      2.718      0.006  0.000e+00
      2.722    30.7991   0.011937     0.0557     2.5893     1.4627          0     52.250  34.293498   995.4589      2.707      0.003  0.000e+00
      2.711    30.7910   0.011928     0.0557     2.5119     1.4612          0     52.500  34.293501   995.4613      2.696     -0.000  0.000e+00
      2.679    30.7827   0.011922     0.0557     2.4514     1.4544          0     52.750  34.293504   995.4637      2.664     -0.011  0.000e+00
      2.582    30.7745   0.011922     0.0557     2.5264     1.4666          0     53.000  34.293507   995.4658      2.567     -0.045  0.000e+00
      2.463    30.7669   0.011898     0.0556     2.4607     1.4124          0     53.250  34.293510   995.4676      2.449     -0.105  0.000e+00
      2.355    30.7627   0.011880     0.0555     2.4896     1.4170          0     53.500  34.293513   995.4683      2.342     -0.169  0.000e+00
      2.279    30.7547   0.011862     0.0555     2.5093     1.4170          0     53.750  34.293516   995.4704      2.266     -0.240  0.000e+00
      2.257    30.6602   0.011850     0.0555     2.3110     1.4185          0     54.000  34.293519   995.4994      2.245     -0.278  0.000e+00
      2.160    30.4945   0.011856     0.0556     2.2026     1.4193          0     54.250  34.293521   995.5500      2.148     -0.309  0.000e+00
      2.019    30.3658   0.011856     0.0557     2.3733     1.4254          0     54.500  34.293524   995.5888      2.008     -0.344  0.000e+00
      1.825    30.2925   0.011877     0.0559     2.3713     1.4101          0     54.750  34.293527   995.6104      1.815     -0.387  0.000e+00
      1.695    30.2575   0.011862     0.0558     2.3701     1.4139          0     55.000  34.293530   995.6204      1.686     -0.417  0.000e+00
      1.673    30.2298   0.011868     0.0559     2.4370     1.4193          0     55.250  34.293533   995.6288      1.664     -0.419  0.000e+00
