content/post/ctd_rufiji/SBE19plus_01906740_2018_02_13_0915.cnv
* Sea-Bird SBE19plus  Data File:
* FileName = C:\Users\all user\Desktop\CTD tafiri 2018\SBE19plus_01906740_2018_02_13_0915.hex
* Software version 2.6.3.104
* Temperature SN = 6740
* Conductivity SN = 6740
* System UpLoad Time = Feb 13 2018 14:03:02
* <ApplicationData>
* <Seaterm232>
# nquan = 13
# nvalues = 260                                   
# units = specified
# name 0 = prdM: Pressure, Strain Gauge [db]
# name 1 = tv290C: Temperature [ITS-90, deg C]
# name 2 = c0S/m: Conductivity [S/m]
# name 3 = sal00: Salinity, Practical [PSU]
# name 4 = sbeox0ML/L: Oxygen, SBE 43 [ml/l]
# name 5 = flECO-AFL: Fluorescence, WET Labs ECO-AFL/FL [mg/m^3]
# name 6 = nbf: Bottles Fired
# name 7 = timeS: Time, Elapsed [seconds]
# name 8 = timeJ: Julian Days
# name 9 = density00: Density [density, kg/m^3]
# name 10 = depSM: Depth [salt water, m], lat = 0.00
# name 11 = dz/dtM: Descent Rate [m/s]
# name 12 = flag:  0.000e+00
# span 0 =      0.138,      2.733                 
# span 1 =    28.9051,    30.8641                 
# span 2 =   0.000732,   0.012142                 
# span 3 =     0.0144,     0.0569                 
# span 4 =     1.5752,     7.7762                 
# span 5 =    -0.0860,     1.5657                 
# span 6 =          0,          0                 
# span 7 =      0.000,     64.750                 
# span 8 =  34.292894,  34.293643                 
# span 9 =   995.4317,   996.0068                 
# span 10 =      0.137,      2.718                
# span 11 =     -0.422,      0.345                
# span 12 = 0.0000e+00, 0.0000e+00                
# interval = seconds: 0.25
# start_time = Feb 03 2018 07:01:46 [Instrument's time stamp, header]
# bad_flag = -9.990e-29
*END*
[from data line 223]
      1.695    30.2074   0.011889     0.0560     2.4513     1.4246          0     55.750  34.293539   995.6358      1.686     -0.355  0.000e+00
      1.728    30.2174   0.011898     0.0560     2.5030     1.4208          0     56.000  34.293542   995.6329      1.718     -0.287  0.000e+00
      1.717    30.2343   0.011910     0.0560     2.4953     1.4414          0     56.250  34.293545   995.6277      1.707     -0.194  0.000e+00
      1.609    30.2550   0.011937     0.0561     2.4801     1.4460          0     56.500  34.293547   995.6210      1.600     -0.125  0.000e+00
      1.468    30.3214   0.011960     0.0562     2.4820     1.4399          0     56.750  34.293550   995.6002      1.460     -0.104  0.000e+00
      1.273    30.4142   0.011969     0.0562     2.4910     1.4338          0     57.000  34.293553   995.5710      1.266     -0.164  0.000e+00
      1.111    30.5055   0.011975     0.0561     2.5562     1.4376          0     57.250  34.293556   995.5423      1.105     -0.272  0.000e+00
      1.014    30.5696   0.011963     0.0560     2.5900     1.4048          0     57.500  34.293559   995.5222      1.008     -0.376  0.000e+00
      1.036    30.6013   0.011984     0.0561     2.6065     1.4071          0     57.750  34.293562   995.5125      1.030     -0.422  0.000e+00
      1.068    30.6398   0.011990     0.0561     2.6013     1.4040          0     58.000  34.293565   995.5008      1.062     -0.415  0.000e+00
      1.079    30.6799   0.012011     0.0561     2.5579     1.3994          0     58.250  34.293568   995.4886      1.073     -0.353  0.000e+00
      1.111    30.7112   0.012002     0.0561     2.4983     1.4086          0     58.500  34.293571   995.4791      1.105     -0.243  0.000e+00
      1.111    30.7278   0.011996     0.0560     2.4868     1.4200          0     58.750  34.293573   995.4739      1.105     -0.128  0.000e+00
      1.068    30.7420   0.011957     0.0559     2.5398     1.4208          0     59.000  34.293576   995.4692      1.062     -0.039  0.000e+00
      0.927    30.7602   0.011990     0.0560     4.0431     1.4170          0     59.250  34.293579   995.4631      0.922     -0.025  0.000e+00
      0.754    30.7739   0.011996     0.0560     2.0750     1.3819          0     59.500  34.293582   995.4581      0.750     -0.089  0.000e+00
      0.636    30.7827   0.011996     0.0560     1.9760     1.3910          0     59.750  34.293585   995.4548      0.632     -0.192  0.000e+00
      0.527    30.7901   0.011943     0.0558     1.8835     1.3857          0     60.000  34.293588   995.4519      0.525     -0.293  0.000e+00
      0.549    30.7669   0.011892     0.0556     1.8314     1.3880          0     60.250  34.293591   995.4590      0.546     -0.342  0.000e+00
      0.603    30.5969   0.011883     0.0557     1.8066     1.4017          0     60.500  34.293594   995.5117      0.600     -0.339  0.000e+00
      0.657    30.3363   0.011871     0.0558     1.7883     1.4055          0     60.750  34.293597   995.5918      0.654     -0.280  0.000e+00
      0.700    30.1445   0.011880     0.0560     1.8109     1.4071          0     61.000  34.293600   995.6504      0.697     -0.178  0.000e+00
      0.744    30.0273   0.011883     0.0561     1.8753     1.4055          0     61.250  34.293602   995.6862      0.740     -0.052  0.000e+00
      0.733    29.9609   0.011883     0.0561     2.3974     1.4055          0     61.500  34.293605   995.7062      0.729      0.046  0.000e+00
      0.755    29.9252   0.011889     0.0562     2.4184     1.4223          0     61.750  34.293608   995.7171      0.750      0.105  0.000e+00
      0.733    29.9025   0.011892     0.0562     2.4519     1.4299          0     62.000  34.293611   995.7239      0.729      0.119  0.000e+00
      0.636    29.8877   0.011898     0.0562     2.5237     1.4315          0     62.250  34.293614   995.7279      0.632      0.064  0.000e+00
      0.484    29.8824   0.011895     0.0562     2.4980     1.4322          0     62.500  34.293617   995.7289      0.481     -0.031  0.000e+00
      0.279    29.8831   0.011886     0.0562     2.5856     1.5001          0     62.750  34.293620   995.7277      0.277     -0.159  0.000e+00
      0.160    29.8802   0.011883     0.0562     2.5436     1.5146          0     63.000  34.293623   995.7280      0.159     -0.278  0.000e+00
      0.138    29.8716   0.011544     0.0548     2.5285     1.5100          0     63.250  34.293626   995.7295      0.137     -0.356  0.000e+00
      0.149    29.8646   0.002023     0.0185     2.5282     1.5177          0     63.500  34.293628   995.7043      0.148     -0.379  0.000e+00
      0.160    29.8550   0.001549     0.0169     2.5274    -0.0693          0     63.750  34.293631   995.7061      0.159     -0.363  0.000e+00
      0.149    29.7964   0.001185     0.0158     2.5493    -0.0632          0     64.000  34.293634   995.7228      0.148     -0.305  0.000e+00
      0.160    29.6712   0.000877     0.0149     2.5885    -0.0632          0     64.250  34.293637   995.7597      0.159     -0.211  0.000e+00
      0.170    29.5262   0.000812     0.0147     2.6574    -0.0639          0     64.500  34.293640   995.8028      0.169     -0.108  0.000e+00
      0.149    29.4091   0.000732     0.0144     2.7327    -0.0532          0     64.750  34.293643   995.8374      0.148     -0.030  0.000e+00
