content/post/ctd_rufiji/SBE19plus_01906740_2018_02_13_0898.cnv
* Sea-Bird SBE19plus  Data File:
* FileName = C:\Users\all user\Desktop\CTD tafiri 2018\SBE19plus_01906740_2018_02_13_0898.hex
* Software version 2.6.3.104
* Temperature SN = 6740
* Conductivity SN = 6740
* System UpLoad Time = Feb 13 2018 14:00:11
* <ApplicationData>
* <Seaterm232>
# nquan = 13
# nvalues = 471                                   
# units = specified
# name 0 = prdM: Pressure, Strain Gauge [db]
# name 1 = tv290C: Temperature [ITS-90, deg C]
# name 2 = c0S/m: Conductivity [S/m]
# name 3 = sal00: Salinity, Practical [PSU]
# name 4 = sbeox0ML/L: Oxygen, SBE 43 [ml/l]
# name 5 = flECO-AFL: Fluorescence, WET Labs ECO-AFL/FL [mg/m^3]
# name 6 = nbf: Bottles Fired
# name 7 = timeS: Time, Elapsed [seconds]
# name 8 = timeJ: Julian Days
# name 9 = density00: Density [density, kg/m^3]
# name 10 = depSM: Depth [salt water, m], lat = 0.00
# name 11 = dz/dtM: Descent Rate [m/s]
# name 12 = flag:  0.000e+00
# span 0 =      0.095,      3.155                 
# span 1 =    28.5509,    31.1276                 
# span 2 =   0.069688,   1.599292                 
# span 3 =     0.3038,     8.2484                 
# span 4 =     0.2249,     6.1602                 
# span 5 =    -0.0616,     1.2110                 
# span 6 =          0,          0                 
# span 7 =      0.000,    117.500                 
# span 8 =  33.778102,  33.779462                 
# span 9 =   995.6887,  1001.4989                 
# span 10 =      0.094,      3.137                
# span 11 =     -0.443,      0.238                
# span 12 = 0.0000e+00, 0.0000e+00                
# interval = seconds: 0.25
# start_time = Feb 02 2018 18:40:28 [Instrument's time stamp, header]
# bad_flag = -9.990e-29
*END*
[from data line 334]
      3.090    30.9747   1.556607     8.0098     3.1782     1.0691          0     83.500  33.779068  1001.3213      3.073     -0.010  0.000e+00
      3.068    30.9748   1.554865     8.0001     3.1736     1.0714          0     83.750  33.779071  1001.3140      3.051     -0.020  0.000e+00
      3.090    30.9745   1.558039     8.0179     2.9749     1.1103          0     84.000  33.779074  1001.3273      3.073     -0.015  0.000e+00
      3.079    30.9749   1.557710     8.0160     2.5504     1.1019          0     84.250  33.779077  1001.3257      3.062     -0.011  0.000e+00
      3.100    30.9753   1.555067     8.0012     3.0369     1.1034          0     84.500  33.779080  1001.3147      3.083     -0.005  0.000e+00
      3.090    30.9763   1.551004     7.9784     3.0538     1.1019          0     84.750  33.779083  1001.2974      3.073     -0.006  0.000e+00
      3.100    30.9770   1.550831     7.9773     2.9645     1.0965          0     85.000  33.779086  1001.2964      3.083     -0.004  0.000e+00
      3.090    30.9774   1.550653     7.9762     3.4464     1.0889          0     85.250  33.779089  1001.2955      3.073      0.006  0.000e+00
      3.111    30.9773   1.549795     7.9715     3.5223     1.0889          0     85.500  33.779091  1001.2921      3.094      0.012  0.000e+00
      3.122    30.9776   1.550704     7.9765     3.4175     1.1019          0     85.750  33.779094  1001.2958      3.105      0.020  0.000e+00
      3.111    30.9777   1.554086     7.9953     3.5480     1.0958          0     86.000  33.779097  1001.3097      3.094      0.016  0.000e+00
      3.111    30.9772   1.563465     8.0477     3.9237     1.1179          0     86.250  33.779100  1001.3487      3.094      0.016  0.000e+00
      3.122    30.9763   1.559612     8.0263     3.9459     1.1164          0     86.500  33.779103  1001.3332      3.105      0.014  0.000e+00
      3.111    30.9755   1.559330     8.0249     3.3383     1.1164          0     86.750  33.779106  1001.3323      3.094      0.013  0.000e+00
      3.100    30.9755   1.562130     8.0405     3.0069     1.1179          0     87.000  33.779109  1001.3438      3.083      0.005  0.000e+00
      3.111    30.9750   1.561801     8.0388     2.6764     1.0935          0     87.250  33.779112  1001.3427      3.094      0.003  0.000e+00
      3.122    30.9748   1.575862     8.1172     3.0459     1.0927          0     87.500  33.779115  1001.4011      3.105     -0.001  0.000e+00
      3.144    30.9741   1.580496     8.1432     2.9553     1.0866          0     87.750  33.779117  1001.4206      3.126      0.006  0.000e+00
      3.122    30.9737   1.575891     8.1176     2.5950     1.0874          0     88.000  33.779120  1001.4016      3.105      0.009  0.000e+00
      3.100    30.9737   1.568869     8.0784     2.3678     1.1049          0     88.250  33.779123  1001.3725      3.083      0.003  0.000e+00
      3.122    30.9743   1.568549     8.0765     2.4918     1.1019          0     88.500  33.779126  1001.3710      3.105      0.003  0.000e+00
      3.100    30.9744   1.578945     8.1345     2.5550     1.0996          0     88.750  33.779129  1001.4139      3.083     -0.000  0.000e+00
      3.122    30.9738   1.593109     8.2137     2.6451     1.1087          0     89.000  33.779132  1001.4729      3.105      0.001  0.000e+00
      3.111    30.9730   1.594320     8.2206     2.6694     1.1194          0     89.250  33.779135  1001.4783      3.094     -0.006  0.000e+00
      3.133    30.9724   1.577908     8.1290     2.5458     1.1209          0     89.500  33.779138  1001.4106      3.115     -0.004  0.000e+00
      3.122    30.9729   1.570922     8.0900     2.3472     1.1164          0     89.750  33.779141  1001.3815      3.105     -0.002  0.000e+00
      3.111    30.9734   1.571289     8.0919     2.0653     1.1202          0     90.000  33.779144  1001.3827      3.094      0.004  0.000e+00
      3.100    30.9738   1.577257     8.1252     2.2724     1.1156          0     90.250  33.779146  1001.4072      3.083      0.001  0.000e+00
      3.079    30.9735   1.587859     8.1844     2.1797     1.1225          0     90.500  33.779149  1001.4511      3.062     -0.012  0.000e+00
      3.100    30.9728   1.599292     8.2484     2.2501     1.1194          0     90.750  33.779152  1001.4989      3.083     -0.012  0.000e+00
      3.090    30.9722   1.598861     8.2461     2.3553     1.1187          0     91.000  33.779155  1001.4973      3.073     -0.019  0.000e+00
      3.090    30.9722   1.598076     8.2417     2.3555     1.1171          0     91.250  33.779158  1001.4941      3.073     -0.019  0.000e+00
      3.068    30.9725   1.585130     8.1693     2.4738     1.1347          0     91.500  33.779161  1001.4402      3.051     -0.027  0.000e+00
      3.079    30.9725   1.579398     8.1373     2.5725     1.1293          0     91.750  33.779164  1001.4165      3.062     -0.021  0.000e+00
      3.090    30.9725   1.585711     8.1726     3.4555     1.1324          0     92.000  33.779167  1001.4427      3.073     -0.012  0.000e+00
      3.090    30.9721   1.592915     8.2129     2.7643     1.1286          0     92.250  33.779170  1001.4727      3.073     -0.005  0.000e+00
      3.090    30.9720   1.598137     8.2421     2.9080     1.1332          0     92.500  33.779172  1001.4944      3.073      0.000  0.000e+00
      3.100    30.9718   1.593454     8.2160     2.5795     1.1286          0     92.750  33.779175  1001.4751      3.083      0.001  0.000e+00
      3.133    30.9722   1.594386     8.2211     2.6778     1.1293          0     93.000  33.779178  1001.4790      3.116      0.017  0.000e+00
      3.100    30.9722   1.585607     8.1720     2.6683     1.1324          0     93.250  33.779181  1001.4424      3.083      0.019  0.000e+00
      3.111    30.9721   1.584167     8.1640     2.5459     1.1522          0     93.500  33.779184  1001.4366      3.094      0.022  0.000e+00
      3.100    30.9721   1.579959     8.1405     2.5687     1.1484          0     93.750  33.779187  1001.4191      3.083      0.014  0.000e+00
      3.122    30.9721   1.576527     8.1214     2.3395     1.1522          0     94.000  33.779190  1001.4050      3.105      0.014  0.000e+00
      3.122    30.9723   1.574100     8.1078     1.5515     1.1507          0     94.250  33.779193  1001.3948      3.105      0.014  0.000e+00
      3.133    30.9726   1.571049     8.0907     1.3511     1.1484          0     94.500  33.779196  1001.3821      3.116      0.014  0.000e+00
      3.143    30.9729   1.572913     8.1011     1.3676     1.1423          0     94.750  33.779198  1001.3898      3.126      0.015  0.000e+00
      3.111    30.9728   1.569749     8.0834     1.3485     1.1431          0     95.000  33.779201  1001.3766      3.094      0.007  0.000e+00
      3.133    30.9733   1.561905     8.0396     1.4175     1.1393          0     95.250  33.779204  1001.3440      3.115      0.015  0.000e+00
      3.122    30.9738   1.539097     7.9124     1.5396     1.1438          0     95.500  33.779207  1001.2495      3.105      0.009  0.000e+00
      3.133    30.9747   1.517691     7.7932     1.6892     1.1347          0     95.750  33.779210  1001.1608      3.115      0.009  0.000e+00
      3.122    30.9751   1.519397     7.8026     1.9057     1.1324          0     96.000  33.779213  1001.1676      3.105     -0.000  0.000e+00
      3.133    30.9757   1.524153     7.8290     2.1227     1.1301          0     96.250  33.779216  1001.1870      3.115     -0.000  0.000e+00
      3.133    30.9760   1.522543     7.8200     2.1314     1.1278          0     96.500  33.779219  1001.1803      3.115     -0.001  0.000e+00
      3.122    30.9761   1.526131     7.8399     2.1194     1.1530          0     96.750  33.779222  1001.1950      3.105     -0.002  0.000e+00
      3.143    30.9761   1.504709     7.7208     2.1170     1.1553          0     97.000  33.779225  1001.1067      3.126      0.008  0.000e+00
      3.133    30.9760   1.458606     7.4652     2.1169     1.1591          0     97.250  33.779227  1000.9171      3.115      0.004  0.000e+00
      3.154    30.9764   1.421136     7.2579     2.1152     1.1507          0     97.500  33.779230  1000.7633      3.137      0.011  0.000e+00
      3.143    30.9765   1.431245     7.3137     2.1054     1.1560          0     97.750  33.779233  1000.8046      3.126      0.010  0.000e+00
      3.133    30.9768   1.486582     7.6201     2.1005     1.1690          0     98.000  33.779236  1001.0317      3.115      0.009  0.000e+00
      3.111    30.9772   1.525832     7.8381     2.0964     1.1667          0     98.250  33.779239  1001.1932      3.094     -0.002  0.000e+00
      3.144    30.9767   1.541742     7.9267     2.0897     1.1621          0     98.500  33.779242  1001.2592      3.126      0.000  0.000e+00
      3.111    30.9761   1.544476     7.9420     2.0834     1.1690          0     98.750  33.779245  1001.2707      3.094     -0.007  0.000e+00
      3.090    30.9757   1.552092     7.9845     2.0809     1.1270          0     99.000  33.779248  1001.3022      3.073     -0.022  0.000e+00
      3.046    30.9755   1.543352     7.9359     2.0745     1.1255          0     99.250  33.779251  1001.2660      3.029     -0.040  0.000e+00
      3.003    30.9749   1.491918     7.6500     2.0747     1.1278          0     99.500  33.779253  1001.0540      2.986     -0.066  0.000e+00
      2.992    30.9754   1.522669     7.8208     2.1372     1.1293          0     99.750  33.779256  1001.1804      2.976     -0.079  0.000e+00
      3.003    30.9768   1.533388     7.8802     2.0943     1.0820          0    100.000  33.779259  1001.2241      2.986     -0.081  0.000e+00
      3.035    30.9779   1.518777     7.7987     2.0799     1.0813          0    100.250  33.779262  1001.1635      3.019     -0.070  0.000e+00
      3.046    30.9817   1.483906     7.6045     2.0871     1.0805          0    100.500  33.779265  1001.0182      3.030     -0.056  0.000e+00
      3.057    30.9887   1.467998     7.5153     2.1522     1.0752          0    100.750  33.779268  1000.9498      3.040     -0.025  0.000e+00
      3.068    30.9953   1.458831     7.4635     2.4428     1.0813          0    101.000  33.779271  1000.9094      3.051      0.005  0.000e+00
      3.079    30.9998   1.475227     7.5537     2.3542     1.0858          0    101.250  33.779274  1000.9749      3.062      0.033  0.000e+00
      3.090    31.0013   1.468616     7.5168     2.3077     1.0805          0    101.500  33.779277  1000.9471      3.073      0.051  0.000e+00
      3.122    31.0042   1.441934     7.3687     2.3053     1.0851          0    101.750  33.779280  1000.8365      3.105      0.059  0.000e+00
      3.111    31.0079   1.428612     7.2946     2.2922     1.0759          0    102.000  33.779282  1000.7803      3.094      0.053  0.000e+00
      3.100    31.0130   1.394360     7.1049     2.2764     1.0599          0    102.250  33.779285  1000.6379      3.083      0.040  0.000e+00
      3.057    31.0196   1.383911     7.0465     2.2351     1.0477          0    102.500  33.779288  1000.5922      3.040      0.020  0.000e+00
      3.035    31.0255   1.375272     6.9981     2.1886     1.0576          0    102.750  33.779291  1000.5544      3.019     -0.004  0.000e+00
      2.960    31.0309   1.361447     6.9214     2.1599     1.0584          0    103.000  33.779294  1000.4954      2.943     -0.043  0.000e+00
      2.830    31.0353   1.362773     6.9281     2.2635     1.0446          0    103.250  33.779297  1000.4984      2.814     -0.107  0.000e+00
      2.679    31.0380   1.352082     6.8690     2.2334     1.0431          0    103.500  33.779300  1000.4531      2.664     -0.192  0.000e+00
      2.582    31.0408   1.321463     6.7007     2.1318     1.0439          0    103.750  33.779303  1000.3269      2.567     -0.273  0.000e+00
      2.506    31.0454   1.287555     6.5147     2.1212     1.0469          0    104.000  33.779306  1000.1871      2.492     -0.329  0.000e+00
      2.495    31.0525   1.260452     6.3659     2.1232     1.0820          0    104.250  33.779308  1000.0744      2.481     -0.351  0.000e+00
      2.430    31.0604   1.246016     6.2862     2.1188     1.0851          0    104.500  33.779311  1000.0125      2.417     -0.352  0.000e+00
      2.333    31.0682   1.210406     6.0917     2.1320     1.0866          0    104.750  33.779314   999.8652      2.320     -0.349  0.000e+00
      2.257    31.0789   1.182208     5.9376     2.1302     1.0805          0    105.000  33.779317   999.7471      2.245     -0.326  0.000e+00
      2.181    31.0921   1.162804     5.8311     2.1472     1.1110          0    105.250  33.779320   999.6635      2.169     -0.296  0.000e+00
      2.095    31.1055   1.147953     5.7493     2.1805     1.1080          0    105.500  33.779323   999.5983      2.083     -0.280  0.000e+00
      2.030    31.1139   1.145418     5.7347     2.2159     1.1080          0    105.750  33.779326   999.5844      2.019     -0.283  0.000e+00
      1.868    31.1150   1.122909     5.6133     2.2065     1.1003          0    106.000  33.779329   999.4933      1.857     -0.318  0.000e+00
      1.673    31.1079   1.087618     5.4243     2.2049     1.1003          0    106.250  33.779332   999.3544      1.664     -0.383  0.000e+00
      1.598    31.0895   1.065404     5.3071     2.2121     1.1431          0    106.500  33.779334   999.2729      1.589     -0.416  0.000e+00
      1.576    31.0673   1.016406     5.0472     2.2248     1.1454          0    106.750  33.779337   999.0869      1.567     -0.417  0.000e+00
      1.554    31.0485   0.939323     4.6388     2.2340     1.1408          0    107.000  33.779340   998.7896      1.546     -0.399  0.000e+00
      1.565    31.0357   0.923207     4.5545     2.2402     1.1438          0    107.250  33.779343   998.7311      1.556     -0.351  0.000e+00
      1.533    31.0279   0.892366     4.3921     2.2395     1.1576          0    107.500  33.779346   998.6128      1.524     -0.291  0.000e+00
      1.435    31.0229   0.886336     4.3607     2.2422     1.1576          0    107.750  33.779349   998.5906      1.427     -0.243  0.000e+00
      1.327    31.0201   0.887003     4.3645     2.2414     1.1576          0    108.000  33.779352   998.5938      1.320     -0.201  0.000e+00
      1.241    31.0170   0.860050     4.2226     2.2411     1.1522          0    108.250  33.779355   998.4890      1.234     -0.190  0.000e+00
      1.122    31.0102   0.833505     4.0836     2.2343     1.1934          0    108.500  33.779358   998.3873      1.116     -0.233  0.000e+00
      1.003    30.9971   0.805613     3.9384     4.3694     1.1965          0    108.750  33.779361   998.2830      0.997     -0.296  0.000e+00
      0.841    30.9694   0.725967     3.5250     2.8063     1.1919          0    109.000  33.779363   997.9838      0.836     -0.370  0.000e+00
      0.733    30.9239   0.737810     3.5898     2.3885     1.1896          0    109.250  33.779366   998.0458      0.729     -0.432  0.000e+00
      0.700    30.8969   0.731363     3.5582     2.2263     1.1766          0    109.500  33.779369   998.0306      0.696     -0.443  0.000e+00
      0.700    30.8805   0.713555     3.4667     2.0831     1.1744          0    109.750  33.779372   997.9678      0.696     -0.408  0.000e+00
      0.722    30.8623   0.699833     3.3967     1.9448     1.1774          0    110.000  33.779375   997.9215      0.718     -0.344  0.000e+00
      0.733    30.8435   0.690268     3.3483     1.8182     1.1766          0    110.250  33.779378   997.8915      0.729     -0.265  0.000e+00
      0.733    30.8251   0.681839     3.3059     1.6973     1.1782          0    110.500  33.779381   997.8657      0.729     -0.176  0.000e+00
      0.754    30.8087   0.676958     3.2817     1.5788     1.1667          0    110.750  33.779384   997.8529      0.750     -0.087  0.000e+00
