content/post/ctd_rufiji/SBE19plus_01906740_2018_02_13_0895.cnv
* Sea-Bird SBE19plus  Data File:
* FileName = C:\Users\all user\Desktop\CTD tafiri 2018\SBE19plus_01906740_2018_02_13_0895.hex
* Software version 2.6.3.104
* Temperature SN = 6740
* Conductivity SN = 6740
* System UpLoad Time = Feb 13 2018 13:59:38
* <ApplicationData>
* <Seaterm232>
# nquan = 13
# nvalues = 528                                   
# units = specified
# name 0 = prdM: Pressure, Strain Gauge [db]
# name 1 = tv290C: Temperature [ITS-90, deg C]
# name 2 = c0S/m: Conductivity [S/m]
# name 3 = sal00: Salinity, Practical [PSU]
# name 4 = sbeox0ML/L: Oxygen, SBE 43 [ml/l]
# name 5 = flECO-AFL: Fluorescence, WET Labs ECO-AFL/FL [mg/m^3]
# name 6 = nbf: Bottles Fired
# name 7 = timeS: Time, Elapsed [seconds]
# name 8 = timeJ: Julian Days
# name 9 = density00: Density [density, kg/m^3]
# name 10 = depSM: Depth [salt water, m], lat = 0.00
# name 11 = dz/dtM: Descent Rate [m/s]
# name 12 = flag:  0.000e+00
# span 0 =      0.073,      6.408                 
# span 1 =    29.8510,    31.0886                 
# span 2 =   0.003019,   2.527503                 
# span 3 =     0.0219,    13.5960                 
# span 4 =     1.2912,     4.3857                 
# span 5 =    -0.4401,     1.8602                 
# span 6 =          0,          0                 
# span 7 =      0.000,    131.750                 
# span 8 =  33.766065,  33.767590                 
# span 9 =   995.7123,  1005.4935                 
# span 10 =      0.072,      6.373                
# span 11 =     -0.663,      0.270                
# span 12 = 0.0000e+00, 0.0000e+00                
# interval = seconds: 0.25
# start_time = Feb 02 2018 18:23:08 [Instrument's time stamp, header]
# bad_flag = -9.990e-29
*END*
[from data line 445]
      4.527    30.8963   2.525359    13.5835     2.2979     1.6123          0    111.250  33.767352  1005.4867      4.502     -0.391  0.000e+00
      4.376    30.8961   2.525783    13.5861     2.3061     1.6214          0    111.500  33.767355  1005.4880      4.352     -0.422  0.000e+00
      4.192    30.8967   2.526897    13.5925     2.3094     1.4734          0    111.750  33.767358  1005.4918      4.169     -0.491  0.000e+00
      4.030    30.8971   2.527503    13.5960     2.3036     1.4681          0    112.000  33.767361  1005.4935      4.008     -0.580  0.000e+00
      3.932    30.8983   2.526770    13.5914     2.3033     1.4772          0    112.250  33.767364  1005.4893      3.911     -0.636  0.000e+00
      3.932    30.9002   2.525105    13.5811     2.3086     1.4727          0    112.500  33.767367  1005.4810      3.911     -0.616  0.000e+00
      3.922    30.9024   2.523502    13.5710     2.3108     1.3124          0    112.750  33.767370  1005.4728      3.900     -0.531  0.000e+00
      3.922    30.9046   2.523458    13.5702     2.3100     1.3147          0    113.000  33.767373  1005.4715      3.900     -0.411  0.000e+00
      3.889    30.9064   2.518760    13.5420     2.3123     1.3094          0    113.250  33.767376  1005.4499      3.868     -0.303  0.000e+00
      3.792    30.9092   2.518148    13.5377     2.3083     1.3140          0    113.500  33.767378  1005.4453      3.771     -0.231  0.000e+00
      3.630    30.9109   2.521238    13.5554     2.3076     1.2560          0    113.750  33.767381  1005.4572      3.610     -0.204  0.000e+00
      3.489    30.9109   2.521540    13.5572     2.3154     1.2522          0    114.000  33.767384  1005.4579      3.470     -0.226  0.000e+00
      3.403    30.9104   2.519046    13.5427     2.3176     1.2499          0    114.250  33.767387  1005.4469      3.384     -0.278  0.000e+00
      3.305    30.9106   2.518958    13.5421     2.3152     1.2506          0    114.500  33.767390  1005.4460      3.287     -0.346  0.000e+00
      3.154    30.9109   2.518914    13.5418     2.3215     1.2552          0    114.750  33.767393  1005.4450      3.137     -0.413  0.000e+00
      2.981    30.9113   2.511435    13.4977     2.3270     1.2300          0    115.000  33.767396  1005.4114      2.965     -0.478  0.000e+00
      2.830    30.9141   2.506580    13.4685     2.3280     1.2293          0    115.250  33.767399  1005.3881      2.814     -0.520  0.000e+00
      2.765    30.9181   2.494652    13.3973     2.3327     1.2255          0    115.500  33.767402  1005.3338      2.750     -0.518  0.000e+00
      2.754    30.9250   2.486991    13.3505     2.3384     1.2270          0    115.750  33.767405  1005.2967      2.739     -0.476  0.000e+00
      2.786    30.9333   2.484634    13.3344     2.3387     1.1476          0    116.000  33.767407  1005.2823      2.771     -0.411  0.000e+00
      2.776    30.9391   2.485155    13.3359     2.3385     1.1408          0    116.250  33.767410  1005.2815      2.760     -0.339  0.000e+00
      2.646    30.9426   2.483281    13.3240     2.3420     1.1446          0    116.500  33.767413  1005.2709      2.631     -0.282  0.000e+00
      2.451    30.9444   2.483385    13.3241     2.3414     1.1400          0    116.750  33.767416  1005.2696      2.438     -0.260  0.000e+00
      2.257    30.9451   2.483401    13.3241     2.3429     1.1568          0    117.000  33.767419  1005.2685      2.244     -0.283  0.000e+00
      2.084    30.9443   2.477515    13.2898     2.3406     1.1576          0    117.250  33.767422  1005.2425      2.072     -0.350  0.000e+00
      1.986    30.9442   2.461736    13.1973     2.3457     1.1553          0    117.500  33.767425  1005.1735      1.975     -0.434  0.000e+00
      1.824    30.9481   2.435453    13.0424     2.3454     1.1576          0    117.750  33.767428  1005.0566      1.814     -0.526  0.000e+00
      1.597    30.9625   2.392664    12.7885     2.3514     1.1324          0    118.000  33.767431  1004.8627      1.588     -0.620  0.000e+00
      1.457    30.9860   2.373326    12.6697     2.3532     1.1309          0    118.250  33.767433  1004.7663      1.449     -0.663  0.000e+00
      1.392    31.0087   2.341075    12.4760     2.3592     1.1316          0    118.500  33.767436  1004.6150      1.384     -0.639  0.000e+00
      1.294    31.0324   2.306038    12.2665     2.3657     1.1332          0    118.750  33.767439  1004.4515      1.287     -0.591  0.000e+00
      1.154    31.0577   2.301839    12.2359     2.3674     1.1309          0    119.000  33.767442  1004.4201      1.148     -0.556  0.000e+00
      0.970    31.0750   2.277659    12.0915     2.3725     1.1263          0    119.250  33.767445  1004.3065      0.965     -0.548  0.000e+00
      0.786    31.0832   2.237077    11.8547     2.6064     1.1278          0    119.500  33.767448  1004.1275      0.782     -0.561  0.000e+00
      0.700    31.0864   2.169408    11.4634     2.4650     1.1332          0    119.750  33.767451  1003.8359      0.696     -0.543  0.000e+00
      0.689    31.0801   2.030696    10.6686     2.4173     1.1324          0    120.000  33.767454  1003.2485      0.685     -0.496  0.000e+00
      0.678    31.0653   2.064520    10.8654     2.4053     1.2636          0    120.250  33.767457  1003.3992      0.674     -0.452  0.000e+00
      0.667    31.0600   2.135961    11.2769     2.3902     1.2690          0    120.500  33.767459  1003.7060      0.664     -0.397  0.000e+00
      0.700    31.0699   2.168567    11.4624     2.3770     1.2690          0    120.750  33.767462  1003.8405      0.696     -0.301  0.000e+00
      0.710    31.0834   2.202302    11.6538     2.3676     1.2651          0    121.000  33.767465  1003.9781      0.706     -0.190  0.000e+00
      0.732    31.0886   1.935447    10.1234     2.3792     1.2644          0    121.250  33.767468  1002.8418      0.728     -0.080  0.000e+00
      0.743    31.0548   1.389782     7.0740     2.4109     1.2720          0    121.500  33.767471  1000.5912      0.739     -0.001  0.000e+00
      0.743    30.9863   1.228349     6.1994     2.4750     1.2667          0    121.750  33.767474   999.9641      0.739      0.032  0.000e+00
      0.721    30.9331   1.344841     6.8437     2.4762     1.2659          0    122.000  33.767477  1000.4590      0.717      0.034  0.000e+00
      0.721    30.9088   1.297481     6.5870     2.4750     1.2674          0    122.250  33.767480  1000.2762      0.717      0.030  0.000e+00
      0.721    30.8962   1.333844     6.7882     2.4697     1.2903          0    122.500  33.767483  1000.4296      0.717      0.021  0.000e+00
      0.743    30.8912   1.237295     6.2600     2.4743     1.2873          0    122.750  33.767486  1000.0392      0.739      0.011  0.000e+00
      0.754    30.8780   1.042884     5.2084     2.4842     1.2896          0    123.000  33.767488   999.2628      0.749      0.009  0.000e+00
      0.711    30.8534   0.955914     4.7453     2.4822     1.2911          0    123.250  33.767491   998.9264      0.707     -0.004  0.000e+00
      0.700    30.8305   0.941294     4.6695     2.4834     1.2613          0    123.500  33.767494   998.8773      0.696     -0.012  0.000e+00
      0.635    30.8174   0.967747     4.8119     2.4660     1.2712          0    123.750  33.767497   998.9869      0.631     -0.032  0.000e+00
      0.559    30.8136   1.006444     5.0194     2.4475     1.2567          0    124.000  33.767500   999.1419      0.556     -0.066  0.000e+00
      0.451    30.8150   0.992169     4.9428     2.4302     1.2636          0    124.250  33.767503   999.0840      0.449     -0.123  0.000e+00
      0.408    30.8167   1.073542     5.3800     2.6292     1.4666          0    124.500  33.767506   999.4080      0.406     -0.173  0.000e+00
      0.364    30.8234   1.066710     5.3424     2.3976     1.4597          0    124.750  33.767509   999.3778      0.362     -0.214  0.000e+00
      0.321    30.8262   1.010897     5.0420     2.3721     1.4566          0    125.000  33.767512   999.1537      0.320     -0.236  0.000e+00
      0.256    30.8218   0.976746     4.8596     2.3632     1.4582          0    125.250  33.767514   999.0193      0.255     -0.243  0.000e+00
      0.224    30.8139   0.957160     4.7557     2.3493     0.4793          0    125.500  33.767517   998.9444      0.223     -0.240  0.000e+00
      0.148    30.8074   0.966568     4.8066     2.3099     0.4717          0    125.750  33.767520   998.9839      0.147     -0.228  0.000e+00
      0.094    30.8042   0.849443     4.1845     2.3064     0.4808          0    126.000  33.767523   998.5226      0.094     -0.216  0.000e+00
      0.083    30.7997   0.230917     1.0499     2.3454     0.4793          0    126.250  33.767526   996.1904      0.083     -0.196  0.000e+00
      0.191    30.7869   0.744817     3.6362     2.3903     0.4824          0    126.500  33.767529   998.1208      0.190     -0.151  0.000e+00
      0.170    30.7858   0.908916     4.5013     2.3599    -0.0311          0    126.750  33.767532   998.7640      0.169     -0.110  0.000e+00
      0.170    30.7883   0.924308     4.5830     2.3603    -0.0296          0    127.000  33.767535   998.8239      0.169     -0.066  0.000e+00
      0.202    30.7897   0.933695     4.6328     2.3677    -0.0403          0    127.250  33.767538   998.8607      0.201     -0.016  0.000e+00
      0.159    30.7899   0.935441     4.6421     2.3883    -0.0296          0    127.500  33.767541   998.8673      0.158      0.009  0.000e+00
      0.094    30.7897   0.934668     4.6380     2.3752    -0.0410          0    127.750  33.767543   998.8640      0.094      0.013  0.000e+00
      0.127    30.7896   0.908554     4.4990     2.3979    -0.0426          0    128.000  33.767546   998.7610      0.126      0.009  0.000e+00
      0.213    30.7886   0.527103     2.5141     2.4046    -0.0441          0    128.250  33.767549   997.2857      0.212      0.011  0.000e+00
      0.278    30.7891   0.175379     0.7870     2.4209    -0.0426          0    128.500  33.767552   995.9983      0.277      0.019  0.000e+00
      0.289    30.7894   0.741702     3.6198     2.4079    -0.0365          0    128.750  33.767555   998.1083      0.287      0.053  0.000e+00
      0.300    30.7877   0.923591     4.5792     2.3939    -0.0441          0    129.000  33.767558   998.8219      0.298      0.076  0.000e+00
      0.246    30.7857   0.930872     4.6182     2.4115    -0.0426          0    129.250  33.767561   998.8512      0.244      0.076  0.000e+00
      0.148    30.7860   0.934149     4.6356     2.4157    -0.0395          0    129.500  33.767564   998.8637      0.148      0.056  0.000e+00
      0.094    30.7893   0.930091     4.6137     2.4157    -0.0242          0    129.750  33.767567   998.8461      0.094      0.010  0.000e+00
      0.094    30.7939   0.858111     4.2312     2.4158    -0.0265          0    130.000  33.767569   998.5605      0.094     -0.053  0.000e+00
      0.073    30.7932   0.182668     0.8211     2.4700    -0.0273          0    130.250  33.767572   996.0216      0.072     -0.110  0.000e+00
      0.084    30.7728   0.137116     0.6089     2.4508    -0.0296          0    130.500  33.767575   995.8694      0.083     -0.133  0.000e+00
      0.084    30.7381   0.162479     0.7273     4.3857    -0.0288          0    130.750  33.767578   995.9686      0.083     -0.125  0.000e+00
      0.084    30.6852   0.144288     0.6432     2.8149    -0.0685          0    131.000  33.767581   995.9221      0.083     -0.100  0.000e+00
      0.094    30.6285   0.140938     0.6284     2.6462    -0.0700          0    131.250  33.767584   995.9285      0.094     -0.055  0.000e+00
      0.073    30.5727   0.118552     0.5255     2.5665    -0.0647          0    131.500  33.767587   995.8687      0.072     -0.021  0.000e+00
      0.105    30.5096   0.146726     0.6568     2.4769    -0.0654          0    131.750  33.767590   995.9864      0.105      0.002  0.000e+00
