content/post/ctd_rufiji/SBE19plus_01906740_2018_02_13_0900.cnv
* Sea-Bird SBE19plus  Data File:
* FileName = C:\Users\all user\Desktop\CTD tafiri 2018\SBE19plus_01906740_2018_02_13_0900.hex
* Software version 2.6.3.104
* Temperature SN = 6740
* Conductivity SN = 6740
* System UpLoad Time = Feb 13 2018 14:00:32
* <ApplicationData>
* <Seaterm232>
# nquan = 13
# nvalues = 318                                   
# units = specified
# name 0 = prdM: Pressure, Strain Gauge [db]
# name 1 = tv290C: Temperature [ITS-90, deg C]
# name 2 = c0S/m: Conductivity [S/m]
# name 3 = sal00: Salinity, Practical [PSU]
# name 4 = sbeox0ML/L: Oxygen, SBE 43 [ml/l]
# name 5 = flECO-AFL: Fluorescence, WET Labs ECO-AFL/FL [mg/m^3]
# name 6 = nbf: Bottles Fired
# name 7 = timeS: Time, Elapsed [seconds]
# name 8 = timeJ: Julian Days
# name 9 = density00: Density [density, kg/m^3]
# name 10 = depSM: Depth [salt water, m], lat = 0.00
# name 11 = dz/dtM: Descent Rate [m/s]
# name 12 = flag:  0.000e+00
# span 0 =      0.072,      3.467                 
# span 1 =    29.7829,    30.6508                 
# span 2 =   0.030449,   0.207009                 
# span 3 =     0.1339,     0.9450                 
# span 4 =    -0.0392,     8.4541                 
# span 5 =    -0.0372,     2.6133                 
# span 6 =          0,          0                 
# span 7 =      0.000,     79.250                 
# span 8 =  33.786481,  33.787399                 
# span 9 =   995.7400,   996.2646                 
# span 10 =      0.071,      3.448                
# span 11 =     -0.571,      0.406                
# span 12 = 0.0000e+00, 0.0000e+00                
# interval = seconds: 0.25
# start_time = Feb 02 2018 18:52:32 [Instrument's time stamp, header]
# bad_flag = -9.990e-29
*END*
[from data line 112]
      1.196    30.6213   0.136250     0.6067     1.9406     2.1082          0     28.000  33.786806   995.9194      1.190      0.004  0.000e+00
      1.207    30.6204   0.136221     0.6066     1.9361     2.1097          0     28.250  33.786808   995.9197      1.201      0.003  0.000e+00
      1.207    30.6202   0.136184     0.6064     1.9266     2.1090          0     28.500  33.786811   995.9196      1.201      0.002  0.000e+00
      1.218    30.6195   0.136152     0.6063     1.9238     2.1311          0     28.750  33.786814   995.9198      1.211      0.003  0.000e+00
      1.250    30.6186   0.136140     0.6062     1.9137     2.1258          0     29.000  33.786817   995.9201      1.243      0.011  0.000e+00
      1.218    30.6169   0.136162     0.6063     1.9045     2.1311          0     29.250  33.786820   995.9206      1.211      0.013  0.000e+00
      1.239    30.6149   0.136121     0.6062     1.8917     2.1250          0     29.500  33.786823   995.9212      1.232      0.019  0.000e+00
      1.207    30.6127   0.136077     0.6060     1.8818     2.1036          0     29.750  33.786826   995.9216      1.200      0.013  0.000e+00
      1.196    30.6090   0.136020     0.6058     1.8707     2.1021          0     30.000  33.786829   995.9225      1.190      0.004  0.000e+00
      1.207    30.6055   0.136017     0.6058     1.8612     2.1052          0     30.250  33.786832   995.9237      1.200     -0.005  0.000e+00
      1.218    30.6030   0.136026     0.6059     1.8538     2.1006          0     30.500  33.786834   995.9245      1.211     -0.007  0.000e+00
      1.240    30.6019   0.136032     0.6059     1.8435     2.1380          0     30.750  33.786837   995.9250      1.233     -0.005  0.000e+00
      1.240    30.6011   0.136004     0.6058     1.8379     2.1395          0     31.000  33.786840   995.9252      1.233     -0.001  0.000e+00
      1.207    30.6002   0.135973     0.6057     1.8267     2.1402          0     31.250  33.786843   995.9252      1.201      0.003  0.000e+00
      1.218    30.5973   0.135973     0.6057     1.8200     2.1380          0     31.500  33.786846   995.9262      1.211      0.002  0.000e+00
      1.218    30.5940   0.135995     0.6058     1.8110     2.1250          0     31.750  33.786849   995.9273      1.212      0.009  0.000e+00
      1.240    30.5935   0.135998     0.6059     1.8029     2.1258          0     32.000  33.786852   995.9276      1.233      0.012  0.000e+00
      1.251    30.5931   0.136014     0.6059     1.8008     2.1273          0     32.250  33.786855   995.9278      1.244      0.012  0.000e+00
      1.240    30.5894   0.136070     0.6062     1.7906     2.1311          0     32.500  33.786858   995.9291      1.233      0.009  0.000e+00
      1.218    30.5862   0.136089     0.6064     1.7930     2.1265          0     32.750  33.786861   995.9301      1.212      0.002  0.000e+00
      1.218    30.5723   0.136070     0.6064     1.7848     2.1273          0     33.000  33.786863   995.9344      1.212      0.002  0.000e+00
      1.229    30.5231   0.136017     0.6068     1.7882     2.1235          0     33.250  33.786866   995.9498      1.223      0.006  0.000e+00
      1.219    30.4905   0.136051     0.6073     1.7768     2.1242          0     33.500  33.786869   995.9602      1.212     -0.003  0.000e+00
      1.240    30.4822   0.136045     0.6074     1.7762     2.1273          0     33.750  33.786872   995.9629      1.233     -0.003  0.000e+00
      1.262    30.4840   0.136029     0.6073     1.7656     2.1395          0     34.000  33.786875   995.9624      1.255      0.002  0.000e+00
      1.262    30.4787   0.136089     0.6076     1.7622     2.1372          0     34.250  33.786878   995.9643      1.255      0.010  0.000e+00
      1.229    30.4697   0.136158     0.6081     1.7600     2.1425          0     34.500  33.786881   995.9672      1.223      0.012  0.000e+00
      1.229    30.4695   0.136168     0.6081     1.7531     2.1372          0     34.750  33.786884   995.9673      1.223      0.012  0.000e+00
      1.219    30.4566   0.136140     0.6081     1.7505     2.1296          0     35.000  33.786887   995.9712      1.212      0.003  0.000e+00
      1.219    30.4228   0.136089     0.6083     1.7468     2.1326          0     35.250  33.786889   995.9817      1.212     -0.006  0.000e+00
      1.219    30.4077   0.136064     0.6084     1.7468     2.1311          0     35.500  33.786892   995.9864      1.212     -0.012  0.000e+00
      1.240    30.4059   0.136058     0.6084     1.7387     2.1288          0     35.750  33.786895   995.9870      1.233     -0.015  0.000e+00
      1.240    30.4091   0.136058     0.6083     1.7301     2.1296          0     36.000  33.786898   995.9860      1.233     -0.012  0.000e+00
      1.251    30.4063   0.136136     0.6087     1.7309     2.1196          0     36.250  33.786901   995.9872      1.244      0.001  0.000e+00
      1.251    30.4029   0.136203     0.6091     1.7290     2.1311          0     36.500  33.786904   995.9885      1.244      0.014  0.000e+00
      1.218    30.4049   0.136184     0.6090     1.7233     2.1181          0     36.750  33.786907   995.9877      1.212      0.009  0.000e+00
      1.197    30.3780   0.136162     0.6092     1.7267     2.1265          0     37.000  33.786910   995.9960      1.190     -0.001  0.000e+00
      1.208    30.3535   0.136133     0.6093     1.7187     2.1135          0     37.250  33.786913   996.0036      1.201     -0.009  0.000e+00
      1.229    30.3395   0.136133     0.6095     1.7180     2.1120          0     37.500  33.786916   996.0081      1.222     -0.012  0.000e+00
      1.251    30.3400   0.136121     0.6094     1.7208     2.1181          0     37.750  33.786918   996.0081      1.244     -0.009  0.000e+00
      1.251    30.3473   0.136127     0.6094     1.7184     2.1174          0     38.000  33.786921   996.0058      1.244     -0.001  0.000e+00
      1.251    30.3496   0.136177     0.6096     1.7212     2.1044          0     38.250  33.786924   996.0052      1.244      0.006  0.000e+00
      1.229    30.3551   0.136184     0.6096     1.7238     2.0968          0     38.500  33.786927   996.0034      1.222      0.011  0.000e+00
      1.229    30.3574   0.136171     0.6095     1.7296     2.1059          0     38.750  33.786930   996.0026      1.222      0.016  0.000e+00
      1.207    30.3343   0.136152     0.6097     1.7306     2.1006          0     39.000  33.786933   996.0098      1.201      0.007  0.000e+00
      1.207    30.3179   0.136162     0.6099     1.7352     2.1265          0     39.250  33.786936   996.0149      1.201     -0.009  0.000e+00
      1.250    30.3133   0.136146     0.6099     1.7298     2.1265          0     39.500  33.786939   996.0165      1.244     -0.010  0.000e+00
      1.261    30.3124   0.136133     0.6098     1.7314     2.1311          0     39.750  33.786942   996.0168      1.254     -0.004  0.000e+00
      1.229    30.3168   0.136114     0.6097     1.7301     2.1311          0     40.000  33.786944   996.0152      1.222     -0.002  0.000e+00
      1.240    30.3192   0.136133     0.6097     1.7323     2.1135          0     40.250  33.786947   996.0146      1.233      0.004  0.000e+00
      1.229    30.3182   0.136133     0.6098     1.7349     2.1143          0     40.500  33.786950   996.0148      1.222      0.009  0.000e+00
      1.229    30.3199   0.136143     0.6098     1.7360     2.1196          0     40.750  33.786953   996.0143      1.222      0.007  0.000e+00
      1.218    30.3238   0.136133     0.6097     1.7363     2.1166          0     41.000  33.786956   996.0130      1.211      0.003  0.000e+00
      1.207    30.3276   0.136114     0.6096     1.7383     2.1151          0     41.250  33.786959   996.0117      1.200     -0.011  0.000e+00
      1.239    30.3273   0.136108     0.6095     1.7367     2.1402          0     41.500  33.786962   996.0120      1.233     -0.016  0.000e+00
      1.250    30.3251   0.136102     0.6095     1.7428     2.1326          0     41.750  33.786965   996.0127      1.243     -0.006  0.000e+00
      1.250    30.3242   0.136083     0.6095     1.7438     2.1364          0     42.000  33.786968   996.0129      1.243      0.008  0.000e+00
      1.239    30.3218   0.136089     0.6095     1.7386     2.1303          0     42.250  33.786970   996.0136      1.232      0.008  0.000e+00
      1.250    30.3163   0.136108     0.6097     1.7386     2.1090          0     42.500  33.786973   996.0154      1.243      0.015  0.000e+00
      1.239    30.3103   0.136114     0.6098     1.7416     2.1052          0     42.750  33.786976   996.0173      1.232      0.014  0.000e+00
      1.218    30.3061   0.136102     0.6098     1.7465     2.0983          0     43.000  33.786979   996.0185      1.211      0.007  0.000e+00
      1.218    30.3052   0.136074     0.6096     1.7478     2.0975          0     43.250  33.786982   996.0187      1.211     -0.003  0.000e+00
      1.228    30.3067   0.136058     0.6095     1.7430     2.1433          0     43.500  33.786985   996.0182      1.222     -0.014  0.000e+00
      1.250    30.3090   0.136039     0.6094     1.7470     2.1380          0     43.750  33.786988   996.0175      1.243     -0.009  0.000e+00
      1.250    30.3108   0.136039     0.6094     1.7459     2.1418          0     44.000  33.786991   996.0169      1.243     -0.002  0.000e+00
      1.250    30.3110   0.136070     0.6096     1.7450     2.1380          0     44.250  33.786994   996.0170      1.243      0.005  0.000e+00
      1.250    30.3099   0.136083     0.6096     1.7468     2.1364          0     44.500  33.786997   996.0174      1.243      0.009  0.000e+00
      1.239    30.3087   0.136080     0.6096     1.7421     2.1311          0     44.750  33.786999   996.0177      1.232      0.012  0.000e+00
      1.218    30.3078   0.136058     0.6095     1.7398     2.1296          0     45.000  33.787002   996.0178      1.211      0.007  0.000e+00
      1.250    30.3084   0.136039     0.6094     1.7342     2.1196          0     45.250  33.787005   996.0177      1.243      0.005  0.000e+00
      1.261    30.3098   0.136023     0.6093     1.7344     2.1326          0     45.500  33.787008   996.0172      1.254      0.004  0.000e+00
      1.229    30.3109   0.136051     0.6095     1.7299     2.1273          0     45.750  33.787011   996.0169      1.222     -0.006  0.000e+00
      1.250    30.3108   0.136064     0.6095     1.7291     2.1296          0     46.000  33.787014   996.0170      1.243     -0.002  0.000e+00
      1.229    30.3098   0.136064     0.6095     1.7229     2.1227          0     46.250  33.787017   996.0172      1.222     -0.004  0.000e+00
      1.196    30.3088   0.136121     0.6098     1.7285     2.1227          0     46.500  33.787020   996.0176      1.190     -0.014  0.000e+00
      1.099    30.3067   0.136127     0.6099     1.7296     2.1097          0     46.750  33.787023   996.0179      1.093     -0.045  0.000e+00
      0.937    30.2984   0.136127     0.6100     1.7220     2.1128          0     47.000  33.787025   996.0197      0.932     -0.114  0.000e+00
      0.785    30.2762   0.136140     0.6103     1.9133     2.1135          0     47.250  33.787028   996.0261      0.781     -0.210  0.000e+00
      0.666    30.2620   0.136244     0.6109     1.8793     2.1166          0     47.500  33.787031   996.0304      0.663     -0.298  0.000e+00
      0.569    30.2814   0.136275     0.6109     2.1134     2.1158          0     47.750  33.787034   996.0240      0.566     -0.369  0.000e+00
      0.515    30.3390   0.136395     0.6107     1.7062     2.1151          0     48.000  33.787037   996.0060      0.512     -0.420  0.000e+00
      0.526    30.3539   0.136464     0.6109     1.7805     2.1181          0     48.250  33.787040   996.0016      0.523     -0.412  0.000e+00
      0.591    30.2952   0.136464     0.6116     1.7705     2.1082          0     48.500  33.787043   996.0204      0.588     -0.347  0.000e+00
      0.731    30.2497   0.136486     0.6122     1.6088     2.1174          0     48.750  33.787046   996.0354      0.727     -0.212  0.000e+00
      0.883    30.2388   0.136537     0.6126     1.5816     2.1364          0     49.000  33.787049   996.0396      0.878     -0.038  0.000e+00
      0.991    30.3011   0.136581     0.6120     1.5712     2.1395          0     49.250  33.787052   996.0207      0.985      0.125  0.000e+00
      1.056    30.3856   0.136587     0.6111     1.6098     2.1448          0     49.500  33.787054   995.9945      1.050      0.251  0.000e+00
      1.164    30.4467   0.136612     0.6105     1.6492     2.1364          0     49.750  33.787057   995.9757      1.158      0.348  0.000e+00
      1.250    30.4864   0.136694     0.6104     1.7668     2.1067          0     50.000  33.787060   995.9639      1.244      0.403  0.000e+00
      1.294    30.4916   0.136933     0.6114     2.2466     2.1021          0     50.250  33.787063   995.9633      1.286      0.406  0.000e+00
      1.304    30.4427   0.136971     0.6122     2.4104     2.0990          0     50.500  33.787066   995.9789      1.297      0.363  0.000e+00
      1.294    30.3646   0.136851     0.6125     2.4866     2.1036          0     50.750  33.787069   996.0030      1.287      0.288  0.000e+00
      1.294    30.3068   0.136748     0.6128     2.5030     2.1067          0     51.000  33.787072   996.0209      1.287      0.212  0.000e+00
      1.348    30.2803   0.136694     0.6128     2.5449     2.0990          0     51.250  33.787075   996.0292      1.341      0.164  0.000e+00
      1.413    30.2921   0.136685     0.6126     2.1595     2.1036          0     51.500  33.787078   996.0258      1.405      0.138  0.000e+00
      1.478    30.3203   0.136669     0.6122     1.9972     2.1036          0     51.750  33.787080   996.0171      1.470      0.123  0.000e+00
      1.543    30.3466   0.136662     0.6119     1.7265     2.1280          0     52.000  33.787083   996.0092      1.534      0.133  0.000e+00
      1.651    30.3832   0.136662     0.6114     1.5385     2.1288          0     52.250  33.787086   995.9981      1.642      0.175  0.000e+00
      1.694    30.4229   0.136637     0.6108     1.5049     2.1280          0     52.500  33.787089   995.9857      1.685      0.217  0.000e+00
      1.813    30.4502   0.136631     0.6105     1.5262     2.1265          0     52.750  33.787092   995.9776      1.803      0.267  0.000e+00
      1.899    30.4680   0.136656     0.6104     1.5580     2.1280          0     53.000  33.787095   995.9724      1.889      0.304  0.000e+00
      1.986    30.4800   0.136694     0.6104     1.6295     2.1166          0     53.250  33.787098   995.9692      1.975      0.322  0.000e+00
      2.051    30.4919   0.136735     0.6105     1.7108     2.1135          0     53.500  33.787101   995.9659      2.040      0.330  0.000e+00
      2.116    30.5003   0.136763     0.6105     1.7456     2.1181          0     53.750  33.787104   995.9636      2.104      0.330  0.000e+00
      2.159    30.4812   0.136710     0.6105     1.7781     2.1166          0     54.000  33.787106   995.9696      2.147      0.316  0.000e+00
      2.245    30.4539   0.136656     0.6106     1.8073     2.1525          0     54.250  33.787109   995.9784      2.233      0.302  0.000e+00
      2.375    30.4536   0.136666     0.6106     1.8322     2.1502          0     54.500  33.787112   995.9792      2.362      0.311  0.000e+00
      2.483    30.4778   0.136637     0.6102     1.8672     2.1502          0     54.750  33.787115   995.9719      2.469      0.316  0.000e+00
      2.591    30.5168   0.136581     0.6095     1.8965     2.1555          0     55.000  33.787118   995.9599      2.577      0.336  0.000e+00
      2.699    30.5547   0.136546     0.6088     1.8995     2.2753          0     55.250  33.787121   995.9482      2.684      0.362  0.000e+00
