content/post/ctd_rufiji/SBE19plus_01906740_2018_02_13_0912.cnv
* Sea-Bird SBE19plus  Data File:
* FileName = C:\Users\all user\Desktop\CTD tafiri 2018\SBE19plus_01906740_2018_02_13_0912.hex
* Software version 2.6.3.104
* Temperature SN = 6740
* Conductivity SN = 6740
* System UpLoad Time = Feb 13 2018 14:02:35
* <ApplicationData>
* <Seaterm232>
# nquan = 13
# nvalues = 429                                   
# units = specified
# name 0 = prdM: Pressure, Strain Gauge [db]
# name 1 = tv290C: Temperature [ITS-90, deg C]
# name 2 = c0S/m: Conductivity [S/m]
# name 3 = sal00: Salinity, Practical [PSU]
# name 4 = sbeox0ML/L: Oxygen, SBE 43 [ml/l]
# name 5 = flECO-AFL: Fluorescence, WET Labs ECO-AFL/FL [mg/m^3]
# name 6 = nbf: Bottles Fired
# name 7 = timeS: Time, Elapsed [seconds]
# name 8 = timeJ: Julian Days
# name 9 = density00: Density [density, kg/m^3]
# name 10 = depSM: Depth [salt water, m], lat = 0.00
# name 11 = dz/dtM: Descent Rate [m/s]
# name 12 = flag:  0.000e+00
# span 0 =      0.093,      7.574                 
# span 1 =    26.3285,    30.9255                 
# span 2 =   0.000557,   0.014996                 
# span 3 =     0.0133,     0.0685                 
# span 4 =     0.8256,     8.6442                 
# span 5 =    -0.0609,     1.6291                 
# span 6 =          0,          0                 
# span 7 =      0.000,    107.000                 
# span 8 =  34.282269,  34.283507                 
# span 9 =   995.3880,   996.7089                 
# span 10 =      0.092,      7.533                
# span 11 =     -0.590,      0.373                
# span 12 = 0.0000e+00, 0.0000e+00                
# interval = seconds: 0.25
# start_time = Feb 03 2018 06:46:28 [Instrument's time stamp, header]
# bad_flag = -9.990e-29
*END*
[from data line 334]
      6.450    30.7839   0.014910     0.0677     1.7303     1.4467          0     83.500  34.283235   995.4891      6.414     -0.277  0.000e+00
      6.417    30.7596   0.014910     0.0677     1.7645     1.4490          0     83.750  34.283238   995.4965      6.382     -0.371  0.000e+00
      6.428    30.7502   0.014916     0.0677     1.8306     1.4841          0     84.000  34.283241   995.4995      6.393     -0.418  0.000e+00
      6.428    30.7415   0.014910     0.0677     1.9705     1.4780          0     84.250  34.283244   995.5021      6.393     -0.409  0.000e+00
      6.450    30.7330   0.014922     0.0678     2.1323     1.4711          0     84.500  34.283247   995.5049      6.414     -0.358  0.000e+00
      6.482    30.7309   0.014928     0.0678     2.2883     1.4742          0     84.750  34.283249   995.5057      6.447     -0.254  0.000e+00
      6.461    30.7342   0.014922     0.0678     2.3049     1.5047          0     85.000  34.283252   995.5046      6.425     -0.130  0.000e+00
      6.320    30.7419   0.014931     0.0678     2.3016     1.5162          0     85.250  34.283255   995.5016      6.285     -0.063  0.000e+00
      6.104    30.7545   0.014934     0.0678     2.2976     1.5070          0     85.500  34.283258   995.4967      6.070     -0.104  0.000e+00
      5.877    30.7753   0.014928     0.0678     2.2913     1.5093          0     85.750  34.283261   995.4893      5.845     -0.223  0.000e+00
      5.736    30.7926   0.014928     0.0677     2.3901     1.5116          0     86.000  34.283264   995.4833      5.705     -0.352  0.000e+00
      5.715    30.8045   0.014928     0.0677     2.2854     1.4452          0     86.250  34.283267   995.4795      5.683     -0.437  0.000e+00
      5.628    30.8119   0.014922     0.0677     2.2682     1.4521          0     86.500  34.283270   995.4768      5.597     -0.499  0.000e+00
      5.434    30.8201   0.014928     0.0677     2.2534     1.4498          0     86.750  34.283273   995.4734      5.404     -0.551  0.000e+00
      5.293    30.8318   0.014937     0.0677     2.2418     1.4544          0     87.000  34.283275   995.4692      5.264     -0.563  0.000e+00
      5.207    30.8423   0.014940     0.0677     2.2337     1.4452          0     87.250  34.283278   995.4655      5.178     -0.526  0.000e+00
      5.185    30.8499   0.014943     0.0677     2.3340     1.4338          0     87.500  34.283281   995.4631      5.156     -0.457  0.000e+00
      5.217    30.8586   0.014949     0.0678     2.4099     1.4399          0     87.750  34.283284   995.4606      5.189     -0.376  0.000e+00
      5.239    30.8687   0.014949     0.0677     2.2153     1.4429          0     88.000  34.283287   995.4575      5.210     -0.306  0.000e+00
      5.261    30.8773   0.014952     0.0677     2.2331     1.4894          0     88.250  34.283290   995.4550      5.232     -0.235  0.000e+00
      5.261    30.8835   0.014949     0.0677     2.2198     1.4887          0     88.500  34.283293   995.4530      5.232     -0.139  0.000e+00
      5.196    30.8869   0.014943     0.0677     2.2180     1.4887          0     88.750  34.283296   995.4517      5.167     -0.059  0.000e+00
      5.066    30.8860   0.014943     0.0677     2.2122     1.4849          0     89.000  34.283299   995.4514      5.038     -0.050  0.000e+00
      4.839    30.8861   0.014952     0.0677     2.2024     1.4597          0     89.250  34.283302   995.4504      4.812     -0.123  0.000e+00
      4.601    30.8899   0.014949     0.0677     2.2004     1.4658          0     89.500  34.283304   995.4481      4.576     -0.259  0.000e+00
      4.493    30.8942   0.014949     0.0677     2.2198     1.4566          0     89.750  34.283307   995.4463      4.468     -0.390  0.000e+00
      4.493    30.8972   0.014957     0.0678     2.2688     1.4574          0     90.000  34.283310   995.4454      4.468     -0.464  0.000e+00
      4.472    30.9003   0.014957     0.0678     2.2661     1.4559          0     90.250  34.283313   995.4443      4.447     -0.489  0.000e+00
      4.504    30.9048   0.014963     0.0678     2.2792     1.4887          0     90.500  34.283316   995.4431      4.479     -0.446  0.000e+00
      4.515    30.9079   0.014969     0.0678     2.2877     1.4872          0     90.750  34.283319   995.4422      4.490     -0.350  0.000e+00
      4.482    30.9094   0.014975     0.0678     2.2996     1.4780          0     91.000  34.283322   995.4416      4.458     -0.235  0.000e+00
      4.450    30.9107   0.014975     0.0678     2.3086     1.4856          0     91.250  34.283325   995.4411      4.425     -0.124  0.000e+00
      4.255    30.9128   0.014987     0.0679     2.3207     1.4841          0     91.500  34.283328   995.4396      4.232     -0.099  0.000e+00
      3.974    30.9161   0.014981     0.0678     2.3287     1.4864          0     91.750  34.283330   995.4373      3.952     -0.190  0.000e+00
      3.736    30.9180   0.014975     0.0678     2.3384     1.4856          0     92.000  34.283333   995.4356      3.716     -0.339  0.000e+00
      3.596    30.9186   0.014969     0.0678     2.3494     1.4841          0     92.250  34.283336   995.4348      3.576     -0.474  0.000e+00
      3.542    30.9184   0.014963     0.0678     2.3634     1.4696          0     92.500  34.283339   995.4346      3.522     -0.572  0.000e+00
      3.563    30.9189   0.014981     0.0678     2.3815     1.4788          0     92.750  34.283342   995.4346      3.544     -0.590  0.000e+00
      3.531    30.9207   0.014975     0.0678     2.3958     1.4681          0     93.000  34.283345   995.4339      3.511     -0.551  0.000e+00
      3.563    30.9226   0.014981     0.0678     2.4112     1.4719          0     93.250  34.283348   995.4335      3.544     -0.449  0.000e+00
      3.552    30.9236   0.014987     0.0678     2.4263     1.4544          0     93.500  34.283351   995.4331      3.533     -0.299  0.000e+00
      3.390    30.9243   0.014993     0.0679     2.4365     1.4521          0     93.750  34.283354   995.4322      3.372     -0.198  0.000e+00
      3.098    30.9244   0.014987     0.0678     2.4386     1.4528          0     94.000  34.283356   995.4308      3.081     -0.210  0.000e+00
      2.861    30.9229   0.014975     0.0678     2.4346     1.4528          0     94.250  34.283359   995.4302      2.845     -0.306  0.000e+00
      2.666    30.9224   0.014963     0.0678     2.4359     1.4437          0     94.500  34.283362   995.4295      2.651     -0.443  0.000e+00
      2.612    30.9235   0.014957     0.0677     2.4300     1.4467          0     94.750  34.283365   995.4288      2.598     -0.551  0.000e+00
      2.634    30.9243   0.014963     0.0678     2.4227     1.4452          0     95.000  34.283368   995.4287      2.619     -0.583  0.000e+00
      2.634    30.9250   0.014975     0.0678     2.4193     1.4498          0     95.250  34.283371   995.4285      2.619     -0.564  0.000e+00
      2.644    30.9249   0.014975     0.0678     2.4025     1.4483          0     95.500  34.283374   995.4286      2.630     -0.472  0.000e+00
      2.655    30.9247   0.014990     0.0679     2.3927     1.4742          0     95.750  34.283377   995.4288      2.641     -0.319  0.000e+00
      2.633    30.9250   0.014990     0.0679     2.3930     1.4711          0     96.000  34.283380   995.4286      2.619     -0.166  0.000e+00
      2.547    30.9248   0.014987     0.0678     2.3913     1.4788          0     96.250  34.283383   995.4283      2.533     -0.084  0.000e+00
      2.255    30.9241   0.014996     0.0679     2.3920     1.4742          0     96.500  34.283385   995.4272      2.243     -0.121  0.000e+00
      1.985    30.9233   0.014990     0.0679     2.3968     1.4368          0     96.750  34.283388   995.4262      1.974     -0.255  0.000e+00
      1.801    30.9219   0.014981     0.0678     2.3956     1.4322          0     97.000  34.283391   995.4258      1.791     -0.411  0.000e+00
      1.747    30.9230   0.014963     0.0678     2.4021     1.4421          0     97.250  34.283394   995.4252      1.737     -0.520  0.000e+00
      1.736    30.9243   0.014969     0.0678     2.3993     1.4376          0     97.500  34.283397   995.4248      1.727     -0.572  0.000e+00
      1.769    30.9247   0.014975     0.0678     2.3927     1.4292          0     97.750  34.283400   995.4248      1.759     -0.553  0.000e+00
      1.779    30.9220   0.014969     0.0678     2.3804     1.4994          0     98.000  34.283403   995.4256      1.770     -0.468  0.000e+00
      1.790    30.9203   0.014981     0.0678     2.3795     1.4956          0     98.250  34.283406   995.4263      1.780     -0.330  0.000e+00
      1.725    30.9200   0.014990     0.0679     2.3718     1.4971          0     98.500  34.283409   995.4261      1.716     -0.182  0.000e+00
      1.574    30.9200   0.014990     0.0679     2.3622     1.5047          0     98.750  34.283411   995.4254      1.565     -0.116  0.000e+00
      1.282    30.9204   0.014981     0.0678     2.3646     1.4399          0     99.000  34.283414   995.4240      1.275     -0.173  0.000e+00
      1.022    30.9209   0.014975     0.0678     5.5545     1.4406          0     99.250  34.283417   995.4227      1.017     -0.314  0.000e+00
      0.871    30.9213   0.014963     0.0678     2.8514     1.4399          0     99.500  34.283420   995.4218      0.866     -0.461  0.000e+00
      0.860    30.9182   0.014975     0.0678     2.5742     1.4399          0     99.750  34.283423   995.4228      0.855     -0.556  0.000e+00
      0.893    30.9122   0.014981     0.0678     2.3867     1.4795          0    100.000  34.283426   995.4248      0.888     -0.573  0.000e+00
      0.925    30.9085   0.014996     0.0679     2.2020     1.4765          0    100.250  34.283429   995.4261      0.920     -0.520  0.000e+00
      0.925    30.9095   0.014996     0.0679     2.0309     1.4742          0    100.500  34.283432   995.4258      0.920     -0.406  0.000e+00
      0.914    30.9126   0.014990     0.0679     1.8726     1.4795          0    100.750  34.283435   995.4248      0.909     -0.259  0.000e+00
      0.903    30.9156   0.014987     0.0679     3.0067     1.4475          0    101.000  34.283437   995.4238      0.898     -0.111  0.000e+00
      0.752    30.9168   0.014981     0.0678     1.7732     1.4483          0    101.250  34.283440   995.4227      0.748     -0.056  0.000e+00
      0.633    30.9179   0.014981     0.0678     2.3982     1.4574          0    101.500  34.283443   995.4219      0.630     -0.084  0.000e+00
      0.514    30.9196   0.014987     0.0679     2.3596     1.4452          0    101.750  34.283446   995.4208      0.511     -0.169  0.000e+00
      0.374    30.9207   0.014975     0.0678     2.6145     1.4421          0    102.000  34.283449   995.4198      0.371     -0.270  0.000e+00
      0.244    30.9201   0.014981     0.0678     2.2532     1.1690          0    102.250  34.283452   995.4195      0.243     -0.363  0.000e+00
      0.136    30.9203   0.014975     0.0678     2.1659     1.1621          0    102.500  34.283455   995.4189      0.135     -0.431  0.000e+00
      0.093    30.9201   0.014975     0.0678     2.2886     1.1690          0    102.750  34.283458   995.4188      0.092     -0.458  0.000e+00
      0.114    30.9203   0.014326     0.0652     2.4190     1.1690          0    103.000  34.283461   995.4168      0.114     -0.427  0.000e+00
      0.103    30.9145   0.003742     0.0245     2.6667     0.8959          0    103.250  34.283464   995.3880      0.103     -0.349  0.000e+00
      0.104    30.8955   0.003048     0.0220     2.6534     0.8936          0    103.500  34.283466   995.3921      0.103     -0.268  0.000e+00
      0.125    30.8759   0.002390     0.0198     2.7103     0.8959          0    103.750  34.283469   995.3966      0.125     -0.178  0.000e+00
      0.125    30.8646   0.002539     0.0203     2.7167     0.8905          0    104.000  34.283472   995.4005      0.125     -0.093  0.000e+00
      0.125    30.8561   0.002533     0.0203     2.7836    -0.0326          0    104.250  34.283475   995.4031      0.125     -0.030  0.000e+00
      0.115    30.8463   0.002204     0.0192     2.7633    -0.0242          0    104.500  34.283478   995.4052      0.114      0.004  0.000e+00
      0.125    30.8363   0.002476     0.0201     2.7362    -0.0296          0    104.750  34.283481   995.4090      0.125      0.013  0.000e+00
      0.136    30.8257   0.002456     0.0200     2.7168    -0.0258          0    105.000  34.283484   995.4123      0.136      0.012  0.000e+00
      0.126    30.8136   0.002737     0.0210     2.7478    -0.0311          0    105.250  34.283487   995.4167      0.125      0.012  0.000e+00
      0.126    30.8018   0.002651     0.0207     2.7552    -0.0296          0    105.500  34.283490   995.4202      0.125      0.007  0.000e+00
      0.136    30.7884   0.002556     0.0204     2.7512    -0.0258          0    105.750  34.283492   995.4241      0.136      0.004  0.000e+00
      0.136    30.7746   0.002278     0.0194     2.7352    -0.0349          0    106.000  34.283495   995.4277      0.136      0.007  0.000e+00
      0.126    30.7523   0.001961     0.0184     2.7161    -0.0296          0    106.250  34.283498   995.4337      0.125      0.005  0.000e+00
      0.126    30.7149   0.001893     0.0182     2.7022    -0.0334          0    106.500  34.283501   995.4451      0.125      0.004  0.000e+00
      0.126    30.6806   0.002029     0.0186     2.6866    -0.0311          0    106.750  34.283504   995.4560      0.125     -0.001  0.000e+00
      0.104    30.6546   0.001807     0.0179     2.6753    -0.0342          0    107.000  34.283507   995.4633      0.103     -0.009  0.000e+00
