content/post/ctd_rufiji/SBE19plus_01906740_2018_02_13_0919.cnv
* Sea-Bird SBE19plus  Data File:
* FileName = C:\Users\all user\Desktop\CTD tafiri 2018\SBE19plus_01906740_2018_02_13_0919.hex
* Software version 2.6.3.104
* Temperature SN = 6740
* Conductivity SN = 6740
* System UpLoad Time = Feb 13 2018 14:03:41
* <ApplicationData>
* <Seaterm232>
# nquan = 13
# nvalues = 400                                   
# units = specified
# name 0 = prdM: Pressure, Strain Gauge [db]
# name 1 = tv290C: Temperature [ITS-90, deg C]
# name 2 = c0S/m: Conductivity [S/m]
# name 3 = sal00: Salinity, Practical [PSU]
# name 4 = sbeox0ML/L: Oxygen, SBE 43 [ml/l]
# name 5 = flECO-AFL: Fluorescence, WET Labs ECO-AFL/FL [mg/m^3]
# name 6 = nbf: Bottles Fired
# name 7 = timeS: Time, Elapsed [seconds]
# name 8 = timeJ: Julian Days
# name 9 = density00: Density [density, kg/m^3]
# name 10 = depSM: Depth [salt water, m], lat = 0.00
# name 11 = dz/dtM: Descent Rate [m/s]
# name 12 = flag:  0.000e+00
# span 0 =      0.139,      2.701                 
# span 1 =    28.2516,    30.3136                 
# span 2 =   0.001099,   0.023259                 
# span 3 =     0.0152,     0.1033                 
# span 4 =     1.9208,     3.5784                 
# span 5 =    -0.0342,     1.7183                 
# span 6 =          0,          0                 
# span 7 =      0.000,     99.750                 
# span 8 =  34.391968,  34.393122                 
# span 9 =   995.5764,   996.1758                 
# span 10 =      0.138,      2.686                
# span 11 =     -0.368,      0.383                
# span 12 = 0.0000e+00, 0.0000e+00                
# interval = seconds: 0.25
# start_time = Feb 03 2018 09:24:26 [Instrument's time stamp, header]
# bad_flag = -9.990e-29
*END*
[from data line 112]
      1.046    30.1862   0.022837     0.1012     2.1508     1.6436          0     28.000  34.392292   995.6732      1.040     -0.001  0.000e+00
      1.024    30.1514   0.022840     0.1013     2.1357     1.6459          0     28.250  34.392295   995.6838      1.019     -0.009  0.000e+00
      1.046    30.1204   0.022837     0.1013     2.1256     1.6535          0     28.500  34.392297   995.6933      1.040     -0.000  0.000e+00
      1.046    30.0839   0.022849     0.1014     2.1168     1.6436          0     28.750  34.392300   995.7044      1.040      0.009  0.000e+00
      1.024    30.0567   0.022849     0.1015     2.1112     1.6489          0     29.000  34.392303   995.7126      1.019      0.003  0.000e+00
      1.046    30.0395   0.022852     0.1015     2.1032     1.6573          0     29.250  34.392306   995.7179      1.040     -0.002  0.000e+00
      1.035    30.0311   0.022852     0.1015     2.1068     1.6542          0     29.500  34.392309   995.7204      1.029     -0.000  0.000e+00
      1.035    30.0290   0.022858     0.1015     2.1024     1.6314          0     29.750  34.392312   995.7211      1.029      0.002  0.000e+00
      1.035    30.0286   0.022858     0.1015     2.1091     1.6298          0     30.000  34.392315   995.7212      1.029     -0.002  0.000e+00
      1.024    30.0285   0.022870     0.1016     2.1144     1.6382          0     30.250  34.392318   995.7212      1.019     -0.003  0.000e+00
      1.035    30.0281   0.022876     0.1016     2.1117     1.6390          0     30.500  34.392321   995.7214      1.029     -0.006  0.000e+00
      1.046    30.0256   0.022870     0.1016     2.1057     1.6497          0     30.750  34.392323   995.7222      1.040     -0.001  0.000e+00
      1.046    30.0251   0.022876     0.1016     2.1057     1.6451          0     31.000  34.392326   995.7224      1.040      0.005  0.000e+00
      1.024    30.0258   0.022882     0.1016     2.0935     1.6558          0     31.250  34.392329   995.7221      1.019     -0.002  0.000e+00
      1.024    30.0271   0.022876     0.1016     2.0804     1.6474          0     31.500  34.392332   995.7217      1.019     -0.002  0.000e+00
      1.024    30.0291   0.022903     0.1017     2.0760     1.6489          0     31.750  34.392335   995.7212      1.019     -0.004  0.000e+00
      1.024    30.0310   0.022924     0.1018     2.0632     1.6466          0     32.000  34.392338   995.7207      1.019     -0.006  0.000e+00
      1.035    30.0308   0.022942     0.1019     2.0620     1.6413          0     32.250  34.392341   995.7208      1.029     -0.004  0.000e+00
      1.046    30.0356   0.022963     0.1020     2.0665     1.6443          0     32.500  34.392344   995.7195      1.040     -0.002  0.000e+00
      1.057    30.0401   0.022975     0.1020     2.0715     1.6474          0     32.750  34.392347   995.7182      1.051      0.004  0.000e+00
      1.057    30.0413   0.022996     0.1021     2.0829     1.6321          0     33.000  34.392350   995.7179      1.051      0.013  0.000e+00
      1.068    30.0389   0.023008     0.1022     2.0815     1.6359          0     33.250  34.392352   995.7187      1.062      0.024  0.000e+00
      1.035    30.0328   0.023014     0.1022     2.0996     1.6390          0     33.500  34.392355   995.7205      1.030      0.017  0.000e+00
      1.057    30.0342   0.023049     0.1023     2.1069     1.6314          0     33.750  34.392358   995.7202      1.051      0.016  0.000e+00
      1.024    30.0399   0.023073     0.1024     2.1155     1.6687          0     34.000  34.392361   995.7184      1.019      0.004  0.000e+00
      1.035    30.0449   0.023088     0.1025     2.1166     1.6756          0     34.250  34.392364   995.7170      1.030     -0.006  0.000e+00
      1.024    30.0587   0.023082     0.1024     2.1012     1.6817          0     34.500  34.392367   995.7128      1.019     -0.015  0.000e+00
      1.014    30.0722   0.023085     0.1024     2.1219     1.6756          0     34.750  34.392370   995.7086      1.008     -0.023  0.000e+00
      1.003    30.0802   0.023073     0.1024     2.1299     1.6787          0     35.000  34.392373   995.7061      0.997     -0.028  0.000e+00
      1.025    30.0827   0.023073     0.1024     2.1267     1.6718          0     35.250  34.392376   995.7054      1.019     -0.024  0.000e+00
      0.992    30.0781   0.023100     0.1025     2.1249     1.6703          0     35.500  34.392378   995.7068      0.987     -0.022  0.000e+00
      0.992    30.0681   0.023109     0.1025     2.1305     1.6726          0     35.750  34.392381   995.7098      0.987     -0.027  0.000e+00
      0.981    30.0618   0.023121     0.1026     2.1328     1.6413          0     36.000  34.392384   995.7117      0.976     -0.024  0.000e+00
      0.992    30.0609   0.023121     0.1026     2.1365     1.6459          0     36.250  34.392387   995.7120      0.987     -0.024  0.000e+00
      0.981    30.0624   0.023139     0.1027     2.1397     1.6443          0     36.500  34.392390   995.7116      0.976     -0.021  0.000e+00
      0.960    30.0673   0.023130     0.1026     2.1272     1.6489          0     36.750  34.392393   995.7100      0.954     -0.024  0.000e+00
      0.970    30.0725   0.023148     0.1027     2.1215     1.6489          0     37.000  34.392396   995.7085      0.965     -0.023  0.000e+00
      0.992    30.0766   0.023148     0.1027     2.1238     1.6573          0     37.250  34.392399   995.7074      0.987     -0.017  0.000e+00
      0.981    30.0800   0.023166     0.1027     2.1156     1.6542          0     37.500  34.392402   995.7064      0.976     -0.006  0.000e+00
      0.981    30.0912   0.023160     0.1027     2.1106     1.6611          0     37.750  34.392405   995.7029      0.976     -0.004  0.000e+00
      0.970    30.1003   0.023175     0.1028     2.1020     1.6687          0     38.000  34.392407   995.7002      0.965     -0.003  0.000e+00
      1.003    30.1018   0.023187     0.1028     2.1011     1.6741          0     38.250  34.392410   995.6999      0.997      0.004  0.000e+00
      0.981    30.0999   0.023208     0.1029     2.1009     1.6733          0     38.500  34.392413   995.7004      0.976      0.008  0.000e+00
      0.992    30.0951   0.023214     0.1029     2.0959     1.6779          0     38.750  34.392416   995.7020      0.987      0.012  0.000e+00
      1.014    30.0967   0.023229     0.1030     2.0996     1.6710          0     39.000  34.392419   995.7016      1.008      0.013  0.000e+00
      1.003    30.1066   0.023232     0.1030     2.1059     1.6451          0     39.250  34.392422   995.6985      0.997      0.012  0.000e+00
      1.014    30.1127   0.023241     0.1030     2.1086     1.6420          0     39.500  34.392425   995.6968      1.008      0.018  0.000e+00
      0.981    30.1196   0.023241     0.1030     2.1131     1.6466          0     39.750  34.392428   995.6945      0.976      0.011  0.000e+00
      1.003    30.1236   0.023247     0.1030     2.1153     1.6428          0     40.000  34.392431   995.6934      0.997      0.009  0.000e+00
      0.981    30.1227   0.023253     0.1030     2.1317     1.6550          0     40.250  34.392433   995.6936      0.976     -0.003  0.000e+00
      0.970    30.1228   0.023253     0.1030     2.1264     1.6596          0     40.500  34.392436   995.6936      0.965     -0.008  0.000e+00
      0.981    30.1301   0.023253     0.1030     2.1370     1.6573          0     40.750  34.392439   995.6914      0.976     -0.015  0.000e+00
      0.960    30.1402   0.023247     0.1030     2.1371     1.6619          0     41.000  34.392442   995.6882      0.954     -0.025  0.000e+00
      0.949    30.1509   0.023253     0.1030     2.1369     1.6565          0     41.250  34.392445   995.6849      0.944     -0.027  0.000e+00
      0.949    30.1581   0.023259     0.1030     2.1484     1.6733          0     41.500  34.392448   995.6827      0.944     -0.030  0.000e+00
      0.949    30.1594   0.023253     0.1030     2.1502     1.6787          0     41.750  34.392451   995.6823      0.944     -0.025  0.000e+00
      0.949    30.1563   0.023253     0.1030     2.1541     1.6726          0     42.000  34.392454   995.6833      0.944     -0.026  0.000e+00
      0.970    30.1553   0.023247     0.1030     2.1644     1.6672          0     42.250  34.392457   995.6836      0.965     -0.012  0.000e+00
      0.970    30.1550   0.023247     0.1030     2.1590     1.6817          0     42.500  34.392459   995.6837      0.965     -0.004  0.000e+00
      0.970    30.1554   0.023247     0.1030     2.1651     1.6848          0     42.750  34.392462   995.6836      0.965      0.002  0.000e+00
      0.981    30.1554   0.023247     0.1030     2.1664     1.6886          0     43.000  34.392465   995.6836      0.976      0.014  0.000e+00
      0.970    30.1493   0.023241     0.1029     2.1618     1.6817          0     43.250  34.392468   995.6855      0.965      0.017  0.000e+00
      0.960    30.1483   0.023238     0.1029     2.1624     1.6672          0     43.500  34.392471   995.6857      0.954      0.012  0.000e+00
      0.970    30.1485   0.023241     0.1029     2.1612     1.6657          0     43.750  34.392474   995.6857      0.965      0.009  0.000e+00
      0.970    30.1461   0.023232     0.1029     2.1591     1.6703          0     44.000  34.392477   995.6864      0.965      0.004  0.000e+00
      0.981    30.1473   0.023235     0.1029     2.1536     1.6832          0     44.250  34.392480   995.6861      0.976      0.001  0.000e+00
      0.970    30.1486   0.023238     0.1029     2.1561     1.6703          0     44.500  34.392483   995.6856      0.965      0.001  0.000e+00
      0.970    30.1533   0.023238     0.1029     2.1525     1.6604          0     44.750  34.392486   995.6842      0.965      0.000  0.000e+00
      0.949    30.1589   0.023226     0.1029     2.1436     1.6573          0     45.000  34.392488   995.6824      0.944     -0.006  0.000e+00
      0.992    30.1591   0.023235     0.1029     2.1416     1.6634          0     45.250  34.392491   995.6825      0.987      0.004  0.000e+00
      0.960    30.1588   0.023226     0.1029     2.1318     1.6604          0     45.500  34.392494   995.6825      0.954      0.001  0.000e+00
      0.981    30.1640   0.023232     0.1029     2.1441     1.6588          0     45.750  34.392497   995.6810      0.976      0.001  0.000e+00
      0.981    30.1735   0.023226     0.1028     2.1473     1.6619          0     46.000  34.392500   995.6781      0.976      0.003  0.000e+00
      1.003    30.1783   0.023226     0.1028     2.1486     1.6596          0     46.250  34.392503   995.6767      0.997      0.010  0.000e+00
      0.992    30.1779   0.023223     0.1028     2.1554     1.6573          0     46.500  34.392506   995.6768      0.987      0.016  0.000e+00
      1.003    30.1769   0.023226     0.1028     2.1551     1.6748          0     46.750  34.392509   995.6771      0.997      0.020  0.000e+00
      0.992    30.1758   0.023214     0.1028     2.1631     1.6695          0     47.000  34.392512   995.6774      0.987      0.019  0.000e+00
      1.014    30.1756   0.023208     0.1028     2.1715     1.6741          0     47.250  34.392514   995.6775      1.008      0.016  0.000e+00
      1.003    30.1767   0.023208     0.1028     2.1678     1.6726          0     47.500  34.392517   995.6771      0.997      0.019  0.000e+00
      1.003    30.1782   0.023199     0.1027     2.1705     1.6535          0     47.750  34.392520   995.6767      0.997      0.012  0.000e+00
      1.003    30.1794   0.023199     0.1027     2.1608     1.6573          0     48.000  34.392523   995.6763      0.997      0.008  0.000e+00
      1.003    30.1801   0.023199     0.1027     2.1613     1.6527          0     48.250  34.392526   995.6761      0.998      0.003  0.000e+00
      1.014    30.1831   0.023196     0.1027     2.1593     1.6573          0     48.500  34.392529   995.6752      1.008      0.007  0.000e+00
      1.014    30.1868   0.023193     0.1027     2.1602     1.6558          0     48.750  34.392532   995.6740      1.008      0.006  0.000e+00
      1.025    30.1887   0.023181     0.1026     2.1443     1.6474          0     49.000  34.392535   995.6735      1.019      0.010  0.000e+00
      1.025    30.1901   0.023181     0.1026     2.1440     1.6573          0     49.250  34.392538   995.6731      1.019      0.009  0.000e+00
      1.014    30.1889   0.023178     0.1026     2.1340     1.6596          0     49.500  34.392541   995.6734      1.008      0.011  0.000e+00
      1.046    30.1874   0.023175     0.1026     2.1364     1.6596          0     49.750  34.392543   995.6740      1.041      0.017  0.000e+00
      1.036    30.1871   0.023172     0.1026     2.1461     1.6718          0     50.000  34.392546   995.6740      1.030      0.018  0.000e+00
      1.046    30.1879   0.023172     0.1026     2.1473     1.6642          0     50.250  34.392549   995.6738      1.041      0.020  0.000e+00
      1.057    30.1889   0.023172     0.1026     2.1465     1.6703          0     50.500  34.392552   995.6735      1.051      0.021  0.000e+00
      1.046    30.1907   0.023178     0.1026     2.1537     1.6687          0     50.750  34.392555   995.6730      1.041      0.020  0.000e+00
      1.057    30.1929   0.023175     0.1026     2.1488     1.6497          0     51.000  34.392558   995.6723      1.051      0.019  0.000e+00
      1.057    30.1958   0.023166     0.1026     2.1650     1.6428          0     51.250  34.392561   995.6714      1.051      0.019  0.000e+00
      1.057    30.1979   0.023160     0.1025     2.1661     1.6375          0     51.500  34.392564   995.6707      1.051      0.017  0.000e+00
      1.068    30.1984   0.023166     0.1025     2.1636     1.6359          0     51.750  34.392567   995.6707      1.062      0.012  0.000e+00
      1.046    30.1971   0.023160     0.1025     2.1742     1.6130          0     52.000  34.392569   995.6710      1.041      0.008  0.000e+00
      1.090    30.1963   0.023154     0.1025     2.1805     1.6214          0     52.250  34.392572   995.6714      1.084      0.012  0.000e+00
      1.090    30.1953   0.023154     0.1025     2.1843     1.6306          0     52.500  34.392575   995.6717      1.084      0.017  0.000e+00
      1.090    30.1951   0.023154     0.1025     2.1734     1.6214          0     52.750  34.392578   995.6717      1.084      0.022  0.000e+00
      1.100    30.1956   0.023154     0.1025     2.1825     1.6260          0     53.000  34.392581   995.6716      1.094      0.024  0.000e+00
      1.079    30.1969   0.023154     0.1025     2.1815     1.6604          0     53.250  34.392584   995.6711      1.073      0.020  0.000e+00
      1.079    30.1957   0.023148     0.1025     2.1754     1.6497          0     53.500  34.392587   995.6715      1.073      0.015  0.000e+00
      1.111    30.1968   0.023148     0.1025     2.1684     1.6542          0     53.750  34.392590   995.6713      1.105      0.017  0.000e+00
      1.122    30.1982   0.023148     0.1025     2.1585     1.6581          0     54.000  34.392593   995.6709      1.116      0.022  0.000e+00
      1.111    30.2003   0.023142     0.1024     2.1534     1.6283          0     54.250  34.392595   995.6702      1.105      0.014  0.000e+00
      1.133    30.2017   0.023148     0.1025     2.1471     1.6352          0     54.500  34.392598   995.6699      1.126      0.021  0.000e+00
      1.144    30.2030   0.023142     0.1024     2.1437     1.6306          0     54.750  34.392601   995.6695      1.137      0.028  0.000e+00
      1.144    30.2037   0.023142     0.1024     2.1320     1.6382          0     55.000  34.392604   995.6693      1.137      0.032  0.000e+00
      1.133    30.2034   0.023142     0.1024     2.1391     1.6466          0     55.250  34.392607   995.6694      1.126      0.032  0.000e+00
