content/post/ctd_rufiji/SBE19plus_01906740_2018_02_13_0911.cnv
* Sea-Bird SBE19plus  Data File:
* FileName = C:\Users\all user\Desktop\CTD tafiri 2018\SBE19plus_01906740_2018_02_13_0911.hex
* Software version 2.6.3.104
* Temperature SN = 6740
* Conductivity SN = 6740
* System UpLoad Time = Feb 13 2018 14:02:24
* <ApplicationData>
* <Seaterm232>
# nquan = 13
# nvalues = 368                                   
# units = specified
# name 0 = prdM: Pressure, Strain Gauge [db]
# name 1 = tv290C: Temperature [ITS-90, deg C]
# name 2 = c0S/m: Conductivity [S/m]
# name 3 = sal00: Salinity, Practical [PSU]
# name 4 = sbeox0ML/L: Oxygen, SBE 43 [ml/l]
# name 5 = flECO-AFL: Fluorescence, WET Labs ECO-AFL/FL [mg/m^3]
# name 6 = nbf: Bottles Fired
# name 7 = timeS: Time, Elapsed [seconds]
# name 8 = timeJ: Julian Days
# name 9 = density00: Density [density, kg/m^3]
# name 10 = depSM: Depth [salt water, m], lat = 0.00
# name 11 = dz/dtM: Descent Rate [m/s]
# name 12 = flag:  0.000e+00
# span 0 =      0.114,      5.141                 
# span 1 =    29.1128,    30.3168                 
# span 2 =   0.000566,   0.019485                 
# span 3 =     0.0140,     0.0871                 
# span 4 =     0.1948,    11.4461                 
# span 5 =    -0.0784,     2.0990                 
# span 6 =          0,          0                 
# span 7 =      0.000,     91.750                 
# span 8 =  34.277512,  34.278573                 
# span 9 =   995.5886,   995.9251                 
# span 10 =      0.114,      5.113                
# span 11 =     -0.657,      0.319                
# span 12 = 0.0000e+00, 0.0000e+00                
# interval = seconds: 0.25
# start_time = Feb 03 2018 06:39:37 [Instrument's time stamp, header]
# bad_flag = -9.990e-29
*END*
[from data line 112]
      1.022    30.2767   0.019141     0.0856     2.4873     1.5703          0     28.000  34.277836   995.6339      1.016      0.009  0.000e+00
      1.022    30.2738   0.019138     0.0856     2.4528     1.5696          0     28.250  34.277839   995.6348      1.016      0.003  0.000e+00
      1.022    30.2706   0.019138     0.0856     2.4582     1.5726          0     28.500  34.277841   995.6358      1.016      0.000  0.000e+00
      1.022    30.2674   0.019132     0.0856     2.4415     1.5268          0     28.750  34.277844   995.6367      1.016     -0.003  0.000e+00
      1.011    30.2641   0.019132     0.0856     2.4397     1.5284          0     29.000  34.277847   995.6377      1.005     -0.009  0.000e+00
      1.011    30.2623   0.019138     0.0856     2.4319     1.5192          0     29.250  34.277850   995.6383      1.005     -0.014  0.000e+00
      1.022    30.2608   0.019115     0.0855     2.4326     1.5207          0     29.500  34.277853   995.6387      1.016     -0.011  0.000e+00
      1.022    30.2601   0.019115     0.0855     2.4219     1.5390          0     29.750  34.277856   995.6389      1.016     -0.005  0.000e+00
      1.022    30.2598   0.019106     0.0855     2.4249     1.5390          0     30.000  34.277859   995.6390      1.016     -0.001  0.000e+00
      1.011    30.2597   0.019109     0.0855     2.4095     1.5345          0     30.250  34.277862   995.6390      1.005     -0.002  0.000e+00
      0.989    30.2593   0.019106     0.0855     2.4295     1.5360          0     30.500  34.277865   995.6390      0.984     -0.009  0.000e+00
      1.022    30.2589   0.019106     0.0855     2.4134     1.5444          0     30.750  34.277867   995.6392      1.016     -0.004  0.000e+00
      1.011    30.2572   0.019100     0.0854     2.3911     1.5505          0     31.000  34.277870   995.6397      1.005     -0.003  0.000e+00
      0.989    30.2555   0.019109     0.0855     2.3707     1.5490          0     31.250  34.277873   995.6402      0.984     -0.010  0.000e+00
      0.989    30.2535   0.019109     0.0855     2.3405     1.5497          0     31.500  34.277876   995.6408      0.984     -0.016  0.000e+00
      1.000    30.2515   0.019106     0.0855     2.3219     1.5230          0     31.750  34.277879   995.6414      0.995     -0.014  0.000e+00
      1.000    30.2498   0.019100     0.0855     2.3130     1.5268          0     32.000  34.277882   995.6419      0.995     -0.010  0.000e+00
      1.022    30.2479   0.019097     0.0855     2.3297     1.5299          0     32.250  34.277885   995.6426      1.016      0.001  0.000e+00
      1.000    30.2463   0.019094     0.0854     2.3182     1.5306          0     32.500  34.277888   995.6430      0.995      0.002  0.000e+00
      1.011    30.2446   0.019094     0.0854     2.3123     1.5276          0     32.750  34.277891   995.6435      1.005     -0.000  0.000e+00
      1.011    30.2429   0.019088     0.0854     2.2956     1.5230          0     33.000  34.277894   995.6440      1.005      0.007  0.000e+00
      1.000    30.2411   0.019085     0.0854     2.2947     1.5261          0     33.250  34.277896   995.6445      0.995      0.009  0.000e+00
      1.022    30.2395   0.019088     0.0854     2.2907     1.5215          0     33.500  34.277899   995.6451      1.016      0.009  0.000e+00
      1.033    30.2374   0.019094     0.0855     2.2632     1.5268          0     33.750  34.277902   995.6458      1.027      0.011  0.000e+00
      1.022    30.2358   0.019094     0.0855     2.2309     1.5352          0     34.000  34.277905   995.6463      1.016      0.010  0.000e+00
      1.033    30.2339   0.019097     0.0855     2.2310     1.5390          0     34.250  34.277908   995.6469      1.027      0.011  0.000e+00
      1.043    30.2321   0.019088     0.0854     2.2381     1.5314          0     34.500  34.277911   995.6475      1.038      0.019  0.000e+00
      1.033    30.2305   0.019088     0.0854     2.2128     1.5329          0     34.750  34.277914   995.6479      1.027      0.017  0.000e+00
      1.043    30.2289   0.019085     0.0854     2.2016     1.5383          0     35.000  34.277917   995.6484      1.038      0.018  0.000e+00
      1.033    30.2270   0.019082     0.0854     2.1393     1.5383          0     35.250  34.277920   995.6490      1.027      0.014  0.000e+00
      1.022    30.2252   0.019073     0.0854     2.1124     1.5421          0     35.500  34.277922   995.6494      1.016      0.003  0.000e+00
      1.033    30.2238   0.019067     0.0854     2.0981     1.5360          0     35.750  34.277925   995.6499      1.027      0.000  0.000e+00
      1.033    30.2226   0.019070     0.0854     2.0843     1.5230          0     36.000  34.277928   995.6503      1.027      0.000  0.000e+00
      1.054    30.2208   0.019073     0.0854     2.0809     1.5253          0     36.250  34.277931   995.6509      1.049      0.002  0.000e+00
      1.054    30.2190   0.019079     0.0854     2.0777     1.5215          0     36.500  34.277934   995.6515      1.049      0.006  0.000e+00
      1.065    30.2173   0.019079     0.0854     2.0877     1.5223          0     36.750  34.277937   995.6521      1.059      0.015  0.000e+00
      1.033    30.2156   0.019079     0.0854     2.1074     1.5169          0     37.000  34.277940   995.6524      1.027      0.009  0.000e+00
      1.033    30.2137   0.019079     0.0854     2.1212     1.5352          0     37.250  34.277943   995.6530      1.027      0.008  0.000e+00
      1.033    30.2119   0.019073     0.0854     2.1200     1.5368          0     37.500  34.277946   995.6535      1.027      0.004  0.000e+00
      1.054    30.2103   0.019079     0.0854     2.1190     1.5390          0     37.750  34.277948   995.6542      1.049      0.001  0.000e+00
      1.065    30.2085   0.019058     0.0853     2.1107     1.5314          0     38.000  34.277951   995.6547      1.059      0.004  0.000e+00
      1.065    30.2067   0.019055     0.0853     2.1027     1.5291          0     38.250  34.277954   995.6552      1.059      0.004  0.000e+00
      1.044    30.2053   0.019049     0.0853     2.1023     1.5215          0     38.500  34.277957   995.6555      1.038      0.003  0.000e+00
      1.076    30.2047   0.019049     0.0853     2.0951     1.5253          0     38.750  34.277960   995.6558      1.070      0.012  0.000e+00
      1.033    30.2044   0.019046     0.0853     2.0888     1.5215          0     39.000  34.277963   995.6557      1.027      0.011  0.000e+00
      1.054    30.2039   0.019049     0.0853     2.0878     1.5329          0     39.250  34.277966   995.6560      1.049      0.007  0.000e+00
      1.055    30.2027   0.019049     0.0853     2.0984     1.5299          0     39.500  34.277969   995.6564      1.049      0.002  0.000e+00
      1.076    30.2006   0.019055     0.0853     2.0801     1.5360          0     39.750  34.277972   995.6571      1.070      0.001  0.000e+00
      1.055    30.1985   0.019052     0.0853     2.0769     1.5375          0     40.000  34.277975   995.6576      1.049     -0.001  0.000e+00
      1.055    30.1965   0.019049     0.0853     2.0739     1.5306          0     40.250  34.277977   995.6583      1.049      0.001  0.000e+00
      1.076    30.1943   0.019049     0.0853     2.0664     1.5337          0     40.500  34.277980   995.6590      1.070      0.009  0.000e+00
      1.054    30.1924   0.019049     0.0853     2.0632     1.5383          0     40.750  34.277983   995.6595      1.049      0.003  0.000e+00
      1.054    30.1904   0.019046     0.0853     2.0653     1.5268          0     41.000  34.277986   995.6601      1.049      0.007  0.000e+00
      1.044    30.1886   0.019049     0.0853     2.0747     1.5284          0     41.250  34.277989   995.6606      1.038     -0.004  0.000e+00
      1.054    30.1867   0.019049     0.0853     2.0680     1.5245          0     41.500  34.277992   995.6612      1.049     -0.007  0.000e+00
      1.065    30.1850   0.019049     0.0853     2.0654     1.5192          0     41.750  34.277995   995.6618      1.059     -0.006  0.000e+00
      1.044    30.1833   0.019040     0.0853     2.0633     1.5230          0     42.000  34.277998   995.6622      1.038     -0.004  0.000e+00
      1.054    30.1815   0.019034     0.0853     2.0604     1.5268          0     42.250  34.278001   995.6628      1.049     -0.005  0.000e+00
      1.065    30.1804   0.019034     0.0853     2.0554     1.5200          0     42.500  34.278003   995.6632      1.059     -0.003  0.000e+00
      1.054    30.1791   0.019046     0.0853     2.0414     1.5230          0     42.750  34.278006   995.6635      1.049      0.003  0.000e+00
      1.054    30.1780   0.019046     0.0853     2.0298     1.5245          0     43.000  34.278009   995.6639      1.049      0.003  0.000e+00
      1.065    30.1765   0.019049     0.0853     2.0239     1.5284          0     43.250  34.278012   995.6644      1.059      0.006  0.000e+00
      1.076    30.1748   0.019046     0.0853     2.0279     1.5329          0     43.500  34.278015   995.6649      1.070      0.007  0.000e+00
      1.076    30.1733   0.019049     0.0854     2.0228     1.5314          0     43.750  34.278018   995.6654      1.070      0.010  0.000e+00
      1.076    30.1719   0.019040     0.0853     2.0181     1.5352          0     44.000  34.278021   995.6658      1.070      0.015  0.000e+00
      1.076    30.1700   0.019034     0.0853     2.0140     1.5329          0     44.250  34.278024   995.6664      1.070      0.012  0.000e+00
      1.076    30.1689   0.019040     0.0853     2.0046     1.5261          0     44.500  34.278027   995.6667      1.070      0.011  0.000e+00
      1.065    30.1671   0.019034     0.0853     2.0055     1.5276          0     44.750  34.278030   995.6672      1.059      0.009  0.000e+00
      1.076    30.1660   0.019040     0.0853     2.0016     1.5230          0     45.000  34.278032   995.6676      1.070      0.006  0.000e+00
      1.098    30.1647   0.019040     0.0853     1.9945     1.5230          0     45.250  34.278035   995.6681      1.092      0.007  0.000e+00
      1.076    30.1631   0.019040     0.0853     1.9853     1.5276          0     45.500  34.278038   995.6685      1.070      0.004  0.000e+00
      1.087    30.1619   0.019040     0.0853     1.9639     1.5368          0     45.750  34.278041   995.6689      1.081      0.006  0.000e+00
      1.076    30.1603   0.019040     0.0853     1.9360     1.5368          0     46.000  34.278044   995.6693      1.070      0.004  0.000e+00
      1.065    30.1591   0.019040     0.0853     1.9287     1.5368          0     46.250  34.278047   995.6697      1.059     -0.000  0.000e+00
      1.065    30.1578   0.019046     0.0854     1.9316     1.5345          0     46.500  34.278050   995.6701      1.059     -0.004  0.000e+00
      1.098    30.1565   0.019040     0.0853     1.9234     1.5390          0     46.750  34.278053   995.6706      1.092      0.002  0.000e+00
      1.087    30.1553   0.019034     0.0853     1.9352     1.5345          0     47.000  34.278056   995.6709      1.081     -0.000  0.000e+00
      1.087    30.1539   0.019034     0.0853     1.9465     1.5345          0     47.250  34.278058   995.6713      1.081     -0.000  0.000e+00
      1.087    30.1526   0.019040     0.0853     1.9581     1.5329          0     47.500  34.278061   995.6717      1.081      0.006  0.000e+00
      1.087    30.1514   0.019034     0.0853     2.0047     1.5123          0     47.750  34.278064   995.6721      1.081      0.006  0.000e+00
      1.065    30.1502   0.019040     0.0853     1.9880     1.5039          0     48.000  34.278067   995.6724      1.059      0.004  0.000e+00
      1.108    30.1491   0.019046     0.0854     1.9874     1.5093          0     48.250  34.278070   995.6729      1.102      0.010  0.000e+00
      1.087    30.1478   0.019040     0.0853     1.9766     1.5123          0     48.500  34.278073   995.6732      1.081      0.005  0.000e+00
      1.076    30.1469   0.019046     0.0854     1.9594     1.5123          0     48.750  34.278076   995.6735      1.070     -0.004  0.000e+00
      1.097    30.1458   0.019040     0.0854     1.9538     1.5337          0     49.000  34.278079   995.6739      1.091      0.002  0.000e+00
      1.076    30.1448   0.019034     0.0853     1.9504     1.5360          0     49.250  34.278082   995.6741      1.070     -0.001  0.000e+00
      1.076    30.1438   0.019028     0.0853     1.9378     1.5329          0     49.500  34.278084   995.6743      1.070     -0.003  0.000e+00
      1.076    30.1430   0.019034     0.0853     1.9305     1.5322          0     49.750  34.278087   995.6746      1.070     -0.004  0.000e+00
      1.076    30.1420   0.019034     0.0853     1.9287     1.5139          0     50.000  34.278090   995.6749      1.070     -0.005  0.000e+00
      1.076    30.1410   0.019034     0.0853     1.9339     1.5078          0     50.250  34.278093   995.6752      1.070     -0.012  0.000e+00
      1.065    30.1398   0.019034     0.0853     1.9372     1.5131          0     50.500  34.278096   995.6755      1.059     -0.009  0.000e+00
      1.087    30.1387   0.019040     0.0854     1.9323     1.5055          0     50.750  34.278099   995.6760      1.081     -0.003  0.000e+00
      1.076    30.1377   0.019040     0.0854     1.9423     1.5055          0     51.000  34.278102   995.6762      1.070     -0.005  0.000e+00
      1.087    30.1368   0.019040     0.0854     1.9408     1.5131          0     51.250  34.278105   995.6766      1.081      0.004  0.000e+00
      1.087    30.1359   0.019040     0.0854     1.9449     1.5131          0     51.500  34.278108   995.6768      1.081      0.006  0.000e+00
      1.087    30.1347   0.019034     0.0853     1.9627     1.5062          0     51.750  34.278111   995.6772      1.081      0.007  0.000e+00
      1.098    30.1339   0.019046     0.0854     1.9610     1.5238          0     52.000  34.278113   995.6775      1.092      0.011  0.000e+00
      1.087    30.1332   0.019046     0.0854     1.9618     1.5215          0     52.250  34.278116   995.6777      1.081      0.010  0.000e+00
      1.033    30.1333   0.019028     0.0853     1.9597     1.5230          0     52.500  34.278119   995.6773      1.027     -0.006  0.000e+00
      0.968    30.1344   0.019034     0.0853     1.9565     1.5200          0     52.750  34.278122   995.6767      0.963     -0.040  0.000e+00
      0.925    30.1355   0.019034     0.0853     1.9682     1.5223          0     53.000  34.278125   995.6762      0.920     -0.071  0.000e+00
      0.914    30.1350   0.019049     0.0854     2.0235     1.5116          0     53.250  34.278128   995.6764      0.909     -0.099  0.000e+00
      0.936    30.1336   0.019049     0.0854     2.0612     1.5108          0     53.500  34.278131   995.6769      0.931     -0.106  0.000e+00
      0.979    30.1316   0.019040     0.0854     2.0181     1.5131          0     53.750  34.278134   995.6776      0.974     -0.091  0.000e+00
      1.065    30.1294   0.019055     0.0854     1.9982     1.5078          0     54.000  34.278137   995.6788      1.060     -0.047  0.000e+00
      1.141    30.1303   0.019088     0.0856     1.9890     1.6375          0     54.250  34.278139   995.6789      1.135      0.023  0.000e+00
      1.238    30.1434   0.019088     0.0856     1.9905     1.6375          0     54.500  34.278142   995.6754      1.232      0.113  0.000e+00
      1.282    30.1642   0.019097     0.0856     1.9954     1.6344          0     54.750  34.278145   995.6693      1.275      0.185  0.000e+00
      1.314    30.1838   0.019094     0.0855     1.9984     1.6382          0     55.000  34.278148   995.6634      1.307      0.229  0.000e+00
      1.347    30.1965   0.019106     0.0856     1.9952     1.5520          0     55.250  34.278151   995.6597      1.339      0.243  0.000e+00
