content/post/ctd_rufiji/SBE19plus_01906740_2018_02_13_0900.cnv
* Sea-Bird SBE19plus  Data File:
* FileName = C:\Users\all user\Desktop\CTD tafiri 2018\SBE19plus_01906740_2018_02_13_0900.hex
* Software version 2.6.3.104
* Temperature SN = 6740
* Conductivity SN = 6740
* System UpLoad Time = Feb 13 2018 14:00:32
* <ApplicationData>
* <Seaterm232>
# nquan = 13
# nvalues = 318                                   
# units = specified
# name 0 = prdM: Pressure, Strain Gauge [db]
# name 1 = tv290C: Temperature [ITS-90, deg C]
# name 2 = c0S/m: Conductivity [S/m]
# name 3 = sal00: Salinity, Practical [PSU]
# name 4 = sbeox0ML/L: Oxygen, SBE 43 [ml/l]
# name 5 = flECO-AFL: Fluorescence, WET Labs ECO-AFL/FL [mg/m^3]
# name 6 = nbf: Bottles Fired
# name 7 = timeS: Time, Elapsed [seconds]
# name 8 = timeJ: Julian Days
# name 9 = density00: Density [density, kg/m^3]
# name 10 = depSM: Depth [salt water, m], lat = 0.00
# name 11 = dz/dtM: Descent Rate [m/s]
# name 12 = flag:  0.000e+00
# span 0 =      0.072,      3.467                 
# span 1 =    29.7829,    30.6508                 
# span 2 =   0.030449,   0.207009                 
# span 3 =     0.1339,     0.9450                 
# span 4 =    -0.0392,     8.4541                 
# span 5 =    -0.0372,     2.6133                 
# span 6 =          0,          0                 
# span 7 =      0.000,     79.250                 
# span 8 =  33.786481,  33.787399                 
# span 9 =   995.7400,   996.2646                 
# span 10 =      0.071,      3.448                
# span 11 =     -0.571,      0.406                
# span 12 = 0.0000e+00, 0.0000e+00                
# interval = seconds: 0.25
# start_time = Feb 02 2018 18:52:32 [Instrument's time stamp, header]
# bad_flag = -9.990e-29
*END*
      0.353    29.7829   0.033806     0.1490     3.0983    -0.0258          0      0.000  33.786481   995.8278      0.351      0.000  0.000e+00
      0.386    29.9360   0.052577     0.2310     3.0859    -0.0250          0      0.250  33.786484   995.8434      0.384      0.009  0.000e+00
      0.418    30.0378   0.030449     0.1339     3.0681    -0.0372          0      0.500  33.786487   995.7400      0.416      0.024  0.000e+00
      0.461    30.0394   0.068563     0.3020     3.2244    -0.0288          0      0.750  33.786490   995.8658      0.459      0.046  0.000e+00
      0.526    30.0585   0.037452     0.1641     3.0898     0.9348          0      1.000  33.786493   995.7568      0.523      0.079  0.000e+00
      0.580    30.1505   0.102472     0.4556     3.0998     0.9348          0      1.250  33.786496   995.9476      0.577      0.114  0.000e+00
      0.667    30.2157   0.187351     0.8529     3.1111     0.9478          0      1.500  33.786499   996.2254      0.663      0.157  0.000e+00
      0.732    30.3139   0.207009     0.9450     3.1308     0.9432          0      1.750  33.786502   996.2646      0.728      0.197  0.000e+00
      0.786    30.3904   0.164811     0.7432     3.2013     2.1120          0      2.000  33.786505   996.0906      0.782      0.226  0.000e+00
      0.818    30.4544   0.152820     0.6860     3.1784     2.1204          0      2.250  33.786508   996.0284      0.814      0.234  0.000e+00
      0.797    30.5149   0.148058     0.6629     3.1966     2.1196          0      2.500  33.786510   995.9924      0.792      0.217  0.000e+00
      0.775    30.5609   0.144756     0.6470     3.2038     2.1082          0      2.750  33.786513   995.9663      0.771      0.177  0.000e+00
      0.829    30.5895   0.143678     0.6416     3.2411     2.1151          0      3.000  33.786516   995.9537      0.825      0.143  0.000e+00
      0.840    30.6057   0.143527     0.6407     3.2471     2.1113          0      3.250  33.786519   995.9481      0.835      0.108  0.000e+00
      0.851    30.6133   0.145006     0.6475     3.2503     2.1181          0      3.500  33.786522   995.9508      0.846      0.074  0.000e+00
      0.872    30.6156   0.144111     0.6433     3.2539     2.1227          0      3.750  33.786525   995.9471      0.868      0.056  0.000e+00
      0.905    30.6179   0.142525     0.6359     3.2595     2.1204          0      4.000  33.786528   995.9410      0.900      0.054  0.000e+00
      0.905    30.6208   0.140095     0.6245     3.2670     2.1128          0      4.250  33.786531   995.9316      0.900      0.059  0.000e+00
      0.905    30.6173   0.139575     0.6222     3.2697     2.1105          0      4.500  33.786534   995.9309      0.900      0.067  0.000e+00
      0.927    30.6132   0.139338     0.6211     3.2778     2.1181          0      4.750  33.786536   995.9315      0.921      0.068  0.000e+00
      0.959    30.6159   0.139152     0.6202     3.2792     2.1181          0      5.000  33.786539   995.9302      0.954      0.061  0.000e+00
      0.981    30.6205   0.139095     0.6199     3.2849     2.1326          0      5.250  33.786542   995.9286      0.975      0.066  0.000e+00
      1.035    30.6243   0.139606     0.6222     3.2877     2.1280          0      5.500  33.786545   995.9294      1.029      0.079  0.000e+00
      1.035    30.6261   0.140524     0.6265     3.2947     2.1311          0      5.750  33.786548   995.9320      1.029      0.083  0.000e+00
      1.089    30.6251   0.139266     0.6206     3.2951     2.1288          0      6.000  33.786551   995.9282      1.083      0.096  0.000e+00
      1.067    30.6243   0.138818     0.6186     3.3018     2.1303          0      6.250  33.786554   995.9268      1.061      0.100  0.000e+00
      1.100    30.6238   0.138307     0.6162     3.3126     2.1258          0      6.500  33.786557   995.9253      1.094      0.101  0.000e+00
      1.089    30.6236   0.137696     0.6134     3.3202     2.1280          0      6.750  33.786560   995.9232      1.083      0.087  0.000e+00
      1.100    30.6215   0.137611     0.6130     3.3350     2.1311          0      7.000  33.786563   995.9237      1.094      0.070  0.000e+00
      1.143    30.6215   0.139017     0.6195     3.3519     2.1326          0      7.250  33.786565   995.9287      1.137      0.064  0.000e+00
      1.186    30.6256   0.141111     0.6292     3.3614     2.1196          0      7.500  33.786568   995.9349      1.180      0.065  0.000e+00
      1.165    30.6273   0.141657     0.6317     3.3674     2.1288          0      7.750  33.786571   995.9361      1.158      0.064  0.000e+00
      1.132    30.6079   0.142023     0.6337     3.3808     2.1250          0      8.000  33.786574   995.9434      1.126      0.046  0.000e+00
      1.110    30.5511   0.141667     0.6327     3.3920     2.1341          0      8.250  33.786577   995.9601      1.104      0.034  0.000e+00
      1.121    30.4690   0.141058     0.6309     3.4052     2.1166          0      8.500  33.786580   995.9840      1.115      0.016  0.000e+00
      1.154    30.4153   0.140256     0.6278     3.4113     2.1181          0      8.750  33.786583   995.9983      1.147      0.014  0.000e+00
      1.164    30.4004   0.139808     0.6259     3.4183     2.1181          0      9.000  33.786586   996.0015      1.158      0.007  0.000e+00
      1.143    30.4096   0.139729     0.6254     3.4258     2.1204          0      9.250  33.786589   995.9982      1.136     -0.007  0.000e+00
      1.143    30.4335   0.140436     0.6284     3.4321     2.1341          0      9.500  33.786591   995.9932      1.136     -0.009  0.000e+00
      1.132    30.4485   0.140726     0.6296     3.4325     2.1334          0      9.750  33.786594   995.9894      1.126      0.001  0.000e+00
      1.110    30.4601   0.140635     0.6290     3.4394     2.1387          0     10.000  33.786597   995.9853      1.104      0.001  0.000e+00
      1.143    30.4660   0.140051     0.6262     3.4409     2.1410          0     10.250  33.786600   995.9815      1.137      0.002  0.000e+00
      1.164    30.4621   0.139846     0.6253     3.4447     2.0876          0     10.500  33.786603   995.9821      1.158      0.001  0.000e+00
      1.154    30.4584   0.140468     0.6283     3.4471     2.1013          0     10.750  33.786606   995.9854      1.147     -0.002  0.000e+00
      1.143    30.4534   0.140890     0.6303     3.4527     2.0937          0     11.000  33.786609   995.9884      1.136     -0.000  0.000e+00
      1.110    30.4448   0.140354     0.6279     3.4537     2.0853          0     11.250  33.786612   995.9891      1.104     -0.002  0.000e+00
      1.121    30.4361   0.139423     0.6237     3.4610     2.1570          0     11.500  33.786615   995.9887      1.115     -0.005  0.000e+00
      1.143    30.4289   0.139146     0.6225     3.4706     2.1502          0     11.750  33.786617   995.9901      1.137     -0.001  0.000e+00
      1.164    30.4281   0.138884     0.6213     3.4682     2.1525          0     12.000  33.786620   995.9895      1.158      0.006  0.000e+00
      1.175    30.4320   0.138865     0.6211     3.4664     2.1509          0     12.250  33.786623   995.9883      1.169      0.006  0.000e+00
      1.175    30.4426   0.138884     0.6211     3.4615     2.1486          0     12.500  33.786626   995.9850      1.169      0.012  0.000e+00
      1.186    30.4543   0.138531     0.6193     3.4687     2.1303          0     12.750  33.786629   995.9801      1.180      0.027  0.000e+00
      1.164    30.4634   0.138096     0.6172     3.4711     2.1273          0     13.000  33.786632   995.9757      1.158      0.030  0.000e+00
      1.175    30.4755   0.137469     0.6141     3.4733     2.1341          0     13.250  33.786635   995.9697      1.169      0.032  0.000e+00
      1.154    30.5028   0.137173     0.6124     3.4691     2.1250          0     13.500  33.786638   995.9600      1.147      0.016  0.000e+00
      1.165    30.5321   0.137066     0.6115     3.4674     2.1189          0     13.750  33.786641   995.9504      1.158      0.003  0.000e+00
      1.165    30.5622   0.137040     0.6111     3.4714     2.1135          0     14.000  33.786644   995.9408      1.158     -0.006  0.000e+00
      1.175    30.5896   0.136999     0.6105     3.4913     2.1166          0     14.250  33.786646   995.9320      1.169     -0.006  0.000e+00
      1.186    30.6108   0.136911     0.6099     3.5114     2.1120          0     14.500  33.786649   995.9250      1.180      0.000  0.000e+00
      1.176    30.6250   0.136848     0.6094     3.4925     2.1158          0     14.750  33.786652   995.9203      1.169      0.002  0.000e+00
      1.176    30.6333   0.136798     0.6091     3.4193     2.1204          0     15.000  33.786655   995.9175      1.169      0.008  0.000e+00
      1.143    30.6373   0.136760     0.6089     3.3058     2.1181          0     15.250  33.786658   995.9159      1.137     -0.001  0.000e+00
      1.154    30.6395   0.136728     0.6087     3.1609     2.1166          0     15.500  33.786661   995.9151      1.148     -0.003  0.000e+00
      1.165    30.6398   0.136725     0.6087     3.0152     2.1326          0     15.750  33.786664   995.9151      1.158     -0.007  0.000e+00
      1.175    30.6408   0.136722     0.6086     2.8699     2.1502          0     16.000  33.786667   995.9148      1.169     -0.006  0.000e+00
      1.165    30.6421   0.136735     0.6087     2.7288     2.1570          0     16.250  33.786670   995.9144      1.158     -0.008  0.000e+00
      1.175    30.6433   0.136760     0.6088     2.6249     2.1494          0     16.500  33.786672   995.9141      1.169     -0.004  0.000e+00
      1.154    30.6425   0.136728     0.6087     2.5424     2.1570          0     16.750  33.786675   995.9142      1.147     -0.002  0.000e+00
      1.154    30.6411   0.136675     0.6084     2.4934     2.1555          0     17.000  33.786678   995.9144      1.147     -0.001  0.000e+00
      1.165    30.6403   0.136665     0.6084     2.4631     2.1525          0     17.250  33.786681   995.9147      1.158      0.004  0.000e+00
      1.164    30.6403   0.136656     0.6083     2.4343     2.1540          0     17.500  33.786684   995.9147      1.158     -0.001  0.000e+00
      1.175    30.6399   0.136499     0.6076     2.4057     2.1540          0     17.750  33.786687   995.9143      1.169     -0.001  0.000e+00
      1.197    30.6405   0.136401     0.6072     2.3816     2.1082          0     18.000  33.786690   995.9139      1.190      0.007  0.000e+00
      1.164    30.6427   0.136464     0.6074     2.3567     2.1021          0     18.250  33.786693   995.9133      1.158      0.008  0.000e+00
      1.186    30.6453   0.136451     0.6073     2.3273     2.1059          0     18.500  33.786696   995.9125      1.179      0.011  0.000e+00
      1.186    30.6473   0.136448     0.6073     2.3128     2.1052          0     18.750  33.786698   995.9118      1.179      0.017  0.000e+00
      1.186    30.6467   0.136426     0.6072     2.2936     2.1265          0     19.000  33.786701   995.9119      1.179      0.015  0.000e+00
      1.197    30.6432   0.136376     0.6070     2.2699     2.1296          0     19.250  33.786704   995.9129      1.190      0.014  0.000e+00
      1.207    30.6361   0.136328     0.6069     2.2504     2.1227          0     19.500  33.786707   995.9151      1.201      0.016  0.000e+00
      1.197    30.6294   0.136344     0.6070     2.2384     2.1319          0     19.750  33.786710   995.9172      1.190      0.012  0.000e+00
      1.186    30.6277   0.136382     0.6072     2.2218     2.1227          0     20.000  33.786713   995.9178      1.179      0.007  0.000e+00
      1.197    30.6301   0.136436     0.6074     2.2033     2.1265          0     20.250  33.786716   995.9173      1.190      0.011  0.000e+00
      1.164    30.6321   0.136458     0.6075     2.1876     2.1311          0     20.500  33.786719   995.9166      1.158     -0.004  0.000e+00
      1.186    30.6333   0.136486     0.6076     2.1712     2.1227          0     20.750  33.786722   995.9164      1.179     -0.006  0.000e+00
      1.186    30.6355   0.136495     0.6077     2.1599     2.1265          0     21.000  33.786725   995.9157      1.179     -0.008  0.000e+00
      1.186    30.6361   0.136511     0.6077     2.1544     2.1380          0     21.250  33.786727   995.9156      1.179     -0.010  0.000e+00
      1.208    30.6374   0.136499     0.6077     2.1478     2.1364          0     21.500  33.786730   995.9152      1.201     -0.003  0.000e+00
      1.186    30.6377   0.136470     0.6075     2.1446     2.1395          0     21.750  33.786733   995.9150      1.180      0.002  0.000e+00
      1.197    30.6386   0.136451     0.6074     2.1433     2.1364          0     22.000  33.786736   995.9147      1.190      0.007  0.000e+00
      1.208    30.6406   0.136432     0.6073     2.1435     2.1280          0     22.250  33.786739   995.9140      1.201      0.011  0.000e+00
      1.186    30.6411   0.136414     0.6072     2.1462     2.1265          0     22.500  33.786742   995.9137      1.179      0.012  0.000e+00
      1.175    30.6412   0.136420     0.6072     2.1450     2.1265          0     22.750  33.786745   995.9136      1.169     -0.001  0.000e+00
      1.197    30.6405   0.136426     0.6073     2.1436     2.1250          0     23.000  33.786748   995.9140      1.190     -0.001  0.000e+00
      1.208    30.6403   0.136436     0.6073     2.1403     2.1425          0     23.250  33.786751   995.9141      1.201      0.001  0.000e+00
      1.197    30.6397   0.136420     0.6073     2.1322     2.1410          0     23.500  33.786753   995.9142      1.190     -0.001  0.000e+00
      1.208    30.6370   0.136388     0.6071     2.1318     2.1357          0     23.750  33.786756   995.9150      1.201      0.007  0.000e+00
      1.208    30.6337   0.136338     0.6070     2.1164     2.1418          0     24.000  33.786759   995.9159      1.201      0.007  0.000e+00
      1.208    30.6313   0.136300     0.6068     2.1048     2.1326          0     24.250  33.786762   995.9165      1.201      0.009  0.000e+00
      1.186    30.6304   0.136300     0.6068     2.0905     2.1265          0     24.500  33.786765   995.9167      1.180      0.008  0.000e+00
      1.197    30.6316   0.136328     0.6069     2.0774     2.1273          0     24.750  33.786768   995.9165      1.191      0.004  0.000e+00
      1.208    30.6333   0.136376     0.6071     2.0631     2.1242          0     25.000  33.786771   995.9161      1.201     -0.001  0.000e+00
      1.208    30.6356   0.136445     0.6074     2.0520     2.1258          0     25.250  33.786774   995.9156      1.201     -0.001  0.000e+00
      1.219    30.6370   0.136454     0.6075     2.0378     2.1280          0     25.500  33.786777   995.9153      1.212      0.005  0.000e+00
      1.219    30.6361   0.136432     0.6074     2.0267     2.1349          0     25.750  33.786780   995.9155      1.212      0.007  0.000e+00
      1.197    30.6306   0.136401     0.6073     2.0198     2.1296          0     26.000  33.786782   995.9170      1.190      0.004  0.000e+00
      1.197    30.6219   0.136332     0.6071     2.0092     2.1303          0     26.250  33.786785   995.9195      1.191      0.003  0.000e+00
      1.197    30.6177   0.136338     0.6071     1.9990     2.1387          0     26.500  33.786788   995.9209      1.190      0.002  0.000e+00
      1.197    30.6197   0.136395     0.6074     1.9896     2.1380          0     26.750  33.786791   995.9205      1.190     -0.005  0.000e+00
      1.218    30.6247   0.136391     0.6073     1.9741     2.1395          0     27.000  33.786794   995.9190      1.212     -0.004  0.000e+00
      1.208    30.6277   0.136357     0.6071     1.9635     2.1402          0     27.250  33.786797   995.9178      1.201     -0.003  0.000e+00
      1.207    30.6276   0.136319     0.6069     1.9535     2.1021          0     27.500  33.786800   995.9177      1.201     -0.002  0.000e+00
