content/post/ctd_rufiji/SBE19plus_01906740_2018_02_13_0906.cnv
* Sea-Bird SBE19plus  Data File:
* FileName = C:\Users\all user\Desktop\CTD tafiri 2018\SBE19plus_01906740_2018_02_13_0906.hex
* Software version 2.6.3.104
* Temperature SN = 6740
* Conductivity SN = 6740
* System UpLoad Time = Feb 13 2018 14:01:32
* <ApplicationData>
* <Seaterm232>
# nquan = 13
# nvalues = 338                                   
# units = specified
# name 0 = prdM: Pressure, Strain Gauge [db]
# name 1 = tv290C: Temperature [ITS-90, deg C]
# name 2 = c0S/m: Conductivity [S/m]
# name 3 = sal00: Salinity, Practical [PSU]
# name 4 = sbeox0ML/L: Oxygen, SBE 43 [ml/l]
# name 5 = flECO-AFL: Fluorescence, WET Labs ECO-AFL/FL [mg/m^3]
# name 6 = nbf: Bottles Fired
# name 7 = timeS: Time, Elapsed [seconds]
# name 8 = timeJ: Julian Days
# name 9 = density00: Density [density, kg/m^3]
# name 10 = depSM: Depth [salt water, m], lat = 0.00
# name 11 = dz/dtM: Descent Rate [m/s]
# name 12 = flag:  0.000e+00
# span 0 =      0.151,      3.729                 
# span 1 =    25.3640,    30.3652                 
# span 2 =   0.000516,   0.033746                 
# span 3 =     0.0127,     0.1482                 
# span 4 =     1.1778,     6.8125                 
# span 5 =    -0.0616,     1.9762                 
# span 6 =          0,          0                 
# span 7 =      0.000,     84.250                 
# span 8 =  34.263889,  34.264864                 
# span 9 =   995.6424,   996.9637                 
# span 10 =      0.150,      3.709                
# span 11 =     -0.413,      0.529                
# span 12 = 0.0000e+00, 0.0000e+00                
# interval = seconds: 0.25
# start_time = Feb 03 2018 06:20:00 [Instrument's time stamp, header]
# bad_flag = -9.990e-29
*END*
[from data line 112]
      1.060    30.2464   0.032068     0.1403     2.7412     1.8000          0     28.000  34.264213   995.6844      1.054      0.007  0.000e+00
      1.060    30.2425   0.032053     0.1402     2.4618     1.8030          0     28.250  34.264216   995.6855      1.054      0.003  0.000e+00
      1.081    30.2367   0.032017     0.1401     2.3937     1.8023          0     28.500  34.264219   995.6873      1.075      0.001  0.000e+00
      1.060    30.2296   0.032002     0.1401     2.5302     1.7901          0     28.750  34.264222   995.6893      1.054     -0.002  0.000e+00
      1.060    30.2224   0.031996     0.1400     2.0814     1.7916          0     29.000  34.264225   995.6915      1.054     -0.004  0.000e+00
      1.071    30.2152   0.031990     0.1400     1.3597     1.7878          0     29.250  34.264227   995.6937      1.065     -0.007  0.000e+00
      1.060    30.2087   0.031984     0.1400     1.2311     1.7870          0     29.500  34.264230   995.6956      1.054     -0.005  0.000e+00
      1.060    30.2031   0.031975     0.1400     1.1778     1.7908          0     29.750  34.264233   995.6973      1.054     -0.006  0.000e+00
      1.071    30.1978   0.031957     0.1399     1.2382     1.7855          0     30.000  34.264236   995.6989      1.065      0.001  0.000e+00
      1.060    30.1920   0.031939     0.1399     1.3551     1.7878          0     30.250  34.264239   995.7006      1.054     -0.002  0.000e+00
      1.071    30.1855   0.031936     0.1399     1.4471     1.7893          0     30.500  34.264242   995.7026      1.065     -0.002  0.000e+00
      1.049    30.1790   0.031936     0.1399     1.5758     1.7817          0     30.750  34.264245   995.7045      1.043     -0.001  0.000e+00
      1.060    30.1730   0.031930     0.1399     1.7927     1.7786          0     31.000  34.264248   995.7064      1.054     -0.003  0.000e+00
      1.038    30.1676   0.031912     0.1398     1.9471     1.7786          0     31.250  34.264251   995.7079      1.032     -0.010  0.000e+00
      1.049    30.1628   0.031903     0.1398     1.9538     1.7832          0     31.500  34.264253   995.7093      1.043     -0.009  0.000e+00
      1.049    30.1574   0.031897     0.1398     1.9495     1.7618          0     31.750  34.264256   995.7110      1.043     -0.011  0.000e+00
      1.060    30.1520   0.031879     0.1397     1.9387     1.7687          0     32.000  34.264259   995.7126      1.054     -0.009  0.000e+00
      1.071    30.1456   0.031870     0.1397     1.9348     1.7717          0     32.250  34.264262   995.7146      1.065     -0.000  0.000e+00
      1.071    30.1390   0.031870     0.1397     1.9280     1.7633          0     32.500  34.264265   995.7166      1.065      0.005  0.000e+00
      1.049    30.1329   0.031864     0.1397     1.9247     1.7649          0     32.750  34.264268   995.7183      1.043      0.007  0.000e+00
      1.060    30.1274   0.031864     0.1397     1.9163     1.7794          0     33.000  34.264271   995.7201      1.054      0.006  0.000e+00
      1.060    30.1225   0.031852     0.1397     1.9129     1.7778          0     33.250  34.264274   995.7215      1.054      0.009  0.000e+00
      1.060    30.1177   0.031837     0.1396     1.9085     1.7748          0     33.500  34.264277   995.7230      1.054      0.004  0.000e+00
      1.060    30.1119   0.031825     0.1396     1.8976     1.7786          0     33.750  34.264280   995.7247      1.054      0.001  0.000e+00
      1.049    30.1057   0.031825     0.1396     3.7947     1.7633          0     34.000  34.264282   995.7265      1.043     -0.006  0.000e+00
      1.081    30.0994   0.031816     0.1396     3.0438     1.7641          0     34.250  34.264285   995.7285      1.075     -0.000  0.000e+00
      1.071    30.0935   0.031813     0.1396     3.0407     1.7717          0     34.500  34.264288   995.7303      1.065      0.005  0.000e+00
      1.071    30.0884   0.031807     0.1396     2.5808     1.7603          0     34.750  34.264291   995.7318      1.065      0.010  0.000e+00
      1.081    30.0834   0.031798     0.1395     2.6077     1.7839          0     35.000  34.264294   995.7334      1.075      0.011  0.000e+00
      1.071    30.0780   0.031792     0.1395     2.2416     1.7862          0     35.250  34.264297   995.7350      1.065      0.010  0.000e+00
      1.071    30.0725   0.031792     0.1395     2.0493     1.7939          0     35.500  34.264300   995.7366      1.065      0.009  0.000e+00
      1.060    30.0677   0.031786     0.1395     1.9034     1.7931          0     35.750  34.264303   995.7380      1.054      0.004  0.000e+00
      1.081    30.0632   0.031798     0.1396     1.4804     1.7656          0     36.000  34.264306   995.7395      1.075      0.004  0.000e+00
      1.060    30.0611   0.031792     0.1396     1.5398     1.7717          0     36.250  34.264308   995.7400      1.054     -0.006  0.000e+00
      1.049    30.0599   0.031779     0.1395     1.6955     1.7664          0     36.500  34.264311   995.7403      1.043     -0.009  0.000e+00
      1.060    30.0578   0.031770     0.1395     2.0038     1.7557          0     36.750  34.264314   995.7410      1.054     -0.010  0.000e+00
      1.060    30.0529   0.031758     0.1394     1.8029     1.7641          0     37.000  34.264317   995.7424      1.054     -0.011  0.000e+00
      1.071    30.0463   0.031752     0.1394     1.9148     1.7817          0     37.250  34.264320   995.7445      1.065     -0.004  0.000e+00
      1.071    30.0394   0.031746     0.1394     2.0465     1.7740          0     37.500  34.264323   995.7466      1.065     -0.001  0.000e+00
      1.081    30.0332   0.031758     0.1395     2.0813     1.7809          0     37.750  34.264326   995.7485      1.075      0.006  0.000e+00
      1.071    30.0293   0.031746     0.1395     2.0743     1.7786          0     38.000  34.264329   995.7496      1.065      0.005  0.000e+00
      1.060    30.0255   0.031734     0.1394     2.0659     1.7901          0     38.250  34.264332   995.7507      1.054      0.008  0.000e+00
      1.081    30.0206   0.031728     0.1394     1.9767     1.7931          0     38.500  34.264334   995.7523      1.075      0.011  0.000e+00
      1.081    30.0147   0.031734     0.1394     1.8071     1.7824          0     38.750  34.264337   995.7541      1.075      0.009  0.000e+00
      1.070    30.0104   0.031734     0.1394     1.8817     1.7862          0     39.000  34.264340   995.7553      1.065      0.005  0.000e+00
      1.081    30.0078   0.031728     0.1394     1.9647     1.7870          0     39.250  34.264343   995.7561      1.075      0.004  0.000e+00
      1.081    30.0050   0.031722     0.1394     1.7873     1.7878          0     39.500  34.264346   995.7570      1.075      0.004  0.000e+00
      1.070    30.0006   0.031719     0.1394     1.7681     1.7946          0     39.750  34.264349   995.7583      1.065      0.001  0.000e+00
      1.070    29.9950   0.031713     0.1394     1.8335     1.7817          0     40.000  34.264352   995.7600      1.065      0.002  0.000e+00
      1.081    29.9893   0.031719     0.1394     1.7903     1.7847          0     40.250  34.264355   995.7618      1.075      0.003  0.000e+00
      1.081    29.9846   0.031707     0.1394     1.7823     1.7908          0     40.500  34.264358   995.7631      1.075     -0.001  0.000e+00
      1.049    29.9801   0.031710     0.1394     1.8744     1.7931          0     40.750  34.264361   995.7644      1.043     -0.007  0.000e+00
      1.049    29.9765   0.031707     0.1394     1.9809     1.7878          0     41.000  34.264363   995.7655      1.043     -0.012  0.000e+00
      1.060    29.9734   0.031701     0.1394     2.0128     1.7901          0     41.250  34.264366   995.7664      1.054     -0.014  0.000e+00
      1.081    29.9703   0.031695     0.1394     2.0182     1.7611          0     41.500  34.264369   995.7675      1.075     -0.007  0.000e+00
      1.081    29.9659   0.031701     0.1394     2.0070     1.7702          0     41.750  34.264372   995.7688      1.075     -0.000  0.000e+00
      1.070    29.9614   0.031701     0.1394     2.0236     1.7656          0     42.000  34.264375   995.7701      1.064      0.001  0.000e+00
      1.070    29.9576   0.031701     0.1394     2.0894     1.7611          0     42.250  34.264378   995.7713      1.064      0.001  0.000e+00
      1.060    29.9559   0.031695     0.1394     1.9249     1.7946          0     42.500  34.264381   995.7717      1.054      0.003  0.000e+00
      1.070    29.9544   0.031692     0.1394     1.8479     1.7946          0     42.750  34.264384   995.7722      1.064      0.009  0.000e+00
      1.060    29.9514   0.031686     0.1394     1.8144     1.7855          0     43.000  34.264387   995.7731      1.054      0.001  0.000e+00
      1.070    29.9474   0.031686     0.1394     1.8697     1.7916          0     43.250  34.264389   995.7743      1.064     -0.004  0.000e+00
      1.070    29.9429   0.031677     0.1394     1.8316     1.7565          0     43.500  34.264392   995.7757      1.064     -0.006  0.000e+00
      1.070    29.9391   0.031686     0.1394     1.7770     1.7557          0     43.750  34.264395   995.7768      1.064     -0.003  0.000e+00
      1.060    29.9357   0.031686     0.1394     1.7209     1.7534          0     44.000  34.264398   995.7778      1.054     -0.001  0.000e+00
      1.060    29.9334   0.031686     0.1394     1.7585     1.7534          0     44.250  34.264401   995.7785      1.054     -0.002  0.000e+00
      1.070    29.9313   0.031680     0.1394     1.7826     1.7557          0     44.500  34.264404   995.7792      1.064      0.001  0.000e+00
      1.070    29.9289   0.031671     0.1394     1.7882     1.7733          0     44.750  34.264407   995.7799      1.064     -0.000  0.000e+00
      1.038    29.9248   0.031668     0.1394     1.7886     1.7748          0     45.000  34.264410   995.7810      1.032     -0.007  0.000e+00
      1.070    29.9203   0.031674     0.1394     1.8440     1.7771          0     45.250  34.264413   995.7825      1.064     -0.006  0.000e+00
      1.092    29.9162   0.031674     0.1394     1.8885     1.7832          0     45.500  34.264416   995.7838      1.086      0.004  0.000e+00
      1.070    29.9140   0.031680     0.1395     1.8954     1.7702          0     45.750  34.264418   995.7844      1.064      0.006  0.000e+00
      1.070    29.9140   0.031683     0.1395     1.8593     1.7603          0     46.000  34.264421   995.7844      1.064      0.008  0.000e+00
      1.092    29.9131   0.031680     0.1395     1.9196     1.7672          0     46.250  34.264424   995.7848      1.086      0.012  0.000e+00
      1.070    29.9104   0.031668     0.1394     1.9002     1.7702          0     46.500  34.264427   995.7855      1.064      0.009  0.000e+00
      1.103    29.9064   0.031668     0.1394     1.8641     1.7565          0     46.750  34.264430   995.7869      1.097      0.017  0.000e+00
      1.092    29.9012   0.031662     0.1394     1.9156     1.7489          0     47.000  34.264433   995.7884      1.086      0.019  0.000e+00
      1.081    29.8960   0.031665     0.1394     1.7624     1.7550          0     47.250  34.264436   995.7899      1.075      0.007  0.000e+00
      1.103    29.8913   0.031668     0.1395     1.7710     1.7504          0     47.500  34.264439   995.7914      1.097      0.009  0.000e+00
      1.092    29.8876   0.031668     0.1395     1.8030     1.7733          0     47.750  34.264442   995.7925      1.086      0.012  0.000e+00
      1.092    29.8852   0.031668     0.1395     1.8296     1.7725          0     48.000  34.264444   995.7932      1.086      0.009  0.000e+00
      1.114    29.8843   0.031674     0.1395     1.7722     1.7649          0     48.250  34.264447   995.7936      1.108      0.009  0.000e+00
      1.103    29.8835   0.031671     0.1395     1.8168     1.7656          0     48.500  34.264450   995.7938      1.097      0.012  0.000e+00
      1.081    29.8823   0.031662     0.1395     1.9185     1.7656          0     48.750  34.264453   995.7940      1.075      0.000  0.000e+00
      1.103    29.8797   0.031656     0.1394     1.9472     1.7878          0     49.000  34.264456   995.7949      1.097      0.004  0.000e+00
      1.092    29.8761   0.031662     0.1395     1.8202     1.7908          0     49.250  34.264459   995.7960      1.086      0.002  0.000e+00
      1.092    29.8714   0.031668     0.1395     1.7725     1.7954          0     49.500  34.264462   995.7974      1.086     -0.004  0.000e+00
      1.092    29.8676   0.031662     0.1395     1.7771     1.7977          0     49.750  34.264465   995.7985      1.086     -0.003  0.000e+00
      1.124    29.8644   0.031659     0.1395     1.7601     1.8129          0     50.000  34.264468   995.7996      1.118      0.004  0.000e+00
      1.135    29.8614   0.031668     0.1395     1.8191     1.8137          0     50.250  34.264470   995.8006      1.129      0.011  0.000e+00
      1.103    29.8590   0.031662     0.1395     1.7693     1.8122          0     50.500  34.264473   995.8012      1.097      0.014  0.000e+00
      1.081    29.8570   0.031668     0.1395     1.8389     1.8114          0     50.750  34.264476   995.8017      1.075      0.008  0.000e+00
      0.995    29.8565   0.031728     0.1398     1.9253     1.7702          0     51.000  34.264479   995.8017      0.989     -0.027  0.000e+00
      0.843    29.8638   0.031858     0.1403     2.0107     1.7733          0     51.250  34.264482   995.7992      0.839     -0.089  0.000e+00
      0.703    29.8788   0.031786     0.1400     2.5405     1.7649          0     51.500  34.264485   995.7938      0.699     -0.174  0.000e+00
      0.605    29.8828   0.031752     0.1398     1.5788     1.7687          0     51.750  34.264488   995.7921      0.602     -0.260  0.000e+00
      0.573    29.8829   0.031801     0.1401     1.6158     1.7786          0     52.000  34.264491   995.7920      0.570     -0.322  0.000e+00
      0.551    29.8814   0.031885     0.1404     1.8363     1.7794          0     52.250  34.264494   995.7927      0.548     -0.345  0.000e+00
      0.584    29.8813   0.031954     0.1407     1.8054     1.7771          0     52.500  34.264497   995.7931      0.581     -0.316  0.000e+00
      0.681    29.8968   0.031945     0.1406     2.0332     1.7786          0     52.750  34.264499   995.7888      0.677     -0.236  0.000e+00
      0.778    29.9262   0.031981     0.1407     1.7781     1.7786          0     53.000  34.264502   995.7804      0.774     -0.110  0.000e+00
      0.865    30.0010   0.031984     0.1405     1.9173     1.8290          0     53.250  34.264505   995.7581      0.860      0.032  0.000e+00
      0.962    30.0815   0.031945     0.1402     1.9909     1.8259          0     53.500  34.264508   995.7339      0.957      0.157  0.000e+00
      1.038    30.1362   0.031915     0.1399     2.2208     1.8290          0     53.750  34.264511   995.7174      1.032      0.248  0.000e+00
      1.092    30.1651   0.031891     0.1397     2.1661     1.8259          0     54.000  34.264514   995.7088      1.086      0.298  0.000e+00
      1.092    30.1803   0.031864     0.1396     1.3090     1.7801          0     54.250  34.264517   995.7041      1.086      0.305  0.000e+00
      1.113    30.1161   0.031846     0.1397     1.2902     1.7771          0     54.500  34.264520   995.7237      1.107      0.277  0.000e+00
      1.124    29.9997   0.031873     0.1401     1.2451     1.7733          0     54.750  34.264523   995.7593      1.118      0.224  0.000e+00
      1.189    29.9036   0.031891     0.1404     1.2838     1.7817          0     55.000  34.264525   995.7888      1.182      0.185  0.000e+00
      1.221    29.8611   0.031927     0.1407     1.2766     1.8000          0     55.250  34.264528   995.8019      1.215      0.153  0.000e+00
