content/post/ctd_rufiji/SBE19plus_01906740_2018_02_13_0925.cnv
* Sea-Bird SBE19plus  Data File:
* FileName = C:\Users\all user\Desktop\CTD tafiri 2018\SBE19plus_01906740_2018_02_13_0925.hex
* Software version 2.6.3.104
* Temperature SN = 6740
* Conductivity SN = 6740
* System UpLoad Time = Feb 13 2018 14:04:36
* <ApplicationData>
* <Seaterm232>
# nquan = 13
# nvalues = 313                                   
# units = specified
# name 0 = prdM: Pressure, Strain Gauge [db]
# name 1 = tv290C: Temperature [ITS-90, deg C]
# name 2 = c0S/m: Conductivity [S/m]
# name 3 = sal00: Salinity, Practical [PSU]
# name 4 = sbeox0ML/L: Oxygen, SBE 43 [ml/l]
# name 5 = flECO-AFL: Fluorescence, WET Labs ECO-AFL/FL [mg/m^3]
# name 6 = nbf: Bottles Fired
# name 7 = timeS: Time, Elapsed [seconds]
# name 8 = timeJ: Julian Days
# name 9 = density00: Density [density, kg/m^3]
# name 10 = depSM: Depth [salt water, m], lat = 0.00
# name 11 = dz/dtM: Descent Rate [m/s]
# name 12 = flag:  0.000e+00
# span 0 =      0.190,      2.224                 
# span 1 =    28.2535,    30.5369                 
# span 2 =   0.004792,   0.100874                 
# span 3 =     0.0285,     0.4453                 
# span 4 =     0.5364,     6.3887                 
# span 5 =    -0.4317,     2.5416                 
# span 6 =          0,          0                 
# span 7 =      0.000,     78.000                 
# span 8 =  34.413449,  34.414352                 
# span 9 =   995.6612,   996.2187                 
# span 10 =      0.189,      2.212                
# span 11 =     -0.479,      0.303                
# span 12 = 0.0000e+00, 0.0000e+00                
# interval = seconds: 0.25
# start_time = Feb 03 2018 09:55:22 [Instrument's time stamp, header]
# bad_flag = -9.990e-29
*END*
[from data line 112]
      1.024    30.5116   0.089015     0.3912     2.2044     2.1380          0     28.000  34.413773   995.7912      1.018      0.006  0.000e+00
      1.024    30.5113   0.089003     0.3911     2.2036     2.1433          0     28.250  34.413776   995.7912      1.018      0.002  0.000e+00
      1.013    30.5085   0.088901     0.3907     2.1691     2.1395          0     28.500  34.413779   995.7917      1.007     -0.003  0.000e+00
      1.056    30.5011   0.088685     0.3898     2.1682     2.1624          0     28.750  34.413782   995.7935      1.050      0.004  0.000e+00
      1.035    30.4967   0.088626     0.3896     2.1741     2.1624          0     29.000  34.413785   995.7946      1.029      0.005  0.000e+00
      1.056    30.4990   0.088595     0.3894     2.1719     2.1639          0     29.250  34.413788   995.7939      1.050      0.015  0.000e+00
      1.034    30.4967   0.088639     0.3896     2.1523     2.1631          0     29.500  34.413791   995.7946      1.029      0.018  0.000e+00
      1.034    30.4864   0.088688     0.3899     2.1566     2.1547          0     29.750  34.413793   995.7980      1.029      0.014  0.000e+00
      1.045    30.4811   0.088710     0.3900     2.1545     2.1532          0     30.000  34.413796   995.7998      1.040      0.011  0.000e+00
      1.045    30.4805   0.088750     0.3902     2.1521     2.1525          0     30.250  34.413799   995.8001      1.040      0.009  0.000e+00
      1.045    30.4812   0.088824     0.3906     2.1291     2.1563          0     30.500  34.413802   995.8001      1.040      0.006  0.000e+00
      1.035    30.4829   0.088848     0.3907     2.0865     2.1624          0     30.750  34.413805   995.7996      1.029     -0.004  0.000e+00
      1.024    30.4842   0.088824     0.3905     2.0889     2.1654          0     31.000  34.413808   995.7991      1.018     -0.005  0.000e+00
      1.024    30.4841   0.088799     0.3904     2.0879     2.1700          0     31.250  34.413811   995.7990      1.018     -0.011  0.000e+00
      1.024    30.4824   0.088734     0.3902     2.0748     2.1685          0     31.500  34.413814   995.7994      1.018     -0.009  0.000e+00
      1.045    30.4795   0.088595     0.3895     2.0625     2.1441          0     31.750  34.413817   995.7999      1.040     -0.006  0.000e+00
      1.024    30.4788   0.088552     0.3894     2.0571     2.1349          0     32.000  34.413819   995.7999      1.018     -0.009  0.000e+00
      1.056    30.4813   0.088608     0.3896     2.0601     2.1425          0     32.250  34.413822   995.7994      1.050      0.000  0.000e+00
      1.013    30.4820   0.088679     0.3899     2.0596     2.1425          0     32.500  34.413825   995.7992      1.007     -0.003  0.000e+00
      1.034    30.4816   0.088716     0.3901     2.0495     2.1410          0     32.750  34.413828   995.7996      1.029      0.002  0.000e+00
      1.024    30.4813   0.088703     0.3900     2.0289     2.1570          0     33.000  34.413831   995.7996      1.018      0.001  0.000e+00
      1.035    30.4805   0.088654     0.3898     2.0101     2.1525          0     33.250  34.413834   995.7997      1.029      0.001  0.000e+00
      1.046    30.4778   0.088642     0.3898     1.9977     2.1509          0     33.500  34.413837   995.8006      1.040      0.002  0.000e+00
      1.035    30.4745   0.088648     0.3898     1.9888     2.1570          0     33.750  34.413840   995.8016      1.029     -0.001  0.000e+00
      1.035    30.4709   0.088679     0.3900     1.9703     2.1692          0     34.000  34.413843   995.8028      1.029      0.003  0.000e+00
      1.024    30.4689   0.088685     0.3900     1.9614     2.1723          0     34.250  34.413845   995.8034      1.018     -0.003  0.000e+00
      1.024    30.4686   0.088710     0.3901     1.9463     2.1715          0     34.500  34.413848   995.8036      1.018      0.002  0.000e+00
      1.024    30.4687   0.088639     0.3898     1.9324     2.1738          0     34.750  34.413851   995.8033      1.018     -0.005  0.000e+00
      1.045    30.4679   0.088521     0.3893     1.9261     2.1509          0     35.000  34.413854   995.8032      1.040     -0.000  0.000e+00
      1.045    30.4654   0.088494     0.3892     1.9256     2.1509          0     35.250  34.413857   995.8039      1.040      0.001  0.000e+00
      1.035    30.4634   0.088589     0.3896     1.9175     2.1570          0     35.500  34.413860   995.8048      1.029      0.001  0.000e+00
      1.035    30.4608   0.088691     0.3901     1.9032     2.1540          0     35.750  34.413863   995.8060      1.029      0.004  0.000e+00
      1.035    30.4610   0.088747     0.3904     1.9065     2.1288          0     36.000  34.413866   995.8061      1.029      0.005  0.000e+00
      1.056    30.4640   0.088734     0.3903     1.8981     2.1250          0     36.250  34.413869   995.8052      1.051      0.012  0.000e+00
      1.046    30.4645   0.088728     0.3903     1.8993     2.1296          0     36.500  34.413872   995.8050      1.040      0.010  0.000e+00
      1.056    30.4612   0.088756     0.3904     1.8981     2.1258          0     36.750  34.413874   995.8062      1.051      0.010  0.000e+00
      1.056    30.4587   0.088861     0.3909     1.8934     2.1280          0     37.000  34.413877   995.8073      1.051      0.008  0.000e+00
      1.046    30.4611   0.089021     0.3916     1.8836     2.1448          0     37.250  34.413880   995.8071      1.040      0.008  0.000e+00
      1.067    30.4651   0.089271     0.3927     1.8811     2.1540          0     37.500  34.413883   995.8068      1.061      0.014  0.000e+00
      1.056    30.4698   0.089502     0.3937     1.8847     2.1540          0     37.750  34.413886   995.8060      1.051      0.012  0.000e+00
      1.046    30.4733   0.089731     0.3947     1.8869     2.1525          0     38.000  34.413889   995.8057      1.040      0.005  0.000e+00
      1.035    30.4762   0.090150     0.3966     1.8502     2.1280          0     38.250  34.413892   995.8062      1.029     -0.005  0.000e+00
      1.035    30.4800   0.090404     0.3977     1.8264     2.1334          0     38.500  34.413895   995.8058      1.029     -0.008  0.000e+00
      1.057    30.4804   0.089651     0.3943     1.7843     2.1296          0     38.750  34.413898   995.8032      1.051     -0.007  0.000e+00
      1.057    30.4778   0.089243     0.3925     1.8164     2.1280          0     39.000  34.413900   995.8026      1.051     -0.004  0.000e+00
      1.057    30.4799   0.089299     0.3927     1.8397     2.1624          0     39.250  34.413903   995.8022      1.051      0.000  0.000e+00
      1.035    30.4811   0.089530     0.3938     1.8255     2.1670          0     39.500  34.413906   995.8025      1.029     -0.006  0.000e+00
      1.046    30.4778   0.089752     0.3948     1.8252     2.1624          0     39.750  34.413909   995.8043      1.040     -0.001  0.000e+00
      1.056    30.4727   0.090027     0.3961     1.8245     2.1692          0     40.000  34.413912   995.8069      1.051      0.005  0.000e+00
      1.046    30.4697   0.090428     0.3979     1.8664     2.1776          0     40.250  34.413915   995.8092      1.040      0.004  0.000e+00
      1.046    30.4674   0.090481     0.3982     1.8587     2.1784          0     40.500  34.413918   995.8101      1.040     -0.000  0.000e+00
      1.067    30.4652   0.090246     0.3971     1.8640     2.1822          0     40.750  34.413921   995.8100      1.061      0.001  0.000e+00
      1.056    30.4637   0.090101     0.3965     1.8606     2.1769          0     41.000  34.413924   995.8100      1.050      0.003  0.000e+00
      1.056    30.4634   0.090296     0.3974     1.8726     2.1769          0     41.250  34.413927   995.8107      1.051      0.006  0.000e+00
      1.056    30.4646   0.090468     0.3981     1.8922     2.1753          0     41.500  34.413929   995.8109      1.051      0.009  0.000e+00
      1.035    30.4653   0.090434     0.3980     1.8762     2.1685          0     41.750  34.413932   995.8105      1.029     -0.001  0.000e+00
      1.035    30.4643   0.090055     0.3963     1.8654     2.1677          0     42.000  34.413935   995.8095      1.029     -0.007  0.000e+00
      1.035    30.4626   0.089592     0.3942     1.8617     2.1685          0     42.250  34.413938   995.8085      1.029     -0.009  0.000e+00
      1.056    30.4630   0.089320     0.3930     1.8656     2.1425          0     42.500  34.413941   995.8075      1.050     -0.008  0.000e+00
      1.045    30.4581   0.089422     0.3935     1.8887     2.1410          0     42.750  34.413944   995.8094      1.040     -0.010  0.000e+00
      1.056    30.4386   0.090095     0.3967     1.8806     2.1364          0     43.000  34.413947   995.8178      1.050     -0.002  0.000e+00
      1.067    30.4272   0.090919     0.4005     1.8871     2.1395          0     43.250  34.413950   995.8242      1.061      0.006  0.000e+00
      1.034    30.4250   0.091583     0.4035     1.8857     2.1502          0     43.500  34.413953   995.8270      1.029      0.004  0.000e+00
      1.034    30.4283   0.091636     0.4037     1.8836     2.1502          0     43.750  34.413955   995.8261      1.029      0.004  0.000e+00
      1.045    30.4335   0.091132     0.4014     1.8982     2.1540          0     44.000  34.413958   995.8229      1.039      0.001  0.000e+00
      1.056    30.4373   0.090805     0.3999     1.8896     2.1532          0     44.250  34.413961   995.8206      1.050      0.001  0.000e+00
      1.067    30.4417   0.090783     0.3998     1.8854     2.1456          0     44.500  34.413964   995.8192      1.061      0.001  0.000e+00
      1.067    30.4459   0.090885     0.4002     1.8882     2.1402          0     44.750  34.413967   995.8182      1.061      0.007  0.000e+00
      1.034    30.4481   0.091302     0.4021     1.7902     2.1395          0     45.000  34.413970   995.8188      1.029     -0.000  0.000e+00
      1.023    30.4481   0.091197     0.4016     1.6964     2.1418          0     45.250  34.413973   995.8184      1.018     -0.006  0.000e+00
      1.045    30.4472   0.090715     0.3994     1.6909     2.1357          0     45.500  34.413976   995.8172      1.039     -0.000  0.000e+00
      1.067    30.4470   0.090215     0.3971     1.7283     2.1242          0     45.750  34.413979   995.8156      1.061      0.002  0.000e+00
      1.067    30.4480   0.090120     0.3967     1.7377     2.1326          0     46.000  34.413981   995.8150      1.061      0.002  0.000e+00
      1.078    30.4363   0.090783     0.3998     1.7565     2.1280          0     46.250  34.413984   995.8209      1.072      0.006  0.000e+00
      1.078    30.4122   0.091503     0.4032     1.7633     2.1235          0     46.500  34.413987   995.8309      1.072      0.012  0.000e+00
      1.067    30.4077   0.092118     0.4061     1.7850     2.1685          0     46.750  34.413990   995.8344      1.061      0.017  0.000e+00
      1.067    30.4119   0.092294     0.4068     1.7983     2.1662          0     47.000  34.413993   995.8336      1.061      0.022  0.000e+00
      1.078    30.4169   0.091605     0.4037     1.8175     2.1608          0     47.250  34.413996   995.8298      1.072      0.020  0.000e+00
      1.089    30.4219   0.090950     0.4007     1.8396     2.1723          0     47.500  34.413999   995.8260      1.083      0.013  0.000e+00
      1.078    30.4305   0.090848     0.4001     1.8147     2.1479          0     47.750  34.414002   995.8230      1.072      0.007  0.000e+00
      1.078    30.4375   0.091209     0.4017     1.8845     2.1464          0     48.000  34.414005   995.8220      1.072      0.005  0.000e+00
      1.078    30.4410   0.091830     0.4045     1.8906     2.1479          0     48.250  34.414008   995.8230      1.072      0.003  0.000e+00
      1.056    30.4458   0.092312     0.4067     1.8918     2.1502          0     48.500  34.414010   995.8231      1.050     -0.002  0.000e+00
      1.056    30.4506   0.092596     0.4079     1.8812     2.1563          0     48.750  34.414013   995.8225      1.050     -0.006  0.000e+00
      1.067    30.4520   0.092192     0.4061     1.8820     2.1647          0     49.000  34.414016   995.8208      1.061     -0.009  0.000e+00
      1.067    30.4518   0.091521     0.4030     1.8657     2.1715          0     49.250  34.414019   995.8186      1.061     -0.011  0.000e+00
      1.056    30.4552   0.091188     0.4015     1.8520     2.1685          0     49.500  34.414022   995.8163      1.050     -0.014  0.000e+00
      1.045    30.4591   0.091552     0.4031     1.8328     2.1670          0     49.750  34.414025   995.8163      1.040     -0.014  0.000e+00
      1.067    30.4543   0.092192     0.4060     1.8126     2.1601          0     50.000  34.414028   995.8200      1.061     -0.009  0.000e+00
      1.067    30.4491   0.092408     0.4071     1.8070     2.1448          0     50.250  34.414031   995.8224      1.061     -0.003  0.000e+00
      1.078    30.4471   0.092439     0.4072     1.8112     2.1578          0     50.500  34.414034   995.8232      1.072      0.006  0.000e+00
      1.056    30.4445   0.092479     0.4074     1.7940     2.1517          0     50.750  34.414036   995.8240      1.050      0.003  0.000e+00
      1.067    30.4423   0.092624     0.4081     1.7862     2.1670          0     51.000  34.414039   995.8253      1.061      0.002  0.000e+00
      1.056    30.4427   0.092479     0.4074     1.7849     2.1616          0     51.250  34.414042   995.8246      1.050      0.001  0.000e+00
      1.056    30.4435   0.091734     0.4041     1.7720     2.1685          0     51.500  34.414045   995.8218      1.050      0.001  0.000e+00
      1.089    30.4442   0.091061     0.4010     1.7810     2.1654          0     51.750  34.414048   995.8195      1.083      0.007  0.000e+00
      1.099    30.4404   0.090898     0.4003     1.7760     2.1525          0     52.000  34.414051   995.8201      1.093      0.010  0.000e+00
      1.089    30.4085   0.091608     0.4038     1.9125     2.1509          0     52.250  34.414054   995.8325      1.083      0.014  0.000e+00
      1.121    30.3868   0.092229     0.4067     1.9117     2.1608          0     52.500  34.414057   995.8415      1.115      0.025  0.000e+00
      1.110    30.3750   0.092476     0.4080     1.8737     2.1570          0     52.750  34.414060   995.8460      1.104      0.032  0.000e+00
      1.110    30.3697   0.092630     0.4087     1.8454     2.1509          0     53.000  34.414063   995.8481      1.104      0.031  0.000e+00
      1.153    30.3719   0.092263     0.4070     1.8079     2.1456          0     53.250  34.414065   995.8464      1.147      0.041  0.000e+00
      1.197    30.3709   0.091521     0.4037     1.7969     2.1578          0     53.500  34.414068   995.8444      1.190      0.053  0.000e+00
      1.229    30.3658   0.091046     0.4015     1.8027     2.1425          0     53.750  34.414071   995.8445      1.222      0.065  0.000e+00
      1.294    30.3616   0.090481     0.3990     1.8893     2.1517          0     54.000  34.414074   995.8441      1.287      0.093  0.000e+00
      1.359    30.3320   0.089873     0.3965     1.8946     2.1547          0     54.250  34.414077   995.8516      1.351      0.128  0.000e+00
      1.424    30.2657   0.089549     0.3955     1.9174     2.1486          0     54.500  34.414080   995.8714      1.416      0.160  0.000e+00
      1.489    30.1923   0.089212     0.3945     1.8417     2.1532          0     54.750  34.414083   995.8933      1.481      0.198  0.000e+00
      1.554    30.1320   0.089003     0.3940     1.7082     2.1563          0     55.000  34.414086   995.9115      1.545      0.224  0.000e+00
      1.683    30.0871   0.088978     0.3943     1.6166     2.1540          0     55.250  34.414089   995.9259      1.674      0.256  0.000e+00
