content/post/ctd_rufiji/SBE19plus_01906740_2018_02_13_0930.cnv
* Sea-Bird SBE19plus  Data File:
* FileName = C:\Users\all user\Desktop\CTD tafiri 2018\SBE19plus_01906740_2018_02_13_0930.hex
* Software version 2.6.3.104
* Temperature SN = 6740
* Conductivity SN = 6740
* System UpLoad Time = Feb 13 2018 14:05:21
* <ApplicationData>
* <Seaterm232>
# nquan = 13
# nvalues = 268                                   
# units = specified
# name 0 = prdM: Pressure, Strain Gauge [db]
# name 1 = tv290C: Temperature [ITS-90, deg C]
# name 2 = c0S/m: Conductivity [S/m]
# name 3 = sal00: Salinity, Practical [PSU]
# name 4 = sbeox0ML/L: Oxygen, SBE 43 [ml/l]
# name 5 = flECO-AFL: Fluorescence, WET Labs ECO-AFL/FL [mg/m^3]
# name 6 = nbf: Bottles Fired
# name 7 = timeS: Time, Elapsed [seconds]
# name 8 = timeJ: Julian Days
# name 9 = density00: Density [density, kg/m^3]
# name 10 = depSM: Depth [salt water, m], lat = 0.00
# name 11 = dz/dtM: Descent Rate [m/s]
# name 12 = flag:  0.000e+00
# span 0 =      0.189,      2.870                 
# span 1 =    29.7266,    30.1503                 
# span 2 =   0.010193,   0.304502                 
# span 3 =     0.0493,     1.4261                 
# span 4 =     0.3662,     8.3067                 
# span 5 =     0.7440,     2.3325                 
# span 6 =          0,          0                 
# span 7 =      0.000,     66.750                 
# span 8 =  34.428090,  34.428863                 
# span 9 =   995.6786,   996.7064                 
# span 10 =      0.188,      2.855                
# span 11 =     -0.425,      0.378                
# span 12 = 0.0000e+00, 0.0000e+00                
# interval = seconds: 0.25
# start_time = Feb 03 2018 10:16:27 [Instrument's time stamp, header]
# bad_flag = -9.990e-29
*END*
[from data line 223]
      2.849    30.0799   0.133464     0.6001     1.9402     2.0037          0     55.750  34.428736   996.0874      2.833      0.131  0.000e+00
      2.870    30.0704   0.133442     0.6001     1.9732     2.0067          0     56.000  34.428738   996.0904      2.855      0.090  0.000e+00
      2.860    30.0653   0.133442     0.6002     1.9940     1.8465          0     56.250  34.428741   996.0919      2.844      0.058  0.000e+00
      2.860    30.0624   0.133505     0.6005     1.9783     1.8442          0     56.500  34.428744   996.0930      2.844      0.042  0.000e+00
      2.827    30.0602   0.133628     0.6011     1.9820     1.8488          0     56.750  34.428747   996.0940      2.812      0.018  0.000e+00
      2.827    30.0595   0.134163     0.6036     2.4567     1.8450          0     57.000  34.428750   996.0961      2.812     -0.003  0.000e+00
      2.762    30.0647   0.135438     0.6095     8.3067     1.8450          0     57.250  34.428753   996.0987      2.747     -0.036  0.000e+00
      2.708    30.0755   0.135790     0.6111     2.7755     1.8877          0     57.500  34.428756   996.0963      2.693     -0.066  0.000e+00
      2.633    30.0848   0.135973     0.6118     2.3612     1.8892          0     57.750  34.428759   996.0937      2.618     -0.105  0.000e+00
      2.557    30.0901   0.136099     0.6123     1.9470     1.8847          0     58.000  34.428762   996.0921      2.543     -0.154  0.000e+00
      2.460    30.0937   0.136222     0.6129     1.5684     1.8847          0     58.250  34.428764   996.0910      2.446     -0.201  0.000e+00
      2.362    30.0962   0.136326     0.6133     1.2071     1.9587          0     58.500  34.428767   996.0901      2.349     -0.251  0.000e+00
      2.265    30.0977   0.136401     0.6137     0.8653     1.9549          0     58.750  34.428770   996.0895      2.253     -0.293  0.000e+00
      2.146    30.0990   0.136433     0.6138     0.5424     1.9571          0     59.000  34.428773   996.0887      2.134     -0.339  0.000e+00
      2.070    30.0993   0.136395     0.6136     0.3662     1.9579          0     59.250  34.428776   996.0881      2.059     -0.359  0.000e+00
      1.995    30.0992   0.136401     0.6136     1.8306     2.0495          0     59.500  34.428779   996.0878      1.984     -0.370  0.000e+00
      1.865    30.0994   0.136389     0.6136     1.9367     2.0487          0     59.750  34.428782   996.0871      1.855     -0.383  0.000e+00
      1.735    30.0996   0.136407     0.6137     3.6491     2.0327          0     60.000  34.428785   996.0866      1.726     -0.400  0.000e+00
      1.638    30.0997   0.136426     0.6138     4.6607     2.0319          0     60.250  34.428788   996.0862      1.629     -0.408  0.000e+00
      1.541    30.0996   0.136480     0.6140     2.8445     2.2257          0     60.500  34.428791   996.0860      1.532     -0.413  0.000e+00
      1.422    30.1000   0.136518     0.6142     3.2123     2.2219          0     60.750  34.428793   996.0855      1.414     -0.421  0.000e+00
      1.325    30.1005   0.136568     0.6144     2.9194     2.2242          0     61.000  34.428796   996.0850      1.317     -0.425  0.000e+00
      1.249    30.1009   0.136549     0.6143     2.2387     2.2234          0     61.250  34.428799   996.0845      1.242     -0.425  0.000e+00
      1.152    30.1007   0.136470     0.6139     1.8691     2.2280          0     61.500  34.428802   996.0839      1.145     -0.417  0.000e+00
      1.076    30.0997   0.136218     0.6128     1.4892     2.2844          0     61.750  34.428805   996.0830      1.070     -0.394  0.000e+00
      1.000    30.0992   0.136146     0.6124     1.5224     2.2913          0     62.000  34.428808   996.0825      0.995     -0.372  0.000e+00
      0.957    30.1001   0.136121     0.6123     1.3617     2.2875          0     62.250  34.428811   996.0820      0.952     -0.347  0.000e+00
      0.914    30.1007   0.136080     0.6121     1.7989     2.2814          0     62.500  34.428814   996.0814      0.909     -0.315  0.000e+00
      0.903    30.1004   0.135803     0.6108     1.7051     2.3073          0     62.750  34.428817   996.0805      0.898     -0.270  0.000e+00
      0.838    30.0916   0.135686     0.6104     1.9884     2.3043          0     63.000  34.428819   996.0826      0.833     -0.239  0.000e+00
      0.806    30.0703   0.135674     0.6106     2.2545     2.3081          0     63.250  34.428822   996.0890      0.801     -0.210  0.000e+00
      0.730    30.0545   0.135655     0.6107     3.4921     2.3043          0     63.500  34.428825   996.0936      0.726     -0.192  0.000e+00
      0.687    30.0443   0.135642     0.6108     1.5125     2.3180          0     63.750  34.428828   996.0965      0.683     -0.183  0.000e+00
      0.643    30.0382   0.135639     0.6108     1.3211     2.3195          0     64.000  34.428831   996.0982      0.640     -0.180  0.000e+00
      0.579    30.0343   0.135680     0.6110     1.2689     2.3211          0     64.250  34.428834   996.0993      0.575     -0.191  0.000e+00
      0.503    30.0314   0.135649     0.6109     1.1684     2.3195          0     64.500  34.428837   996.0997      0.500     -0.208  0.000e+00
      0.438    30.0301   0.135749     0.6114     3.5172     2.3287          0     64.750  34.428840   996.1002      0.436     -0.227  0.000e+00
      0.416    30.0291   0.135793     0.6116     2.2208     2.3325          0     65.000  34.428843   996.1006      0.414     -0.223  0.000e+00
      0.351    30.0288   0.135803     0.6117     1.3936     2.3295          0     65.250  34.428845   996.1004      0.349     -0.226  0.000e+00
      0.232    30.0297   0.135822     0.6118     1.7197     2.3287          0     65.500  34.428848   996.0997      0.231     -0.239  0.000e+00
      0.200    30.0348   0.135570     0.6105     1.6520     2.3325          0     65.750  34.428851   996.0970      0.199     -0.248  0.000e+00
      0.200    30.0642   0.043206     0.1891     1.4692     0.7440          0     66.000  34.428854   995.7725      0.199     -0.236  0.000e+00
      0.189    30.0824   0.020973     0.0935     1.2679     0.7456          0     66.250  34.428857   995.6952      0.188     -0.208  0.000e+00
      0.189    30.0506   0.012541     0.0587     1.1023     0.7486          0     66.500  34.428860   995.6786      0.188     -0.172  0.000e+00
      0.200    29.9856   0.010193     0.0493     0.9524     0.7456          0     66.750  34.428863   995.6913      0.199     -0.133  0.000e+00
