content/post/ctd_rufiji/SBE19plus_01906740_2018_02_13_0919.cnv
* Sea-Bird SBE19plus  Data File:
* FileName = C:\Users\all user\Desktop\CTD tafiri 2018\SBE19plus_01906740_2018_02_13_0919.hex
* Software version 2.6.3.104
* Temperature SN = 6740
* Conductivity SN = 6740
* System UpLoad Time = Feb 13 2018 14:03:41
* <ApplicationData>
* <Seaterm232>
# nquan = 13
# nvalues = 400                                   
# units = specified
# name 0 = prdM: Pressure, Strain Gauge [db]
# name 1 = tv290C: Temperature [ITS-90, deg C]
# name 2 = c0S/m: Conductivity [S/m]
# name 3 = sal00: Salinity, Practical [PSU]
# name 4 = sbeox0ML/L: Oxygen, SBE 43 [ml/l]
# name 5 = flECO-AFL: Fluorescence, WET Labs ECO-AFL/FL [mg/m^3]
# name 6 = nbf: Bottles Fired
# name 7 = timeS: Time, Elapsed [seconds]
# name 8 = timeJ: Julian Days
# name 9 = density00: Density [density, kg/m^3]
# name 10 = depSM: Depth [salt water, m], lat = 0.00
# name 11 = dz/dtM: Descent Rate [m/s]
# name 12 = flag:  0.000e+00
# span 0 =      0.139,      2.701                 
# span 1 =    28.2516,    30.3136                 
# span 2 =   0.001099,   0.023259                 
# span 3 =     0.0152,     0.1033                 
# span 4 =     1.9208,     3.5784                 
# span 5 =    -0.0342,     1.7183                 
# span 6 =          0,          0                 
# span 7 =      0.000,     99.750                 
# span 8 =  34.391968,  34.393122                 
# span 9 =   995.5764,   996.1758                 
# span 10 =      0.138,      2.686                
# span 11 =     -0.368,      0.383                
# span 12 = 0.0000e+00, 0.0000e+00                
# interval = seconds: 0.25
# start_time = Feb 03 2018 09:24:26 [Instrument's time stamp, header]
# bad_flag = -9.990e-29
*END*
      0.169    28.2516   0.001146     0.0154     3.3360    -0.0227          0      0.000  34.391968   996.1758      0.168      0.000  0.000e+00
      0.213    28.2575   0.001099     0.0152     3.3228    -0.0296          0      0.250  34.391970   996.1742      0.211      0.012  0.000e+00
      0.278    28.3977   0.014439     0.0681     3.3175    -0.0311          0      0.500  34.391973   996.1740      0.276      0.037  0.000e+00
      0.353    29.0249   0.014704     0.0686     3.2691    -0.0326          0      0.750  34.391976   995.9924      0.351      0.076  0.000e+00
      0.396    29.5148   0.007945     0.0406     3.2379     1.3308          0      1.000  34.391979   995.8268      0.394      0.115  0.000e+00
      0.451    29.7549   0.004632     0.0278     3.2360     1.3300          0      1.250  34.391982   995.7456      0.448      0.152  0.000e+00
      0.494    29.8494   0.009970     0.0485     3.2419     1.3285          0      1.500  34.391985   995.7330      0.491      0.182  0.000e+00
      0.526    29.8968   0.009137     0.0452     3.2712     1.3254          0      1.750  34.391988   995.7164      0.523      0.200  0.000e+00
      0.570    29.9255   0.012056     0.0569     3.3275     1.7160          0      2.000  34.391991   995.7167      0.566      0.205  0.000e+00
      0.624    29.9398   0.011693     0.0554     3.4672     1.7107          0      2.250  34.391994   995.7115      0.620      0.198  0.000e+00
      0.634    29.9514   0.010446     0.0504     3.4122     1.7183          0      2.500  34.391997   995.7043      0.631      0.177  0.000e+00
      0.678    29.9574   0.012109     0.0571     3.4347     1.7069          0      2.750  34.391999   995.7077      0.674      0.162  0.000e+00
      0.710    29.9560   0.014636     0.0674     3.4680     1.6909          0      3.000  34.392002   995.7160      0.706      0.154  0.000e+00
      0.710    29.9514   0.012621     0.0591     3.4775     1.6954          0      3.250  34.392005   995.7112      0.706      0.137  0.000e+00
      0.732    29.9503   0.016389     0.0746     3.4841     1.6932          0      3.500  34.392008   995.7233      0.728      0.123  0.000e+00
      0.764    29.9472   0.021631     0.0965     3.4953     1.6962          0      3.750  34.392011   995.7408      0.760      0.112  0.000e+00
      0.786    29.9469   0.023247     0.1033     3.4724     1.6932          0      4.000  34.392014   995.7461      0.782      0.101  0.000e+00
      0.807    29.9645   0.023127     0.1028     3.5051     1.6474          0      4.250  34.392017   995.7405      0.803      0.092  0.000e+00
      0.808    29.9941   0.023043     0.1024     3.5307     1.6459          0      4.500  34.392020   995.7313      0.803      0.086  0.000e+00
      0.840    30.0287   0.023017     0.1022     3.4964     1.6489          0      4.750  34.392023   995.7208      0.835      0.079  0.000e+00
      0.862    30.0698   0.022981     0.1020     3.4736     1.6390          0      5.000  34.392025   995.7083      0.857      0.079  0.000e+00
      0.894    30.1117   0.022996     0.1020     3.4713     1.6794          0      5.250  34.392028   995.6958      0.889      0.087  0.000e+00
      0.916    30.1469   0.023017     0.1020     3.4594     1.6802          0      5.500  34.392031   995.6852      0.911      0.087  0.000e+00
      0.937    30.1764   0.022990     0.1018     3.4550     1.6756          0      5.750  34.392034   995.6762      0.932      0.087  0.000e+00
      0.948    30.1995   0.022987     0.1018     3.4855     1.6817          0      6.000  34.392037   995.6692      0.943      0.087  0.000e+00
      0.970    30.2215   0.023017     0.1019     3.4951     1.6962          0      6.250  34.392040   995.6627      0.964      0.088  0.000e+00
      0.981    30.2390   0.023008     0.1018     3.5201     1.6909          0      6.500  34.392043   995.6574      0.975      0.087  0.000e+00
      0.981    30.2505   0.022990     0.1017     3.5517     1.6932          0      6.750  34.392046   995.6538      0.975      0.074  0.000e+00
      0.981    30.2570   0.022999     0.1017     3.5526     1.6916          0      7.000  34.392049   995.6519      0.975      0.060  0.000e+00
      1.013    30.2611   0.022990     0.1017     3.5732     1.6581          0      7.250  34.392052   995.6507      1.008      0.053  0.000e+00
      0.992    30.2639   0.022996     0.1017     3.5750     1.6634          0      7.500  34.392054   995.6498      0.986      0.040  0.000e+00
      1.002    30.2651   0.023002     0.1017     3.5590     1.6619          0      7.750  34.392057   995.6495      0.997      0.032  0.000e+00
      1.002    30.2642   0.023002     0.1017     3.5627     1.6619          0      8.000  34.392060   995.6497      0.997      0.025  0.000e+00
      1.046    30.2634   0.022993     0.1017     3.5630     1.6512          0      8.250  34.392063   995.6502      1.040      0.028  0.000e+00
      1.024    30.2658   0.022984     0.1017     3.5399     1.6604          0      8.500  34.392066   995.6493      1.018      0.027  0.000e+00
      1.046    30.2700   0.022984     0.1017     3.5353     1.6573          0      8.750  34.392069   995.6481      1.040      0.031  0.000e+00
      1.035    30.2735   0.022975     0.1016     3.5396     1.6619          0      9.000  34.392072   995.6470      1.029      0.028  0.000e+00
      1.056    30.2752   0.022999     0.1017     3.5342     1.6558          0      9.250  34.392075   995.6466      1.051      0.027  0.000e+00
      1.056    30.2765   0.023002     0.1017     3.5364     1.6428          0      9.500  34.392078   995.6462      1.051      0.032  0.000e+00
      1.067    30.2766   0.022984     0.1016     3.5342     1.6474          0      9.750  34.392080   995.6462      1.061      0.030  0.000e+00
      1.078    30.2746   0.022981     0.1016     3.5474     1.6466          0     10.000  34.392083   995.6469      1.072      0.030  0.000e+00
      1.067    30.2721   0.022981     0.1016     3.5561     1.6504          0     10.250  34.392086   995.6476      1.061      0.021  0.000e+00
      1.067    30.2716   0.022969     0.1016     3.5784     1.6573          0     10.500  34.392089   995.6477      1.061      0.022  0.000e+00
      1.067    30.2733   0.022963     0.1016     3.5692     1.6489          0     10.750  34.392092   995.6472      1.061      0.015  0.000e+00
      1.089    30.2735   0.022951     0.1015     3.5590     1.6604          0     11.000  34.392095   995.6472      1.083      0.018  0.000e+00
      1.078    30.2736   0.022957     0.1015     3.5303     1.6604          0     11.250  34.392098   995.6471      1.072      0.012  0.000e+00
      1.067    30.2740   0.022942     0.1015     3.4988     1.6344          0     11.500  34.392101   995.6469      1.062      0.007  0.000e+00
      1.078    30.2716   0.022951     0.1015     3.3988     1.6367          0     11.750  34.392104   995.6477      1.072      0.004  0.000e+00
      1.089    30.2692   0.022948     0.1015     3.2801     1.6260          0     12.000  34.392106   995.6485      1.083      0.006  0.000e+00
      1.067    30.2681   0.022957     0.1015     3.1656     1.6344          0     12.250  34.392109   995.6487      1.062      0.004  0.000e+00
      1.078    30.2686   0.022945     0.1015     3.0593     1.6329          0     12.500  34.392112   995.6486      1.072      0.003  0.000e+00
      1.067    30.2707   0.022942     0.1015     2.9854     1.6359          0     12.750  34.392115   995.6479      1.062     -0.002  0.000e+00
      1.046    30.2728   0.022951     0.1015     2.8921     1.6321          0     13.000  34.392118   995.6472      1.040     -0.013  0.000e+00
      1.057    30.2730   0.022951     0.1015     2.8151     1.6359          0     13.250  34.392121   995.6471      1.051     -0.012  0.000e+00
      1.024    30.2696   0.022957     0.1015     2.7747     1.6306          0     13.500  34.392124   995.6481      1.019     -0.022  0.000e+00
      1.046    30.2660   0.022957     0.1016     2.7282     1.6459          0     13.750  34.392127   995.6493      1.040     -0.025  0.000e+00
      1.035    30.2686   0.022969     0.1016     2.6824     1.6466          0     14.000  34.392130   995.6484      1.029     -0.027  0.000e+00
      1.035    30.2734   0.022969     0.1016     2.6462     1.6466          0     14.250  34.392133   995.6470      1.029     -0.022  0.000e+00
      1.057    30.2763   0.022957     0.1015     2.6070     1.6504          0     14.500  34.392135   995.6462      1.051     -0.014  0.000e+00
      1.046    30.2762   0.022951     0.1015     2.5766     1.6207          0     14.750  34.392138   995.6461      1.040     -0.006  0.000e+00
      1.035    30.2744   0.022942     0.1015     2.5600     1.6230          0     15.000  34.392141   995.6466      1.029     -0.001  0.000e+00
      1.035    30.2714   0.022930     0.1014     2.5297     1.6245          0     15.250  34.392144   995.6475      1.029     -0.002  0.000e+00
      1.046    30.2693   0.022921     0.1014     2.5279     1.6222          0     15.500  34.392147   995.6482      1.040      0.004  0.000e+00
      1.013    30.2690   0.022918     0.1014     2.5064     1.6687          0     15.750  34.392150   995.6481      1.008     -0.008  0.000e+00
      1.013    30.2690   0.022924     0.1014     2.5015     1.6695          0     16.000  34.392153   995.6481      1.008     -0.012  0.000e+00
      1.024    30.2695   0.022918     0.1014     2.5200     1.6718          0     16.250  34.392156   995.6480      1.019     -0.015  0.000e+00
      1.013    30.2715   0.022924     0.1014     2.4920     1.6748          0     16.500  34.392159   995.6473      1.008     -0.020  0.000e+00
      1.013    30.2728   0.022915     0.1014     2.4785     1.6794          0     16.750  34.392161   995.6469      1.008     -0.017  0.000e+00
      1.035    30.2720   0.022909     0.1013     2.4807     1.6443          0     17.000  34.392164   995.6472      1.029     -0.008  0.000e+00
      1.035    30.2726   0.022909     0.1013     2.4709     1.6443          0     17.250  34.392167   995.6470      1.029     -0.002  0.000e+00
      1.035    30.2759   0.022909     0.1013     2.4350     1.6314          0     17.500  34.392170   995.6460      1.029      0.004  0.000e+00
      1.024    30.2763   0.022894     0.1013     2.4239     1.6375          0     17.750  34.392173   995.6458      1.019      0.010  0.000e+00
      1.035    30.2745   0.022891     0.1013     2.4158     1.6436          0     18.000  34.392176   995.6464      1.029      0.010  0.000e+00
      1.046    30.2712   0.022891     0.1013     2.4232     1.6413          0     18.250  34.392179   995.6475      1.040      0.012  0.000e+00
      1.035    30.2695   0.022891     0.1013     2.4179     1.6451          0     18.500  34.392182   995.6479      1.029      0.012  0.000e+00
      1.035    30.2704   0.022894     0.1013     2.4195     1.6459          0     18.750  34.392185   995.6477      1.029      0.007  0.000e+00
      1.057    30.2742   0.022903     0.1013     2.3985     1.6428          0     19.000  34.392187   995.6466      1.051      0.007  0.000e+00
      1.046    30.2763   0.022903     0.1013     2.3767     1.6512          0     19.250  34.392190   995.6459      1.040      0.009  0.000e+00
      1.035    30.2763   0.022897     0.1013     2.3682     1.6428          0     19.500  34.392193   995.6459      1.029      0.006  0.000e+00
      1.046    30.2777   0.022900     0.1013     2.3619     1.6459          0     19.750  34.392196   995.6455      1.040      0.007  0.000e+00
      1.035    30.2788   0.022897     0.1013     2.3433     1.6459          0     20.000  34.392199   995.6451      1.029      0.001  0.000e+00
      1.035    30.2746   0.022903     0.1013     2.3315     1.6344          0     20.250  34.392202   995.6464      1.029     -0.003  0.000e+00
      1.035    30.2712   0.022909     0.1013     2.3193     1.6245          0     20.500  34.392205   995.6475      1.029     -0.003  0.000e+00
      1.046    30.2739   0.022915     0.1014     2.3075     1.6306          0     20.750  34.392208   995.6467      1.040     -0.003  0.000e+00
      1.024    30.2759   0.022900     0.1013     2.3078     1.6359          0     21.000  34.392211   995.6460      1.019     -0.009  0.000e+00
      1.013    30.2777   0.022903     0.1013     2.3007     1.6153          0     21.250  34.392214   995.6454      1.008     -0.011  0.000e+00
      1.046    30.2806   0.022903     0.1013     2.2973     1.6230          0     21.500  34.392216   995.6446      1.040     -0.004  0.000e+00
      1.035    30.2831   0.022903     0.1013     2.2957     1.6245          0     21.750  34.392219   995.6438      1.029     -0.004  0.000e+00
      1.013    30.2832   0.022894     0.1013     2.2959     1.6199          0     22.000  34.392222   995.6437      1.008     -0.006  0.000e+00
      1.024    30.2825   0.022897     0.1013     2.2835     1.6344          0     22.250  34.392225   995.6439      1.019     -0.007  0.000e+00
      1.024    30.2836   0.022897     0.1013     2.2812     1.6375          0     22.500  34.392228   995.6436      1.019     -0.007  0.000e+00
      1.035    30.2831   0.022876     0.1012     2.2777     1.6375          0     22.750  34.392231   995.6437      1.029     -0.004  0.000e+00
      1.035    30.2793   0.022876     0.1012     2.2797     1.6428          0     23.000  34.392234   995.6449      1.029      0.004  0.000e+00
      1.046    30.2788   0.022870     0.1012     2.3001     1.6466          0     23.250  34.392237   995.6451      1.040      0.007  0.000e+00
      1.046    30.2799   0.022876     0.1012     2.2895     1.6443          0     23.500  34.392240   995.6448      1.040      0.006  0.000e+00
      1.089    30.2813   0.022870     0.1012     2.2745     1.6504          0     23.750  34.392242   995.6445      1.083      0.025  0.000e+00
      1.068    30.2821   0.022858     0.1011     2.2619     1.6413          0     24.000  34.392245   995.6441      1.062      0.031  0.000e+00
      1.068    30.2804   0.022864     0.1011     2.2545     1.6451          0     24.250  34.392248   995.6447      1.062      0.028  0.000e+00
      1.046    30.2776   0.022864     0.1011     2.2459     1.6390          0     24.500  34.392251   995.6454      1.040      0.019  0.000e+00
      1.035    30.2772   0.022858     0.1011     2.2252     1.6512          0     24.750  34.392254   995.6455      1.029      0.007  0.000e+00
      1.046    30.2767   0.022852     0.1011     2.1983     1.6504          0     25.000  34.392257   995.6457      1.040     -0.001  0.000e+00
      1.035    30.2755   0.022852     0.1011     2.1862     1.6459          0     25.250  34.392260   995.6460      1.029     -0.012  0.000e+00
      1.046    30.2751   0.022849     0.1011     2.1777     1.6275          0     25.500  34.392263   995.6461      1.040     -0.016  0.000e+00
      1.046    30.2735   0.022837     0.1010     2.1719     1.6245          0     25.750  34.392266   995.6466      1.040     -0.020  0.000e+00
      1.024    30.2697   0.022831     0.1010     2.1598     1.6199          0     26.000  34.392269   995.6476      1.019     -0.016  0.000e+00
      1.057    30.2685   0.022834     0.1010     2.1657     1.6352          0     26.250  34.392271   995.6482      1.051     -0.006  0.000e+00
      1.057    30.2692   0.022825     0.1010     2.1661     1.6642          0     26.500  34.392274   995.6479      1.051      0.005  0.000e+00
      1.024    30.2690   0.022831     0.1010     2.1705     1.6604          0     26.750  34.392277   995.6479      1.019      0.001  0.000e+00
      1.014    30.2669   0.022825     0.1010     2.1723     1.6573          0     27.000  34.392280   995.6484      1.008     -0.009  0.000e+00
      1.046    30.2661   0.022828     0.1010     2.1634     1.6604          0     27.250  34.392283   995.6488      1.040     -0.004  0.000e+00
      1.046    30.2602   0.022825     0.1010     2.1602     1.6504          0     27.500  34.392286   995.6506      1.040     -0.004  0.000e+00
