content/post/ctd_rufiji/SBE19plus_01906740_2018_02_13_0922.cnv
* Sea-Bird SBE19plus  Data File:
* FileName = C:\Users\all user\Desktop\CTD tafiri 2018\SBE19plus_01906740_2018_02_13_0922.hex
* Software version 2.6.3.104
* Temperature SN = 6740
* Conductivity SN = 6740
* System UpLoad Time = Feb 13 2018 14:04:09
* <ApplicationData>
* <Seaterm232>
# nquan = 13
# nvalues = 364                                   
# units = specified
# name 0 = prdM: Pressure, Strain Gauge [db]
# name 1 = tv290C: Temperature [ITS-90, deg C]
# name 2 = c0S/m: Conductivity [S/m]
# name 3 = sal00: Salinity, Practical [PSU]
# name 4 = sbeox0ML/L: Oxygen, SBE 43 [ml/l]
# name 5 = flECO-AFL: Fluorescence, WET Labs ECO-AFL/FL [mg/m^3]
# name 6 = nbf: Bottles Fired
# name 7 = timeS: Time, Elapsed [seconds]
# name 8 = timeJ: Julian Days
# name 9 = density00: Density [density, kg/m^3]
# name 10 = depSM: Depth [salt water, m], lat = 0.00
# name 11 = dz/dtM: Descent Rate [m/s]
# name 12 = flag:  0.000e+00
# span 0 =      0.176,      3.711                 
# span 1 =    29.4810,    30.4276                 
# span 2 =   0.005163,   0.044517                 
# span 3 =     0.0297,     0.1936                 
# span 4 =     0.7553,     8.8713                 
# span 5 =    -0.0326,     2.1036                 
# span 6 =          0,          0                 
# span 7 =      0.000,     90.750                 
# span 8 =  34.402836,  34.403886                 
# span 9 =   995.5581,   995.8395                 
# span 10 =      0.175,      3.691                
# span 11 =     -0.531,      0.435                
# span 12 = 0.0000e+00, 0.0000e+00                
# interval = seconds: 0.25
# start_time = Feb 03 2018 09:40:05 [Instrument's time stamp, header]
# bad_flag = -9.990e-29
*END*
      0.543    29.4810   0.008605     0.0432     3.5778     0.2199          0      0.000  34.402836   995.8395      0.540      0.000  0.000e+00
      0.640    29.6129   0.020065     0.0904     3.5752     0.2138          0      0.250  34.402839   995.8360      0.637      0.026  0.000e+00
      0.673    29.6930   0.022496     0.1006     3.5716     0.2168          0      0.500  34.402841   995.8198      0.669      0.054  0.000e+00
      0.716    29.7473   0.021978     0.0983     3.6179     0.2138          0      0.750  34.402844   995.8021      0.712      0.085  0.000e+00
      0.738    29.7815   0.022693     0.1013     3.5720     1.9648          0      1.000  34.402847   995.7941      0.733      0.110  0.000e+00
      0.802    29.8115   0.031978     0.1410     3.5645     1.9610          0      1.250  34.402850   995.8153      0.798      0.140  0.000e+00
      0.856    29.8445   0.033253     0.1464     3.5930     1.9556          0      1.500  34.402853   995.8097      0.852      0.167  0.000e+00
      0.900    29.8831   0.025295     0.1121     3.9217     1.9571          0      1.750  34.402856   995.7725      0.895      0.184  0.000e+00
      0.921    29.9328   0.037452     0.1644     3.5238     1.8747          0      2.000  34.402859   995.7969      0.916      0.183  0.000e+00
      0.954    29.9730   0.041056     0.1800     3.5014     1.8686          0      2.250  34.402862   995.7966      0.949      0.166  0.000e+00
      1.019    29.9995   0.041119     0.1802     3.4926     1.8686          0      2.500  34.402865   995.7890      1.013      0.171  0.000e+00
      1.084    30.0167   0.041291     0.1809     3.4862     1.8778          0      2.750  34.402867   995.7846      1.078      0.179  0.000e+00
      1.138    30.0491   0.041608     0.1822     3.5092     1.8854          0      3.000  34.402870   995.7760      1.131      0.188  0.000e+00
      1.203    30.0961   0.042215     0.1847     3.6219     1.8869          0      3.250  34.402873   995.7639      1.196      0.194  0.000e+00
      1.278    30.1537   0.042611     0.1862     3.6644     1.8908          0      3.500  34.402876   995.7480      1.271      0.211  0.000e+00
      1.365    30.2091   0.042885     0.1872     3.4372     1.8801          0      3.750  34.402879   995.7323      1.357      0.237  0.000e+00
      1.354    30.2581   0.042970     0.1874     3.5629     1.8847          0      4.000  34.402882   995.7175      1.347      0.240  0.000e+00
      1.365    30.2969   0.043073     0.1878     3.5509     1.8839          0      4.250  34.402885   995.7059      1.357      0.224  0.000e+00
      1.376    30.3288   0.043151     0.1880     3.5508     1.8854          0      4.500  34.402888   995.6964      1.368      0.191  0.000e+00
      1.376    30.3508   0.043136     0.1878     3.5634     1.8854          0      4.750  34.402891   995.6896      1.368      0.152  0.000e+00
      1.343    30.3636   0.043094     0.1876     3.5666     1.8885          0      5.000  34.402894   995.6854      1.336      0.102  0.000e+00
      1.365    30.3737   0.043088     0.1876     3.5697     1.8725          0      5.250  34.402896   995.6824      1.357      0.059  0.000e+00
      1.376    30.3816   0.043112     0.1876     3.6169     1.8747          0      5.500  34.402899   995.6801      1.368      0.025  0.000e+00
      1.376    30.3863   0.043127     0.1877     3.7049     1.8763          0      5.750  34.402902   995.6787      1.368      0.005  0.000e+00
      1.397    30.3902   0.043112     0.1876     3.7117     1.8755          0      6.000  34.402905   995.6775      1.390      0.013  0.000e+00
      1.419    30.3927   0.043055     0.1873     3.7242     1.8717          0      6.250  34.402908   995.6766      1.411      0.021  0.000e+00
      1.408    30.3942   0.043033     0.1872     3.7442     1.8740          0      6.500  34.402911   995.6761      1.400      0.025  0.000e+00
      1.386    30.3935   0.043015     0.1872     3.7401     1.8801          0      6.750  34.402914   995.6761      1.379      0.025  0.000e+00
      1.408    30.3932   0.043003     0.1871     3.7376     1.8763          0      7.000  34.402917   995.6763      1.400      0.029  0.000e+00
      1.419    30.3952   0.043003     0.1871     3.7508     1.8633          0      7.250  34.402920   995.6757      1.411      0.023  0.000e+00
      1.408    30.3969   0.043003     0.1871     3.7509     1.8633          0      7.500  34.402922   995.6751      1.400      0.017  0.000e+00
      1.408    30.3970   0.042988     0.1870     3.7493     1.8534          0      7.750  34.402925   995.6750      1.400      0.011  0.000e+00
      1.419    30.3974   0.042997     0.1871     3.7497     1.8663          0      8.000  34.402928   995.6750      1.411      0.006  0.000e+00
      1.419    30.3976   0.042991     0.1871     3.7407     1.8671          0      8.250  34.402931   995.6749      1.411      0.005  0.000e+00
      1.397    30.3970   0.043033     0.1872     3.7403     1.8549          0      8.500  34.402934   995.6751      1.390      0.004  0.000e+00
      1.408    30.3954   0.043015     0.1872     3.7440     1.8519          0      8.750  34.402937   995.6756      1.400      0.004  0.000e+00
      1.419    30.3916   0.043015     0.1872     3.7457     1.8519          0      9.000  34.402940   995.6769      1.411      0.000  0.000e+00
      1.419    30.3894   0.043003     0.1871     3.7386     1.8450          0      9.250  34.402943   995.6775      1.411      0.001  0.000e+00
      1.430    30.3897   0.042997     0.1871     3.7389     1.8587          0      9.500  34.402946   995.6774      1.422      0.007  0.000e+00
      1.419    30.3910   0.043003     0.1871     3.7463     1.8633          0      9.750  34.402948   995.6770      1.411      0.007  0.000e+00
      1.397    30.3928   0.043003     0.1871     3.7546     1.8679          0     10.000  34.402951   995.6763      1.390     -0.001  0.000e+00
      1.408    30.3948   0.043000     0.1871     3.7506     1.8656          0     10.250  34.402954   995.6758      1.401     -0.001  0.000e+00
      1.408    30.3961   0.042997     0.1871     3.7559     1.8602          0     10.500  34.402957   995.6754      1.401      0.000  0.000e+00
      1.408    30.3959   0.043027     0.1872     3.7775     1.8549          0     10.750  34.402960   995.6755      1.401     -0.006  0.000e+00
      1.441    30.3964   0.043036     0.1873     3.7861     1.8618          0     11.000  34.402963   995.6755      1.433      0.000  0.000e+00
      1.430    30.3947   0.043049     0.1873     3.8074     1.8580          0     11.250  34.402966   995.6760      1.422      0.004  0.000e+00
      1.419    30.3906   0.043042     0.1873     3.7678     1.8793          0     11.500  34.402969   995.6772      1.411      0.005  0.000e+00
      1.398    30.3889   0.043030     0.1873     3.7203     1.8801          0     11.750  34.402972   995.6776      1.390      0.004  0.000e+00
      1.430    30.3894   0.043027     0.1872     3.6070     1.8946          0     12.000  34.402975   995.6776      1.422      0.009  0.000e+00
      1.408    30.3909   0.043027     0.1872     3.4848     1.8938          0     12.250  34.402977   995.6770      1.401      0.001  0.000e+00
      1.419    30.3928   0.043027     0.1872     3.3497     1.8877          0     12.500  34.402980   995.6765      1.411     -0.001  0.000e+00
      1.419    30.3948   0.043021     0.1872     3.2043     1.8747          0     12.750  34.402983   995.6759      1.411     -0.004  0.000e+00
      1.430    30.3957   0.043009     0.1871     3.0445     1.8816          0     13.000  34.402986   995.6756      1.422     -0.004  0.000e+00
      1.419    30.3956   0.042982     0.1870     2.9049     1.8763          0     13.250  34.402989   995.6755      1.411      0.001  0.000e+00
      1.430    30.3955   0.042964     0.1869     2.7942     1.8786          0     13.500  34.402992   995.6755      1.422      0.008  0.000e+00
      1.419    30.3947   0.042943     0.1869     2.7112     1.8931          0     13.750  34.402995   995.6757      1.411      0.008  0.000e+00
      1.419    30.3942   0.042931     0.1868     2.6728     1.8877          0     14.000  34.402998   995.6758      1.411      0.001  0.000e+00
      1.430    30.3948   0.042919     0.1867     2.6139     1.8869          0     14.250  34.403001   995.6756      1.422      0.006  0.000e+00
      1.430    30.3961   0.042925     0.1868     2.5797     1.8831          0     14.500  34.403003   995.6752      1.422      0.004  0.000e+00
      1.441    30.3975   0.042943     0.1868     2.5428     1.8694          0     14.750  34.403006   995.6749      1.433      0.006  0.000e+00
      1.441    30.3984   0.042937     0.1868     2.5399     1.8755          0     15.000  34.403009   995.6746      1.433      0.008  0.000e+00
      1.430    30.3984   0.042919     0.1867     2.5069     1.8763          0     15.250  34.403012   995.6745      1.422      0.009  0.000e+00
      1.441    30.3964   0.042907     0.1867     2.5048     1.8732          0     15.500  34.403015   995.6751      1.433      0.009  0.000e+00
      1.419    30.3938   0.042903     0.1867     2.4801     1.8778          0     15.750  34.403018   995.6758      1.411      0.005  0.000e+00
      1.419    30.3928   0.042913     0.1867     2.4609     1.8816          0     16.000  34.403021   995.6761      1.411     -0.001  0.000e+00
      1.419    30.3938   0.042925     0.1868     2.4278     1.8847          0     16.250  34.403024   995.6759      1.411     -0.008  0.000e+00
      1.430    30.3952   0.042925     0.1868     2.3833     1.8786          0     16.500  34.403027   995.6755      1.422     -0.008  0.000e+00
      1.441    30.3947   0.042949     0.1869     2.3507     1.8969          0     16.750  34.403030   995.6758      1.433     -0.005  0.000e+00
      1.430    30.3925   0.042964     0.1870     2.3287     1.8847          0     17.000  34.403032   995.6764      1.422     -0.002  0.000e+00
      1.430    30.3908   0.042988     0.1871     2.3203     1.8854          0     17.250  34.403035   995.6770      1.422      0.001  0.000e+00
      1.430    30.3899   0.042991     0.1871     2.3144     1.8923          0     17.500  34.403038   995.6773      1.422      0.002  0.000e+00
      1.430    30.3896   0.042994     0.1871     2.2932     1.8923          0     17.750  34.403041   995.6775      1.422      0.006  0.000e+00
      1.441    30.3885   0.042982     0.1870     2.2914     1.8938          0     18.000  34.403044   995.6778      1.433      0.007  0.000e+00
      1.430    30.3879   0.042976     0.1870     2.2874     1.9045          0     18.250  34.403047   995.6779      1.422      0.004  0.000e+00
      1.452    30.3871   0.042982     0.1870     2.2728     1.8938          0     18.500  34.403050   995.6783      1.444      0.005  0.000e+00
      1.419    30.3886   0.043009     0.1872     2.2833     1.9022          0     18.750  34.403053   995.6777      1.411     -0.001  0.000e+00
      1.430    30.3908   0.043049     0.1873     2.2759     1.8778          0     19.000  34.403056   995.6772      1.422      0.001  0.000e+00
      1.430    30.3926   0.043055     0.1873     2.2798     1.8862          0     19.250  34.403058   995.6767      1.422     -0.001  0.000e+00
      1.441    30.3919   0.043049     0.1873     2.2713     1.8862          0     19.500  34.403061   995.6770      1.433      0.001  0.000e+00
      1.419    30.3885   0.043015     0.1872     2.2658     1.8892          0     19.750  34.403064   995.6778      1.411     -0.004  0.000e+00
      1.430    30.3824   0.042970     0.1870     2.2626     1.8892          0     20.000  34.403067   995.6796      1.422     -0.006  0.000e+00
      1.430    30.3779   0.042964     0.1870     2.2579     1.8778          0     20.250  34.403070   995.6810      1.422     -0.004  0.000e+00
      1.419    30.3777   0.042991     0.1871     2.2472     1.8778          0     20.500  34.403073   995.6811      1.411     -0.007  0.000e+00
      1.419    30.3799   0.042988     0.1871     2.2738     1.8763          0     20.750  34.403076   995.6804      1.411     -0.003  0.000e+00
      1.430    30.3826   0.042991     0.1871     2.2729     1.8717          0     21.000  34.403079   995.6796      1.422     -0.004  0.000e+00
      1.441    30.3852   0.043021     0.1872     2.2591     1.8862          0     21.250  34.403082   995.6790      1.433      0.000  0.000e+00
      1.452    30.3878   0.043045     0.1873     2.2640     1.8923          0     21.500  34.403084   995.6783      1.444      0.007  0.000e+00
      1.441    30.3913   0.043055     0.1874     2.2496     1.8732          0     21.750  34.403087   995.6772      1.433      0.012  0.000e+00
      1.452    30.3937   0.043067     0.1874     2.2400     1.8854          0     22.000  34.403090   995.6765      1.444      0.014  0.000e+00
      1.441    30.3944   0.043061     0.1874     2.2244     1.8740          0     22.250  34.403093   995.6762      1.433      0.014  0.000e+00
      1.430    30.3929   0.043049     0.1873     2.2188     1.8763          0     22.500  34.403096   995.6766      1.422      0.010  0.000e+00
      1.430    30.3903   0.043036     0.1873     2.2008     1.8725          0     22.750  34.403099   995.6774      1.422      0.003  0.000e+00
      1.462    30.3875   0.043036     0.1873     2.1828     1.8778          0     23.000  34.403102   995.6784      1.454      0.004  0.000e+00
      1.452    30.3864   0.043027     0.1872     2.1692     1.8869          0     23.250  34.403105   995.6786      1.444      0.002  0.000e+00
      1.452    30.3875   0.043036     0.1873     2.1518     1.8862          0     23.500  34.403108   995.6783      1.444      0.003  0.000e+00
      1.452    30.3905   0.043076     0.1874     2.1478     1.8915          0     23.750  34.403111   995.6775      1.444      0.006  0.000e+00
      1.430    30.3935   0.043088     0.1875     2.1244     1.8908          0     24.000  34.403113   995.6766      1.422      0.001  0.000e+00
      1.452    30.3956   0.043073     0.1874     2.0957     1.8854          0     24.250  34.403116   995.6760      1.444      0.005  0.000e+00
      1.452    30.3964   0.043061     0.1874     2.0856     1.8610          0     24.500  34.403119   995.6757      1.444      0.006  0.000e+00
      1.473    30.3956   0.043055     0.1873     2.0930     1.8602          0     24.750  34.403122   995.6760      1.465      0.008  0.000e+00
      1.462    30.3951   0.043042     0.1873     2.0841     1.8618          0     25.000  34.403125   995.6760      1.454      0.004  0.000e+00
      1.462    30.3954   0.043033     0.1872     2.0787     1.8648          0     25.250  34.403128   995.6759      1.454      0.009  0.000e+00
      1.462    30.3952   0.043015     0.1872     2.0772     1.8656          0     25.500  34.403131   995.6759      1.454      0.011  0.000e+00
      1.452    30.3942   0.042982     0.1870     2.0745     1.8694          0     25.750  34.403134   995.6761      1.444      0.009  0.000e+00
      1.441    30.3900   0.042943     0.1869     2.0864     1.8763          0     26.000  34.403137   995.6772      1.433      0.004  0.000e+00
      1.441    30.3836   0.042919     0.1868     2.0827     1.8839          0     26.250  34.403139   995.6791      1.433     -0.008  0.000e+00
      1.484    30.3783   0.042907     0.1868     2.0812     1.8572          0     26.500  34.403142   995.6809      1.476     -0.001  0.000e+00
      1.462    30.3757   0.042907     0.1868     2.0856     1.8442          0     26.750  34.403145   995.6816      1.454     -0.003  0.000e+00
      1.484    30.3745   0.042946     0.1869     2.0800     1.8671          0     27.000  34.403148   995.6822      1.476      0.008  0.000e+00
      1.462    30.3748   0.042958     0.1870     2.0813     1.8564          0     27.250  34.403151   995.6820      1.454      0.009  0.000e+00
      1.452    30.3757   0.042943     0.1869     2.0556     1.8976          0     27.500  34.403154   995.6817      1.444      0.007  0.000e+00
