content/post/ctd_rufiji/SBE19plus_01906740_2018_02_13_0906.cnv
* Sea-Bird SBE19plus  Data File:
* FileName = C:\Users\all user\Desktop\CTD tafiri 2018\SBE19plus_01906740_2018_02_13_0906.hex
* Software version 2.6.3.104
* Temperature SN = 6740
* Conductivity SN = 6740
* System UpLoad Time = Feb 13 2018 14:01:32
* <ApplicationData>
* <Seaterm232>
# nquan = 13
# nvalues = 338                                   
# units = specified
# name 0 = prdM: Pressure, Strain Gauge [db]
# name 1 = tv290C: Temperature [ITS-90, deg C]
# name 2 = c0S/m: Conductivity [S/m]
# name 3 = sal00: Salinity, Practical [PSU]
# name 4 = sbeox0ML/L: Oxygen, SBE 43 [ml/l]
# name 5 = flECO-AFL: Fluorescence, WET Labs ECO-AFL/FL [mg/m^3]
# name 6 = nbf: Bottles Fired
# name 7 = timeS: Time, Elapsed [seconds]
# name 8 = timeJ: Julian Days
# name 9 = density00: Density [density, kg/m^3]
# name 10 = depSM: Depth [salt water, m], lat = 0.00
# name 11 = dz/dtM: Descent Rate [m/s]
# name 12 = flag:  0.000e+00
# span 0 =      0.151,      3.729                 
# span 1 =    25.3640,    30.3652                 
# span 2 =   0.000516,   0.033746                 
# span 3 =     0.0127,     0.1482                 
# span 4 =     1.1778,     6.8125                 
# span 5 =    -0.0616,     1.9762                 
# span 6 =          0,          0                 
# span 7 =      0.000,     84.250                 
# span 8 =  34.263889,  34.264864                 
# span 9 =   995.6424,   996.9637                 
# span 10 =      0.150,      3.709                
# span 11 =     -0.413,      0.529                
# span 12 = 0.0000e+00, 0.0000e+00                
# interval = seconds: 0.25
# start_time = Feb 03 2018 06:20:00 [Instrument's time stamp, header]
# bad_flag = -9.990e-29
*END*
      0.347    25.3640   0.000516     0.0127     4.7284    -0.0342          0      0.000  34.263889   996.9637      0.345 3.1580e-16  0.000e+00
      0.466    26.3677   0.000519     0.0130     4.2496    -0.0242          0      0.250  34.263892   996.6989      0.463      0.032  0.000e+00
      0.520    27.8832   0.001084     0.0151     4.8158    -0.0273          0      0.500  34.263895   996.2820      0.517      0.070  0.000e+00
      0.574    28.7974   0.002885     0.0214     3.1291    -0.0296          0      0.750  34.263898   996.0244      0.571      0.111  0.000e+00
      0.574    29.3124   0.006235     0.0340     2.8507     1.4566          0      1.000  34.263900   995.8827      0.571      0.137  0.000e+00
      0.606    29.5715   0.017329     0.0790     2.6939     1.4566          0      1.250  34.263903   995.8396      0.603      0.156  0.000e+00
      0.595    29.7292   0.021595     0.0967     2.6166     1.4551          0      1.500  34.263906   995.8058      0.592      0.156  0.000e+00
      0.606    29.8170   0.032056     0.1413     2.6372     1.4582          0      1.750  34.263909   995.8130      0.603      0.141  0.000e+00
      0.628    29.8908   0.033141     0.1458     2.7409     1.7572          0      2.000  34.263912   995.7942      0.624      0.115  0.000e+00
      0.660    29.9687   0.033746     0.1482     2.9330     1.7572          0      2.250  34.263915   995.7727      0.657      0.079  0.000e+00
      0.660    30.0323   0.033665     0.1477     3.0918     1.7611          0      2.500  34.263918   995.7531      0.657      0.062  0.000e+00
      0.671    30.0954   0.033502     0.1469     3.5355     1.7565          0      2.750  34.263921   995.7334      0.667      0.053  0.000e+00
      0.682    30.1465   0.033373     0.1462     3.5938     1.7534          0      3.000  34.263924   995.7174      0.678      0.054  0.000e+00
      0.714    30.1785   0.033108     0.1449     6.5199     1.7534          0      3.250  34.263927   995.7069      0.710      0.057  0.000e+00
      0.736    30.1883   0.032738     0.1433     6.3147     1.7496          0      3.500  34.263929   995.7029      0.732      0.067  0.000e+00
      0.768    30.1863   0.032928     0.1441     6.3097     1.7534          0      3.750  34.263932   995.7042      0.764      0.073  0.000e+00
      0.801    30.1904   0.033156     0.1451     6.8125     1.7588          0      4.000  34.263935   995.7039      0.796      0.081  0.000e+00
      0.790    30.2016   0.033292     0.1457     6.1208     1.7908          0      4.250  34.263938   995.7008      0.786      0.079  0.000e+00
      0.822    30.2067   0.033228     0.1454     5.2902     1.7969          0      4.500  34.263941   995.6992      0.818      0.086  0.000e+00
      0.833    30.2141   0.033090     0.1448     3.9185     1.7939          0      4.750  34.263944   995.6965      0.829      0.086  0.000e+00
      0.898    30.2295   0.032853     0.1437     2.5099     1.7931          0      5.000  34.263947   995.6913      0.893      0.094  0.000e+00
      0.941    30.2316   0.032639     0.1428     1.7929     1.7962          0      5.250  34.263950   995.6902      0.936      0.103  0.000e+00
      0.984    30.2351   0.032645     0.1428     1.8912     1.7931          0      5.500  34.263953   995.6893      0.979      0.117  0.000e+00
      0.995    30.2421   0.032868     0.1437     1.9997     1.7862          0      5.750  34.263955   995.6880      0.990      0.123  0.000e+00
      0.995    30.2437   0.033030     0.1444     2.2123     1.7839          0      6.000  34.263958   995.6880      0.990      0.122  0.000e+00
      1.028    30.2432   0.033045     0.1445     2.7154     1.7885          0      6.250  34.263961   995.6883      1.022      0.125  0.000e+00
      1.028    30.2546   0.033051     0.1445     3.1469     1.7939          0      6.500  34.263964   995.6849      1.022      0.110  0.000e+00
      1.017    30.2754   0.033012     0.1443     3.5455     1.7908          0      6.750  34.263967   995.6783      1.011      0.087  0.000e+00
      1.028    30.2935   0.032985     0.1441     3.7410     1.7908          0      7.000  34.263970   995.6727      1.022      0.058  0.000e+00
      1.049    30.3064   0.033024     0.1442     3.9929     1.7878          0      7.250  34.263973   995.6690      1.044      0.043  0.000e+00
      1.049    30.3121   0.033003     0.1441     5.6931     1.7946          0      7.500  34.263976   995.6672      1.044      0.032  0.000e+00
      1.028    30.3129   0.033057     0.1444     5.6288     1.7901          0      7.750  34.263979   995.6670      1.022      0.022  0.000e+00
      1.028    30.3114   0.033078     0.1445     5.6707     1.7908          0      8.000  34.263981   995.6675      1.022      0.014  0.000e+00
      1.039    30.3110   0.033102     0.1446     5.1459     1.7931          0      8.250  34.263984   995.6678      1.033      0.006  0.000e+00
      1.038    30.3078   0.033096     0.1446     4.7812     1.7786          0      8.500  34.263987   995.6687      1.033      0.006  0.000e+00
      1.060    30.3068   0.033111     0.1446     4.4093     1.7862          0      8.750  34.263990   995.6692      1.054      0.011  0.000e+00
      1.028    30.3106   0.033102     0.1446     4.1453     1.7786          0      9.000  34.263993   995.6679      1.022      0.001  0.000e+00
      1.049    30.3157   0.033069     0.1444     3.8301     1.7786          0      9.250  34.263996   995.6663      1.043      0.001  0.000e+00
      1.049    30.3176   0.033063     0.1444     3.7345     1.8030          0      9.500  34.263999   995.6657      1.044      0.006  0.000e+00
      1.071    30.3156   0.033084     0.1445     3.9220     1.8007          0      9.750  34.264002   995.6665      1.065      0.017  0.000e+00
      1.060    30.3147   0.033090     0.1445     4.0669     1.8053          0     10.000  34.264005   995.6667      1.054      0.016  0.000e+00
      1.049    30.3145   0.033072     0.1444     4.3567     1.8076          0     10.250  34.264008   995.6667      1.043      0.010  0.000e+00
      1.060    30.3148   0.033063     0.1444     4.3369     1.7633          0     10.500  34.264010   995.6666      1.054      0.009  0.000e+00
      1.060    30.3150   0.033036     0.1443     4.0766     1.7649          0     10.750  34.264013   995.6665      1.054      0.007  0.000e+00
      1.060    30.3147   0.033039     0.1443     3.9305     1.7687          0     11.000  34.264016   995.6666      1.054      0.011  0.000e+00
      1.060    30.3144   0.033036     0.1443     3.5878     1.7656          0     11.250  34.264019   995.6667      1.054      0.004  0.000e+00
      1.049    30.3148   0.033030     0.1442     3.1499     1.7618          0     11.500  34.264022   995.6665      1.043     -0.001  0.000e+00
      1.060    30.3157   0.033015     0.1442     2.7688     1.7672          0     11.750  34.264025   995.6662      1.054     -0.004  0.000e+00
      1.060    30.3183   0.033018     0.1442     2.7451     1.7611          0     12.000  34.264028   995.6654      1.054      0.001  0.000e+00
      1.049    30.3194   0.032952     0.1439     2.7779     1.7656          0     12.250  34.264031   995.6648      1.043     -0.001  0.000e+00
      1.060    30.3185   0.032820     0.1433     2.7688     1.7687          0     12.500  34.264034   995.6647      1.054     -0.002  0.000e+00
      1.060    30.3148   0.032717     0.1429     2.7544     1.7923          0     12.750  34.264036   995.6655      1.054     -0.001  0.000e+00
      1.071    30.3112   0.032684     0.1428     2.8035     1.7931          0     13.000  34.264039   995.6665      1.065      0.004  0.000e+00
      1.049    30.3087   0.032678     0.1428     2.8709     1.7946          0     13.250  34.264042   995.6672      1.044      0.002  0.000e+00
      1.071    30.3094   0.032678     0.1428     2.9462     1.7862          0     13.500  34.264045   995.6671      1.065      0.006  0.000e+00
      1.039    30.3111   0.032657     0.1427     2.7799     1.7946          0     13.750  34.264048   995.6663      1.033     -0.003  0.000e+00
      1.060    30.3117   0.032657     0.1427     2.7569     1.7878          0     14.000  34.264051   995.6662      1.054     -0.001  0.000e+00
      1.049    30.3109   0.032663     0.1427     2.7049     1.7885          0     14.250  34.264054   995.6665      1.044     -0.003  0.000e+00
      1.049    30.3101   0.032684     0.1428     2.7635     1.7901          0     14.500  34.264057   995.6668      1.044     -0.007  0.000e+00
      1.049    30.3142   0.032696     0.1428     2.7924     1.7557          0     14.750  34.264060   995.6655      1.044     -0.008  0.000e+00
      1.060    30.3181   0.032708     0.1429     2.7102     1.7565          0     15.000  34.264063   995.6644      1.054     -0.005  0.000e+00
      1.060    30.3219   0.032717     0.1429     2.8054     1.7504          0     15.250  34.264065   995.6633      1.054      0.001  0.000e+00
      1.071    30.3242   0.032741     0.1430     2.7769     1.7511          0     15.500  34.264068   995.6627      1.065      0.004  0.000e+00
      1.082    30.3250   0.032807     0.1433     2.6526     1.7649          0     15.750  34.264071   995.6628      1.076      0.016  0.000e+00
      1.071    30.3268   0.032874     0.1435     2.4076     1.7778          0     16.000  34.264074   995.6624      1.065      0.013  0.000e+00
      1.049    30.3244   0.032892     0.1436     2.4310     1.7794          0     16.250  34.264077   995.6631      1.044      0.009  0.000e+00
      1.071    30.3140   0.032886     0.1436     2.2700     1.7771          0     16.500  34.264080   995.6663      1.065      0.009  0.000e+00
      1.071    30.3033   0.032880     0.1436     2.2424     1.7778          0     16.750  34.264083   995.6696      1.065      0.006  0.000e+00
      1.060    30.2991   0.032871     0.1436     2.4006     1.7801          0     17.000  34.264086   995.6708      1.054     -0.000  0.000e+00
      1.071    30.2997   0.032925     0.1438     2.6245     1.7725          0     17.250  34.264089   995.6709      1.065     -0.001  0.000e+00
      1.082    30.3020   0.033039     0.1443     2.4992     1.7733          0     17.500  34.264091   995.6706      1.076      0.001  0.000e+00
      1.060    30.3070   0.033024     0.1442     2.5012     1.7801          0     17.750  34.264094   995.6689      1.054     -0.002  0.000e+00
      1.038    30.3097   0.032946     0.1439     2.5265     1.7672          0     18.000  34.264097   995.6677      1.033     -0.005  0.000e+00
      1.060    30.3048   0.032789     0.1432     2.3982     1.7633          0     18.250  34.264100   995.6688      1.054     -0.004  0.000e+00
      1.060    30.2967   0.032645     0.1426     2.4603     1.7687          0     18.500  34.264103   995.6708      1.054     -0.009  0.000e+00
      1.082    30.2924   0.032495     0.1420     2.3292     1.7618          0     18.750  34.264106   995.6717      1.076     -0.001  0.000e+00
      1.049    30.2927   0.032375     0.1415     2.4421     1.7550          0     19.000  34.264109   995.6711      1.043     -0.004  0.000e+00
      1.082    30.2951   0.032257     0.1410     2.4900     1.7550          0     19.250  34.264112   995.6702      1.076      0.001  0.000e+00
      1.060    30.2974   0.032161     0.1406     2.5563     1.7550          0     19.500  34.264115   995.6691      1.054      0.001  0.000e+00
      1.049    30.3001   0.032107     0.1403     2.5049     1.7603          0     19.750  34.264117   995.6680      1.043      0.004  0.000e+00
      1.071    30.3016   0.032062     0.1401     2.5703     1.7542          0     20.000  34.264120   995.6675      1.065      0.006  0.000e+00
      1.071    30.3022   0.032029     0.1400     2.5333     1.7946          0     20.250  34.264123   995.6672      1.065      0.001  0.000e+00
      1.038    30.3031   0.032017     0.1399     2.4058     1.7954          0     20.500  34.264126   995.6667      1.033     -0.007  0.000e+00
      1.060    30.3059   0.032002     0.1399     2.2041     1.7916          0     20.750  34.264129   995.6659      1.054     -0.009  0.000e+00
      1.060    30.3099   0.031966     0.1397     2.2321     1.7870          0     21.000  34.264132   995.6646      1.054     -0.003  0.000e+00
      1.049    30.3132   0.031957     0.1397     2.2636     1.7649          0     21.250  34.264135   995.6635      1.043     -0.009  0.000e+00
      1.071    30.3170   0.031975     0.1397     2.1925     1.7618          0     21.500  34.264138   995.6625      1.065      0.001  0.000e+00
      1.060    30.3200   0.031996     0.1398     2.3201     1.7702          0     21.750  34.264141   995.6616      1.054      0.001  0.000e+00
      1.060    30.3220   0.032053     0.1400     2.4373     1.7687          0     22.000  34.264144   995.6611      1.054     -0.001  0.000e+00
      1.071    30.3230   0.032077     0.1401     2.6530     1.7504          0     22.250  34.264146   995.6610      1.065      0.005  0.000e+00
      1.060    30.3220   0.032089     0.1402     2.6622     1.7580          0     22.500  34.264149   995.6613      1.054      0.009  0.000e+00
      1.071    30.3193   0.032119     0.1403     2.6982     1.7534          0     22.750  34.264152   995.6622      1.065      0.005  0.000e+00
      1.060    30.3162   0.032107     0.1403     2.6507     1.7603          0     23.000  34.264155   995.6631      1.054      0.004  0.000e+00
      1.060    30.3128   0.032119     0.1403     2.4652     1.7687          0     23.250  34.264158   995.6642      1.054      0.002  0.000e+00
      1.081    30.3113   0.032152     0.1405     2.3639     1.7740          0     23.500  34.264161   995.6648      1.076      0.003  0.000e+00
      1.071    30.3129   0.032209     0.1407     2.3025     1.7649          0     23.750  34.264164   995.6645      1.065      0.006  0.000e+00
      1.060    30.3157   0.032245     0.1409     2.2468     1.7618          0     24.000  34.264167   995.6637      1.054      0.002  0.000e+00
      1.060    30.3184   0.032269     0.1410     2.1854     1.7633          0     24.250  34.264170   995.6629      1.054     -0.001  0.000e+00
      1.082    30.3209   0.032278     0.1410     2.2621     1.7725          0     24.500  34.264172   995.6623      1.076      0.004  0.000e+00
      1.071    30.3223   0.032269     0.1410     2.3706     1.7672          0     24.750  34.264175   995.6618      1.065      0.003  0.000e+00
      1.060    30.3231   0.032263     0.1409     2.5669     1.7672          0     25.000  34.264178   995.6615      1.054      0.001  0.000e+00
      1.082    30.3233   0.032263     0.1409     2.5204     1.7702          0     25.250  34.264181   995.6615      1.076      0.003  0.000e+00
      1.092    30.3231   0.032245     0.1409     2.5247     1.7710          0     25.500  34.264184   995.6616      1.086      0.006  0.000e+00
      1.049    30.3208   0.032236     0.1408     2.4882     1.7733          0     25.750  34.264187   995.6621      1.043      0.002  0.000e+00
      1.060    30.3162   0.032206     0.1407     2.3743     1.7702          0     26.000  34.264190   995.6634      1.054      0.000  0.000e+00
      1.049    30.3084   0.032170     0.1406     2.3430     1.7672          0     26.250  34.264193   995.6657      1.043     -0.008  0.000e+00
      1.071    30.2966   0.032140     0.1405     2.2822     1.7618          0     26.500  34.264196   995.6693      1.065     -0.009  0.000e+00
      1.071    30.2818   0.032107     0.1404     2.2254     1.7611          0     26.750  34.264198   995.6737      1.065     -0.004  0.000e+00
      1.060    30.2696   0.032101     0.1404     2.2332     1.7664          0     27.000  34.264201   995.6774      1.054     -0.005  0.000e+00
      1.081    30.2611   0.032101     0.1404     2.5602     1.7641          0     27.250  34.264204   995.6801      1.076     -0.003  0.000e+00
      1.071    30.2549   0.032095     0.1404     2.4796     1.7992          0     27.500  34.264207   995.6819      1.065      0.002  0.000e+00
