content/post/ctd_rufiji/SBE19plus_01906740_2018_02_13_0912.cnv
* Sea-Bird SBE19plus  Data File:
* FileName = C:\Users\all user\Desktop\CTD tafiri 2018\SBE19plus_01906740_2018_02_13_0912.hex
* Software version 2.6.3.104
* Temperature SN = 6740
* Conductivity SN = 6740
* System UpLoad Time = Feb 13 2018 14:02:35
* <ApplicationData>
* <Seaterm232>
# nquan = 13
# nvalues = 429                                   
# units = specified
# name 0 = prdM: Pressure, Strain Gauge [db]
# name 1 = tv290C: Temperature [ITS-90, deg C]
# name 2 = c0S/m: Conductivity [S/m]
# name 3 = sal00: Salinity, Practical [PSU]
# name 4 = sbeox0ML/L: Oxygen, SBE 43 [ml/l]
# name 5 = flECO-AFL: Fluorescence, WET Labs ECO-AFL/FL [mg/m^3]
# name 6 = nbf: Bottles Fired
# name 7 = timeS: Time, Elapsed [seconds]
# name 8 = timeJ: Julian Days
# name 9 = density00: Density [density, kg/m^3]
# name 10 = depSM: Depth [salt water, m], lat = 0.00
# name 11 = dz/dtM: Descent Rate [m/s]
# name 12 = flag:  0.000e+00
# span 0 =      0.093,      7.574                 
# span 1 =    26.3285,    30.9255                 
# span 2 =   0.000557,   0.014996                 
# span 3 =     0.0133,     0.0685                 
# span 4 =     0.8256,     8.6442                 
# span 5 =    -0.0609,     1.6291                 
# span 6 =          0,          0                 
# span 7 =      0.000,    107.000                 
# span 8 =  34.282269,  34.283507                 
# span 9 =   995.3880,   996.7089                 
# span 10 =      0.092,      7.533                
# span 11 =     -0.590,      0.373                
# span 12 = 0.0000e+00, 0.0000e+00                
# interval = seconds: 0.25
# start_time = Feb 03 2018 06:46:28 [Instrument's time stamp, header]
# bad_flag = -9.990e-29
*END*
[from data line 223]
      2.385    30.6973   0.014373     0.0656     2.1356     1.5215          0     55.750  34.282914   995.4962      2.372      0.272  0.000e+00
      2.450    30.6955   0.014367     0.0656     2.2139     1.5238          0     56.000  34.282917   995.4970      2.437      0.259  0.000e+00
      2.504    30.6935   0.014394     0.0657     2.2707     1.5070          0     56.250  34.282920   995.4979      2.491      0.248  0.000e+00
      2.591    30.7064   0.014373     0.0656     2.3069     1.5200          0     56.500  34.282922   995.4943      2.577      0.250  0.000e+00
      2.634    30.7197   0.014349     0.0655     2.3384     1.5062          0     56.750  34.282925   995.4903      2.620      0.247  0.000e+00
      2.677    30.7241   0.014346     0.0655     2.3010     1.5154          0     57.000  34.282928   995.4891      2.662      0.242  0.000e+00
      2.731    30.7224   0.014364     0.0655     2.1823     1.5100          0     57.250  34.282931   995.4899      2.716      0.239  0.000e+00
      2.785    30.7074   0.014415     0.0657     2.0890     1.4635          0     57.500  34.282934   995.4949      2.770      0.229  0.000e+00
      2.872    30.6987   0.014472     0.0660     1.9739     1.4658          0     57.750  34.282937   995.4982      2.856      0.233  0.000e+00
      2.947    30.7026   0.014486     0.0660     1.9555     1.4620          0     58.000  34.282940   995.4974      2.931      0.239  0.000e+00
      3.012    30.7164   0.014412     0.0657     1.9659     1.4643          0     58.250  34.282943   995.4932      2.996      0.246  0.000e+00
      3.066    30.7191   0.014397     0.0657     2.0735     1.4948          0     58.500  34.282946   995.4925      3.049      0.248  0.000e+00
      3.120    30.7265   0.014418     0.0657     2.1736     1.5100          0     58.750  34.282948   995.4905      3.103      0.256  0.000e+00
      3.185    30.7332   0.014466     0.0659     2.0757     1.5039          0     59.000  34.282951   995.4889      3.168      0.260  0.000e+00
      3.229    30.7394   0.014495     0.0660     2.1561     1.4956          0     59.250  34.282954   995.4873      3.211      0.254  0.000e+00
      3.315    30.7486   0.014570     0.0663     2.1578     1.4856          0     59.500  34.282957   995.4850      3.297      0.252  0.000e+00
      3.412    30.7690   0.014671     0.0667     2.1950     1.4772          0     59.750  34.282960   995.4795      3.394      0.254  0.000e+00
      3.499    30.7925   0.014749     0.0670     2.1221     1.4948          0     60.000  34.282963   995.4728      3.480      0.267  0.000e+00
      3.596    30.8127   0.014677     0.0667     2.1905     1.4818          0     60.250  34.282966   995.4668      3.576      0.290  0.000e+00
      3.672    30.8199   0.014558     0.0662     2.1511     1.4765          0     60.500  34.282969   995.4645      3.652      0.311  0.000e+00
      3.715    30.8322   0.014543     0.0661     2.1789     1.4727          0     60.750  34.282972   995.4609      3.695      0.317  0.000e+00
      3.769    30.8292   0.014612     0.0664     2.1825     1.4727          0     61.000  34.282975   995.4622      3.748      0.313  0.000e+00
      3.812    30.8058   0.014618     0.0665     2.2067     1.4780          0     61.250  34.282977   995.4697      3.791      0.298  0.000e+00
      3.888    30.8002   0.014710     0.0668     2.2678     1.4795          0     61.500  34.282980   995.4721      3.867      0.277  0.000e+00
      3.975    30.8104   0.014785     0.0671     2.3012     1.5032          0     61.750  34.282983   995.4695      3.953      0.263  0.000e+00
      4.083    30.8255   0.014799     0.0672     2.2356     1.4986          0     62.000  34.282986   995.4654      4.060      0.267  0.000e+00
      4.180    30.8400   0.014817     0.0672     2.2793     1.4994          0     62.250  34.282989   995.4613      4.157      0.280  0.000e+00
      4.310    30.8553   0.014838     0.0673     2.2866     1.4978          0     62.500  34.282992   995.4572      4.286      0.316  0.000e+00
      4.364    30.8650   0.014689     0.0667     2.2311     1.4910          0     62.750  34.282995   995.4540      4.340      0.343  0.000e+00
      4.429    30.8712   0.014689     0.0667     2.2003     1.4872          0     63.000  34.282998   995.4524      4.404      0.356  0.000e+00
      4.493    30.8750   0.014749     0.0669     2.2023     1.4872          0     63.250  34.283001   995.4516      4.469      0.357  0.000e+00
      4.548    30.8760   0.014776     0.0670     2.1564     1.4841          0     63.500  34.283003   995.4517      4.523      0.338  0.000e+00
      4.591    30.8788   0.014731     0.0669     2.1399     1.4772          0     63.750  34.283006   995.4509      4.566      0.307  0.000e+00
      4.645    30.8802   0.014802     0.0671     2.2163     1.4780          0     64.000  34.283009   995.4509      4.619      0.272  0.000e+00
      4.775    30.8819   0.014871     0.0674     2.1969     1.4719          0     64.250  34.283012   995.4511      4.748      0.264  0.000e+00
      4.872    30.8851   0.014862     0.0674     2.1894     1.4727          0     64.500  34.283015   995.4506      4.845      0.267  0.000e+00
      4.969    30.8799   0.014865     0.0674     2.2594     1.4856          0     64.750  34.283018   995.4526      4.942      0.294  0.000e+00
      5.077    30.8792   0.014862     0.0674     2.3096     1.4841          0     65.000  34.283021   995.4533      5.049      0.324  0.000e+00
      5.185    30.8841   0.014838     0.0673     2.4074     1.4902          0     65.250  34.283024   995.4522      5.157      0.356  0.000e+00
      5.229    30.8868   0.014796     0.0671     2.3651     1.4910          0     65.500  34.283027   995.4514      5.200      0.371  0.000e+00
      5.293    30.8889   0.014805     0.0671     2.5003     1.4826          0     65.750  34.283030   995.4511      5.264      0.373  0.000e+00
      5.337    30.8900   0.014817     0.0672     2.6004     1.4956          0     66.000  34.283032   995.4510      5.307      0.350  0.000e+00
      5.358    30.8901   0.014838     0.0673     2.6001     1.5024          0     66.250  34.283035   995.4511      5.329      0.302  0.000e+00
      5.423    30.8906   0.014883     0.0675     2.5900     1.5017          0     66.500  34.283038   995.4514      5.393      0.267  0.000e+00
      5.499    30.8923   0.014916     0.0676     2.6128     1.5100          0     66.750  34.283041   995.4513      5.469      0.241  0.000e+00
      5.574    30.8946   0.014910     0.0676     2.5303     1.5497          0     67.000  34.283044   995.4509      5.544      0.226  0.000e+00
      5.661    30.8903   0.014871     0.0674     2.4254     1.5574          0     67.250  34.283047   995.4525      5.630      0.229  0.000e+00
      5.747    30.8850   0.014877     0.0674     2.3428     1.5650          0     67.500  34.283050   995.4545      5.716      0.253  0.000e+00
      5.801    30.8851   0.014904     0.0675     2.4481     1.5543          0     67.750  34.283053   995.4548      5.769      0.268  0.000e+00
      5.877    30.8862   0.014868     0.0674     2.4049     1.5154          0     68.000  34.283056   995.4547      5.845      0.287  0.000e+00
      5.920    30.8876   0.014865     0.0674     2.4303     1.5154          0     68.250  34.283058   995.4545      5.888      0.293  0.000e+00
      5.931    30.8883   0.014808     0.0672     2.4053     1.5055          0     68.500  34.283061   995.4541      5.898      0.270  0.000e+00
      5.953    30.8879   0.014850     0.0673     2.3084     1.5154          0     68.750  34.283064   995.4545      5.920      0.236  0.000e+00
      6.007    30.8869   0.014916     0.0676     2.3128     1.5131          0     69.000  34.283067   995.4552      5.974      0.206  0.000e+00
      6.083    30.8893   0.014952     0.0677     2.3357     1.4879          0     69.250  34.283070   995.4549      6.049      0.188  0.000e+00
      6.191    30.8917   0.014957     0.0678     2.2631     1.4811          0     69.500  34.283073   995.4546      6.157      0.194  0.000e+00
      6.299    30.8917   0.014963     0.0678     2.2424     1.4856          0     69.750  34.283076   995.4551      6.264      0.222  0.000e+00
      6.374    30.8926   0.014957     0.0678     2.2509     1.4894          0     70.000  34.283079   995.4552      6.339      0.252  0.000e+00
      6.450    30.8947   0.014957     0.0678     2.2671     1.6169          0     70.250  34.283082   995.4549      6.415      0.288  0.000e+00
      6.504    30.8977   0.014954     0.0677     2.2818     1.6291          0     70.500  34.283084   995.4542      6.468      0.316  0.000e+00
      6.569    30.8982   0.014949     0.0677     2.2849     1.6115          0     70.750  34.283087   995.4543      6.533      0.325  0.000e+00
      6.612    30.8973   0.014934     0.0677     2.2700     1.6184          0     71.000  34.283090   995.4547      6.576      0.311  0.000e+00
      6.645    30.8956   0.014949     0.0677     2.3215     1.5116          0     71.250  34.283093   995.4554      6.608      0.279  0.000e+00
      6.666    30.8964   0.014949     0.0677     2.3504     1.5062          0     71.500  34.283096   995.4553      6.630      0.236  0.000e+00
      6.677    30.8991   0.014963     0.0678     2.3372     1.5070          0     71.750  34.283099   995.4545      6.640      0.192  0.000e+00
      6.742    30.9030   0.014981     0.0678     2.3492     1.5116          0     72.000  34.283102   995.4537      6.705      0.170  0.000e+00
      6.785    30.9064   0.014996     0.0679     2.3629     1.5787          0     72.250  34.283105   995.4529      6.748      0.155  0.000e+00
      6.926    30.9081   0.014987     0.0679     2.4426     1.5726          0     72.500  34.283108   995.4529      6.888      0.175  0.000e+00
      7.034    30.9079   0.014987     0.0679     2.5496     1.5741          0     72.750  34.283111   995.4535      6.995      0.210  0.000e+00
      7.174    30.9116   0.014987     0.0679     2.4778     1.5688          0     73.000  34.283113   995.4529      7.135      0.270  0.000e+00
      7.261    30.9159   0.014937     0.0677     2.4878     1.5703          0     73.250  34.283116   995.4518      7.221      0.326  0.000e+00
      7.293    30.9171   0.014904     0.0675     2.5051     1.6085          0     73.500  34.283119   995.4515      7.253      0.358  0.000e+00
      7.315    30.9185   0.014916     0.0676     2.5567     1.6077          0     73.750  34.283122   995.4512      7.274      0.360  0.000e+00
      7.315    30.9161   0.014937     0.0677     2.5711     1.6077          0     74.000  34.283125   995.4520      7.274      0.323  0.000e+00
      7.336    30.9152   0.014949     0.0677     2.5814     1.6161          0     74.250  34.283128   995.4524      7.296      0.270  0.000e+00
      7.325    30.9156   0.014963     0.0678     2.5400     1.5070          0     74.500  34.283131   995.4523      7.285      0.189  0.000e+00
      7.315    30.9180   0.014963     0.0678     2.5093     1.5131          0     74.750  34.283134   995.4515      7.274      0.117  0.000e+00
      7.325    30.9202   0.014963     0.0678     2.5435     1.5085          0     75.000  34.283137   995.4509      7.285      0.057  0.000e+00
      7.336    30.9204   0.014969     0.0678     2.5212     1.5116          0     75.250  34.283139   995.4509      7.296      0.027  0.000e+00
      7.369    30.9204   0.014975     0.0678     2.5479     1.4902          0     75.500  34.283142   995.4510      7.328      0.024  0.000e+00
      7.380    30.9206   0.014963     0.0678     2.5968     1.4887          0     75.750  34.283145   995.4510      7.339      0.028  0.000e+00
      7.412    30.9215   0.014969     0.0678     2.5986     1.4811          0     76.000  34.283148   995.4509      7.371      0.042  0.000e+00
      7.477    30.9230   0.014981     0.0678     2.5344     1.4894          0     76.250  34.283151   995.4507      7.436      0.066  0.000e+00
      7.509    30.9230   0.014975     0.0678     2.5982     1.5886          0     76.500  34.283154   995.4509      7.468      0.096  0.000e+00
      7.520    30.9224   0.014969     0.0678     2.5592     1.5902          0     76.750  34.283157   995.4511      7.479      0.113  0.000e+00
      7.542    30.9224   0.014963     0.0678     2.5564     1.5810          0     77.000  34.283160   995.4512      7.500      0.120  0.000e+00
      7.531    30.9232   0.014963     0.0678     2.5607     1.5841          0     77.250  34.283163   995.4508      7.489      0.112  0.000e+00
      7.531    30.9237   0.014946     0.0677     2.5079     1.5825          0     77.500  34.283166   995.4506      7.489      0.094  0.000e+00
      7.564    30.9226   0.014943     0.0677     2.3504     1.4536          0     77.750  34.283168   995.4511      7.522      0.082  0.000e+00
      7.553    30.9220   0.014963     0.0678     2.4093     1.4551          0     78.000  34.283171   995.4513      7.511      0.059  0.000e+00
      7.564    30.9229   0.014963     0.0678     2.5236     1.4582          0     78.250  34.283174   995.4511      7.522      0.037  0.000e+00
      7.574    30.9246   0.014969     0.0678     2.5988     1.4513          0     78.500  34.283177   995.4506      7.533      0.030  0.000e+00
      7.542    30.9255   0.014969     0.0678     2.7409     1.4528          0     78.750  34.283180   995.4502      7.500      0.018  0.000e+00
      7.542    30.9246   0.014963     0.0677     2.7085     1.4544          0     79.000  34.283183   995.4505      7.500      0.008  0.000e+00
      7.531    30.9233   0.014963     0.0678     2.7747     1.4490          0     79.250  34.283186   995.4508      7.490      0.001  0.000e+00
      7.531    30.9213   0.014954     0.0677     2.7193     1.4467          0     79.500  34.283189   995.4514      7.490     -0.009  0.000e+00
      7.553    30.9176   0.014943     0.0677     2.6941     1.4635          0     79.750  34.283192   995.4526      7.511     -0.014  0.000e+00
      7.553    30.9168   0.014928     0.0676     2.6609     1.4658          0     80.000  34.283194   995.4528      7.511     -0.009  0.000e+00
      7.509    30.9181   0.014943     0.0677     2.4584     1.4612          0     80.250  34.283197   995.4523      7.468     -0.018  0.000e+00
      7.477    30.9195   0.014963     0.0678     1.9528     1.4666          0     80.500  34.283200   995.4518      7.436     -0.030  0.000e+00
      7.315    30.9201   0.014957     0.0677     1.8814     1.4650          0     80.750  34.283203   995.4508      7.274     -0.075  0.000e+00
      7.142    30.9179   0.014940     0.0677     2.0266     1.4643          0     81.000  34.283206   995.4507      7.102     -0.160  0.000e+00
      7.034    30.9174   0.014937     0.0676     2.3094     1.4582          0     81.250  34.283209   995.4504      6.995     -0.247  0.000e+00
      7.034    30.9185   0.014928     0.0676     2.5933     1.4589          0     81.500  34.283212   995.4500      6.995     -0.304  0.000e+00
      7.044    30.9191   0.014931     0.0676     2.6550     1.4627          0     81.750  34.283215   995.4498      7.006     -0.325  0.000e+00
      7.088    30.9180   0.014934     0.0676     2.8814     1.4925          0     82.000  34.283218   995.4504      7.049     -0.295  0.000e+00
      7.066    30.9167   0.014928     0.0676     2.9153     1.4887          0     82.250  34.283220   995.4507      7.027     -0.239  0.000e+00
      7.077    30.9164   0.014922     0.0676     2.8278     1.4849          0     82.500  34.283223   995.4508      7.038     -0.163  0.000e+00
      7.034    30.9131   0.014910     0.0675     2.1277     1.4818          0     82.750  34.283226   995.4516      6.995     -0.080  0.000e+00
      6.861    30.8866   0.014904     0.0675     1.9189     1.4528          0     83.000  34.283229   995.4591      6.823     -0.068  0.000e+00
