content/post/ctd_rufiji/SBE19plus_01906740_2018_02_13_0898.cnv
* Sea-Bird SBE19plus  Data File:
* FileName = C:\Users\all user\Desktop\CTD tafiri 2018\SBE19plus_01906740_2018_02_13_0898.hex
* Software version 2.6.3.104
* Temperature SN = 6740
* Conductivity SN = 6740
* System UpLoad Time = Feb 13 2018 14:00:11
* <ApplicationData>
* <Seaterm232>
# nquan = 13
# nvalues = 471                                   
# units = specified
# name 0 = prdM: Pressure, Strain Gauge [db]
# name 1 = tv290C: Temperature [ITS-90, deg C]
# name 2 = c0S/m: Conductivity [S/m]
# name 3 = sal00: Salinity, Practical [PSU]
# name 4 = sbeox0ML/L: Oxygen, SBE 43 [ml/l]
# name 5 = flECO-AFL: Fluorescence, WET Labs ECO-AFL/FL [mg/m^3]
# name 6 = nbf: Bottles Fired
# name 7 = timeS: Time, Elapsed [seconds]
# name 8 = timeJ: Julian Days
# name 9 = density00: Density [density, kg/m^3]
# name 10 = depSM: Depth [salt water, m], lat = 0.00
# name 11 = dz/dtM: Descent Rate [m/s]
# name 12 = flag:  0.000e+00
# span 0 =      0.095,      3.155                 
# span 1 =    28.5509,    31.1276                 
# span 2 =   0.069688,   1.599292                 
# span 3 =     0.3038,     8.2484                 
# span 4 =     0.2249,     6.1602                 
# span 5 =    -0.0616,     1.2110                 
# span 6 =          0,          0                 
# span 7 =      0.000,    117.500                 
# span 8 =  33.778102,  33.779462                 
# span 9 =   995.6887,  1001.4989                 
# span 10 =      0.094,      3.137                
# span 11 =     -0.443,      0.238                
# span 12 = 0.0000e+00, 0.0000e+00                
# interval = seconds: 0.25
# start_time = Feb 02 2018 18:40:28 [Instrument's time stamp, header]
# bad_flag = -9.990e-29
*END*
[from data line 112]
      1.101    30.7144   0.710580     3.4627     1.8815     1.1568          0     28.000  33.778426   998.0185      1.095      0.017  0.000e+00
      1.080    30.7112   0.710734     3.4637     1.8649     1.1621          0     28.250  33.778429   998.0202      1.074      0.009  0.000e+00
      1.069    30.7080   0.710915     3.4649     1.8620     1.1522          0     28.500  33.778432   998.0220      1.063     -0.006  0.000e+00
      1.069    30.7069   0.710603     3.4633     1.8511     1.1881          0     28.750  33.778435   998.0212      1.063     -0.008  0.000e+00
      1.123    30.7060   0.709949     3.4600     1.8385     1.1904          0     29.000  33.778438   998.0192      1.117      0.000  0.000e+00
      1.101    30.7028   0.709768     3.4592     1.8330     1.1858          0     29.250  33.778440   998.0196      1.095      0.003  0.000e+00
      1.123    30.6981   0.710464     3.4632     1.8280     1.1934          0     29.500  33.778443   998.0240      1.117      0.011  0.000e+00
      1.112    30.6968   0.710691     3.4645     1.8158     1.1782          0     29.750  33.778446   998.0254      1.106      0.014  0.000e+00
      1.134    30.6980   0.710307     3.4624     1.8046     1.1774          0     30.000  33.778449   998.0235      1.127      0.024  0.000e+00
      1.123    30.6971   0.710376     3.4628     1.7952     1.1820          0     30.250  33.778452   998.0241      1.117      0.030  0.000e+00
      1.123    30.6956   0.710168     3.4618     1.7874     1.1766          0     30.500  33.778455   998.0238      1.117      0.027  0.000e+00
      1.134    30.6945   0.710030     3.4612     1.7767     1.1621          0     30.750  33.778458   998.0237      1.127      0.021  0.000e+00
      1.134    30.6930   0.709618     3.4591     1.7742     1.1614          0     31.000  33.778461   998.0227      1.127      0.010  0.000e+00
      1.166    30.6899   0.709426     3.4583     1.7603     1.1538          0     31.250  33.778464   998.0232      1.160      0.022  0.000e+00
      1.144    30.6861   0.709383     3.4584     1.7524     1.1522          0     31.500  33.778466   998.0243      1.138      0.017  0.000e+00
      1.134    30.6829   0.709783     3.4607     1.7491     1.1530          0     31.750  33.778469   998.0270      1.127      0.014  0.000e+00
      1.134    30.6830   0.710160     3.4627     1.7371     1.1538          0     32.000  33.778472   998.0284      1.127      0.007  0.000e+00
      1.144    30.6874   0.710141     3.4622     1.7257     1.1515          0     32.250  33.778475   998.0268      1.138      0.009  0.000e+00
      1.144    30.6921   0.709907     3.4607     1.7244     1.1576          0     32.500  33.778478   998.0242      1.138      0.006  0.000e+00
      1.144    30.6938   0.709756     3.4598     1.7168     1.1553          0     32.750  33.778481   998.0230      1.138      0.001  0.000e+00
      1.144    30.6940   0.709468     3.4583     1.7091     1.1538          0     33.000  33.778484   998.0218      1.138     -0.001  0.000e+00
      1.134    30.6975   0.708833     3.4547     1.7087     1.1553          0     33.250  33.778487   998.0180      1.127     -0.006  0.000e+00
      1.134    30.7042   0.708329     3.4516     1.6962     1.1530          0     33.500  33.778490   998.0136      1.127     -0.001  0.000e+00
      1.112    30.7079   0.708103     3.4502     1.6945     1.1560          0     33.750  33.778492   998.0113      1.106     -0.007  0.000e+00
      1.134    30.7064   0.707903     3.4493     1.6931     1.1522          0     34.000  33.778495   998.0112      1.128     -0.008  0.000e+00
      1.155    30.7059   0.707607     3.4478     1.6893     1.1499          0     34.250  33.778498   998.0103      1.149     -0.004  0.000e+00
      1.155    30.7088   0.707476     3.4469     1.6841     1.1545          0     34.500  33.778501   998.0088      1.149      0.002  0.000e+00
      1.134    30.7107   0.707434     3.4465     1.6819     1.1538          0     34.750  33.778504   998.0078      1.128      0.002  0.000e+00
      1.145    30.7101   0.707518     3.4470     1.6800     1.1591          0     35.000  33.778507   998.0084      1.138      0.006  0.000e+00
      1.156    30.7091   0.707276     3.4458     1.6779     1.1652          0     35.250  33.778510   998.0079      1.149      0.012  0.000e+00
      1.145    30.7104   0.706961     3.4441     1.6748     1.1522          0     35.500  33.778513   998.0061      1.139      0.012  0.000e+00
      1.145    30.7140   0.706534     3.4416     1.6697     1.1538          0     35.750  33.778516   998.0032      1.139      0.010  0.000e+00
      1.156    30.7182   0.706284     3.4400     1.6694     1.1812          0     36.000  33.778519   998.0007      1.149      0.004  0.000e+00
      1.166    30.7177   0.706215     3.4397     1.6685     1.1805          0     36.250  33.778521   998.0007      1.160      0.004  0.000e+00
      1.156    30.7125   0.706138     3.4397     1.6671     1.1774          0     36.500  33.778524   998.0022      1.149      0.007  0.000e+00
      1.166    30.7071   0.705988     3.4393     1.6684     1.1759          0     36.750  33.778527   998.0037      1.160      0.013  0.000e+00
      1.134    30.7049   0.705823     3.4385     1.6676     1.1766          0     37.000  33.778530   998.0036      1.128      0.002  0.000e+00
      1.134    30.7050   0.705650     3.4376     1.6658     1.1850          0     37.250  33.778533   998.0029      1.128     -0.005  0.000e+00
      1.156    30.7058   0.705500     3.4368     1.6563     1.1782          0     37.500  33.778536   998.0022      1.149     -0.002  0.000e+00
      1.177    30.7070   0.705389     3.4361     1.6597     1.1728          0     37.750  33.778539   998.0014      1.171      0.003  0.000e+00
      1.166    30.7065   0.705285     3.4356     1.6576     1.1782          0     38.000  33.778542   998.0011      1.160      0.003  0.000e+00
      1.166    30.7049   0.705174     3.4352     1.6551     1.1423          0     38.250  33.778545   998.0013      1.160      0.005  0.000e+00
      1.145    30.7029   0.705112     3.4350     1.6484     1.1454          0     38.500  33.778547   998.0017      1.138      0.004  0.000e+00
      1.145    30.7002   0.705112     3.4352     1.6498     1.1415          0     38.750  33.778550   998.0027      1.138      0.001  0.000e+00
      1.155    30.6966   0.705051     3.4351     1.6457     1.1423          0     39.000  33.778553   998.0038      1.149      0.006  0.000e+00
      1.166    30.6936   0.704939     3.4347     1.6450     1.1629          0     39.250  33.778556   998.0045      1.160      0.003  0.000e+00
      1.155    30.6909   0.704667     3.4335     1.6379     1.1667          0     39.500  33.778559   998.0043      1.149     -0.005  0.000e+00
      1.166    30.6902   0.704571     3.4330     1.6407     1.1667          0     39.750  33.778562   998.0043      1.160     -0.004  0.000e+00
      1.155    30.6918   0.704467     3.4324     1.6367     1.1690          0     40.000  33.778565   998.0033      1.149     -0.000  0.000e+00
      1.166    30.6940   0.704452     3.4321     1.6343     1.1789          0     40.250  33.778568   998.0024      1.160      0.005  0.000e+00
      1.166    30.6935   0.704555     3.4327     1.6312     1.1728          0     40.500  33.778571   998.0030      1.159      0.010  0.000e+00
      1.155    30.6902   0.704548     3.4329     1.6287     1.1782          0     40.750  33.778573   998.0042      1.149      0.005  0.000e+00
      1.155    30.6869   0.704486     3.4328     1.6250     1.1835          0     41.000  33.778576   998.0051      1.149     -0.001  0.000e+00
      1.155    30.6840   0.704432     3.4327     1.6212     1.1759          0     41.250  33.778579   998.0059      1.149     -0.004  0.000e+00
      1.133    30.6811   0.704390     3.4327     1.6208     1.1774          0     41.500  33.778582   998.0067      1.127     -0.009  0.000e+00
      1.155    30.6783   0.704375     3.4328     1.6151     1.1820          0     41.750  33.778585   998.0078      1.149     -0.009  0.000e+00
      1.166    30.6758   0.704233     3.4322     1.6120     1.1805          0     42.000  33.778588   998.0082      1.159     -0.004  0.000e+00
      1.166    30.6738   0.704060     3.4315     1.6085     1.1751          0     42.250  33.778591   998.0082      1.159     -0.002  0.000e+00
      1.155    30.6736   0.704010     3.4312     1.6086     1.1744          0     42.500  33.778594   998.0081      1.149      0.001  0.000e+00
      1.133    30.6757   0.703860     3.4303     1.6004     1.1820          0     42.750  33.778597   998.0066      1.127     -0.002  0.000e+00
      1.133    30.6767   0.703783     3.4298     1.5987     1.1782          0     43.000  33.778600   998.0060      1.127     -0.007  0.000e+00
      1.144    30.6742   0.703837     3.4303     1.5876     1.1850          0     43.250  33.778602   998.0071      1.138     -0.007  0.000e+00
      1.166    30.6693   0.704033     3.4317     1.5817     1.1805          0     43.500  33.778605   998.0098      1.159     -0.000  0.000e+00
      1.166    30.6663   0.704060     3.4320     1.5774     1.1782          0     43.750  33.778608   998.0110      1.159     -0.002  0.000e+00
      1.155    30.6654   0.704037     3.4319     1.5796     1.1744          0     44.000  33.778611   998.0111      1.148     -0.001  0.000e+00
      1.166    30.6651   0.703948     3.4315     1.5768     1.1782          0     44.250  33.778614   998.0110      1.159      0.006  0.000e+00
      1.155    30.6598   0.703818     3.4312     1.5841     1.1705          0     44.500  33.778617   998.0123      1.148      0.011  0.000e+00
      1.144    30.6436   0.703764     3.4320     1.5864     1.1820          0     44.750  33.778620   998.0179      1.138      0.009  0.000e+00
      1.165    30.6284   0.703699     3.4327     1.5874     1.1774          0     45.000  33.778623   998.0233      1.159      0.007  0.000e+00
      1.176    30.6203   0.703541     3.4324     1.5965     1.1805          0     45.250  33.778626   998.0257      1.170      0.006  0.000e+00
      1.166    30.6141   0.703453     3.4324     1.5906     1.1782          0     45.500  33.778628   998.0275      1.159      0.002  0.000e+00
      1.165    30.6021   0.703403     3.4330     1.5956     1.1538          0     45.750  33.778631   998.0317      1.159      0.004  0.000e+00
      1.176    30.5871   0.703369     3.4338     1.5835     1.1576          0     46.000  33.778634   998.0370      1.170      0.009  0.000e+00
      1.165    30.5785   0.703292     3.4340     1.5772     1.1560          0     46.250  33.778637   998.0398      1.159      0.007  0.000e+00
      1.144    30.5737   0.703307     3.4344     1.5809     1.1591          0     46.500  33.778640   998.0415      1.138      0.002  0.000e+00
      1.155    30.5673   0.703323     3.4349     1.5782     1.1721          0     46.750  33.778643   998.0439      1.148     -0.002  0.000e+00
      1.155    30.5617   0.703350     3.4355     1.5778     1.1751          0     47.000  33.778646   998.0460      1.148     -0.010  0.000e+00
      1.187    30.5581   0.703426     3.4361     1.5796     1.1850          0     47.250  33.778649   998.0478      1.181     -0.003  0.000e+00
      1.166    30.5553   0.703503     3.4367     1.5810     1.1820          0     47.500  33.778652   998.0490      1.159      0.001  0.000e+00
      1.176    30.5540   0.703342     3.4360     1.5824     1.1850          0     47.750  33.778655   998.0489      1.170      0.004  0.000e+00
      1.155    30.5544   0.703204     3.4352     1.5857     1.1766          0     48.000  33.778657   998.0481      1.149      0.002  0.000e+00
      1.166    30.5575   0.703192     3.4349     1.5856     1.1866          0     48.250  33.778660   998.0470      1.159      0.006  0.000e+00
      1.155    30.5632   0.703169     3.4344     1.5858     1.1751          0     48.500  33.778663   998.0448      1.149      0.005  0.000e+00
      1.166    30.5696   0.703135     3.4338     1.5914     1.1736          0     48.750  33.778666   998.0424      1.159     -0.001  0.000e+00
      1.177    30.5714   0.703142     3.4337     1.5892     1.1980          0     49.000  33.778669   998.0418      1.170     -0.001  0.000e+00
      1.155    30.5705   0.703177     3.4340     1.5844     1.1927          0     49.250  33.778672   998.0422      1.149     -0.008  0.000e+00
      1.144    30.5699   0.703158     3.4339     1.5783     1.1873          0     49.500  33.778675   998.0423      1.138     -0.007  0.000e+00
      1.144    30.5708   0.703115     3.4336     1.5786     1.1927          0     49.750  33.778678   998.0418      1.138     -0.011  0.000e+00
      1.133    30.5711   0.703085     3.4334     1.5772     1.1690          0     50.000  33.778681   998.0415      1.127     -0.012  0.000e+00
      1.144    30.5702   0.703073     3.4334     1.5754     1.1644          0     50.250  33.778683   998.0418      1.138     -0.015  0.000e+00
      1.177    30.5681   0.703065     3.4335     1.5761     1.1698          0     50.500  33.778686   998.0427      1.170     -0.005  0.000e+00
      1.166    30.5658   0.703039     3.4336     1.5770     1.1690          0     50.750  33.778689   998.0434      1.159     -0.002  0.000e+00
      1.155    30.5638   0.703004     3.4335     1.5811     1.1637          0     51.000  33.778692   998.0439      1.149      0.001  0.000e+00
      1.155    30.5625   0.702962     3.4334     1.5838     1.1644          0     51.250  33.778695   998.0442      1.149      0.008  0.000e+00
      1.166    30.5612   0.702943     3.4334     1.5781     1.1690          0     51.500  33.778698   998.0447      1.159      0.012  0.000e+00
      1.144    30.5596   0.702923     3.4334     1.5829     1.1682          0     51.750  33.778701   998.0451      1.138      0.006  0.000e+00
      1.144    30.5577   0.702908     3.4334     1.5821     1.1812          0     52.000  33.778704   998.0457      1.138      0.001  0.000e+00
      1.155    30.5566   0.702873     3.4333     1.5824     1.1805          0     52.250  33.778707   998.0460      1.148     -0.006  0.000e+00
      1.144    30.5559   0.702839     3.4332     1.5788     1.1766          0     52.500  33.778709   998.0461      1.138     -0.013  0.000e+00
      1.144    30.5551   0.702831     3.4332     1.5836     1.1820          0     52.750  33.778712   998.0464      1.138     -0.010  0.000e+00
      1.176    30.5535   0.703019     3.4343     1.5809     1.1751          0     53.000  33.778715   998.0478      1.170      0.001  0.000e+00
      1.176    30.5524   0.703211     3.4354     1.5808     1.1660          0     53.250  33.778718   998.0489      1.170      0.008  0.000e+00
      1.176    30.5537   0.703192     3.4352     1.5775     1.1675          0     53.500  33.778721   998.0484      1.170      0.013  0.000e+00
      1.176    30.5547   0.703135     3.4348     1.5681     1.1698          0     53.750  33.778724   998.0478      1.170      0.020  0.000e+00
      1.166    30.5538   0.703046     3.4344     1.5663     1.1652          0     54.000  33.778727   998.0478      1.159      0.017  0.000e+00
      1.144    30.5529   0.702969     3.4341     1.5698     1.1637          0     54.250  33.778730   998.0477      1.138      0.006  0.000e+00
      1.176    30.5527   0.702916     3.4338     1.5675     1.1667          0     54.500  33.778733   998.0477      1.170      0.007  0.000e+00
      1.176    30.5532   0.702881     3.4336     1.5684     1.1667          0     54.750  33.778736   998.0474      1.170      0.004  0.000e+00
      1.198    30.5533   0.702877     3.4336     1.5706     1.1621          0     55.000  33.778738   998.0474      1.191      0.004  0.000e+00
      1.209    30.5521   0.702943     3.4340     1.5710     1.1881          0     55.250  33.778741   998.0482      1.202      0.014  0.000e+00
