content/post/ctd_rufiji/SBE19plus_01906740_2018_02_13_0936.cnv
* Sea-Bird SBE19plus  Data File:
* FileName = C:\Users\all user\Desktop\CTD tafiri 2018\SBE19plus_01906740_2018_02_13_0936.hex
* Software version 2.6.3.104
* Temperature SN = 6740
* Conductivity SN = 6740
* System UpLoad Time = Feb 13 2018 14:06:17
* <ApplicationData>
* <Seaterm232>
# nquan = 13
# nvalues = 280                                   
# units = specified
# name 0 = prdM: Pressure, Strain Gauge [db]
# name 1 = tv290C: Temperature [ITS-90, deg C]
# name 2 = c0S/m: Conductivity [S/m]
# name 3 = sal00: Salinity, Practical [PSU]
# name 4 = sbeox0ML/L: Oxygen, SBE 43 [ml/l]
# name 5 = flECO-AFL: Fluorescence, WET Labs ECO-AFL/FL [mg/m^3]
# name 6 = nbf: Bottles Fired
# name 7 = timeS: Time, Elapsed [seconds]
# name 8 = timeJ: Julian Days
# name 9 = density00: Density [density, kg/m^3]
# name 10 = depSM: Depth [salt water, m], lat = 0.00
# name 11 = dz/dtM: Descent Rate [m/s]
# name 12 = flag:  0.000e+00
# span 0 =      0.178,      3.595                 
# span 1 =    28.7239,    30.0550                 
# span 2 =   0.022804,   0.411285                 
# span 3 =     0.1019,     1.9610                 
# span 4 =     1.7836,     3.7697                 
# span 5 =    -0.0471,    48.6795                 
# span 6 =          0,          0                 
# span 7 =      0.000,     69.750                 
# span 8 =  34.444271,  34.445078                 
# span 9 =   995.8195,   997.1398                 
# span 10 =      0.177,      3.575                
# span 11 =     -0.510,      0.449                
# span 12 = 0.0000e+00, 0.0000e+00                
# interval = seconds: 0.25
# start_time = Feb 03 2018 10:39:45 [Instrument's time stamp, header]
# bad_flag = -9.990e-29
*END*
[from data line 223]
      3.335    29.8817   0.380779     1.8124     1.8257     0.6182          0     55.750  34.444916   997.0554      3.317     -0.100  0.000e+00
      3.313    29.8806   0.380231     1.8097     1.8215     0.6136          0     56.000  34.444919   997.0536      3.295     -0.084  0.000e+00
      3.303    29.8882   0.380716     1.8119     1.8158     0.7128          0     56.250  34.444922   997.0528      3.284     -0.058  0.000e+00
      3.270    29.9019   0.381014     1.8129     1.8290     0.7097          0     56.500  34.444925   997.0493      3.252     -0.040  0.000e+00
      3.238    29.9166   0.381471     1.8147     1.8225     0.7074          0     56.750  34.444928   997.0460      3.220     -0.037  0.000e+00
      3.194    29.9249   0.382275     1.8184     1.8396     0.7097          0     57.000  34.444931   997.0461      3.177     -0.052  0.000e+00
      3.184    29.9173   0.382844     1.8216     1.8727     0.7074          0     57.250  34.444933   997.0507      3.166     -0.074  0.000e+00
      3.119    29.8951   0.382865     1.8225     1.9034     0.8577          0     57.500  34.444936   997.0578      3.102     -0.102  0.000e+00
      3.021    29.8754   0.382892     1.8233     1.8911     0.8577          0     57.750  34.444939   997.0640      3.005     -0.143  0.000e+00
      2.957    29.8643   0.383534     1.8270     1.8825     0.8577          0     58.000  34.444942   997.0698      2.940     -0.175  0.000e+00
      2.881    29.8564   0.385188     1.8356     1.9138     0.8539          0     58.250  34.444945   997.0783      2.865     -0.209  0.000e+00
      2.794    29.8499   0.386528     1.8426     1.8797     1.0248          0     58.500  34.444948   997.0851      2.779     -0.241  0.000e+00
      2.697    29.8431   0.386642     1.8435     1.8844     1.0248          0     58.750  34.444951   997.0873      2.682     -0.275  0.000e+00
      2.567    29.8378   0.384838     1.8345     1.8777     1.0240          0     59.000  34.444954   997.0817      2.553     -0.317  0.000e+00
      2.438    29.8352   0.383960     1.8302     1.8771     1.0256          0     59.250  34.444957   997.0787      2.424     -0.363  0.000e+00
      2.254    29.8336   0.384952     1.8353     1.8762     1.4887          0     59.500  34.444959   997.0821      2.241     -0.412  0.000e+00
      2.157    29.8326   0.387382     1.8476     1.8912     1.4872          0     59.750  34.444962   997.0912      2.145     -0.445  0.000e+00
      2.038    29.8314   0.389462     1.8582     1.8739     1.4856          0     60.000  34.444965   997.0989      2.026     -0.479  0.000e+00
      1.908    29.8295   0.390268     1.8623     1.8544     1.4856          0     60.250  34.444968   997.1020      1.897     -0.504  0.000e+00
      1.811    29.8267   0.390657     1.8644     1.8530     1.9594          0     60.500  34.444971   997.1040      1.801     -0.510  0.000e+00
      1.735    29.8254   0.390501     1.8636     1.8546     1.9549          0     60.750  34.444974   997.1035      1.725     -0.493  0.000e+00
      1.648    29.8251   0.388635     1.8542     1.8438     1.9617          0     61.000  34.444977   997.0962      1.639     -0.461  0.000e+00
      1.540    29.8246   0.387545     1.8487     1.8464     1.9594          0     61.250  34.444980   997.0918      1.532     -0.432  0.000e+00
      1.476    29.8247   0.387336     1.8477     1.8489     1.9549          0     61.500  34.444983   997.0906      1.467     -0.394  0.000e+00
      1.443    29.8248   0.388958     1.8559     1.8757     2.0601          0     61.750  34.444986   997.0966      1.435     -0.362  0.000e+00
      1.314    29.8240   0.388868     1.8554     1.8792     2.0563          0     62.000  34.444988   997.0959      1.306     -0.344  0.000e+00
      1.173    29.8235   0.388291     1.8525     1.8663     2.0525          0     62.250  34.444991   997.0933      1.167     -0.346  0.000e+00
      1.086    29.8232   0.388604     1.8541     1.8990     2.0578          0     62.500  34.444994   997.0942      1.081     -0.357  0.000e+00
      1.022    29.8235   0.386285     1.8424     1.8502     2.1967          0     62.750  34.444997   997.0850      1.016     -0.362  0.000e+00
      0.989    29.8250   0.386212     1.8420     1.8468     2.1990          0     63.000  34.445000   997.0841      0.984     -0.349  0.000e+00
      1.000    29.8360   0.386486     1.8430     1.8394     2.2028          0     63.250  34.445003   997.0816      0.994     -0.313  0.000e+00
      0.989    29.8555   0.387874     1.8493     1.8282     2.1944          0     63.500  34.445006   997.0803      0.984     -0.272  0.000e+00
      1.011    29.8646   0.388229     1.8507     1.8241     2.2234          0     63.750  34.445009   997.0787      1.005     -0.210  0.000e+00
      1.011    29.8657   0.390011     1.8597     1.8363     2.2196          0     64.000  34.445012   997.0851      1.005     -0.128  0.000e+00
      0.967    29.8576   0.390564     1.8628     1.8497     2.2257          0     64.250  34.445014   997.0897      0.962     -0.071  0.000e+00
      0.870    29.8461   0.388847     1.8545     1.8704     2.2257          0     64.500  34.445017   997.0866      0.865     -0.065  0.000e+00
      0.740    29.8382   0.388343     1.8523     1.8813     2.3119          0     64.750  34.445020   997.0867      0.736     -0.102  0.000e+00
      0.675    29.8330   0.388097     1.8512     1.8879     2.3119          0     65.000  34.445023   997.0872      0.672     -0.154  0.000e+00
      0.686    29.8302   0.387875     1.8502     1.8953     2.3111          0     65.250  34.445026   997.0873      0.682     -0.192  0.000e+00
      0.783    29.8294   0.388663     1.8542     1.8997     2.3096          0     65.500  34.445029   997.0910      0.779     -0.180  0.000e+00
      0.805    29.8293   0.388882     1.8553     1.9076     2.3173          0     65.750  34.445032   997.0920      0.801     -0.151  0.000e+00
      0.697    29.8292   0.387333     1.8475     1.9001     2.2989          0     66.000  34.445035   997.0857      0.693     -0.131  0.000e+00
      0.556    29.8322   0.386482     1.8431     1.8798     2.3096          0     66.250  34.445038   997.0809      0.553     -0.128  0.000e+00
      0.394    29.8461   0.387718     1.8488     1.8820     2.2967          0     66.500  34.445041   997.0802      0.392     -0.153  0.000e+00
      0.264    29.8627   0.390247     1.8610     1.8546     2.3043          0     66.750  34.445043   997.0837      0.263     -0.206  0.000e+00
      0.189    29.8652   0.390685     1.8631     1.8533     0.5815          0     67.000  34.445046   997.0842      0.188     -0.283  0.000e+00
      0.178    29.8513   0.387697     1.8485     1.8471     0.5823          0     67.250  34.445049   997.0775      0.177     -0.347  0.000e+00
      0.189    29.8420   0.092569     0.4126     1.8491     0.5808          0     67.500  34.445052   996.0070      0.187     -0.371  0.000e+00
      0.199    29.8293   0.058097     0.2561     1.8242     0.5709          0     67.750  34.445055   995.8936      0.198     -0.327  0.000e+00
      0.210    29.8040   0.051003     0.2246     1.7836    -0.0258          0     68.000  34.445058   995.8776      0.209     -0.234  0.000e+00
      0.199    29.7650   0.042327     0.1863     1.7889    -0.0227          0     68.250  34.445061   995.8605      0.198     -0.141  0.000e+00
      0.199    29.7265   0.026182     0.1162     1.8070    -0.0281          0     68.500  34.445064   995.8195      0.198     -0.061  0.000e+00
      0.232    29.6902   0.022804     0.1019     1.8392    -0.0265          0     68.750  34.445067   995.8197      0.231     -0.002  0.000e+00
      0.232    29.6551   0.023735     0.1059     1.8908    -0.0273          0     69.000  34.445069   995.8333      0.231      0.024  0.000e+00
      0.199    29.6321   0.038362     0.1693     1.9422    -0.0281          0     69.250  34.445072   995.8876      0.198      0.018  0.000e+00
      0.210    29.6245   0.058928     0.2609     2.0047    -0.0296          0     69.500  34.445075   995.9586      0.209      0.011  0.000e+00
      0.210    29.6276   0.036138     0.1596     2.0703    -0.0258          0     69.750  34.445078   995.8817      0.209      0.005  0.000e+00
