content/post/ctd_rufiji/SBE19plus_01906740_2018_02_13_0938.cnv
* Sea-Bird SBE19plus  Data File:
* FileName = C:\Users\all user\Desktop\CTD tafiri 2018\SBE19plus_01906740_2018_02_13_0938.hex
* Software version 2.6.3.104
* Temperature SN = 6740
* Conductivity SN = 6740
* System UpLoad Time = Feb 13 2018 14:06:36
* <ApplicationData>
* <Seaterm232>
# nquan = 13
# nvalues = 283                                   
# units = specified
# name 0 = prdM: Pressure, Strain Gauge [db]
# name 1 = tv290C: Temperature [ITS-90, deg C]
# name 2 = c0S/m: Conductivity [S/m]
# name 3 = sal00: Salinity, Practical [PSU]
# name 4 = sbeox0ML/L: Oxygen, SBE 43 [ml/l]
# name 5 = flECO-AFL: Fluorescence, WET Labs ECO-AFL/FL [mg/m^3]
# name 6 = nbf: Bottles Fired
# name 7 = timeS: Time, Elapsed [seconds]
# name 8 = timeJ: Julian Days
# name 9 = density00: Density [density, kg/m^3]
# name 10 = depSM: Depth [salt water, m], lat = 0.00
# name 11 = dz/dtM: Descent Rate [m/s]
# name 12 = flag:  0.000e+00
# span 0 =      0.190,      1.476                 
# span 1 =    28.3606,    29.6612                 
# span 2 =   0.023403,   1.153909                 
# span 3 =     0.1055,     5.9530                 
# span 4 =     1.7666,     3.6988                 
# span 5 =    -0.4431,     1.9381                 
# span 6 =          0,          0                 
# span 7 =      0.000,     70.500                 
# span 8 =  34.448924,  34.449740                 
# span 9 =   996.0095,  1000.2005                 
# span 10 =      0.188,      1.468                
# span 11 =     -0.457,      0.359                
# span 12 = 0.0000e+00, 0.0000e+00                
# interval = seconds: 0.25
# start_time = Feb 03 2018 10:46:27 [Instrument's time stamp, header]
# bad_flag = -9.990e-29
*END*
[from data line 112]
      1.282    29.6395   1.107987     5.6996     2.3345     1.8694          0     28.000  34.449248  1000.0146      1.275      0.003  0.000e+00
      1.260    29.6404   1.108738     5.7037     2.3183     1.8740          0     28.250  34.449251  1000.0172      1.253      0.001  0.000e+00
      1.271    29.6410   1.109067     5.7054     2.3180     1.8717          0     28.500  34.449253  1000.0184      1.264      0.007  0.000e+00
      1.282    29.6411   1.106780     5.6928     2.3118     1.8847          0     28.750  34.449256  1000.0090      1.275      0.014  0.000e+00
      1.238    29.6406   1.104563     5.6805     2.2963     1.8839          0     29.000  34.449259   999.9998      1.232      0.007  0.000e+00
      1.271    29.6394   1.099455     5.6524     2.2965     1.8839          0     29.250  34.449262   999.9794      1.264      0.001  0.000e+00
      1.260    29.6380   1.098408     5.6467     2.2899     1.8808          0     29.500  34.449265   999.9756      1.253     -0.001  0.000e+00
      1.271    29.6367   1.098412     5.6469     2.2784     1.8961          0     29.750  34.449268   999.9762      1.264     -0.005  0.000e+00
      1.271    29.6357   1.099583     5.6535     2.2636     1.9037          0     30.000  34.449271   999.9814      1.264     -0.003  0.000e+00
      1.271    29.6348   1.100413     5.6582     2.2454     1.8938          0     30.250  34.449274   999.9852      1.264      0.003  0.000e+00
      1.271    29.6337   1.100375     5.6581     2.2374     1.8946          0     30.500  34.449277   999.9854      1.264      0.002  0.000e+00
      1.282    29.6326   1.098765     5.6493     2.2264     1.9236          0     30.750  34.449280   999.9793      1.275      0.007  0.000e+00
      1.282    29.6318   1.097297     5.6413     2.2189     1.9236          0     31.000  34.449282   999.9735      1.275      0.015  0.000e+00
      1.271    29.6307   1.096723     5.6383     2.2049     1.9175          0     31.250  34.449285   999.9716      1.264      0.006  0.000e+00
      1.260    29.6298   1.097582     5.6431     2.1865     1.9243          0     31.500  34.449288   999.9754      1.253      0.002  0.000e+00
      1.282    29.6288   1.098604     5.6489     2.1802     1.9075          0     31.750  34.449291   999.9801      1.275      0.001  0.000e+00
      1.282    29.6277   1.097046     5.6404     2.1736     1.9106          0     32.000  34.449294   999.9741      1.275      0.003  0.000e+00
      1.271    29.6266   1.096289     5.6363     2.1657     1.9137          0     32.250  34.449297   999.9714      1.264      0.001  0.000e+00
      1.282    29.6256   1.096710     5.6388     2.1524     1.9098          0     32.500  34.449300   999.9735      1.274      0.001  0.000e+00
      1.292    29.6246   1.099408     5.6538     2.1454     1.9114          0     32.750  34.449303   999.9851      1.285      0.004  0.000e+00
      1.260    29.6235   1.099029     5.6519     2.1290     1.9335          0     33.000  34.449306   999.9838      1.253      0.001  0.000e+00
      1.271    29.6225   1.096710     5.6391     2.1253     1.9289          0     33.250  34.449308   999.9747      1.264      0.001  0.000e+00
      1.260    29.6215   1.095591     5.6330     2.1174     1.9327          0     33.500  34.449311   999.9704      1.253     -0.004  0.000e+00
      1.282    29.6206   1.095132     5.6306     2.1137     1.9381          0     33.750  34.449314   999.9690      1.274     -0.006  0.000e+00
      1.260    29.6196   1.095047     5.6302     2.1084     1.9075          0     34.000  34.449317   999.9689      1.253     -0.008  0.000e+00
      1.260    29.6187   1.095157     5.6310     2.0999     1.9098          0     34.250  34.449320   999.9698      1.253     -0.009  0.000e+00
      1.260    29.6177   1.095697     5.6341     2.0961     1.9098          0     34.500  34.449323   999.9723      1.253     -0.012  0.000e+00
      1.282    29.6165   1.096723     5.6399     2.0948     1.9083          0     34.750  34.449326   999.9771      1.274     -0.004  0.000e+00
      1.271    29.6153   1.098472     5.6497     2.0921     1.8801          0     35.000  34.449329   999.9848      1.264      0.004  0.000e+00
      1.271    29.6142   1.100796     5.6627     2.0886     1.8877          0     35.250  34.449332   999.9948      1.264      0.002  0.000e+00
      1.238    29.6129   1.102747     5.6737     2.0814     1.8877          0     35.500  34.449334  1000.0032      1.231     -0.005  0.000e+00
      1.271    29.6124   1.100575     5.6617     2.0767     1.8763          0     35.750  34.449337   999.9946      1.264     -0.005  0.000e+00
      1.249    29.6112   1.098940     5.6528     2.0725     1.8992          0     36.000  34.449340   999.9882      1.242     -0.004  0.000e+00
      1.260    29.6103   1.097863     5.6469     2.0672     1.8976          0     36.250  34.449343   999.9842      1.253     -0.006  0.000e+00
      1.271    29.6088   1.097591     5.6456     2.0662     1.8931          0     36.500  34.449346   999.9837      1.264     -0.004  0.000e+00
      1.271    29.6075   1.097723     5.6464     2.0575     1.8961          0     36.750  34.449349   999.9847      1.264     -0.004  0.000e+00
      1.281    29.6060   1.098723     5.6522     2.0536     1.8961          0     37.000  34.449352   999.9895      1.274      0.006  0.000e+00
      1.260    29.6047   1.099532     5.6568     2.0474     1.8801          0     37.250  34.449355   999.9932      1.253      0.007  0.000e+00
      1.281    29.6036   1.100788     5.6639     2.0419     1.8831          0     37.500  34.449358   999.9989      1.274      0.014  0.000e+00
      1.281    29.6026   1.100260     5.6611     2.0394     1.8808          0     37.750  34.449361   999.9972      1.274      0.010  0.000e+00
      1.260    29.6014   1.100021     5.6599     2.0351     1.8808          0     38.000  34.449363   999.9966      1.253      0.008  0.000e+00
      1.271    29.6001   1.099251     5.6558     2.0355     1.8931          0     38.250  34.449366   999.9939      1.264      0.002  0.000e+00
      1.282    29.5989   1.098757     5.6532     2.0322     1.8946          0     38.500  34.449369   999.9924      1.274      0.001  0.000e+00
      1.271    29.5978   1.098604     5.6524     2.0288     1.8946          0     38.750  34.449372   999.9922      1.264      0.000  0.000e+00
      1.271    29.5964   1.098382     5.6514     2.0259     1.8992          0     39.000  34.449375   999.9918      1.264     -0.001  0.000e+00
      1.271    29.5952   1.097472     5.6465     2.0257     1.9083          0     39.250  34.449378   999.9885      1.264      0.001  0.000e+00
      1.260    29.5941   1.098191     5.6506     2.0181     1.9060          0     39.500  34.449381   999.9918      1.253     -0.006  0.000e+00
      1.260    29.5931   1.098114     5.6503     2.0150     1.9053          0     39.750  34.449384   999.9919      1.253     -0.006  0.000e+00
      1.260    29.5921   1.098927     5.6549     2.0126     1.9075          0     40.000  34.449387   999.9956      1.253     -0.005  0.000e+00
      1.271    29.5910   1.098050     5.6502     2.0069     1.9037          0     40.250  34.449389   999.9925      1.264     -0.006  0.000e+00
      1.271    29.5899   1.096808     5.6434     2.0099     1.8946          0     40.500  34.449392   999.9878      1.264     -0.005  0.000e+00
      1.282    29.5891   1.096591     5.6423     2.0039     1.8953          0     40.750  34.449395   999.9873      1.274      0.003  0.000e+00
      1.292    29.5884   1.097582     5.6479     2.0027     1.8992          0     41.000  34.449398   999.9917      1.285      0.010  0.000e+00
      1.260    29.5875   1.099847     5.6605     1.9937     1.8992          0     41.250  34.449401  1000.0012      1.253      0.007  0.000e+00
      1.260    29.5868   1.100030     5.6616     1.9955     1.8679          0     41.500  34.449404  1000.0023      1.253      0.005  0.000e+00
      1.260    29.5859   1.098706     5.6544     1.9862     1.8702          0     41.750  34.449407   999.9972      1.253      0.000  0.000e+00
      1.271    29.5851   1.097046     5.6453     1.9896     1.8686          0     42.000  34.449410   999.9907      1.264     -0.002  0.000e+00
      1.271    29.5842   1.097059     5.6454     1.9837     1.8732          0     42.250  34.449413   999.9911      1.264     -0.005  0.000e+00
      1.292    29.5833   1.098208     5.6519     1.9841     1.8999          0     42.500  34.449416   999.9963      1.285      0.001  0.000e+00
      1.282    29.5824   1.099204     5.6575     1.9771     1.8946          0     42.750  34.449418  1000.0007      1.274      0.002  0.000e+00
      1.260    29.5814   1.099694     5.6604     1.9718     1.8969          0     43.000  34.449421  1000.0030      1.253      0.001  0.000e+00
      1.282    29.5804   1.098199     5.6522     1.9674     1.8961          0     43.250  34.449424   999.9973      1.275      0.010  0.000e+00
      1.282    29.5793   1.096208     5.6413     1.9619     1.8847          0     43.500  34.449427   999.9896      1.275      0.009  0.000e+00
      1.282    29.5785   1.095306     5.6364     1.9538     1.8831          0     43.750  34.449430   999.9861      1.275      0.007  0.000e+00
      1.292    29.5780   1.095481     5.6374     1.9543     1.8877          0     44.000  34.449433   999.9871      1.285      0.007  0.000e+00
      1.292    29.5778   1.096340     5.6422     1.9454     1.8908          0     44.250  34.449436   999.9907      1.285      0.007  0.000e+00
      1.271    29.5772   1.098289     5.6531     1.9340     1.8847          0     44.500  34.449439   999.9989      1.264      0.001  0.000e+00
      1.282    29.5761   1.099051     5.6574     1.9342     1.9022          0     44.750  34.449442  1000.0025      1.275      0.004  0.000e+00
      1.292    29.5751   1.099370     5.6593     1.9376     1.8931          0     45.000  34.449444  1000.0043      1.285      0.008  0.000e+00
      1.282    29.5742   1.097591     5.6495     1.9372     1.8992          0     45.250  34.449447   999.9972      1.275      0.001  0.000e+00
      1.292    29.5732   1.097995     5.6519     1.9290     1.8923          0     45.500  34.449450   999.9993      1.285      0.002  0.000e+00
      1.282    29.5721   1.097429     5.6489     1.9244     1.8976          0     45.750  34.449453   999.9974      1.275      0.000  0.000e+00
      1.292    29.5710   1.097927     5.6518     1.9153     1.8938          0     46.000  34.449456   999.9999      1.285      0.001  0.000e+00
      1.292    29.5698   1.097570     5.6499     1.9118     1.9007          0     46.250  34.449459   999.9989      1.285      0.004  0.000e+00
      1.303    29.5688   1.098038     5.6526     1.9120     1.8992          0     46.500  34.449462  1000.0013      1.296      0.011  0.000e+00
      1.292    29.5678   1.097127     5.6477     1.9005     1.8572          0     46.750  34.449465   999.9979      1.285      0.006  0.000e+00
      1.292    29.5666   1.096829     5.6462     1.8933     1.8572          0     47.000  34.449468   999.9971      1.285      0.004  0.000e+00
      1.303    29.5656   1.096493     5.6444     1.8942     1.8602          0     47.250  34.449470   999.9962      1.296      0.008  0.000e+00
      1.303    29.5651   1.097025     5.6474     1.8971     1.8564          0     47.500  34.449473   999.9985      1.296      0.007  0.000e+00
      1.282    29.5641   1.097267     5.6489     1.8942     1.8961          0     47.750  34.449476   999.9998      1.274      0.003  0.000e+00
      1.292    29.5632   1.098114     5.6537     1.8898     1.8953          0     48.000  34.449479  1000.0037      1.285     -0.001  0.000e+00
      1.303    29.5620   1.098876     5.6581     1.8890     1.8961          0     48.250  34.449482  1000.0074      1.296     -0.000  0.000e+00
      1.292    29.5613   1.098936     5.6585     1.8896     1.8961          0     48.500  34.449485  1000.0079      1.285     -0.002  0.000e+00
      1.292    29.5604   1.098234     5.6547     1.8814     1.8931          0     48.750  34.449488  1000.0053      1.285     -0.001  0.000e+00
      1.292    29.5595   1.097361     5.6500     1.8824     1.8717          0     49.000  34.449491  1000.0021      1.285     -0.002  0.000e+00
      1.292    29.5586   1.097710     5.6520     1.8799     1.8732          0     49.250  34.449494  1000.0039      1.285     -0.004  0.000e+00
      1.271    29.5579   1.100899     5.6698     1.8795     1.8717          0     49.500  34.449497  1000.0172      1.264     -0.007  0.000e+00
      1.184    29.5575   1.105932     5.6977     1.8779     1.8740          0     49.750  34.449499  1000.0378      1.178     -0.032  0.000e+00
      1.011    29.5576   1.105876     5.6974     1.8742     1.9205          0     50.000  34.449502  1000.0367      1.006     -0.102  0.000e+00
      0.827    29.5582   1.099289     5.6608     1.8631     1.9152          0     50.250  34.449505  1000.0085      0.823     -0.199  0.000e+00
      0.719    29.5578   1.093614     5.6294     2.0558     1.9274          0     50.500  34.449508   999.9848      0.715     -0.291  0.000e+00
      0.622    29.5574   1.078598     5.5463     1.8800     1.9205          0     50.750  34.449511   999.9226      0.618     -0.373  0.000e+00
      0.525    29.5359   1.076010     5.5344     1.8229     1.0836          0     51.000  34.449514   999.9199      0.522     -0.436  0.000e+00
      0.492    29.5078   1.078577     5.5518     1.7860     1.0828          0     51.250  34.449517   999.9412      0.490     -0.457  0.000e+00
      0.568    29.4935   1.088379     5.6077     1.7907     1.0828          0     51.500  34.449520   999.9876      0.565     -0.404  0.000e+00
      0.687    29.4880   1.108803     5.7218     1.7666     1.0836          0     51.750  34.449523  1000.0746      0.683     -0.279  0.000e+00
      0.806    29.5035   1.112128     5.7385     1.7795     0.7601          0     52.000  34.449525  1000.0828      0.801     -0.112  0.000e+00
      0.871    29.5444   1.108760     5.7150     1.7830     0.7570          0     52.250  34.449528  1000.0532      0.866      0.040  0.000e+00
      0.957    29.5763   1.108440     5.7095     1.8081     0.7593          0     52.500  34.449531  1000.0397      0.952      0.164  0.000e+00
      1.076    29.5956   1.107552     5.7023     1.8974     0.7624          0     52.750  34.449534  1000.0290      1.070      0.274  0.000e+00
      1.130    29.6081   1.105940     5.6919     1.9509     0.7517          0     53.000  34.449537  1000.0177      1.124      0.342  0.000e+00
      1.184    29.6039   1.103067     5.6765     1.9845     1.8709          0     53.250  34.449540  1000.0078      1.178      0.359  0.000e+00
      1.281    29.5974   1.103088     5.6773     2.0206     1.8763          0     53.500  34.449543  1000.0109      1.274      0.347  0.000e+00
      1.368    29.5918   1.104776     5.6873     2.0610     1.8747          0     53.750  34.449546  1000.0204      1.360      0.330  0.000e+00
      1.379    29.5858   1.105058     5.6896     2.0720     1.8755          0     54.000  34.449549  1000.0239      1.371      0.303  0.000e+00
      1.379    29.5829   1.103732     5.6826     2.0785     1.8747          0     54.250  34.449552  1000.0196      1.371      0.269  0.000e+00
      1.379    29.5822   1.101913     5.6726     2.0827     1.8702          0     54.500  34.449554  1000.0124      1.371      0.218  0.000e+00
      1.357    29.5796   1.099302     5.6584     2.0827     1.8702          0     54.750  34.449557  1000.0025      1.350      0.157  0.000e+00
      1.368    29.5758   1.097242     5.6474     2.0799     1.8717          0     55.000  34.449560   999.9956      1.360      0.112  0.000e+00
      1.357    29.5676   1.098106     5.6532     2.0672     1.8793          0     55.250  34.449563  1000.0023      1.350      0.062  0.000e+00
