content/post/ctd_rufiji/SBE19plus_01906740_2018_02_13_0920.cnv
* Sea-Bird SBE19plus  Data File:
* FileName = C:\Users\all user\Desktop\CTD tafiri 2018\SBE19plus_01906740_2018_02_13_0920.hex
* Software version 2.6.3.104
* Temperature SN = 6740
* Conductivity SN = 6740
* System UpLoad Time = Feb 13 2018 14:03:50
* <ApplicationData>
* <Seaterm232>
# nquan = 13
# nvalues = 293                                   
# units = specified
# name 0 = prdM: Pressure, Strain Gauge [db]
# name 1 = tv290C: Temperature [ITS-90, deg C]
# name 2 = c0S/m: Conductivity [S/m]
# name 3 = sal00: Salinity, Practical [PSU]
# name 4 = sbeox0ML/L: Oxygen, SBE 43 [ml/l]
# name 5 = flECO-AFL: Fluorescence, WET Labs ECO-AFL/FL [mg/m^3]
# name 6 = nbf: Bottles Fired
# name 7 = timeS: Time, Elapsed [seconds]
# name 8 = timeJ: Julian Days
# name 9 = density00: Density [density, kg/m^3]
# name 10 = depSM: Depth [salt water, m], lat = 0.00
# name 11 = dz/dtM: Descent Rate [m/s]
# name 12 = flag:  0.000e+00
# span 0 =      0.186,      4.369                 
# span 1 =    29.7190,    30.1874                 
# span 2 =   0.005015,   0.033547                 
# span 3 =     0.0292,     0.1479                 
# span 4 =     1.9238,     3.5342                 
# span 5 =    -0.0357,     1.9541                 
# span 6 =          0,          0                 
# span 7 =      0.000,     73.000                 
# span 8 =  34.394352,  34.395197                 
# span 9 =   995.6670,   995.8313                 
# span 10 =      0.185,      4.345                
# span 11 =     -0.505,      0.515                
# span 12 = 0.0000e+00, 0.0000e+00                
# interval = seconds: 0.25
# start_time = Feb 03 2018 09:27:52 [Instrument's time stamp, header]
# bad_flag = -9.990e-29
*END*
      0.271    29.8154   0.007990     0.0407     2.8181    -0.0303          0      0.000  34.394352   995.7364      0.270 1.0527e-16  0.000e+00
      0.444    29.9098   0.018314     0.0826     2.7412    -0.0334          0      0.250  34.394355   995.7403      0.442      0.046  0.000e+00
      0.531    30.0074   0.019691     0.0883     2.8578    -0.0296          0      0.500  34.394358   995.7154      0.528      0.104  0.000e+00
      0.585    30.0738   0.021272     0.0948     2.9130    -0.0357          0      0.750  34.394361   995.7005      0.582      0.159  0.000e+00
      0.617    30.1017   0.015891     0.0724     2.9078     0.5442          0      1.000  34.394363   995.6753      0.614      0.201  0.000e+00
      0.650    30.0589   0.008810     0.0438     2.9693     0.5434          0      1.250  34.394366   995.6670      0.646      0.229  0.000e+00
      0.671    29.9951   0.005015     0.0292     3.0424     0.5411          0      1.500  34.394369   995.6754      0.668      0.238  0.000e+00
      0.704    29.9571   0.006820     0.0361     3.0504     0.5380          0      1.750  34.394372   995.6922      0.700      0.229  0.000e+00
      0.736    29.9342   0.013065     0.0610     3.1112     1.9404          0      2.000  34.394375   995.7179      0.732      0.199  0.000e+00
      0.812    29.9190   0.009892     0.0482     3.1485     1.9541          0      2.250  34.394378   995.7132      0.808      0.159  0.000e+00
      0.845    29.9069   0.008332     0.0420     3.1402     1.9434          0      2.500  34.394381   995.7124      0.840      0.149  0.000e+00
      0.920    29.8874   0.013569     0.0631     3.1977     1.9457          0      2.750  34.394384   995.7344      0.915      0.161  0.000e+00
      0.974    29.8739   0.020704     0.0927     3.2457     1.6443          0      3.000  34.394387   995.7610      0.969      0.180  0.000e+00
      1.018    29.8736   0.022843     0.1017     3.2836     1.6413          0      3.250  34.394389   995.7681      1.012      0.195  0.000e+00
      1.029    29.8863   0.022957     0.1022     3.3064     1.6398          0      3.500  34.394392   995.7646      1.023      0.197  0.000e+00
      1.050    29.9190   0.022990     0.1023     3.3222     1.6382          0      3.750  34.394395   995.7549      1.044      0.187  0.000e+00
      1.072    29.9539   0.023028     0.1024     3.3175     1.6390          0      4.000  34.394398   995.7446      1.066      0.168  0.000e+00
      1.104    29.9914   0.023031     0.1023     3.3395     1.6214          0      4.250  34.394401   995.7334      1.098      0.144  0.000e+00
      1.115    30.0289   0.023043     0.1023     3.3494     1.6237          0      4.500  34.394404   995.7221      1.109      0.124  0.000e+00
      1.093    30.0610   0.023040     0.1023     3.3637     1.6275          0      4.750  34.394407   995.7122      1.087      0.089  0.000e+00
      1.093    30.0909   0.023014     0.1021     3.3729     1.6268          0      5.000  34.394410   995.7030      1.087      0.062  0.000e+00
      1.115    30.1171   0.022951     0.1018     3.4414     1.6314          0      5.250  34.394413   995.6950      1.109      0.048  0.000e+00
      1.115    30.1411   0.022930     0.1016     3.4890     1.6199          0      5.500  34.394416   995.6876      1.109      0.038  0.000e+00
      1.104    30.1605   0.022882     0.1014     3.5068     1.6413          0      5.750  34.394418   995.6815      1.098      0.023  0.000e+00
      1.104    30.1746   0.022882     0.1014     3.4993     1.6253          0      6.000  34.394421   995.6772      1.098      0.010  0.000e+00
      1.093    30.1814   0.022945     0.1016     3.4844     1.6314          0      6.250  34.394424   995.6753      1.087     -0.002  0.000e+00
      1.093    30.1850   0.023017     0.1019     3.4582     1.6336          0      6.500  34.394427   995.6744      1.087     -0.005  0.000e+00
      1.104    30.1855   0.023133     0.1024     3.4752     1.6344          0      6.750  34.394430   995.6747      1.098     -0.001  0.000e+00
      1.093    30.1847   0.023232     0.1028     3.4599     1.6375          0      7.000  34.394433   995.6752      1.087     -0.006  0.000e+00
      1.115    30.1830   0.023340     0.1033     3.4421     1.6504          0      7.250  34.394436   995.6761      1.109     -0.005  0.000e+00
      1.115    30.1813   0.023412     0.1036     3.4516     1.6459          0      7.500  34.394439   995.6769      1.109      0.001  0.000e+00
      1.104    30.1796   0.023424     0.1037     3.4247     1.6581          0      7.750  34.394442   995.6774      1.098      0.005  0.000e+00
      1.104    30.1786   0.023406     0.1036     3.4450     1.6489          0      8.000  34.394444   995.6776      1.098      0.006  0.000e+00
      1.104    30.1786   0.023391     0.1035     3.4423     1.6398          0      8.250  34.394447   995.6776      1.098      0.006  0.000e+00
      1.093    30.1773   0.023382     0.1035     3.4795     1.6489          0      8.500  34.394450   995.6779      1.087      0.001  0.000e+00
      1.093    30.1740   0.023385     0.1035     3.5043     1.6512          0      8.750  34.394453   995.6789      1.087     -0.005  0.000e+00
      1.093    30.1720   0.023373     0.1035     3.4998     1.6527          0      9.000  34.394456   995.6795      1.087     -0.007  0.000e+00
      1.082    30.1699   0.023352     0.1034     3.5133     1.6390          0      9.250  34.394459   995.6800      1.076     -0.015  0.000e+00
      1.082    30.1663   0.023358     0.1034     3.4721     1.6390          0      9.500  34.394462   995.6811      1.076     -0.015  0.000e+00
      1.093    30.1626   0.023364     0.1034     3.4660     1.6504          0      9.750  34.394465   995.6823      1.087     -0.010  0.000e+00
      1.115    30.1590   0.023373     0.1035     3.5063     1.6527          0     10.000  34.394468   995.6836      1.109     -0.001  0.000e+00
      1.104    30.1565   0.023391     0.1036     3.4634     1.6474          0     10.250  34.394470   995.6843      1.098      0.004  0.000e+00
      1.126    30.1557   0.023406     0.1036     3.4975     1.6359          0     10.500  34.394473   995.6847      1.119      0.014  0.000e+00
      1.136    30.1580   0.023439     0.1038     3.5005     1.6260          0     10.750  34.394476   995.6841      1.130      0.023  0.000e+00
      1.136    30.1610   0.023483     0.1039     3.4645     1.6298          0     11.000  34.394479   995.6834      1.130      0.029  0.000e+00
      1.158    30.1625   0.023549     0.1042     3.4639     1.6390          0     11.250  34.394482   995.6832      1.152      0.038  0.000e+00
      1.136    30.1630   0.023603     0.1044     3.5004     1.6489          0     11.500  34.394485   995.6831      1.130      0.032  0.000e+00
      1.158    30.1629   0.023648     0.1046     3.5342     1.6558          0     11.750  34.394488   995.6834      1.152      0.030  0.000e+00
      1.158    30.1636   0.023660     0.1047     3.5294     1.6550          0     12.000  34.394491   995.6833      1.152      0.025  0.000e+00
      1.169    30.1659   0.023669     0.1047     3.4632     1.6581          0     12.250  34.394494   995.6826      1.162      0.027  0.000e+00
      1.147    30.1684   0.023669     0.1047     3.3818     1.6573          0     12.500  34.394497   995.6818      1.141      0.015  0.000e+00
      1.180    30.1707   0.023666     0.1047     3.3090     1.6436          0     12.750  34.394499   995.6812      1.173      0.017  0.000e+00
      1.169    30.1718   0.023642     0.1046     3.2633     1.6466          0     13.000  34.394502   995.6807      1.163      0.015  0.000e+00
      1.169    30.1758   0.023630     0.1045     3.0835     1.6466          0     13.250  34.394505   995.6795      1.162      0.012  0.000e+00
      1.180    30.1807   0.023582     0.1043     2.9839     1.6390          0     13.500  34.394508   995.6779      1.173      0.016  0.000e+00
      1.191    30.1843   0.023561     0.1042     2.8986     1.6481          0     13.750  34.394511   995.6768      1.184      0.014  0.000e+00
      1.169    30.1854   0.023537     0.1041     2.8535     1.6459          0     14.000  34.394514   995.6763      1.163      0.011  0.000e+00
      1.180    30.1852   0.023522     0.1041     2.8536     1.6459          0     14.250  34.394517   995.6763      1.173      0.009  0.000e+00
      1.169    30.1836   0.023516     0.1040     2.7739     1.6443          0     14.500  34.394520   995.6767      1.163      0.007  0.000e+00
      1.180    30.1827   0.023492     0.1039     2.7231     1.6298          0     14.750  34.394523   995.6770      1.173      0.001  0.000e+00
      1.180    30.1830   0.023489     0.1039     2.7043     1.6298          0     15.000  34.394525   995.6769      1.173      0.003  0.000e+00
      1.191    30.1837   0.023477     0.1039     2.6694     1.6375          0     15.250  34.394528   995.6767      1.184      0.004  0.000e+00
      1.191    30.1849   0.023495     0.1040     2.6734     1.6390          0     15.500  34.394531   995.6764      1.184      0.004  0.000e+00
      1.191    30.1856   0.023504     0.1040     2.6096     1.6390          0     15.750  34.394534   995.6762      1.184      0.007  0.000e+00
      1.180    30.1864   0.023516     0.1040     2.5689     1.6428          0     16.000  34.394537   995.6759      1.173      0.009  0.000e+00
      1.180    30.1874   0.023528     0.1041     2.5551     1.6474          0     16.250  34.394540   995.6757      1.173      0.004  0.000e+00
      1.180    30.1874   0.023528     0.1041     2.5676     1.6481          0     16.500  34.394543   995.6757      1.173      0.003  0.000e+00
      1.180    30.1859   0.023516     0.1040     2.5352     1.6413          0     16.750  34.394546   995.6761      1.173     -0.002  0.000e+00
      1.169    30.1848   0.023510     0.1040     2.5413     1.6588          0     17.000  34.394549   995.6764      1.163     -0.007  0.000e+00
      1.169    30.1839   0.023516     0.1040     2.5417     1.6550          0     17.250  34.394552   995.6766      1.163     -0.011  0.000e+00
      1.169    30.1832   0.023504     0.1040     2.5226     1.6588          0     17.500  34.394554   995.6768      1.163     -0.012  0.000e+00
      1.169    30.1825   0.023516     0.1040     2.5080     1.6527          0     17.750  34.394557   995.6771      1.163     -0.010  0.000e+00
      1.180    30.1797   0.023531     0.1041     2.5128     1.6672          0     18.000  34.394560   995.6780      1.173     -0.004  0.000e+00
      1.191    30.1773   0.023564     0.1043     2.4776     1.6535          0     18.250  34.394563   995.6789      1.184      0.001  0.000e+00
      1.201    30.1757   0.023615     0.1045     2.4709     1.6550          0     18.500  34.394566   995.6796      1.195      0.009  0.000e+00
      1.191    30.1723   0.023648     0.1046     2.4702     1.6542          0     18.750  34.394569   995.6807      1.184      0.013  0.000e+00
      1.201    30.1678   0.023693     0.1048     2.4506     1.6573          0     19.000  34.394572   995.6822      1.195      0.019  0.000e+00
      1.191    30.1636   0.023720     0.1049     2.4315     1.6504          0     19.250  34.394575   995.6836      1.184      0.017  0.000e+00
      1.180    30.1599   0.023759     0.1051     2.4185     1.6573          0     19.500  34.394578   995.6848      1.173      0.010  0.000e+00
      1.158    30.1572   0.023795     0.1053     2.4101     1.6588          0     19.750  34.394580   995.6856      1.152     -0.003  0.000e+00
      1.169    30.1545   0.023813     0.1053     2.4326     1.6581          0     20.000  34.394583   995.6866      1.163     -0.012  0.000e+00
      1.169    30.1516   0.023840     0.1055     2.4346     1.6512          0     20.250  34.394586   995.6875      1.163     -0.018  0.000e+00
      1.169    30.1492   0.023867     0.1056     2.4368     1.6481          0     20.500  34.394589   995.6883      1.163     -0.019  0.000e+00
      1.158    30.1469   0.023932     0.1059     2.4045     1.6413          0     20.750  34.394592   995.6892      1.152     -0.019  0.000e+00
      1.158    30.1452   0.024010     0.1062     2.3940     1.6474          0     21.000  34.394595   995.6900      1.152     -0.019  0.000e+00
      1.147    30.1425   0.024067     0.1064     2.3997     1.6268          0     21.250  34.394598   995.6909      1.141     -0.016  0.000e+00
      1.169    30.1396   0.024091     0.1066     2.3735     1.6192          0     21.500  34.394601   995.6920      1.163     -0.007  0.000e+00
      1.180    30.1365   0.024148     0.1068     2.3598     1.6275          0     21.750  34.394604   995.6931      1.174      0.002  0.000e+00
      1.147    30.1347   0.024247     0.1072     2.3484     1.6268          0     22.000  34.394606   995.6939      1.141     -0.004  0.000e+00
      1.147    30.1327   0.024355     0.1077     2.3400     1.6565          0     22.250  34.394609   995.6948      1.141     -0.006  0.000e+00
      1.137    30.1297   0.024412     0.1079     2.3409     1.6619          0     22.500  34.394612   995.6959      1.130     -0.010  0.000e+00
      1.147    30.1256   0.024433     0.1080     2.3372     1.6588          0     22.750  34.394615   995.6972      1.141     -0.009  0.000e+00
      1.180    30.1210   0.024451     0.1081     2.3477     1.6604          0     23.000  34.394618   995.6988      1.173     -0.001  0.000e+00
      1.137    30.1157   0.024454     0.1081     2.3521     1.6604          0     23.250  34.394621   995.7003      1.130     -0.006  0.000e+00
      1.137    30.1122   0.024427     0.1080     2.3497     1.6550          0     23.500  34.394624   995.7013      1.130     -0.013  0.000e+00
      1.126    30.1110   0.024445     0.1081     2.3401     1.6504          0     23.750  34.394627   995.7016      1.120     -0.015  0.000e+00
      1.126    30.1111   0.024471     0.1082     2.3353     1.6573          0     24.000  34.394630   995.7017      1.120     -0.011  0.000e+00
      1.148    30.1112   0.024492     0.1083     2.3298     1.6596          0     24.250  34.394633   995.7018      1.141     -0.008  0.000e+00
      1.137    30.1105   0.024525     0.1084     2.3376     1.6230          0     24.500  34.394635   995.7021      1.131     -0.008  0.000e+00
      1.137    30.1091   0.024537     0.1085     2.3329     1.6375          0     24.750  34.394638   995.7025      1.131     -0.011  0.000e+00
      1.115    30.1085   0.024585     0.1087     2.3379     1.6405          0     25.000  34.394641   995.7028      1.109     -0.016  0.000e+00
      1.137    30.1084   0.024648     0.1090     2.3241     1.6298          0     25.250  34.394644   995.7031      1.131     -0.002  0.000e+00
      1.104    30.1080   0.024642     0.1089     2.3225     1.6428          0     25.500  34.394647   995.7031      1.098     -0.009  0.000e+00
      1.126    30.1066   0.024636     0.1089     2.3136     1.6413          0     25.750  34.394650   995.7036      1.120     -0.007  0.000e+00
      1.148    30.1040   0.024636     0.1089     2.3022     1.6420          0     26.000  34.394653   995.7044      1.141     -0.003  0.000e+00
      1.104    30.1008   0.024624     0.1089     2.2884     1.6489          0     26.250  34.394656   995.7052      1.098     -0.011  0.000e+00
      1.126    30.0985   0.024630     0.1089     2.2773     1.6604          0     26.500  34.394659   995.7060      1.120     -0.006  0.000e+00
      1.126    30.0971   0.024630     0.1089     2.2641     1.6512          0     26.750  34.394661   995.7064      1.120     -0.002  0.000e+00
      1.126    30.0961   0.024642     0.1090     2.2479     1.6527          0     27.000  34.394664   995.7068      1.120      0.002  0.000e+00
      1.104    30.0948   0.024651     0.1090     2.2394     1.6542          0     27.250  34.394667   995.7071      1.098     -0.006  0.000e+00
      1.094    30.0913   0.024735     0.1094     2.2176     1.6886          0     27.500  34.394670   995.7084      1.088     -0.009  0.000e+00
