content/post/ctd_rufiji/SBE19plus_01906740_2018_02_13_0921.cnv
* Sea-Bird SBE19plus  Data File:
* FileName = C:\Users\all user\Desktop\CTD tafiri 2018\SBE19plus_01906740_2018_02_13_0921.hex
* Software version 2.6.3.104
* Temperature SN = 6740
* Conductivity SN = 6740
* System UpLoad Time = Feb 13 2018 14:03:59
* <ApplicationData>
* <Seaterm232>
# nquan = 13
# nvalues = 338                                   
# units = specified
# name 0 = prdM: Pressure, Strain Gauge [db]
# name 1 = tv290C: Temperature [ITS-90, deg C]
# name 2 = c0S/m: Conductivity [S/m]
# name 3 = sal00: Salinity, Practical [PSU]
# name 4 = sbeox0ML/L: Oxygen, SBE 43 [ml/l]
# name 5 = flECO-AFL: Fluorescence, WET Labs ECO-AFL/FL [mg/m^3]
# name 6 = nbf: Bottles Fired
# name 7 = timeS: Time, Elapsed [seconds]
# name 8 = timeJ: Julian Days
# name 9 = density00: Density [density, kg/m^3]
# name 10 = depSM: Depth [salt water, m], lat = 0.00
# name 11 = dz/dtM: Descent Rate [m/s]
# name 12 = flag:  0.000e+00
# span 0 =      0.131,      2.769                 
# span 1 =    29.4132,    30.1887                 
# span 2 =   0.004202,   0.056993                 
# span 3 =     0.0262,     0.2498                 
# span 4 =     0.5247,     4.9606                 
# span 5 =    -0.0296,     2.3867                 
# span 6 =          0,          0                 
# span 7 =      0.000,     84.250                 
# span 8 =  34.399525,  34.400501                 
# span 9 =   995.6612,   995.9861                 
# span 10 =      0.130,      2.753                
# span 11 =     -0.387,      0.360                
# span 12 = 0.0000e+00, 0.0000e+00                
# interval = seconds: 0.25
# start_time = Feb 03 2018 09:35:19 [Instrument's time stamp, header]
# bad_flag = -9.990e-29
*END*
[from data line 223]
      1.807    29.9438   0.055829     0.2454     1.9521     1.9793          0     55.750  34.400171   995.8583      1.797      0.164  0.000e+00
      1.817    29.9326   0.055857     0.2456     1.9570     1.9846          0     56.000  34.400174   995.8618      1.807      0.142  0.000e+00
      1.872    29.9321   0.055881     0.2457     1.9563     2.0258          0     56.250  34.400177   995.8623      1.861      0.130  0.000e+00
      1.893    29.9369   0.055869     0.2456     1.9338     2.0189          0     56.500  34.400179   995.8609      1.883      0.122  0.000e+00
      1.915    29.9400   0.055875     0.2457     1.8668     2.0182          0     56.750  34.400182   995.8600      1.904      0.117  0.000e+00
      2.001    29.9414   0.055896     0.2457     1.8236     2.0128          0     57.000  34.400185   995.8601      1.990      0.129  0.000e+00
      2.077    29.9450   0.055902     0.2458     1.8166     2.0273          0     57.250  34.400188   995.8593      2.065      0.153  0.000e+00
      2.109    29.9505   0.055890     0.2457     1.7824     2.0052          0     57.500  34.400191   995.8578      2.098      0.174  0.000e+00
      2.131    29.9542   0.055884     0.2456     1.7742     2.0052          0     57.750  34.400194   995.8567      2.119      0.179  0.000e+00
      2.196    29.9555   0.055908     0.2457     1.8243     2.0037          0     58.000  34.400197   995.8567      2.184      0.192  0.000e+00
      2.271    29.9578   0.055926     0.2458     1.8084     2.0052          0     58.250  34.400200   995.8564      2.259      0.203  0.000e+00
      2.336    29.9650   0.055920     0.2457     1.7820     1.9938          0     58.500  34.400203   995.8544      2.324      0.219  0.000e+00
      2.369    29.9734   0.055914     0.2457     1.8492     2.0022          0     58.750  34.400205   995.8520      2.356      0.220  0.000e+00
      2.401    29.9809   0.055893     0.2455     1.9256     1.9922          0     59.000  34.400208   995.8498      2.388      0.205  0.000e+00
      2.477    29.9855   0.055896     0.2455     1.8971     1.9930          0     59.250  34.400211   995.8487      2.463      0.206  0.000e+00
      2.531    29.9894   0.055908     0.2456     1.8389     1.9579          0     59.500  34.400214   995.8478      2.517      0.215  0.000e+00
      2.542    30.0075   0.055896     0.2454     1.8205     1.9579          0     59.750  34.400217   995.8423      2.528      0.208  0.000e+00
      2.509    30.0337   0.055908     0.2454     1.8421     1.9610          0     60.000  34.400220   995.8342      2.496      0.171  0.000e+00
      2.553    30.0485   0.055908     0.2453     1.8247     1.9549          0     60.250  34.400223   995.8298      2.539      0.141  0.000e+00
      2.607    30.0593   0.055881     0.2451     1.7708     1.9022          0     60.500  34.400226   995.8267      2.592      0.128  0.000e+00
      2.639    30.0658   0.055875     0.2451     1.7398     1.9098          0     60.750  34.400229   995.8248      2.624      0.122  0.000e+00
      2.682    30.0679   0.055869     0.2450     1.7068     1.9060          0     61.000  34.400231   995.8243      2.667      0.118  0.000e+00
      2.693    30.0744   0.055817     0.2448     1.7228     1.9060          0     61.250  34.400234   995.8222      2.678      0.107  0.000e+00
      2.671    30.0763   0.055811     0.2447     1.7619     1.9091          0     61.500  34.400237   995.8215      2.657      0.097  0.000e+00
      2.682    30.0745   0.055741     0.2444     1.7509     1.9236          0     61.750  34.400240   995.8219      2.667      0.094  0.000e+00
      2.693    30.0641   0.055729     0.2444     1.7071     1.9236          0     62.000  34.400243   995.8251      2.678      0.087  0.000e+00
      2.693    30.0087   0.055702     0.2446     1.7388     1.9121          0     62.250  34.400246   995.8419      2.678      0.060  0.000e+00
      2.704    29.9561   0.055604     0.2444     1.7732     1.9281          0     62.500  34.400249   995.8577      2.689      0.037  0.000e+00
      2.704    29.8910   0.055623     0.2448     1.7924     2.0647          0     62.750  34.400252   995.8777      2.689      0.023  0.000e+00
      2.693    29.7913   0.055668     0.2454     1.8808     2.0662          0     63.000  34.400255   995.9081      2.678      0.010  0.000e+00
      2.704    29.7257   0.055735     0.2460     1.8728     2.0678          0     63.250  34.400258   995.9283      2.689      0.011  0.000e+00
      2.736    29.7359   0.055759     0.2461     1.9097     2.0723          0     63.500  34.400260   995.9254      2.721      0.022  0.000e+00
      2.758    29.8152   0.055702     0.2455     1.9380     2.0281          0     63.750  34.400263   995.9012      2.743      0.030  0.000e+00
      2.758    29.9121   0.055629     0.2447     2.2356     2.0334          0     64.000  34.400266   995.8715      2.743      0.035  0.000e+00
      2.769    29.9953   0.055610     0.2442     2.8479     2.0319          0     64.250  34.400269   995.8461      2.753      0.041  0.000e+00
      2.758    30.0573   0.055610     0.2439     3.0733     2.0395          0     64.500  34.400272   995.8271      2.743      0.040  0.000e+00
      2.769    30.1027   0.055638     0.2438     3.7422     1.9960          0     64.750  34.400275   995.8133      2.753      0.040  0.000e+00
      2.769    30.1338   0.055668     0.2438     2.6706     1.9922          0     65.000  34.400278   995.8038      2.753      0.037  0.000e+00
      2.747    30.1540   0.055668     0.2437     3.7332     1.9915          0     65.250  34.400281   995.7976      2.732      0.019  0.000e+00
      2.769    30.1663   0.055674     0.2437     3.6042     1.9938          0     65.500  34.400284   995.7939      2.753      0.008  0.000e+00
      2.736    30.1742   0.055708     0.2438     4.8926     2.0006          0     65.750  34.400286   995.7914      2.721     -0.006  0.000e+00
      2.758    30.1793   0.055790     0.2442     3.5637     2.0182          0     66.000  34.400289   995.7902      2.743     -0.006  0.000e+00
      2.758    30.1830   0.055811     0.2442     4.0097     2.0174          0     66.250  34.400292   995.7892      2.743     -0.007  0.000e+00
      2.747    30.1848   0.055708     0.2438     1.4336     2.0182          0     66.500  34.400295   995.7882      2.732     -0.007  0.000e+00
      2.715    30.1863   0.055656     0.2435     1.5885     2.0197          0     66.750  34.400298   995.7874      2.700     -0.018  0.000e+00
      2.682    30.1876   0.055622     0.2434     1.0447     1.9266          0     67.000  34.400301   995.7868      2.667     -0.031  0.000e+00
      2.606    30.1887   0.055604     0.2433     0.5931     1.9220          0     67.250  34.400304   995.7860      2.592     -0.058  0.000e+00
      2.574    30.1885   0.055598     0.2433     0.5247     1.9175          0     67.500  34.400307   995.7859      2.560     -0.091  0.000e+00
      2.574    30.1878   0.055592     0.2433     0.5347     1.9198          0     67.750  34.400310   995.7861      2.560     -0.104  0.000e+00
      2.542    30.1866   0.055580     0.2432     0.9986     1.9426          0     68.000  34.400312   995.7863      2.528     -0.125  0.000e+00
      2.617    30.1863   0.055586     0.2432     1.2214     1.9503          0     68.250  34.400315   995.7868      2.603     -0.105  0.000e+00
      2.650    30.1863   0.055577     0.2432     1.9667     1.9404          0     68.500  34.400318   995.7869      2.635     -0.066  0.000e+00
      2.650    30.1835   0.055547     0.2431     2.3662     1.9480          0     68.750  34.400321   995.7876      2.635     -0.025  0.000e+00
      2.617    30.1826   0.055565     0.2432     2.3830     1.9465          0     69.000  34.400324   995.7878      2.603      0.004  0.000e+00
      2.617    30.1833   0.055571     0.2432     1.9629     1.8732          0     69.250  34.400327   995.7876      2.603      0.029  0.000e+00
      2.585    30.1835   0.055559     0.2431     1.8874     1.8725          0     69.500  34.400330   995.7874      2.571      0.024  0.000e+00
      2.563    30.1823   0.055540     0.2431     1.8297     1.8778          0     69.750  34.400333   995.7876      2.549      0.004  0.000e+00
      2.628    30.1824   0.055528     0.2430     1.7895     1.8694          0     70.000  34.400336   995.7878      2.614      0.001  0.000e+00
      2.682    30.1824   0.055507     0.2429     1.8363     1.9030          0     70.250  34.400339   995.7880      2.667     -0.001  0.000e+00
      2.704    30.1799   0.055489     0.2428     1.8034     1.9159          0     70.500  34.400341   995.7888      2.689      0.019  0.000e+00
      2.671    30.1792   0.055477     0.2428     1.7867     1.9075          0     70.750  34.400344   995.7888      2.657      0.035  0.000e+00
      2.650    30.1805   0.055474     0.2428     1.8895     1.9060          0     71.000  34.400347   995.7883      2.635      0.043  0.000e+00
      2.639    30.1820   0.055461     0.2427     2.0084     1.9091          0     71.250  34.400350   995.7878      2.624      0.038  0.000e+00
      2.606    30.1819   0.055443     0.2426     1.9893     1.9091          0     71.500  34.400353   995.7876      2.592      0.023  0.000e+00
      2.574    30.1800   0.055431     0.2426     1.9317     1.8976          0     71.750  34.400356   995.7880      2.560     -0.011  0.000e+00
      2.541    30.1799   0.055437     0.2426     1.9859     1.9152          0     72.000  34.400359   995.7879      2.527     -0.060  0.000e+00
      2.520    30.1797   0.055449     0.2427     1.9655     1.8931          0     72.250  34.400362   995.7879      2.506     -0.092  0.000e+00
      2.509    30.1779   0.055443     0.2426     1.9661     1.8862          0     72.500  34.400365   995.7884      2.495     -0.101  0.000e+00
      2.487    30.1758   0.055455     0.2427     1.9383     1.8984          0     72.750  34.400367   995.7890      2.474     -0.097  0.000e+00
      2.477    30.1763   0.055449     0.2427     1.9329     1.9030          0     73.000  34.400370   995.7888      2.463     -0.093  0.000e+00
      2.466    30.1759   0.055431     0.2426     1.9252     1.9068          0     73.250  34.400373   995.7888      2.452     -0.086  0.000e+00
      2.379    30.1736   0.055437     0.2426     1.9195     1.9350          0     73.500  34.400376   995.7891      2.366     -0.093  0.000e+00
      2.336    30.1719   0.055425     0.2426     1.9176     1.9198          0     73.750  34.400379   995.7894      2.323     -0.105  0.000e+00
      2.260    30.1707   0.055425     0.2426     1.9138     1.9266          0     74.000  34.400382   995.7895      2.248     -0.130  0.000e+00
      2.196    30.1700   0.055425     0.2426     1.9103     1.9259          0     74.250  34.400385   995.7894      2.183     -0.163  0.000e+00
      2.077    30.1711   0.055425     0.2426     1.9176     1.9259          0     74.500  34.400388   995.7885      2.065     -0.211  0.000e+00
      1.958    30.1723   0.055404     0.2425     1.9145     1.9236          0     74.750  34.400391   995.7875      1.947     -0.265  0.000e+00
      1.893    30.1719   0.055385     0.2424     1.9073     1.9182          0     75.000  34.400394   995.7873      1.883     -0.307  0.000e+00
      1.828    30.1708   0.055422     0.2426     1.8987     1.9251          0     75.250  34.400396   995.7875      1.818     -0.330  0.000e+00
      1.720    30.1717   0.055437     0.2426     1.8811     1.9091          0     75.500  34.400399   995.7868      1.710     -0.342  0.000e+00
      1.601    30.1743   0.055455     0.2427     1.8745     1.9075          0     75.750  34.400402   995.7855      1.592     -0.365  0.000e+00
      1.547    30.1756   0.055443     0.2427     1.8709     1.9121          0     76.000  34.400405   995.7848      1.538     -0.365  0.000e+00
      1.460    30.1745   0.055449     0.2427     1.8603     1.9060          0     76.250  34.400408   995.7848      1.452     -0.361  0.000e+00
      1.342    30.1749   0.055449     0.2427     1.8497     1.9114          0     76.500  34.400411   995.7841      1.334     -0.357  0.000e+00
      1.244    30.1763   0.055437     0.2426     1.8449     1.9060          0     76.750  34.400414   995.7832      1.237     -0.361  0.000e+00
      1.158    30.1771   0.055425     0.2426     1.8576     1.8946          0     77.000  34.400417   995.7826      1.151     -0.373  0.000e+00
      1.028    30.1759   0.055410     0.2425     3.2177     1.9114          0     77.250  34.400420   995.7823      1.022     -0.387  0.000e+00
      0.952    30.1764   0.055398     0.2424     2.0185     1.9098          0     77.500  34.400422   995.7818      0.947     -0.386  0.000e+00
      0.887    30.1779   0.055373     0.2423     2.0639     1.9220          0     77.750  34.400425   995.7810      0.883     -0.379  0.000e+00
      0.823    30.1800   0.055370     0.2423     2.8372     1.9205          0     78.000  34.400428   995.7800      0.818     -0.374  0.000e+00
      0.725    30.1809   0.055358     0.2423     1.9618     1.9167          0     78.250  34.400431   995.7792      0.721     -0.361  0.000e+00
      0.671    30.1819   0.055352     0.2422     1.8250     1.9236          0     78.500  34.400434   995.7787      0.668     -0.337  0.000e+00
      0.650    30.1820   0.055352     0.2422     1.7369     1.8900          0     78.750  34.400437   995.7785      0.646     -0.305  0.000e+00
      0.682    30.1817   0.055346     0.2422     1.6334     1.9091          0     79.000  34.400440   995.7788      0.678     -0.251  0.000e+00
      0.693    30.1811   0.055340     0.2422     1.5508     1.8892          0     79.250  34.400443   995.7790      0.689     -0.185  0.000e+00
      0.693    30.1807   0.055328     0.2421     1.8094     1.8938          0     79.500  34.400446   995.7791      0.689     -0.132  0.000e+00
      0.714    30.1796   0.055319     0.2421     1.7619     1.9098          0     79.750  34.400448   995.7795      0.711     -0.076  0.000e+00
      0.693    30.1780   0.055319     0.2421     1.7589     1.9053          0     80.000  34.400451   995.7799      0.689     -0.031  0.000e+00
      0.682    30.1772   0.055313     0.2421     1.9676     1.9014          0     80.250  34.400454   995.7800      0.678      0.002  0.000e+00
      0.628    30.1773   0.055306     0.2420     1.8604     1.8984          0     80.500  34.400457   995.7797      0.625     -0.002  0.000e+00
      0.509    30.1756   0.055300     0.2420     1.8388     2.3806          0     80.750  34.400460   995.7797      0.506     -0.050  0.000e+00
      0.336    30.1659   0.055300     0.2421     1.7966     2.3798          0     81.000  34.400463   995.7819      0.334     -0.140  0.000e+00
      0.174    30.1505   0.055300     0.2421     1.8374     2.3859          0     81.250  34.400466   995.7859      0.173     -0.241  0.000e+00
      0.152    30.1248   0.055319     0.2423     1.7937     2.3867          0     81.500  34.400469   995.7938      0.152     -0.311  0.000e+00
      0.163    30.1018   0.013119     0.0610     2.0514     2.3859          0     81.750  34.400472   995.6648      0.162     -0.342  0.000e+00
      0.131    30.0838   0.010196     0.0493     3.7914    -0.0258          0     82.000  34.400475   995.6612      0.130     -0.339  0.000e+00
      0.152    30.0459   0.007752     0.0397     4.3032    -0.0258          0     82.250  34.400477   995.6656      0.151     -0.299  0.000e+00
      0.174    30.0017   0.005899     0.0325     4.9606    -0.0296          0     82.500  34.400480   995.6737      0.173     -0.221  0.000e+00
      0.152    29.9735   0.005724     0.0319     2.8659    -0.0242          0     82.750  34.400483   995.6816      0.151     -0.132  0.000e+00
      0.163    29.9599   0.004804     0.0284     1.9275    -0.0296          0     83.000  34.400486   995.6831      0.162     -0.048  0.000e+00
