content/post/ctd_rufiji/SBE19plus_01906740_2018_02_13_0932.cnv
* Sea-Bird SBE19plus  Data File:
* FileName = C:\Users\all user\Desktop\CTD tafiri 2018\SBE19plus_01906740_2018_02_13_0932.hex
* Software version 2.6.3.104
* Temperature SN = 6740
* Conductivity SN = 6740
* System UpLoad Time = Feb 13 2018 14:05:39
* <ApplicationData>
* <Seaterm232>
# nquan = 13
# nvalues = 280                                   
# units = specified
# name 0 = prdM: Pressure, Strain Gauge [db]
# name 1 = tv290C: Temperature [ITS-90, deg C]
# name 2 = c0S/m: Conductivity [S/m]
# name 3 = sal00: Salinity, Practical [PSU]
# name 4 = sbeox0ML/L: Oxygen, SBE 43 [ml/l]
# name 5 = flECO-AFL: Fluorescence, WET Labs ECO-AFL/FL [mg/m^3]
# name 6 = nbf: Bottles Fired
# name 7 = timeS: Time, Elapsed [seconds]
# name 8 = timeJ: Julian Days
# name 9 = density00: Density [density, kg/m^3]
# name 10 = depSM: Depth [salt water, m], lat = 0.00
# name 11 = dz/dtM: Descent Rate [m/s]
# name 12 = flag:  0.000e+00
# span 0 =      0.179,      4.006                 
# span 1 =    29.5047,    29.9763                 
# span 2 =   0.051003,   0.952204                 
# span 3 =     0.2251,     4.8550                 
# span 4 =     1.6712,     4.1462                 
# span 5 =    -0.0326,     2.3173                 
# span 6 =          0,          0                 
# span 7 =      0.000,     69.750                 
# span 8 =  34.432847,  34.433655                 
# span 9 =   995.9165,   999.4382                 
# span 10 =      0.178,      3.984                
# span 11 =     -0.495,      0.672                
# span 12 = 0.0000e+00, 0.0000e+00                
# interval = seconds: 0.25
# start_time = Feb 03 2018 10:23:18 [Instrument's time stamp, header]
# bad_flag = -9.990e-29
*END*
[from data line 223]
      3.239    29.5951   0.938477     4.7716     1.6810     2.1685          0     55.750  34.433492   999.3464      3.221     -0.142  0.000e+00
      3.195    29.5986   0.937466     4.7657     1.6907     2.1593          0     56.000  34.433495   999.3408      3.178     -0.141  0.000e+00
      3.185    29.6014   0.936770     4.7617     1.6821     2.1837          0     56.250  34.433498   999.3368      3.167     -0.138  0.000e+00
      3.152    29.6037   0.935388     4.7539     1.6943     2.1700          0     56.500  34.433501   999.3302      3.135     -0.140  0.000e+00
      3.109    29.6056   0.933478     4.7433     1.6801     2.1776          0     56.750  34.433504   999.3216      3.092     -0.148  0.000e+00
      3.120    29.6073   0.930949     4.7293     1.6732     2.1868          0     57.000  34.433507   999.3107      3.103     -0.135  0.000e+00
      3.109    29.6096   0.928882     4.7178     1.6875     2.1708          0     57.250  34.433510   999.3014      3.092     -0.116  0.000e+00
      3.077    29.6104   0.927450     4.7100     1.6834     2.1387          0     57.500  34.433513   999.2951      3.060     -0.096  0.000e+00
      3.022    29.6094   0.924247     4.6926     1.6801     2.1418          0     57.750  34.433516   999.2822      3.006     -0.094  0.000e+00
      2.979    29.6084   0.915965     4.6475     1.6712     2.1334          0     58.000  34.433519   999.2488      2.963     -0.100  0.000e+00
      2.947    29.6083   0.900115     4.5613     1.6761     2.1364          0     58.250  34.433521   999.1845      2.931     -0.112  0.000e+00
      2.969    29.6070   0.877797     4.4401     1.6819     2.1547          0     58.500  34.433524   999.0949      2.952     -0.106  0.000e+00
      3.001    29.6079   0.848986     4.2839     1.6922     2.1525          0     58.750  34.433527   998.9784      2.984     -0.087  0.000e+00
      3.012    29.6151   0.830599     4.1839     1.6975     2.1532          0     59.000  34.433530   998.9018      2.995     -0.070  0.000e+00
      2.990    29.6281   0.815435     4.1009     1.6981     2.1540          0     59.250  34.433533   998.8361      2.974     -0.048  0.000e+00
      2.947    29.6406   0.805629     4.0471     1.7033     2.1418          0     59.500  34.433536   998.7920      2.931     -0.033  0.000e+00
      2.882    29.6507   0.794927     3.9887     1.6977     2.1326          0     59.750  34.433539   998.7452      2.866     -0.035  0.000e+00
      2.860    29.6568   0.792674     3.9761     1.7131     2.1410          0     60.000  34.433542   998.7338      2.845     -0.048  0.000e+00
      2.763    29.6606   0.792756     3.9762     1.7236     2.1494          0     60.250  34.433545   998.7324      2.748     -0.091  0.000e+00
      2.612    29.6625   0.789965     3.9611     1.6977     2.1494          0     60.500  34.433547   998.7198      2.597     -0.170  0.000e+00
      2.493    29.6619   0.787766     3.9493     1.6929     2.1586          0     60.750  34.433550   998.7107      2.479     -0.252  0.000e+00
      2.385    29.6597   0.782630     3.9219     1.7108     2.1509          0     61.000  34.433553   998.6905      2.372     -0.319  0.000e+00
      2.298    29.6578   0.753613     3.7666     1.7293     2.1471          0     61.250  34.433556   998.5750      2.286     -0.365  0.000e+00
      2.158    29.6594   0.746095     3.7263     1.7330     2.1517          0     61.500  34.433559   998.5439      2.146     -0.409  0.000e+00
      2.039    29.6689   0.743444     3.7114     1.7521     2.1868          0     61.750  34.433562   998.5294      2.028     -0.443  0.000e+00
      1.920    29.6806   0.751253     3.7522     1.7573     2.1898          0     62.000  34.433565   998.5558      1.909     -0.469  0.000e+00
      1.758    29.6854   0.729636     3.6365     1.7674     2.1883          0     62.250  34.433568   998.4674      1.748     -0.482  0.000e+00
      1.617    29.6849   0.692582     3.4393     1.7848     2.1898          0     62.500  34.433571   998.3201      1.608     -0.492  0.000e+00
      1.541    29.6832   0.647621     3.2014     1.8086     2.1753          0     62.750  34.433573   998.1431      1.533     -0.495  0.000e+00
      1.455    29.6899   0.616817     3.0387     1.8073     2.1670          0     63.000  34.433576   998.0194      1.447     -0.490  0.000e+00
      1.368    29.7104   0.600197     2.9502     1.8012     2.1845          0     63.250  34.433579   997.9469      1.361     -0.475  0.000e+00
      1.314    29.7261   0.608273     2.9916     1.8285     2.1738          0     63.500  34.433582   997.9727      1.307     -0.435  0.000e+00
      1.163    29.7388   0.594683     2.9196     1.8278     2.0418          0     63.750  34.433585   997.9146      1.157     -0.417  0.000e+00
      1.022    29.7457   0.590292     2.8963     1.8171     2.0411          0     64.000  34.433588   997.8944      1.017     -0.410  0.000e+00
      0.914    29.7438   0.549999     2.6861     1.8239     2.0380          0     64.250  34.433591   997.7379      0.909     -0.404  0.000e+00
      0.860    29.7434   0.533651     2.6012     1.8370     2.0449          0     64.500  34.433594   997.6745      0.856     -0.399  0.000e+00
      0.839    29.7627   0.518673     2.5226     1.8382     2.0022          0     64.750  34.433597   997.6099      0.834     -0.386  0.000e+00
      0.828    29.7731   0.496649     2.4082     1.8443     2.0060          0     65.000  34.433600   997.5215      0.823     -0.350  0.000e+00
      0.817    29.7781   0.481467     2.3298     1.8622     2.0022          0     65.250  34.433602   997.4615      0.813     -0.298  0.000e+00
      0.774    29.7861   0.486339     2.3545     1.7827     2.0075          0     65.500  34.433605   997.4772      0.770     -0.244  0.000e+00
      0.687    29.7939   0.488402     2.3647     1.9321     1.9983          0     65.750  34.433608   997.4821      0.684     -0.192  0.000e+00
      0.612    29.7995   0.482517     2.3342     1.8771     1.9861          0     66.000  34.433611   997.4573      0.608     -0.168  0.000e+00
      0.471    29.8024   0.488085     2.3627     2.1018     1.9747          0     66.250  34.433614   997.4771      0.468     -0.192  0.000e+00
      0.331    29.8040   0.486264     2.3533     1.9845     1.9846          0     66.500  34.433617   997.4689      0.329     -0.252  0.000e+00
      0.212    29.8049   0.473882     2.2896     1.9859     1.9793          0     66.750  34.433620   997.4207      0.210     -0.324  0.000e+00
      0.190    29.8051   0.479273     2.3173     1.9496     0.0353          0     67.000  34.433623   997.4411      0.189     -0.365  0.000e+00
      0.212    29.8047   0.491332     2.3793     1.8861     0.0337          0     67.250  34.433626   997.4876      0.210     -0.360  0.000e+00
      0.179    29.8045   0.403705     1.9314     1.8655     0.0345          0     67.500  34.433628   997.1534      0.178     -0.327  0.000e+00
      0.201    29.8015   0.104344     0.4674     1.8519     0.0376          0     67.750  34.433631   996.0603      0.200     -0.260  0.000e+00
      0.179    29.7944   0.080037     0.3556     1.8627    -0.0212          0     68.000  34.433634   995.9786      0.178     -0.190  0.000e+00
      0.212    29.7783   0.077148     0.3425     1.8445    -0.0197          0     68.250  34.433637   995.9737      0.210     -0.102  0.000e+00
      0.179    29.7536   0.066208     0.2930     1.8958    -0.0326          0     68.500  34.433640   995.9439      0.178     -0.043  0.000e+00
      0.190    29.7304   0.063849     0.2825     1.9107    -0.0288          0     68.750  34.433643   995.9430      0.189     -0.008  0.000e+00
      0.201    29.7133   0.056857     0.2511     1.9386    -0.0326          0     69.000  34.433646   995.9247      0.200     -0.001  0.000e+00
      0.179    29.6967   0.064730     0.2866     1.9977    -0.0311          0     69.250  34.433649   995.9562      0.178     -0.006  0.000e+00
      0.190    29.6752   0.051003     0.2251     2.0367    -0.0273          0     69.500  34.433652   995.9165      0.189      0.000  0.000e+00
      0.201    29.6476   0.054480     0.2408     2.0872    -0.0311          0     69.750  34.433655   995.9366      0.200     -0.001  0.000e+00
