content/post/ctd_rufiji/SBE19plus_01906740_2018_02_13_0911.cnv
* Sea-Bird SBE19plus  Data File:
* FileName = C:\Users\all user\Desktop\CTD tafiri 2018\SBE19plus_01906740_2018_02_13_0911.hex
* Software version 2.6.3.104
* Temperature SN = 6740
* Conductivity SN = 6740
* System UpLoad Time = Feb 13 2018 14:02:24
* <ApplicationData>
* <Seaterm232>
# nquan = 13
# nvalues = 368                                   
# units = specified
# name 0 = prdM: Pressure, Strain Gauge [db]
# name 1 = tv290C: Temperature [ITS-90, deg C]
# name 2 = c0S/m: Conductivity [S/m]
# name 3 = sal00: Salinity, Practical [PSU]
# name 4 = sbeox0ML/L: Oxygen, SBE 43 [ml/l]
# name 5 = flECO-AFL: Fluorescence, WET Labs ECO-AFL/FL [mg/m^3]
# name 6 = nbf: Bottles Fired
# name 7 = timeS: Time, Elapsed [seconds]
# name 8 = timeJ: Julian Days
# name 9 = density00: Density [density, kg/m^3]
# name 10 = depSM: Depth [salt water, m], lat = 0.00
# name 11 = dz/dtM: Descent Rate [m/s]
# name 12 = flag:  0.000e+00
# span 0 =      0.114,      5.141                 
# span 1 =    29.1128,    30.3168                 
# span 2 =   0.000566,   0.019485                 
# span 3 =     0.0140,     0.0871                 
# span 4 =     0.1948,    11.4461                 
# span 5 =    -0.0784,     2.0990                 
# span 6 =          0,          0                 
# span 7 =      0.000,     91.750                 
# span 8 =  34.277512,  34.278573                 
# span 9 =   995.5886,   995.9251                 
# span 10 =      0.114,      5.113                
# span 11 =     -0.657,      0.319                
# span 12 = 0.0000e+00, 0.0000e+00                
# interval = seconds: 0.25
# start_time = Feb 03 2018 06:39:37 [Instrument's time stamp, header]
# bad_flag = -9.990e-29
*END*
      0.135    29.2335   0.000963     0.0150     3.6960    -0.0777          0      0.000  34.277512   995.8897      0.134 -1.053e-16  0.000e+00
      0.135    29.2256   0.000877     0.0148     3.7292    -0.0784          0      0.250  34.277514   995.8919      0.134     -0.000  0.000e+00
      0.135    29.2087   0.000850     0.0147     3.7093    -0.0784          0      0.500  34.277517   995.8968      0.134     -0.000  0.000e+00
      0.146    29.1897   0.000823     0.0146     3.6785    -0.0708          0      0.750  34.277520   995.9024      0.145      0.003  0.000e+00
      0.156    29.1740   0.000773     0.0145     3.6563    -0.0571          0      1.000  34.277523   995.9070      0.156      0.008  0.000e+00
      0.135    29.1632   0.000744     0.0144     3.6673    -0.0540          0      1.250  34.277526   995.9100      0.134      0.006  0.000e+00
      0.146    29.1523   0.000738     0.0144     3.6072    -0.0509          0      1.500  34.277529   995.9132      0.145      0.007  0.000e+00
      0.156    29.1347   0.000708     0.0143     3.5971    -0.0532          0      1.750  34.277532   995.9184      0.156      0.009  0.000e+00
      0.178    29.1227   0.000696     0.0143     3.5942    -0.0700          0      2.000  34.277535   995.9220      0.177      0.017  0.000e+00
      0.221    29.1177   0.000684     0.0142     3.5898    -0.0632          0      2.250  34.277538   995.9237      0.220      0.033  0.000e+00
      0.243    29.1128   0.000652     0.0141     3.6170    -0.0693          0      2.500  34.277541   995.9251      0.242      0.048  0.000e+00
      0.297    29.1158   0.000637     0.0141     3.6978    -0.0700          0      2.750  34.277543   995.9245      0.295      0.071  0.000e+00
      0.351    29.2814   0.000566     0.0140     3.7152    -0.0395          0      3.000  34.277546   995.8758      0.349      0.102  0.000e+00
      0.384    29.5475   0.000569     0.0141     3.6649    -0.0403          0      3.250  34.277549   995.7970      0.381      0.130  0.000e+00
      0.405    29.7501   0.000584     0.0141     3.6737    -0.0357          0      3.500  34.277552   995.7366      0.403      0.143  0.000e+00
      0.459    29.8437   0.004433     0.0270     3.7412    -0.0387          0      3.750  34.277555   995.7184      0.457      0.155  0.000e+00
      0.557    29.9084   0.006825     0.0361     3.6750    -0.0418          0      4.000  34.277558   995.7062      0.554      0.176  0.000e+00
      0.632    29.9654   0.013697     0.0635     3.7989     0.9829          0      4.250  34.277561   995.7100      0.629      0.198  0.000e+00
      0.665    30.0103   0.019345     0.0868     3.7380     0.9867          0      4.500  34.277564   995.7140      0.661      0.212  0.000e+00
      0.686    30.0555   0.019330     0.0867     3.6457     0.9836          0      4.750  34.277567   995.7004      0.683      0.210  0.000e+00
      0.719    30.0883   0.019285     0.0865     3.6230     0.9882          0      5.000  34.277569   995.6904      0.715      0.205  0.000e+00
      0.719    30.1102   0.019264     0.0863     3.6227     1.5139          0      5.250  34.277572   995.6837      0.715      0.190  0.000e+00
      0.741    30.1236   0.019246     0.0862     3.6735     1.5100          0      5.500  34.277575   995.6797      0.736      0.167  0.000e+00
      0.740    30.1268   0.019291     0.0864     3.7347     1.5100          0      5.750  34.277578   995.6788      0.736      0.127  0.000e+00
      0.751    30.1322   0.019357     0.0867     3.7042     1.5116          0      6.000  34.277581   995.6775      0.747      0.086  0.000e+00
      0.784    30.1436   0.019371     0.0867     3.7316     1.4978          0      6.250  34.277584   995.6742      0.779      0.066  0.000e+00
      0.827    30.1634   0.019345     0.0866     3.8146     1.4994          0      6.500  34.277587   995.6683      0.822      0.068  0.000e+00
      0.859    30.1828   0.019348     0.0866     3.8643     1.4971          0      6.750  34.277590   995.6625      0.855      0.077  0.000e+00
      0.870    30.1944   0.019327     0.0865     3.8510     1.4986          0      7.000  34.277593   995.6590      0.865      0.083  0.000e+00
      0.903    30.2030   0.019366     0.0866     3.8647     1.5528          0      7.250  34.277595   995.6566      0.898      0.096  0.000e+00
      0.935    30.2089   0.019371     0.0866     3.8730     1.5474          0      7.500  34.277598   995.6550      0.930      0.105  0.000e+00
      0.957    30.2150   0.019377     0.0867     3.8706     1.5551          0      7.750  34.277601   995.6532      0.951      0.113  0.000e+00
      0.978    30.2222   0.019389     0.0867     3.8651     1.5543          0      8.000  34.277604   995.6512      0.973      0.112  0.000e+00
      0.967    30.2299   0.019416     0.0868     3.8381     1.5467          0      8.250  34.277607   995.6488      0.962      0.097  0.000e+00
      0.978    30.2361   0.019413     0.0868     3.7712     1.5238          0      8.500  34.277610   995.6470      0.973      0.080  0.000e+00
      1.011    30.2403   0.019389     0.0867     3.7409     1.5245          0      8.750  34.277613   995.6458      1.005      0.073  0.000e+00
      1.000    30.2426   0.019392     0.0867     3.7386     1.5230          0      9.000  34.277616   995.6450      0.994      0.063  0.000e+00
      0.989    30.2430   0.019389     0.0867     3.7180     1.5245          0      9.250  34.277619   995.6448      0.984      0.043  0.000e+00
      1.011    30.2424   0.019360     0.0866     3.6874     1.5093          0      9.500  34.277622   995.6450      1.005      0.032  0.000e+00
      1.011    30.2399   0.019366     0.0866     3.6794     1.5116          0      9.750  34.277624   995.6458      1.005      0.025  0.000e+00
      1.011    30.2382   0.019377     0.0866     3.7007     1.5139          0     10.000  34.277627   995.6464      1.005      0.020  0.000e+00
      1.000    30.2383   0.019383     0.0867     3.7327     1.5108          0     10.250  34.277630   995.6463      0.994      0.016  0.000e+00
      1.022    30.2384   0.019383     0.0867     3.7410     1.5230          0     10.500  34.277633   995.6464      1.016      0.012  0.000e+00
      1.011    30.2380   0.019383     0.0867     3.7946     1.5215          0     10.750  34.277636   995.6465      1.005      0.006  0.000e+00
      1.000    30.2379   0.019392     0.0867     3.8003     1.5284          0     11.000  34.277639   995.6465      0.995      0.005  0.000e+00
      1.011    30.2379   0.019398     0.0867     3.8180     1.5169          0     11.250  34.277642   995.6465      1.005      0.004  0.000e+00
      1.022    30.2388   0.019395     0.0867     3.8126     1.5093          0     11.500  34.277645   995.6463      1.016      0.002  0.000e+00
      1.000    30.2408   0.019392     0.0867     3.8098     1.5085          0     11.750  34.277648   995.6456      0.995     -0.001  0.000e+00
      1.011    30.2433   0.019389     0.0867     3.8165     1.5116          0     12.000  34.277650   995.6448      1.005      0.000  0.000e+00
      1.000    30.2455   0.019377     0.0866     3.8311     1.5093          0     12.250  34.277653   995.6441      0.994     -0.002  0.000e+00
      1.022    30.2463   0.019366     0.0866     3.8375     1.5139          0     12.500  34.277656   995.6439      1.016     -0.001  0.000e+00
      1.000    30.2448   0.019333     0.0864     3.8296     1.4978          0     12.750  34.277659   995.6442      0.994     -0.001  0.000e+00
      1.022    30.2431   0.019324     0.0864     3.8294     1.5024          0     13.000  34.277662   995.6448      1.016      0.004  0.000e+00
      1.011    30.2425   0.019297     0.0863     3.8235     1.4940          0     13.250  34.277665   995.6448      1.005      0.001  0.000e+00
      1.022    30.2423   0.019297     0.0863     3.8406     1.4978          0     13.500  34.277668   995.6449      1.016      0.004  0.000e+00
      1.032    30.2415   0.019318     0.0864     3.8418     1.5245          0     13.750  34.277671   995.6453      1.027      0.012  0.000e+00
      1.011    30.2396   0.019333     0.0864     3.8369     1.5200          0     14.000  34.277674   995.6458      1.005      0.007  0.000e+00
      1.022    30.2387   0.019351     0.0865     3.8478     1.5230          0     14.250  34.277677   995.6462      1.016      0.008  0.000e+00
      1.022    30.2395   0.019371     0.0866     3.8937     1.5276          0     14.500  34.277679   995.6460      1.016      0.004  0.000e+00
      1.032    30.2404   0.019389     0.0867     3.8729     1.5047          0     14.750  34.277682   995.6458      1.027      0.009  0.000e+00
      1.011    30.2382   0.019410     0.0868     3.7655     1.5001          0     15.000  34.277685   995.6465      1.005      0.001  0.000e+00
      0.989    30.2354   0.019437     0.0869     3.6764     1.4971          0     15.250  34.277688   995.6473      0.984     -0.007  0.000e+00
      1.011    30.2346   0.019452     0.0869     3.5745     1.5078          0     15.500  34.277691   995.6477      1.005     -0.011  0.000e+00
      1.022    30.2348   0.019464     0.0870     3.4790     1.5078          0     15.750  34.277694   995.6477      1.016     -0.008  0.000e+00
      1.000    30.2353   0.019485     0.0871     3.4095     1.5085          0     16.000  34.277697   995.6476      0.994     -0.007  0.000e+00
      1.011    30.2359   0.019485     0.0871     3.3093     1.5070          0     16.250  34.277700   995.6474      1.005     -0.009  0.000e+00
      1.022    30.2363   0.019482     0.0871     3.2473     1.5131          0     16.500  34.277703   995.6473      1.016     -0.004  0.000e+00
      1.000    30.2372   0.019464     0.0870     3.2102     1.5100          0     16.750  34.277705   995.6469      0.994     -0.004  0.000e+00
      1.011    30.2384   0.019458     0.0870     3.1708     1.5200          0     17.000  34.277708   995.6466      1.005      0.003  0.000e+00
      1.011    30.2387   0.019452     0.0869     3.1414     1.5284          0     17.250  34.277711   995.6464      1.005      0.004  0.000e+00
      1.011    30.2388   0.019452     0.0869     3.1094     1.5169          0     17.500  34.277714   995.6464      1.005     -0.001  0.000e+00
      1.011    30.2390   0.019443     0.0869     3.0688     1.5200          0     17.750  34.277717   995.6463      1.005     -0.001  0.000e+00
      1.011    30.2391   0.019449     0.0869     3.0381     1.5268          0     18.000  34.277720   995.6463      1.005      0.002  0.000e+00
      1.021    30.2390   0.019443     0.0869     2.9876     1.5207          0     18.250  34.277723   995.6464      1.016      0.002  0.000e+00
      1.000    30.2396   0.019434     0.0869     2.9418     1.5261          0     18.500  34.277726   995.6461      0.994     -0.001  0.000e+00
      1.011    30.2402   0.019437     0.0869     2.8938     1.5253          0     18.750  34.277729   995.6460      1.005      0.002  0.000e+00
      1.011    30.2408   0.019425     0.0868     2.8309     1.4948          0     19.000  34.277731   995.6457      1.005     -0.001  0.000e+00
      1.011    30.2419   0.019419     0.0868     2.7676     1.4986          0     19.250  34.277734   995.6454      1.005     -0.001  0.000e+00
      1.022    30.2441   0.019413     0.0868     2.7280     1.5047          0     19.500  34.277737   995.6447      1.016      0.002  0.000e+00
      1.022    30.2469   0.019404     0.0867     2.7099     1.4956          0     19.750  34.277740   995.6439      1.016      0.004  0.000e+00
      1.000    30.2493   0.019383     0.0866     2.7044     1.4986          0     20.000  34.277743   995.6430      0.995      0.000  0.000e+00
      1.022    30.2519   0.019351     0.0865     2.7113     1.5245          0     20.250  34.277746   995.6422      1.016      0.002  0.000e+00
      1.011    30.2547   0.019324     0.0864     2.6902     1.5184          0     20.500  34.277749   995.6412      1.005      0.005  0.000e+00
      1.011    30.2579   0.019306     0.0863     2.6905     1.5245          0     20.750  34.277752   995.6401      1.005      0.000  0.000e+00
      1.033    30.2609   0.019285     0.0862     2.6937     1.5345          0     21.000  34.277755   995.6392      1.027      0.004  0.000e+00
      1.022    30.2638   0.019273     0.0862     2.6844     1.4940          0     21.250  34.277758   995.6383      1.016      0.004  0.000e+00
      1.011    30.2658   0.019267     0.0861     2.6761     1.4986          0     21.500  34.277760   995.6376      1.006      0.001  0.000e+00
      1.022    30.2676   0.019252     0.0861     2.6670     1.5009          0     21.750  34.277763   995.6371      1.016      0.004  0.000e+00
      1.011    30.2690   0.019240     0.0860     2.6538     1.5032          0     22.000  34.277766   995.6366      1.006      0.004  0.000e+00
      1.033    30.2704   0.019246     0.0860     2.6600     1.5360          0     22.250  34.277769   995.6362      1.027      0.003  0.000e+00
      1.033    30.2718   0.019243     0.0860     2.6479     1.5375          0     22.500  34.277772   995.6358      1.027      0.007  0.000e+00
      1.011    30.2733   0.019231     0.0860     2.6341     1.5368          0     22.750  34.277775   995.6352      1.005      0.001  0.000e+00
      1.022    30.2750   0.019225     0.0859     2.6374     1.5390          0     23.000  34.277778   995.6347      1.016     -0.001  0.000e+00
      1.022    30.2758   0.019213     0.0859     2.6184     1.5184          0     23.250  34.277781   995.6344      1.016      0.002  0.000e+00
      1.011    30.2763   0.019198     0.0858     2.6130     1.5200          0     23.500  34.277784   995.6342      1.005     -0.000  0.000e+00
      1.022    30.2758   0.019198     0.0858     2.6047     1.5253          0     23.750  34.277786   995.6344      1.016     -0.002  0.000e+00
      1.043    30.2749   0.019186     0.0858     2.6178     1.5284          0     24.000  34.277789   995.6347      1.038      0.004  0.000e+00
      1.022    30.2743   0.019180     0.0858     2.5835     1.5245          0     24.250  34.277792   995.6348      1.016     -0.000  0.000e+00
      1.032    30.2738   0.019180     0.0858     2.5735     1.5100          0     24.500  34.277795   995.6350      1.027      0.005  0.000e+00
      1.032    30.2737   0.019171     0.0857     2.5826     1.5100          0     24.750  34.277798   995.6350      1.027      0.010  0.000e+00
      1.032    30.2742   0.019171     0.0857     2.5470     1.5146          0     25.000  34.277801   995.6348      1.027      0.008  0.000e+00
      1.032    30.2748   0.019168     0.0857     2.5443     1.5085          0     25.250  34.277804   995.6346      1.027      0.008  0.000e+00
      1.022    30.2755   0.019174     0.0857     2.5323     1.5505          0     25.500  34.277807   995.6344      1.016      0.004  0.000e+00
      1.011    30.2761   0.019174     0.0857     2.5344     1.5429          0     25.750  34.277810   995.6342      1.005     -0.006  0.000e+00
      1.011    30.2765   0.019165     0.0857     2.5249     1.5528          0     26.000  34.277813   995.6340      1.005     -0.012  0.000e+00
      1.021    30.2770   0.019162     0.0857     2.5412     1.5429          0     26.250  34.277815   995.6339      1.016     -0.008  0.000e+00
      1.022    30.2780   0.019159     0.0857     2.5327     1.5070          0     26.500  34.277818   995.6336      1.016     -0.009  0.000e+00
      1.022    30.2788   0.019153     0.0856     2.5383     1.5085          0     26.750  34.277821   995.6333      1.016     -0.007  0.000e+00
      1.022    30.2793   0.019153     0.0856     2.5179     1.5116          0     27.000  34.277824   995.6332      1.016     -0.004  0.000e+00
      1.032    30.2790   0.019156     0.0857     2.5115     1.5154          0     27.250  34.277827   995.6333      1.027      0.002  0.000e+00
      1.043    30.2785   0.019147     0.0856     2.5040     1.5696          0     27.500  34.277830   995.6335      1.037      0.012  0.000e+00
