content/post/ctd_rufiji/SBE19plus_01906740_2018_02_13_0923.cnv
* Sea-Bird SBE19plus  Data File:
* FileName = C:\Users\all user\Desktop\CTD tafiri 2018\SBE19plus_01906740_2018_02_13_0923.hex
* Software version 2.6.3.104
* Temperature SN = 6740
* Conductivity SN = 6740
* System UpLoad Time = Feb 13 2018 14:04:17
* <ApplicationData>
* <Seaterm232>
# nquan = 13
# nvalues = 255                                   
# units = specified
# name 0 = prdM: Pressure, Strain Gauge [db]
# name 1 = tv290C: Temperature [ITS-90, deg C]
# name 2 = c0S/m: Conductivity [S/m]
# name 3 = sal00: Salinity, Practical [PSU]
# name 4 = sbeox0ML/L: Oxygen, SBE 43 [ml/l]
# name 5 = flECO-AFL: Fluorescence, WET Labs ECO-AFL/FL [mg/m^3]
# name 6 = nbf: Bottles Fired
# name 7 = timeS: Time, Elapsed [seconds]
# name 8 = timeJ: Julian Days
# name 9 = density00: Density [density, kg/m^3]
# name 10 = depSM: Depth [salt water, m], lat = 0.00
# name 11 = dz/dtM: Descent Rate [m/s]
# name 12 = flag:  0.000e+00
# span 0 =      0.136,      1.066                 
# span 1 =    29.7692,    30.2529                 
# span 2 =   0.005958,   0.054249                 
# span 3 =     0.0327,     0.2370                 
# span 4 =     0.6167,     8.0411                 
# span 5 =    -0.0288,     2.0617                 
# span 6 =          0,          0                 
# span 7 =      0.000,     63.500                 
# span 8 =  34.405741,  34.406476                 
# span 9 =   995.6423,   995.8714                 
# span 10 =      0.136,      1.060                
# span 11 =     -0.358,      0.200                
# span 12 = 0.0000e+00, 0.0000e+00                
# interval = seconds: 0.25
# start_time = Feb 03 2018 09:44:16 [Instrument's time stamp, header]
# bad_flag = -9.990e-29
*END*
      0.535    29.7692   0.024286     0.1080     3.3910     1.2362          0      0.000  34.405741   995.8020      0.532      0.000  0.000e+00
      0.600    29.8446   0.024888     0.1105     3.4546     1.2278          0      0.250  34.405744   995.7815      0.597      0.017  0.000e+00
      0.665    29.9025   0.037289     0.1638     4.7169     1.2308          0      0.500  34.405747   995.8044      0.661      0.048  0.000e+00
      0.719    29.9487   0.027993     0.1235     3.7403     1.2300          0      0.750  34.405749   995.7604      0.715      0.084  0.000e+00
      0.773    29.9789   0.044714     0.1961     4.7133     2.0273          0      1.000  34.405752   995.8060      0.769      0.122  0.000e+00
      0.838    30.0046   0.047948     0.2102     4.4063     2.0273          0      1.250  34.405755   995.8091      0.833      0.161  0.000e+00
      0.881    30.0231   0.047652     0.2088     4.6797     2.0350          0      1.500  34.405758   995.8027      0.876      0.192  0.000e+00
      0.881    30.0411   0.041659     0.1825     4.2591     2.0327          0      1.750  34.405761   995.7775      0.876      0.200  0.000e+00
      0.849    30.0464   0.024031     0.1065     3.6631     1.9617          0      2.000  34.405764   995.7187      0.844      0.177  0.000e+00
      0.827    30.0081   0.022924     0.1018     3.4898     1.9686          0      2.250  34.405767   995.7267      0.823      0.126  0.000e+00
      0.849    29.9677   0.035500     0.1558     3.6157     1.9556          0      2.500  34.405770   995.7796      0.844      0.084  0.000e+00
      0.849    29.9301   0.049020     0.2153     4.1072     1.9579          0      2.750  34.405773   995.8355      0.844      0.046  0.000e+00
      0.849    29.9132   0.049608     0.2179     4.5008     1.9648          0      3.000  34.405775   995.8426      0.844      0.014  0.000e+00
      0.838    29.9418   0.050272     0.2208     4.8048     1.9518          0      3.250  34.405778   995.8360      0.833     -0.011  0.000e+00
      0.860    29.9969   0.051821     0.2274     3.6327     1.9549          0      3.500  34.405781   995.8244      0.855     -0.013  0.000e+00
      0.849    30.0566   0.052786     0.2314     3.5478     1.9549          0      3.750  34.405784   995.8094      0.844     -0.005  0.000e+00
      0.849    30.1222   0.053172     0.2328     3.4391     1.9495          0      4.000  34.405787   995.7906      0.844      0.005  0.000e+00
      0.871    30.1721   0.053418     0.2337     3.2420     1.9304          0      4.250  34.405790   995.7761      0.866      0.012  0.000e+00
      0.849    30.2058   0.053536     0.2341     3.0968     1.9327          0      4.500  34.405793   995.7661      0.844      0.005  0.000e+00
      0.871    30.2257   0.053536     0.2340     3.0575     1.9289          0      4.750  34.405796   995.7601      0.866      0.009  0.000e+00
      0.849    30.2344   0.053405     0.2334     3.1270     1.9289          0      5.000  34.405799   995.7569      0.844      0.007  0.000e+00
      0.871    30.2364   0.053296     0.2329     3.3540     1.9495          0      5.250  34.405802   995.7560      0.866      0.009  0.000e+00
      0.882    30.2372   0.053284     0.2328     3.6722     1.9426          0      5.500  34.405804   995.7557      0.877      0.010  0.000e+00
      0.892    30.2373   0.053232     0.2326     3.7070     1.9533          0      5.750  34.405807   995.7556      0.888      0.018  0.000e+00
      0.871    30.2371   0.053135     0.2322     3.7251     1.9487          0      6.000  34.405810   995.7552      0.866      0.015  0.000e+00
      0.892    30.2351   0.053193     0.2324     3.7335     1.9320          0      6.250  34.405813   995.7561      0.888      0.015  0.000e+00
      0.871    30.2304   0.053278     0.2328     3.7354     1.9236          0      6.500  34.405816   995.7578      0.866      0.015  0.000e+00
      0.871    30.2246   0.053342     0.2331     3.7454     1.9190          0      6.750  34.405819   995.7598      0.866      0.007  0.000e+00
      0.892    30.2203   0.053463     0.2337     3.7469     1.9304          0      7.000  34.405822   995.7616      0.888      0.010  0.000e+00
      0.903    30.2168   0.053478     0.2338     3.7516     1.9137          0      7.250  34.405825   995.7628      0.898      0.008  0.000e+00
      0.882    30.2169   0.053524     0.2340     3.7457     1.9213          0      7.500  34.405828   995.7628      0.877      0.004  0.000e+00
      0.882    30.2213   0.053569     0.2342     3.7489     1.9251          0      7.750  34.405830   995.7616      0.877      0.002  0.000e+00
      0.882    30.2258   0.053612     0.2343     3.7482     1.9251          0      8.000  34.405833   995.7603      0.877      0.004  0.000e+00
      0.892    30.2290   0.053645     0.2345     3.7610     1.9228          0      8.250  34.405836   995.7595      0.888      0.003  0.000e+00
      0.903    30.2299   0.053612     0.2343     3.7582     1.9571          0      8.500  34.405839   995.7592      0.898      0.010  0.000e+00
      0.903    30.2304   0.053627     0.2344     3.7528     1.9579          0      8.750  34.405842   995.7591      0.898      0.009  0.000e+00
      0.903    30.2354   0.053645     0.2344     3.7112     1.9541          0      9.000  34.405845   995.7576      0.898      0.006  0.000e+00
      0.871    30.2392   0.053657     0.2345     3.6343     1.9556          0      9.250  34.405848   995.7563      0.866     -0.000  0.000e+00
      0.871    30.2401   0.053679     0.2346     3.5322     1.9533          0      9.500  34.405851   995.7561      0.866     -0.001  0.000e+00
      0.882    30.2412   0.053703     0.2347     3.4155     1.9632          0      9.750  34.405854   995.7559      0.877     -0.005  0.000e+00
      0.892    30.2411   0.053736     0.2348     3.2784     1.9541          0     10.000  34.405856   995.7561      0.888     -0.006  0.000e+00
      0.914    30.2385   0.053736     0.2348     3.1469     1.9594          0     10.250  34.405859   995.7570      0.909     -0.001  0.000e+00
      0.882    30.2363   0.053742     0.2349     3.0256     1.9503          0     10.500  34.405862   995.7576      0.877     -0.004  0.000e+00
      0.871    30.2382   0.053754     0.2349     2.9256     1.9434          0     10.750  34.405865   995.7570      0.866     -0.006  0.000e+00
      0.860    30.2407   0.053718     0.2347     2.8500     1.9495          0     11.000  34.405868   995.7560      0.855     -0.008  0.000e+00
      0.860    30.2417   0.053594     0.2342     2.7901     1.9449          0     11.250  34.405871   995.7553      0.855     -0.007  0.000e+00
      0.892    30.2426   0.053600     0.2342     2.7308     1.9419          0     11.500  34.405874   995.7552      0.888     -0.006  0.000e+00
      0.893    30.2429   0.053645     0.2344     2.6781     1.9404          0     11.750  34.405877   995.7552      0.888     -0.006  0.000e+00
      0.903    30.2422   0.053627     0.2343     2.6314     1.9549          0     12.000  34.405880   995.7555      0.898     -0.001  0.000e+00
      0.882    30.2410   0.053594     0.2342     2.5952     1.9457          0     12.250  34.405883   995.7556      0.877      0.001  0.000e+00
      0.914    30.2384   0.053575     0.2341     2.5584     1.9480          0     12.500  34.405885   995.7565      0.909      0.019  0.000e+00
      0.903    30.2359   0.053569     0.2341     2.5247     1.9594          0     12.750  34.405888   995.7572      0.898      0.023  0.000e+00
      0.914    30.2343   0.053612     0.2343     2.4905     1.9579          0     13.000  34.405891   995.7579      0.909      0.025  0.000e+00
      0.893    30.2355   0.053627     0.2343     2.4640     1.9632          0     13.250  34.405894   995.7575      0.888      0.015  0.000e+00
      0.914    30.2372   0.053627     0.2343     2.4426     1.9518          0     13.500  34.405897   995.7570      0.909      0.009  0.000e+00
      0.904    30.2369   0.053600     0.2342     2.4107     1.9434          0     13.750  34.405900   995.7570      0.899      0.007  0.000e+00
      0.914    30.2324   0.053554     0.2340     2.3923     1.9411          0     14.000  34.405903   995.7583      0.909      0.007  0.000e+00
      0.904    30.2267   0.053530     0.2340     2.3760     1.9472          0     14.250  34.405906   995.7599      0.899      0.006  0.000e+00
      0.914    30.2246   0.053524     0.2339     2.3576     1.9449          0     14.500  34.405909   995.7606      0.909      0.001  0.000e+00
      0.914    30.2242   0.053521     0.2339     2.3393     1.9549          0     14.750  34.405911   995.7607      0.909      0.004  0.000e+00
      0.904    30.2235   0.053484     0.2338     2.3228     1.9449          0     15.000  34.405914   995.7607      0.899      0.001  0.000e+00
      0.893    30.2225   0.053463     0.2337     2.3044     1.9472          0     15.250  34.405917   995.7609      0.888     -0.001  0.000e+00
      0.882    30.2210   0.053463     0.2337     2.2867     1.9564          0     15.500  34.405920   995.7613      0.877     -0.012  0.000e+00
      0.925    30.2190   0.053521     0.2339     2.2681     1.9495          0     15.750  34.405923   995.7623      0.920     -0.003  0.000e+00
      0.915    30.2179   0.053594     0.2343     2.2494     1.9457          0     16.000  34.405926   995.7629      0.909     -0.001  0.000e+00
      0.925    30.2200   0.053657     0.2345     2.2341     1.9449          0     16.250  34.405929   995.7625      0.920      0.006  0.000e+00
      0.904    30.2213   0.053703     0.2347     2.2183     1.9472          0     16.500  34.405932   995.7621      0.899      0.003  0.000e+00
      0.904    30.2181   0.053715     0.2348     2.2148     1.9495          0     16.750  34.405935   995.7632      0.899      0.004  0.000e+00
      0.914    30.2169   0.053703     0.2348     2.2054     1.9823          0     17.000  34.405938   995.7635      0.909      0.008  0.000e+00
      0.904    30.2180   0.053709     0.2348     2.2067     1.9663          0     17.250  34.405940   995.7632      0.899      0.006  0.000e+00
      0.925    30.2191   0.053742     0.2349     2.2049     1.9808          0     17.500  34.405943   995.7630      0.920      0.006  0.000e+00
      0.914    30.2221   0.053715     0.2348     2.2093     1.9770          0     17.750  34.405946   995.7620      0.909     -0.003  0.000e+00
      0.904    30.2234   0.053612     0.2343     2.2121     1.9602          0     18.000  34.405949   995.7612      0.899     -0.002  0.000e+00
      0.914    30.2256   0.053566     0.2341     2.2112     1.9632          0     18.250  34.405952   995.7604      0.909     -0.001  0.000e+00
      0.925    30.2281   0.053554     0.2341     2.2066     1.9579          0     18.500  34.405955   995.7596      0.920      0.007  0.000e+00
      0.904    30.2276   0.053594     0.2342     2.2063     1.9610          0     18.750  34.405958   995.7598      0.899      0.002  0.000e+00
      0.914    30.2257   0.053673     0.2346     2.2068     1.9266          0     19.000  34.405961   995.7607      0.909     -0.000  0.000e+00
      0.904    30.2255   0.053736     0.2349     2.2025     1.9304          0     19.250  34.405964   995.7609      0.899     -0.002  0.000e+00
      0.915    30.2280   0.053782     0.2351     2.2056     1.9289          0     19.500  34.405966   995.7604      0.909     -0.004  0.000e+00
      0.914    30.2299   0.053776     0.2350     2.2045     1.9220          0     19.750  34.405969   995.7598      0.909      0.000  0.000e+00
      0.936    30.2274   0.053770     0.2350     2.2107     1.9198          0     20.000  34.405972   995.7606      0.931      0.007  0.000e+00
      0.947    30.2227   0.053767     0.2350     2.2114     2.0411          0     20.250  34.405975   995.7621      0.942      0.012  0.000e+00
      0.914    30.2227   0.053788     0.2351     2.2146     2.0411          0     20.500  34.405978   995.7620      0.909      0.009  0.000e+00
      0.904    30.2255   0.053806     0.2352     2.2129     2.0296          0     20.750  34.405981   995.7612      0.899      0.007  0.000e+00
      0.904    30.2288   0.053833     0.2353     2.2085     2.0502          0     21.000  34.405984   995.7603      0.899     -0.001  0.000e+00
      0.904    30.2315   0.053827     0.2352     2.2052     2.0418          0     21.250  34.405987   995.7594      0.899     -0.005  0.000e+00
      0.925    30.2314   0.053773     0.2350     2.1986     2.0479          0     21.500  34.405990   995.7594      0.920     -0.007  0.000e+00
      0.904    30.2259   0.053697     0.2347     2.1886     2.0342          0     21.750  34.405992   995.7607      0.899     -0.012  0.000e+00
      0.914    30.2247   0.053633     0.2344     2.1823     2.0441          0     22.000  34.405995   995.7609      0.909     -0.013  0.000e+00
      0.904    30.2253   0.053639     0.2344     2.1735     1.9793          0     22.250  34.405998   995.7607      0.899     -0.010  0.000e+00
      0.925    30.2246   0.053657     0.2345     2.1668     1.9922          0     22.500  34.406001   995.7611      0.920      0.004  0.000e+00
      0.904    30.2234   0.053639     0.2345     2.1601     1.9823          0     22.750  34.406004   995.7613      0.899      0.004  0.000e+00
      0.915    30.2221   0.053633     0.2344     2.1511     1.9953          0     23.000  34.406007   995.7617      0.909      0.003  0.000e+00
      0.925    30.2198   0.053697     0.2347     2.1456     1.9907          0     23.250  34.406010   995.7627      0.920      0.004  0.000e+00
      0.947    30.2175   0.053767     0.2350     2.1370     1.9861          0     23.500  34.406013   995.7637      0.942      0.010  0.000e+00
      0.904    30.2178   0.053800     0.2352     2.1300     1.9869          0     23.750  34.406016   995.7635      0.899      0.009  0.000e+00
      0.914    30.2191   0.053724     0.2348     2.1277     1.9823          0     24.000  34.406019   995.7629      0.909      0.004  0.000e+00
      0.904    30.2157   0.053621     0.2344     2.1313     1.9747          0     24.250  34.406021   995.7636      0.899     -0.000  0.000e+00
      0.915    30.2182   0.053645     0.2345     2.1314     1.9861          0     24.500  34.406024   995.7629      0.909     -0.004  0.000e+00
      0.915    30.2187   0.053761     0.2350     2.1314     1.9892          0     24.750  34.406027   995.7632      0.910     -0.002  0.000e+00
      0.936    30.2190   0.053846     0.2354     2.1276     1.9846          0     25.000  34.406030   995.7634      0.931     -0.001  0.000e+00
      0.915    30.2219   0.053827     0.2353     2.1243     1.9838          0     25.250  34.406033   995.7624      0.910     -0.004  0.000e+00
      0.936    30.2220   0.053715     0.2348     2.1243     2.0456          0     25.500  34.406036   995.7621      0.931      0.003  0.000e+00
      0.947    30.2236   0.053645     0.2345     2.1162     2.0289          0     25.750  34.406039   995.7614      0.942      0.019  0.000e+00
      0.947    30.2272   0.053679     0.2346     2.1151     2.0464          0     26.000  34.406042   995.7604      0.942      0.020  0.000e+00
      0.947    30.2282   0.053770     0.2350     2.1101     2.0411          0     26.250  34.406045   995.7604      0.942      0.022  0.000e+00
      0.947    30.2297   0.053827     0.2353     2.1024     2.0441          0     26.500  34.406047   995.7602      0.942      0.019  0.000e+00
      0.915    30.2300   0.053827     0.2353     2.1026     2.0456          0     26.750  34.406050   995.7599      0.909      0.007  0.000e+00
      0.915    30.2269   0.053697     0.2347     2.1010     2.0365          0     27.000  34.406053   995.7604      0.909     -0.004  0.000e+00
      0.925    30.2240   0.053633     0.2344     2.1012     2.0464          0     27.250  34.406056   995.7612      0.920     -0.006  0.000e+00
      0.925    30.2237   0.053621     0.2344     2.1027     1.9907          0     27.500  34.406059   995.7612      0.920     -0.014  0.000e+00
