content/post/ctd_rufiji/SBE19plus_01906740_2018_02_13_0936.cnv
* Sea-Bird SBE19plus  Data File:
* FileName = C:\Users\all user\Desktop\CTD tafiri 2018\SBE19plus_01906740_2018_02_13_0936.hex
* Software version 2.6.3.104
* Temperature SN = 6740
* Conductivity SN = 6740
* System UpLoad Time = Feb 13 2018 14:06:17
* <ApplicationData>
* <Seaterm232>
# nquan = 13
# nvalues = 280                                   
# units = specified
# name 0 = prdM: Pressure, Strain Gauge [db]
# name 1 = tv290C: Temperature [ITS-90, deg C]
# name 2 = c0S/m: Conductivity [S/m]
# name 3 = sal00: Salinity, Practical [PSU]
# name 4 = sbeox0ML/L: Oxygen, SBE 43 [ml/l]
# name 5 = flECO-AFL: Fluorescence, WET Labs ECO-AFL/FL [mg/m^3]
# name 6 = nbf: Bottles Fired
# name 7 = timeS: Time, Elapsed [seconds]
# name 8 = timeJ: Julian Days
# name 9 = density00: Density [density, kg/m^3]
# name 10 = depSM: Depth [salt water, m], lat = 0.00
# name 11 = dz/dtM: Descent Rate [m/s]
# name 12 = flag:  0.000e+00
# span 0 =      0.178,      3.595                 
# span 1 =    28.7239,    30.0550                 
# span 2 =   0.022804,   0.411285                 
# span 3 =     0.1019,     1.9610                 
# span 4 =     1.7836,     3.7697                 
# span 5 =    -0.0471,    48.6795                 
# span 6 =          0,          0                 
# span 7 =      0.000,     69.750                 
# span 8 =  34.444271,  34.445078                 
# span 9 =   995.8195,   997.1398                 
# span 10 =      0.177,      3.575                
# span 11 =     -0.510,      0.449                
# span 12 = 0.0000e+00, 0.0000e+00                
# interval = seconds: 0.25
# start_time = Feb 03 2018 10:39:45 [Instrument's time stamp, header]
# bad_flag = -9.990e-29
*END*
      0.221    28.7284   0.079721     0.3616     3.5072     4.2376          0      0.000  34.444271   996.2987      0.220 -1.053e-16  0.000e+00
      0.199    28.7331   0.083352     0.3785     3.5109     4.2361          0      0.250  34.444274   996.3099      0.198     -0.006  0.000e+00
      0.210    28.7340   0.087606     0.3984     3.4988     4.2460          0      0.500  34.444277   996.3247      0.209     -0.007  0.000e+00
      0.221    28.7324   0.090614     0.4126     3.5054     4.2269          0      0.750  34.444280   996.3358      0.220     -0.005  0.000e+00
      0.221    28.7301   0.089093     0.4054     3.5108     4.0827          0      1.000  34.444282   996.3311      0.220     -0.003  0.000e+00
      0.210    28.7278   0.082977     0.3768     3.5136     4.0774          0      1.250  34.444285   996.3102      0.209     -0.004  0.000e+00
      0.200    28.7266   0.074707     0.3383     3.5178     4.0728          0      1.500  34.444288   996.2816      0.199     -0.006  0.000e+00
      0.210    28.7272   0.076099     0.3447     3.5190     4.0698          0      1.750  34.444291   996.2863      0.209     -0.005  0.000e+00
      0.221    28.7271   0.089994     0.4097     3.5242     3.0070          0      2.000  34.444294   996.3352      0.220      0.000  0.000e+00
      0.200    28.7263   0.093428     0.4259     3.5167     3.0108          0      2.250  34.444297   996.3474      0.199     -0.001  0.000e+00
      0.221    28.7243   0.084778     0.3853     3.5131     3.0108          0      2.500  34.444300   996.3176      0.220     -0.001  0.000e+00
      0.210    28.7239   0.080409     0.3648     3.5043     3.0123          0      2.750  34.444303   996.3024      0.209     -0.003  0.000e+00
      0.221    28.7268   0.073913     0.3346     3.5101     0.5930          0      3.000  34.444306   996.2789      0.220      0.002  0.000e+00
      0.211    28.7313   0.127273     0.5867     3.4947     0.5892          0      3.250  34.444308   996.4667      0.209      0.004  0.000e+00
      0.211    28.7371   0.146034     0.6770     3.4975     0.5846          0      3.500  34.444311   996.5327      0.210      0.004  0.000e+00
      0.243    28.7720   0.162575     0.7567     3.5075     0.5876          0      3.750  34.444314   996.5824      0.242      0.008  0.000e+00
      0.297    28.8323   0.094353     0.4293     3.5044     0.5937          0      4.000  34.444317   996.3195      0.296      0.028  0.000e+00
      0.416    28.8704   0.078947     0.3570     3.4984    48.6696          0      4.250  34.444320   996.2546      0.414      0.077  0.000e+00
      0.470    28.8891   0.070322     0.3169     3.5406    48.6764          0      4.500  34.444323   996.2193      0.468      0.120  0.000e+00
      0.525    28.9132   0.066486     0.2991     3.5448    48.6780          0      4.750  34.444326   996.1992      0.522      0.167  0.000e+00
      0.546    29.0633   0.132091     0.6058     3.5704    48.6795          0      5.000  34.444329   996.3853      0.543      0.196  0.000e+00
      0.633    29.3700   0.182399     0.8433     3.5757     1.2896          0      5.250  34.444332   996.4728      0.629      0.229  0.000e+00
      0.687    29.6056   0.222676     1.0348     3.6645     1.2911          0      5.500  34.444334   996.5459      0.683      0.245  0.000e+00
      0.730    29.7555   0.231419     1.0743     3.7031     1.2888          0      5.750  34.444337   996.5306      0.726      0.242  0.000e+00
      0.752    29.8547   0.241396     1.1208     3.7145     1.2934          0      6.000  34.444340   996.5356      0.748      0.220  0.000e+00
      0.784    29.9158   0.366992     1.7419     3.6843     2.2967          0      6.250  34.444343   996.9810      0.780      0.191  0.000e+00
      0.860    29.9586   0.372747     1.7693     3.5677     2.3028          0      6.500  34.444346   996.9888      0.855      0.190  0.000e+00
      1.011    29.9872   0.356471     1.6866     3.5761     2.3043          0      6.750  34.444349   996.9191      1.006      0.217  0.000e+00
      1.087    30.0087   0.367416     1.7407     3.5613     2.2997          0      7.000  34.444352   996.9533      1.081      0.247  0.000e+00
      1.098    30.0225   0.322711     1.5171     3.5507     2.3287          0      7.250  34.444355   996.7823      1.092      0.249  0.000e+00
      1.108    30.0348   0.306503     1.4364     3.5474     2.3356          0      7.500  34.444358   996.7183      1.102      0.246  0.000e+00
      1.108    30.0409   0.304017     1.4239     3.5824     2.3333          0      7.750  34.444361   996.7072      1.102      0.229  0.000e+00
      1.152    30.0471   0.314715     1.4767     3.6093     2.3356          0      8.000  34.444363   996.7449      1.145      0.210  0.000e+00
      1.152    30.0510   0.334520     1.5750     3.6380     2.3356          0      8.250  34.444366   996.8170      1.145      0.171  0.000e+00
      1.151    30.0550   0.347177     1.6379     3.6630     2.2486          0      8.500  34.444369   996.8628      1.145      0.115  0.000e+00
      1.173    30.0504   0.349882     1.6516     3.6660     2.2509          0      8.750  34.444372   996.8745      1.167      0.066  0.000e+00
      1.195    30.0177   0.336848     1.5876     3.6795     2.2509          0      9.000  34.444375   996.8368      1.188      0.052  0.000e+00
      1.184    29.9995   0.324564     1.5270     3.6934     2.2486          0      9.250  34.444378   996.7970      1.177      0.049  0.000e+00
      1.194    29.9934   0.311251     1.4611     3.7040     2.1166          0      9.500  34.444381   996.7497      1.188      0.045  0.000e+00
      1.173    29.9945   0.307100     1.4405     3.7087     2.1067          0      9.750  34.444384   996.7339      1.166      0.033  0.000e+00
      1.173    30.0040   0.305432     1.4320     3.7138     2.1174          0     10.000  34.444387   996.7247      1.166      0.016  0.000e+00
      1.194    30.0105   0.305523     1.4322     3.7329     2.1196          0     10.250  34.444389   996.7230      1.188      0.016  0.000e+00
      1.216    30.0110   0.307249     1.4408     3.7295     2.1502          0     10.500  34.444392   996.7293      1.209      0.018  0.000e+00
      1.205    30.0147   0.306453     1.4367     3.7285     2.1517          0     10.750  34.444395   996.7251      1.198      0.013  0.000e+00
      1.205    30.0195   0.312109     1.4646     3.7281     2.1532          0     11.000  34.444398   996.7445      1.199      0.011  0.000e+00
      1.194    30.0216   0.319430     1.5008     3.7258     2.1547          0     11.250  34.444401   996.7708      1.188      0.012  0.000e+00
      1.205    30.0212   0.325406     1.5305     3.7313     2.1769          0     11.500  34.444404   996.7932      1.199      0.012  0.000e+00
      1.227    30.0217   0.332909     1.5679     3.7290     2.1761          0     11.750  34.444407   996.8210      1.220      0.020  0.000e+00
      1.249    30.0227   0.337816     1.5923     3.7384     2.1822          0     12.000  34.444410   996.8390      1.242      0.025  0.000e+00
      1.238    30.0223   0.344058     1.6234     3.7293     2.1761          0     12.250  34.444413   996.8623      1.231      0.021  0.000e+00
      1.238    30.0219   0.345111     1.6287     3.7313     2.1738          0     12.500  34.444416   996.8664      1.231      0.020  0.000e+00
      1.227    30.0210   0.345494     1.6306     3.7275     2.1654          0     12.750  34.444418   996.8680      1.220      0.021  0.000e+00
      1.260    30.0216   0.345785     1.6321     3.7404     2.1654          0     13.000  34.444421   996.8691      1.253      0.026  0.000e+00
      1.270    30.0218   0.345631     1.6313     3.7429     2.1662          0     13.250  34.444424   996.8685      1.263      0.030  0.000e+00
      1.270    30.0228   0.345675     1.6315     3.7467     2.1616          0     13.500  34.444427   996.8683      1.263      0.027  0.000e+00
      1.260    30.0276   0.345104     1.6285     3.7496     2.1425          0     13.750  34.444430   996.8646      1.253      0.019  0.000e+00
      1.227    30.0319   0.343494     1.6203     3.7487     2.1357          0     14.000  34.444433   996.8570      1.220      0.006  0.000e+00
      1.238    30.0321   0.343655     1.6211     3.7481     2.1418          0     14.250  34.444436   996.8576      1.231      0.003  0.000e+00
      1.249    30.0312   0.344796     1.6268     3.7376     2.1349          0     14.500  34.444439   996.8622      1.242      0.000  0.000e+00
      1.292    30.0330   0.345477     1.6301     3.7481     2.2158          0     14.750  34.444442   996.8643      1.285      0.008  0.000e+00
      1.292    30.0332   0.345617     1.6308     3.7506     2.2165          0     15.000  34.444444   996.8648      1.285      0.009  0.000e+00
      1.303    30.0324   0.345795     1.6318     3.7470     2.2112          0     15.250  34.444447   996.8658      1.296      0.019  0.000e+00
      1.271    30.0323   0.346373     1.6346     3.7472     2.2097          0     15.500  34.444450   996.8678      1.264      0.021  0.000e+00
      1.271    30.0340   0.347770     1.6416     3.7388     2.1769          0     15.750  34.444453   996.8724      1.264      0.023  0.000e+00
      1.281    30.0341   0.347790     1.6417     3.7575     2.1479          0     16.000  34.444456   996.8725      1.274      0.025  0.000e+00
      1.303    30.0328   0.348554     1.6455     3.7482     2.1517          0     16.250  34.444459   996.8759      1.296      0.020  0.000e+00
      1.325    30.0332   0.349136     1.6484     3.7548     2.1555          0     16.500  34.444462   996.8780      1.317      0.019  0.000e+00
      1.335    30.0332   0.348906     1.6473     3.7526     2.1608          0     16.750  34.444465   996.8772      1.328      0.019  0.000e+00
      1.357    30.0326   0.348988     1.6477     3.7565     2.2020          0     17.000  34.444468   996.8778      1.349      0.033  0.000e+00
      1.346    30.0318   0.349629     1.6509     3.7482     2.2074          0     17.250  34.444470   996.8804      1.339      0.040  0.000e+00
      1.357    30.0304   0.350605     1.6558     3.7477     2.1982          0     17.500  34.444473   996.8846      1.350      0.050  0.000e+00
      1.303    30.0288   0.352569     1.6657     3.7456     2.1998          0     17.750  34.444476   996.8922      1.296      0.032  0.000e+00
      1.303    30.0284   0.355331     1.6795     3.7443     2.1975          0     18.000  34.444479   996.9026      1.296      0.011  0.000e+00
      1.314    30.0286   0.356804     1.6869     3.7365     2.1975          0     18.250  34.444482   996.9081      1.306     -0.006  0.000e+00
      1.325    30.0283   0.358127     1.6935     3.7502     2.2074          0     18.500  34.444485   996.9132      1.317     -0.014  0.000e+00
      1.325    30.0270   0.358752     1.6967     3.7584     2.1952          0     18.750  34.444488   996.9160      1.317     -0.017  0.000e+00
      1.346    30.0243   0.359216     1.6991     3.7558     2.1418          0     19.000  34.444491   996.9187      1.339     -0.011  0.000e+00
      1.357    30.0203   0.359037     1.6984     3.7517     2.1425          0     19.250  34.444494   996.9194      1.349      0.005  0.000e+00
      1.335    30.0152   0.359694     1.7018     3.7555     2.1364          0     19.500  34.444497   996.9234      1.328      0.011  0.000e+00
      1.335    30.0125   0.360732     1.7071     3.7583     2.1357          0     19.750  34.444499   996.9282      1.328      0.022  0.000e+00
      1.314    30.0140   0.362755     1.7172     3.7520     2.1380          0     20.000  34.444502   996.9351      1.306      0.011  0.000e+00
      1.314    30.0166   0.363526     1.7210     3.7550     2.1608          0     20.250  34.444505   996.9372      1.306     -0.002  0.000e+00
      1.314    30.0189   0.363506     1.7208     3.7637     2.1670          0     20.500  34.444508   996.9363      1.306     -0.011  0.000e+00
      1.346    30.0178   0.363609     1.7213     3.7628     2.1616          0     20.750  34.444511   996.9372      1.338     -0.008  0.000e+00
      1.335    30.0150   0.363729     1.7220     3.7620     2.1608          0     21.000  34.444514   996.9385      1.328     -0.009  0.000e+00
      1.324    30.0137   0.364115     1.7240     3.7575     2.1685          0     21.250  34.444517   996.9404      1.317     -0.007  0.000e+00
      1.313    30.0129   0.364449     1.7257     3.7575     2.1647          0     21.500  34.444520   996.9418      1.306     -0.003  0.000e+00
      1.303    30.0133   0.365079     1.7289     3.7545     2.1685          0     21.750  34.444523   996.9440      1.296     -0.006  0.000e+00
      1.303    30.0132   0.365644     1.7317     3.7494     2.1708          0     22.000  34.444525   996.9461      1.296     -0.006  0.000e+00
      1.324    30.0128   0.365720     1.7321     3.7568     2.2036          0     22.250  34.444528   996.9467      1.317     -0.006  0.000e+00
      1.335    30.0111   0.367354     1.7403     3.7607     2.1975          0     22.500  34.444531   996.9534      1.328     -0.004  0.000e+00
      1.314    30.0118   0.372626     1.7668     3.7652     2.2028          0     22.750  34.444534   996.9728      1.306     -0.009  0.000e+00
      1.313    30.0154   0.380664     1.8070     3.7606     2.1967          0     23.000  34.444537   997.0017      1.306     -0.004  0.000e+00
      1.303    30.0173   0.388909     1.8485     3.7660     2.1540          0     23.250  34.444540   997.0320      1.295     -0.002  0.000e+00
      1.324    30.0164   0.393418     1.8712     3.7697     2.1525          0     23.500  34.444543   997.0494      1.317      0.004  0.000e+00
      1.346    30.0148   0.395200     1.8803     3.7589     2.1570          0     23.750  34.444546   997.0567      1.338      0.011  0.000e+00
      1.367    30.0167   0.396841     1.8885     3.7106     2.1471          0     24.000  34.444549   997.0624      1.360      0.019  0.000e+00
      1.335    30.0202   0.397471     1.8915     3.6216     2.1509          0     24.250  34.444552   997.0634      1.328      0.014  0.000e+00
      1.324    30.0231   0.397227     1.8902     3.5053     2.1662          0     24.500  34.444554   997.0615      1.317      0.011  0.000e+00
      1.313    30.0245   0.398349     1.8958     3.3620     2.1769          0     24.750  34.444557   997.0652      1.306      0.009  0.000e+00
      1.303    30.0255   0.400047     1.9043     3.2164     2.1784          0     25.000  34.444560   997.0712      1.295     -0.001  0.000e+00
      1.324    30.0264   0.400469     1.9064     3.0828     2.1753          0     25.250  34.444563   997.0726      1.317     -0.006  0.000e+00
      1.346    30.0283   0.401949     1.9138     2.9677     2.1967          0     25.500  34.444566   997.0776      1.339     -0.009  0.000e+00
      1.346    30.0298   0.403488     1.9215     2.8615     2.2013          0     25.750  34.444569   997.0829      1.339     -0.007  0.000e+00
      1.346    30.0306   0.405273     1.9305     2.7819     2.1990          0     26.000  34.444572   997.0894      1.339      0.000  0.000e+00
      1.324    30.0312   0.405909     1.9337     2.7270     2.1990          0     26.250  34.444575   997.0915      1.317      0.009  0.000e+00
      1.314    30.0308   0.403285     1.9205     2.6722     2.2158          0     26.500  34.444578   997.0817      1.306      0.007  0.000e+00
      1.325    30.0276   0.405500     1.9318     2.6343     2.2097          0     26.750  34.444580   997.0911      1.317      0.005  0.000e+00
      1.325    30.0243   0.405713     1.9330     2.6080     2.2066          0     27.000  34.444583   997.0930      1.317      0.000  0.000e+00
      1.346    30.0238   0.405000     1.9294     2.5724     2.2165          0     27.250  34.444586   997.0906      1.339     -0.003  0.000e+00
      1.346    30.0256   0.406237     1.9356     2.5418     2.2463          0     27.500  34.444589   997.0947      1.339     -0.003  0.000e+00
