content/post/ctd_rufiji/SBE19plus_01906740_2018_02_13_0913.cnv
* Sea-Bird SBE19plus  Data File:
* FileName = C:\Users\all user\Desktop\CTD tafiri 2018\SBE19plus_01906740_2018_02_13_0913.hex
* Software version 2.6.3.104
* Temperature SN = 6740
* Conductivity SN = 6740
* System UpLoad Time = Feb 13 2018 14:02:45
* <ApplicationData>
* <Seaterm232>
# nquan = 13
# nvalues = 358                                   
# units = specified
# name 0 = prdM: Pressure, Strain Gauge [db]
# name 1 = tv290C: Temperature [ITS-90, deg C]
# name 2 = c0S/m: Conductivity [S/m]
# name 3 = sal00: Salinity, Practical [PSU]
# name 4 = sbeox0ML/L: Oxygen, SBE 43 [ml/l]
# name 5 = flECO-AFL: Fluorescence, WET Labs ECO-AFL/FL [mg/m^3]
# name 6 = nbf: Bottles Fired
# name 7 = timeS: Time, Elapsed [seconds]
# name 8 = timeJ: Julian Days
# name 9 = density00: Density [density, kg/m^3]
# name 10 = depSM: Depth [salt water, m], lat = 0.00
# name 11 = dz/dtM: Descent Rate [m/s]
# name 12 = flag:  0.000e+00
# span 0 =      0.138,      4.626                 
# span 1 =    29.4474,    30.8219                 
# span 2 =   0.000542,   0.013965                 
# span 3 =     0.0140,     0.0643                 
# span 4 =     1.2453,    11.8535                 
# span 5 =    -0.1074,     1.5650                 
# span 6 =          0,          0                 
# span 7 =      0.000,     89.250                 
# span 8 =  34.284838,  34.285871                 
# span 9 =   995.4218,   995.8260                 
# span 10 =      0.137,      4.601                
# span 11 =     -0.664,      0.436                
# span 12 = 0.0000e+00, 0.0000e+00                
# interval = seconds: 0.25
# start_time = Feb 03 2018 06:50:10 [Instrument's time stamp, header]
# bad_flag = -9.990e-29
*END*
[from data line 112]
      1.004    30.7508   0.013825     0.0633     2.2777     1.4338          0     28.000  34.285162   995.4718      0.999     -0.004  0.000e+00
      0.993    30.7486   0.013816     0.0633     2.3665     1.4383          0     28.250  34.285165   995.4724      0.988     -0.004  0.000e+00
      1.004    30.7467   0.013810     0.0633     2.6963     1.4360          0     28.500  34.285168   995.4731      0.999 -8.430e-09  0.000e+00
      1.004    30.7451   0.013807     0.0633     2.1489     1.4490          0     28.750  34.285171   995.4735      0.999      0.001  0.000e+00
      0.982    30.7434   0.013807     0.0633     2.1810     1.4528          0     29.000  34.285174   995.4740      0.977     -0.003  0.000e+00
      1.015    30.7411   0.013816     0.0633     2.1079     1.4483          0     29.250  34.285177   995.4748      1.009     -0.001  0.000e+00
      1.015    30.7389   0.013822     0.0633     2.2549     1.4483          0     29.500  34.285179   995.4755      1.009      0.000  0.000e+00
      0.993    30.7371   0.013831     0.0634     2.4060     1.4292          0     29.750  34.285182   995.4760      0.988      0.001  0.000e+00
      1.004    30.7362   0.013810     0.0633     2.3857     1.4238          0     30.000  34.285185   995.4763      0.999      0.002  0.000e+00
      0.993    30.7348   0.013807     0.0633     2.2744     1.4215          0     30.250  34.285188   995.4767      0.988      0.001  0.000e+00
      1.015    30.7320   0.013801     0.0633     2.3379     1.4269          0     30.500  34.285191   995.4776      1.009      0.002  0.000e+00
      1.004    30.7284   0.013801     0.0633     2.3365     1.4856          0     30.750  34.285194   995.4787      0.999      0.003  0.000e+00
      1.015    30.7245   0.013789     0.0632     2.4730     1.4849          0     31.000  34.285197   995.4799      1.009      0.006  0.000e+00
      1.026    30.7208   0.013801     0.0633     2.6595     1.4925          0     31.250  34.285200   995.4811      1.020      0.005  0.000e+00
      1.004    30.7174   0.013795     0.0632     2.2859     1.4910          0     31.500  34.285203   995.4821      0.999      0.006  0.000e+00
      0.972    30.7137   0.013801     0.0633     2.5023     1.5001          0     31.750  34.285205   995.4831      0.966     -0.002  0.000e+00
      1.015    30.7103   0.013807     0.0633     2.5103     1.5001          0     32.000  34.285208   995.4843      1.009     -0.001  0.000e+00
      1.015    30.7076   0.013801     0.0633     2.3499     1.4971          0     32.250  34.285211   995.4851      1.009      0.001  0.000e+00
      1.015    30.7055   0.013801     0.0633     2.1848     1.5001          0     32.500  34.285214   995.4858      1.009     -0.001  0.000e+00
      1.036    30.7029   0.013789     0.0632     2.2912     1.5001          0     32.750  34.285217   995.4867      1.031      0.008  0.000e+00
      1.004    30.6998   0.013783     0.0632     2.5412     1.4864          0     33.000  34.285220   995.4874      0.998      0.004  0.000e+00
      1.004    30.6960   0.013789     0.0632     2.2567     1.4917          0     33.250  34.285223   995.4886      0.998      0.003  0.000e+00
      1.004    30.6925   0.013789     0.0632     2.2819     1.4818          0     33.500  34.285226   995.4897      0.998      0.006  0.000e+00
      1.015    30.6893   0.013783     0.0632     2.2157     1.4872          0     33.750  34.285229   995.4907      1.009      0.007  0.000e+00
      1.004    30.6863   0.013795     0.0633     2.1561     1.5139          0     34.000  34.285231   995.4916      0.998     -0.007  0.000e+00
      0.993    30.6836   0.013789     0.0632     2.1135     1.5085          0     34.250  34.285234   995.4924      0.988     -0.011  0.000e+00
      1.004    30.6810   0.013795     0.0633     2.1180     1.5131          0     34.500  34.285237   995.4933      0.998     -0.011  0.000e+00
      1.015    30.6793   0.013789     0.0632     2.2354     1.5093          0     34.750  34.285240   995.4938      1.009     -0.007  0.000e+00
      1.015    30.6782   0.013795     0.0633     1.4461     1.4971          0     35.000  34.285243   995.4942      1.009      0.004  0.000e+00
      1.015    30.6770   0.013789     0.0633     1.4629     1.4971          0     35.250  34.285246   995.4946      1.009      0.005  0.000e+00
      1.015    30.6749   0.013783     0.0632     1.4508     1.4948          0     35.500  34.285249   995.4952      1.009      0.006  0.000e+00
      1.004    30.6719   0.013780     0.0632     1.4826     1.4971          0     35.750  34.285252   995.4961      0.998      0.003  0.000e+00
      0.993    30.6688   0.013777     0.0632     1.5473     1.4925          0     36.000  34.285255   995.4970      0.988      0.001  0.000e+00
      1.015    30.6656   0.013780     0.0632     1.6166     1.4841          0     36.250  34.285258   995.4980      1.009      0.002  0.000e+00
      0.982    30.6630   0.013783     0.0632     1.7020     1.4872          0     36.500  34.285260   995.4987      0.977     -0.009  0.000e+00
      1.004    30.6603   0.013789     0.0633     1.8260     1.4856          0     36.750  34.285263   995.4997      0.998     -0.011  0.000e+00
      0.982    30.6587   0.013795     0.0633     2.0105     1.4841          0     37.000  34.285266   995.5001      0.977     -0.014  0.000e+00
      1.004    30.6585   0.013789     0.0633     2.0109     1.4483          0     37.250  34.285269   995.5002      0.998     -0.010  0.000e+00
      1.015    30.6589   0.013789     0.0633     2.0098     1.4544          0     37.500  34.285272   995.5001      1.009     -0.002  0.000e+00
      1.004    30.6583   0.013789     0.0633     2.0062     1.4528          0     37.750  34.285275   995.5003      0.998      0.003  0.000e+00
      1.015    30.6567   0.013783     0.0632     2.0037     1.4536          0     38.000  34.285278   995.5008      1.009      0.008  0.000e+00
      1.026    30.6537   0.013780     0.0632     2.0106     1.4856          0     38.250  34.285281   995.5018      1.020      0.012  0.000e+00
      1.036    30.6501   0.013780     0.0632     2.4967     1.4841          0     38.500  34.285284   995.5029      1.031      0.023  0.000e+00
      1.036    30.6458   0.013783     0.0633     2.8272     1.4894          0     38.750  34.285286   995.5043      1.031      0.022  0.000e+00
      1.037    30.6422   0.013780     0.0632     2.9429     1.4856          0     39.000  34.285289   995.5054      1.031      0.025  0.000e+00
      1.037    30.6395   0.013783     0.0633     3.0764     1.4635          0     39.250  34.285292   995.5062      1.031      0.019  0.000e+00
      1.037    30.6388   0.013789     0.0633     3.1637     1.4627          0     39.500  34.285295   995.5064      1.031      0.016  0.000e+00
      1.015    30.6404   0.013789     0.0633     2.7712     1.4627          0     39.750  34.285298   995.5059      1.009      0.009  0.000e+00
      0.993    30.6421   0.013783     0.0633     2.4833     1.4627          0     40.000  34.285301   995.5052      0.988     -0.008  0.000e+00
      1.047    30.6416   0.013780     0.0632     2.2535     1.4704          0     40.250  34.285304   995.5056      1.041     -0.006  0.000e+00
      1.036    30.6390   0.013777     0.0632     2.1762     1.4681          0     40.500  34.285307   995.5063      1.031     -0.005  0.000e+00
      1.036    30.6351   0.013774     0.0632     2.1072     1.4757          0     40.750  34.285310   995.5075      1.031     -0.001  0.000e+00
      1.037    30.6317   0.013774     0.0632     2.1107     1.4780          0     41.000  34.285313   995.5086      1.031      0.002  0.000e+00
      1.037    30.6285   0.013777     0.0632     2.0835     1.4757          0     41.250  34.285315   995.5096      1.031      0.006  0.000e+00
      1.058    30.6265   0.013780     0.0633     2.1896     1.4200          0     41.500  34.285318   995.5103      1.052      0.015  0.000e+00
      1.058    30.6256   0.013783     0.0633     2.2006     1.4238          0     41.750  34.285321   995.5106      1.052      0.023  0.000e+00
      1.026    30.6247   0.013780     0.0633     2.1403     1.4254          0     42.000  34.285324   995.5107      1.020      0.014  0.000e+00
      1.037    30.6228   0.013777     0.0633     2.2204     1.4231          0     42.250  34.285327   995.5113      1.031     -0.001  0.000e+00
      1.037    30.6205   0.013780     0.0633     2.1838     1.4429          0     42.500  34.285330   995.5120      1.031      0.000  0.000e+00
      1.037    30.6176   0.013774     0.0632     2.2843     1.4368          0     42.750  34.285333   995.5129      1.031     -0.002  0.000e+00
      1.047    30.6146   0.013771     0.0632     2.2278     1.4399          0     43.000  34.285336   995.5139      1.042     -0.001  0.000e+00
      1.047    30.6116   0.013774     0.0632     2.2611     1.4391          0     43.250  34.285339   995.5148      1.042     -0.001  0.000e+00
      1.037    30.6093   0.013774     0.0633     1.9221     1.4505          0     43.500  34.285341   995.5155      1.031     -0.005  0.000e+00
      1.047    30.6069   0.013774     0.0633     1.7950     1.4498          0     43.750  34.285344   995.5163      1.042      0.001  0.000e+00
      1.037    30.6053   0.013777     0.0633     1.8429     1.4467          0     44.000  34.285347   995.5167      1.031      0.006  0.000e+00
      1.059    30.6040   0.013768     0.0632     1.7292     1.4475          0     44.250  34.285350   995.5172      1.053      0.007  0.000e+00
      1.058    30.6023   0.013774     0.0633     1.7188     1.4696          0     44.500  34.285353   995.5177      1.053      0.009  0.000e+00
      1.048    30.6002   0.013771     0.0632     2.0532     1.4711          0     44.750  34.285356   995.5183      1.042      0.007  0.000e+00
      1.058    30.5978   0.013774     0.0633     2.0377     1.4696          0     45.000  34.285359   995.5191      1.053      0.007  0.000e+00
      1.080    30.5960   0.013768     0.0632     2.1293     1.4742          0     45.250  34.285362   995.5197      1.074      0.015  0.000e+00
      1.069    30.5945   0.013774     0.0633     2.1033     1.4811          0     45.500  34.285365   995.5202      1.063      0.017  0.000e+00
      1.069    30.5930   0.013771     0.0633     2.1014     1.4948          0     45.750  34.285367   995.5206      1.063      0.015  0.000e+00
      1.080    30.5918   0.013768     0.0632     2.1163     1.5024          0     46.000  34.285370   995.5210      1.074      0.017  0.000e+00
      1.069    30.5905   0.013774     0.0633     2.0719     1.4963          0     46.250  34.285373   995.5214      1.063      0.011  0.000e+00
      1.069    30.5893   0.013771     0.0633     2.0869     1.4971          0     46.500  34.285376   995.5218      1.063      0.009  0.000e+00
      1.069    30.5878   0.013762     0.0632     2.0385     1.4269          0     46.750  34.285379   995.5222      1.064      0.007  0.000e+00
      1.069    30.5864   0.013774     0.0633     2.2477     1.4360          0     47.000  34.285382   995.5227      1.063      0.001  0.000e+00
      1.080    30.5851   0.013768     0.0632     2.1422     1.4376          0     47.250  34.285385   995.5231      1.074     -0.001  0.000e+00
      1.059    30.5834   0.013777     0.0633     2.2793     1.4353          0     47.500  34.285388   995.5235      1.053     -0.002  0.000e+00
      1.015    30.5829   0.013783     0.0633     2.4735     1.4360          0     47.750  34.285391   995.5235      1.010     -0.017  0.000e+00
      1.015    30.5855   0.013789     0.0633     1.5239     1.4338          0     48.000  34.285394   995.5228      1.010     -0.029  0.000e+00
      1.091    30.5907   0.013789     0.0633     1.3483     1.4414          0     48.250  34.285396   995.5215      1.085     -0.013  0.000e+00
      1.113    30.5953   0.013789     0.0633     1.2668     1.4322          0     48.500  34.285399   995.5202      1.106      0.004  0.000e+00
      1.199    30.5988   0.013795     0.0633     1.2453     1.4376          0     48.750  34.285402   995.5195      1.192      0.042  0.000e+00
      1.242    30.6064   0.013810     0.0634     1.2605     1.5268          0     49.000  34.285405   995.5174      1.235      0.082  0.000e+00
      1.329    30.6164   0.013807     0.0634     1.3536     1.5184          0     49.250  34.285408   995.5147      1.321      0.134  0.000e+00
      1.426    30.6255   0.013807     0.0634     1.4503     1.5253          0     49.500  34.285411   995.5123      1.418      0.198  0.000e+00
      1.469    30.6301   0.013807     0.0634     1.6134     1.5230          0     49.750  34.285414   995.5111      1.461      0.243  0.000e+00
      1.491    30.6355   0.013801     0.0633     1.8651     1.5574          0     50.000  34.285417   995.5095      1.483      0.253  0.000e+00
      1.534    30.6380   0.013795     0.0633     1.8910     1.5574          0     50.250  34.285420   995.5089      1.526      0.242  0.000e+00
      1.610    30.6341   0.013783     0.0633     1.9029     1.5619          0     50.500  34.285422   995.5104      1.601      0.242  0.000e+00
      1.642    30.6272   0.013795     0.0633     1.9074     1.5650          0     50.750  34.285425   995.5127      1.633      0.223  0.000e+00
      1.675    30.6237   0.013795     0.0633     1.9229     1.4742          0     51.000  34.285428   995.5139      1.666      0.207  0.000e+00
      1.707    30.6246   0.013807     0.0634     1.9149     1.4696          0     51.250  34.285431   995.5139      1.698      0.182  0.000e+00
      1.750    30.6296   0.013822     0.0634     1.9160     1.4734          0     51.500  34.285434   995.5125      1.741      0.166  0.000e+00
      1.837    30.6455   0.013828     0.0634     1.9138     1.4681          0     51.750  34.285437   995.5081      1.827      0.177  0.000e+00
      1.924    30.6605   0.013831     0.0634     1.9137     1.4826          0     52.000  34.285440   995.5038      1.913      0.199  0.000e+00
      1.978    30.6681   0.013834     0.0634     1.9202     1.4826          0     52.250  34.285443   995.5017      1.967      0.212  0.000e+00
      2.010    30.6773   0.013834     0.0634     1.9595     1.4879          0     52.500  34.285446   995.4990      1.999      0.216  0.000e+00
      2.064    30.6886   0.013837     0.0634     2.2591     1.4879          0     52.750  34.285448   995.4958      2.053      0.227  0.000e+00
      2.118    30.6949   0.013837     0.0634     2.7310     1.4849          0     53.000  34.285451   995.4941      2.107      0.234  0.000e+00
      2.151    30.7015   0.013837     0.0634     3.7738     1.4467          0     53.250  34.285454   995.4922      2.139      0.228  0.000e+00
      2.227    30.7099   0.013843     0.0634     3.8148     1.4467          0     53.500  34.285457   995.4899      2.214      0.221  0.000e+00
      2.346    30.7223   0.013867     0.0635     3.5163     1.4544          0     53.750  34.285460   995.4867      2.333      0.226  0.000e+00
      2.454    30.7371   0.013893     0.0636     2.8880     1.4483          0     54.000  34.285463   995.4827      2.440      0.250  0.000e+00
      2.540    30.7495   0.013908     0.0637     2.6184     1.5223          0     54.250  34.285466   995.4793      2.526      0.283  0.000e+00
      2.637    30.7583   0.013917     0.0637     2.3122     1.5253          0     54.500  34.285469   995.4771      2.623      0.320  0.000e+00
      2.659    30.7656   0.013914     0.0637     2.2797     1.5245          0     54.750  34.285472   995.4749      2.644      0.330  0.000e+00
      2.735    30.7733   0.013920     0.0637     1.9602     1.5276          0     55.000  34.285475   995.4729      2.720      0.334  0.000e+00
      2.810    30.7809   0.013908     0.0636     1.9349     1.5360          0     55.250  34.285477   995.4708      2.795      0.332  0.000e+00
