content/post/ctd_rufiji/SBE19plus_01906740_2018_02_13_0913.cnv
* Sea-Bird SBE19plus  Data File:
* FileName = C:\Users\all user\Desktop\CTD tafiri 2018\SBE19plus_01906740_2018_02_13_0913.hex
* Software version 2.6.3.104
* Temperature SN = 6740
* Conductivity SN = 6740
* System UpLoad Time = Feb 13 2018 14:02:45
* <ApplicationData>
* <Seaterm232>
# nquan = 13
# nvalues = 358                                   
# units = specified
# name 0 = prdM: Pressure, Strain Gauge [db]
# name 1 = tv290C: Temperature [ITS-90, deg C]
# name 2 = c0S/m: Conductivity [S/m]
# name 3 = sal00: Salinity, Practical [PSU]
# name 4 = sbeox0ML/L: Oxygen, SBE 43 [ml/l]
# name 5 = flECO-AFL: Fluorescence, WET Labs ECO-AFL/FL [mg/m^3]
# name 6 = nbf: Bottles Fired
# name 7 = timeS: Time, Elapsed [seconds]
# name 8 = timeJ: Julian Days
# name 9 = density00: Density [density, kg/m^3]
# name 10 = depSM: Depth [salt water, m], lat = 0.00
# name 11 = dz/dtM: Descent Rate [m/s]
# name 12 = flag:  0.000e+00
# span 0 =      0.138,      4.626                 
# span 1 =    29.4474,    30.8219                 
# span 2 =   0.000542,   0.013965                 
# span 3 =     0.0140,     0.0643                 
# span 4 =     1.2453,    11.8535                 
# span 5 =    -0.1074,     1.5650                 
# span 6 =          0,          0                 
# span 7 =      0.000,     89.250                 
# span 8 =  34.284838,  34.285871                 
# span 9 =   995.4218,   995.8260                 
# span 10 =      0.137,      4.601                
# span 11 =     -0.664,      0.436                
# span 12 = 0.0000e+00, 0.0000e+00                
# interval = seconds: 0.25
# start_time = Feb 03 2018 06:50:10 [Instrument's time stamp, header]
# bad_flag = -9.990e-29
*END*
      0.149    29.5800   0.000794     0.0146     3.6113    -0.0906          0      0.000  34.284838   995.7867      0.148 -5.263e-17  0.000e+00
      0.170    29.5773   0.000797     0.0146     3.5567    -0.0868          0      0.250  34.284841   995.7876      0.169      0.006  0.000e+00
      0.149    29.5750   0.000749     0.0145     3.6025    -0.0937          0      0.500  34.284844   995.7881      0.148      0.004  0.000e+00
      0.149    29.5725   0.000732     0.0145     3.6049    -0.0899          0      0.750  34.284847   995.7888      0.148      0.003  0.000e+00
      0.138    29.5702   0.000705     0.0144     3.6282    -0.0555          0      1.000  34.284850   995.7894      0.137     -0.001  0.000e+00
      0.138    29.5670   0.000684     0.0143     3.6506    -0.0540          0      1.250  34.284852   995.7903      0.137     -0.005  0.000e+00
      0.171    29.5423   0.000643     0.0142    11.8535    -0.0571          0      1.500  34.284855   995.7977      0.170      0.001  0.000e+00
      0.138    29.5011   0.000625     0.0142     5.1491    -0.0494          0      1.750  34.284858   995.8098      0.138     -0.003  0.000e+00
      0.149    29.4749   0.000595     0.0141     4.5065    -0.0784          0      2.000  34.284861   995.8176      0.148     -0.004  0.000e+00
      0.149    29.4572   0.000584     0.0141     3.9755    -0.0815          0      2.250  34.284864   995.8228      0.148     -0.005  0.000e+00
      0.160    29.4516   0.000566     0.0140     3.5121    -0.0784          0      2.500  34.284867   995.8245      0.159      0.005  0.000e+00
      0.160    29.4511   0.000548     0.0140     3.0678    -0.0799          0      2.750  34.284870   995.8246      0.159      0.007  0.000e+00
      0.214    29.4474   0.000542     0.0140     2.5540    -0.1074          0      3.000  34.284873   995.8260      0.213      0.024  0.000e+00
      0.236    29.4920   0.000977     0.0151     2.1088    -0.0983          0      3.250  34.284876   995.8137      0.235      0.038  0.000e+00
      0.301    29.8044   0.005938     0.0327     3.5017    -0.1074          0      3.500  34.284878   995.7338      0.299      0.064  0.000e+00
      0.366    30.0986   0.009922     0.0482     3.9983    -0.1021          0      3.750  34.284881   995.6570      0.364      0.106  0.000e+00
      0.442    30.2897   0.013965     0.0643     4.0409    -0.1074          0      4.000  34.284884   995.6114      0.439      0.145  0.000e+00
      0.517    30.4530   0.013956     0.0641     3.5398    -0.0303          0      4.250  34.284887   995.5618      0.515      0.188  0.000e+00
      0.582    30.5874   0.013962     0.0640     7.5292    -0.0265          0      4.500  34.284890   995.5208      0.579      0.223  0.000e+00
      0.701    30.6778   0.013935     0.0638     6.4707    -0.0258          0      4.750  34.284893   995.4933      0.697      0.265  0.000e+00
      0.723    30.7282   0.013929     0.0638     3.8810    -0.0273          0      5.000  34.284896   995.4779      0.719      0.276  0.000e+00
      0.755    30.7569   0.013953     0.0638     3.7600     1.4208          0      5.250  34.284899   995.4692      0.751      0.277  0.000e+00
      0.809    30.7717   0.013962     0.0639     3.7825     1.4238          0      5.500  34.284902   995.4649      0.805      0.263  0.000e+00
      0.852    30.7774   0.013947     0.0638     5.2175     1.4254          0      5.750  34.284905   995.4633      0.848      0.244  0.000e+00
      0.885    30.7796   0.013935     0.0637     2.8706     1.4292          0      6.000  34.284907   995.4627      0.880      0.219  0.000e+00
      0.896    30.7805   0.013941     0.0638     2.5632     1.4521          0      6.250  34.284910   995.4625      0.891      0.187  0.000e+00
      0.906    30.7821   0.013926     0.0637     1.9519     1.4490          0      6.500  34.284913   995.4620      0.901      0.153  0.000e+00
      0.917    30.7812   0.013902     0.0636     2.4607     1.4483          0      6.750  34.284916   995.4623      0.912      0.118  0.000e+00
      0.917    30.7789   0.013914     0.0637     4.4121     1.4513          0      7.000  34.284919   995.4630      0.912      0.100  0.000e+00
      0.928    30.7769   0.013908     0.0636     4.1171     1.4719          0      7.250  34.284922   995.4637      0.923      0.078  0.000e+00
      0.939    30.7730   0.013914     0.0637     3.9869     1.4696          0      7.500  34.284925   995.4649      0.933      0.055  0.000e+00
      0.960    30.7698   0.013917     0.0637     4.0462     1.4704          0      7.750  34.284928   995.4660      0.955      0.045  0.000e+00
      0.971    30.7663   0.013908     0.0637     3.6987     1.4711          0      8.000  34.284931   995.4671      0.966      0.041  0.000e+00
      0.982    30.7628   0.013881     0.0635     3.8079     1.4772          0      8.250  34.284933   995.4682      0.976      0.043  0.000e+00
      0.993    30.7629   0.013911     0.0637     3.3675     1.4528          0      8.500  34.284936   995.4683      0.987      0.045  0.000e+00
      0.993    30.7649   0.013902     0.0636     3.3407     1.4444          0      8.750  34.284939   995.4677      0.987      0.045  0.000e+00
      0.982    30.7655   0.013870     0.0635     2.7484     1.4483          0      9.000  34.284942   995.4673      0.976      0.039  0.000e+00
      0.993    30.7628   0.013867     0.0635     2.8041     1.4475          0      9.250  34.284945   995.4682      0.987      0.032  0.000e+00
      0.960    30.7574   0.013855     0.0634     3.5806     1.4597          0      9.500  34.284948   995.4697      0.955      0.014  0.000e+00
      0.971    30.7542   0.013849     0.0634     3.0218     1.4666          0      9.750  34.284951   995.4707      0.966      0.001  0.000e+00
      0.949    30.7531   0.013843     0.0634     2.6099     1.4681          0     10.000  34.284954   995.4709      0.944     -0.012  0.000e+00
      0.971    30.7529   0.013843     0.0634     1.9847     1.4612          0     10.250  34.284957   995.4711      0.966     -0.016  0.000e+00
      0.971    30.7525   0.013834     0.0634     2.3723     1.4475          0     10.500  34.284959   995.4712      0.966     -0.016  0.000e+00
      0.982    30.7523   0.013828     0.0633     2.5926     1.4528          0     10.750  34.284962   995.4713      0.976     -0.009  0.000e+00
      0.971    30.7515   0.013843     0.0634     2.6591     1.4528          0     11.000  34.284965   995.4715      0.966     -0.004  0.000e+00
      0.982    30.7503   0.013849     0.0634     2.6508     1.4490          0     11.250  34.284968   995.4720      0.977      0.002  0.000e+00
      0.971    30.7488   0.013855     0.0635     2.6678     1.4116          0     11.500  34.284971   995.4724      0.966      0.009  0.000e+00
      0.982    30.7480   0.013861     0.0635     3.1883     1.4086          0     11.750  34.284974   995.4727      0.977      0.009  0.000e+00
      0.993    30.7484   0.013861     0.0635     3.2905     1.4139          0     12.000  34.284977   995.4726      0.987      0.014  0.000e+00
      0.993    30.7468   0.013822     0.0633     2.9203     1.4154          0     12.250  34.284980   995.4730      0.987      0.010  0.000e+00
      0.993    30.7442   0.013816     0.0633     2.7436     1.4177          0     12.500  34.284983   995.4738      0.987      0.011  0.000e+00
      1.014    30.7182   0.013816     0.0633     2.7791     1.4360          0     12.750  34.284986   995.4819      1.009      0.016  0.000e+00
      0.993    30.6596   0.013831     0.0634     2.6314     1.4437          0     13.000  34.284988   995.5000      0.987      0.016  0.000e+00
      1.004    30.6409   0.013849     0.0635     2.6140     1.4383          0     13.250  34.284991   995.5058      0.998      0.014  0.000e+00
      0.993    30.6473   0.013855     0.0635     2.8832     1.4383          0     13.500  34.284994   995.5038      0.987      0.012  0.000e+00
      0.993    30.6641   0.013861     0.0636     2.3867     1.4513          0     13.750  34.284997   995.4986      0.987      0.004  0.000e+00
      0.982    30.6797   0.013870     0.0636     2.5893     1.4467          0     14.000  34.285000   995.4938      0.977     -0.004  0.000e+00
      0.971    30.6941   0.013870     0.0636     2.5451     1.4513          0     14.250  34.285003   995.4893      0.966     -0.011  0.000e+00
      1.015    30.7062   0.013887     0.0636     2.5269     1.4483          0     14.500  34.285006   995.4858      1.009     -0.005  0.000e+00
      1.004    30.7195   0.013896     0.0636     2.5983     1.4498          0     14.750  34.285009   995.4817      0.998     -0.004  0.000e+00
      0.993    30.7312   0.013887     0.0636     2.6023     1.4528          0     15.000  34.285012   995.4780      0.987      0.001  0.000e+00
      1.004    30.7409   0.013887     0.0636     2.9539     1.4490          0     15.250  34.285014   995.4751      0.998      0.004  0.000e+00
      0.971    30.7482   0.013890     0.0636     2.7316     1.4544          0     15.500  34.285017   995.4727      0.966      0.000  0.000e+00
      0.982    30.7546   0.013893     0.0636     2.6439     1.4360          0     15.750  34.285020   995.4707      0.977     -0.002  0.000e+00
      1.004    30.7595   0.013893     0.0636     2.6139     1.4315          0     16.000  34.285023   995.4693      0.998      0.002  0.000e+00
      0.993    30.7631   0.013896     0.0636     2.6795     1.4383          0     16.250  34.285026   995.4682      0.988     -0.001  0.000e+00
      0.982    30.7670   0.013896     0.0636     2.5515     1.4338          0     16.500  34.285029   995.4669      0.977     -0.011  0.000e+00
      0.993    30.7701   0.013902     0.0636     2.4875     1.4399          0     16.750  34.285032   995.4660      0.987     -0.004  0.000e+00
      0.993    30.7714   0.013896     0.0636     2.8858     1.4368          0     17.000  34.285035   995.4656      0.987     -0.000  0.000e+00
      0.993    30.7718   0.013902     0.0636     2.6182     1.4391          0     17.250  34.285038   995.4655      0.987      0.001  0.000e+00
      0.993    30.7714   0.013896     0.0636     2.7413     1.4338          0     17.500  34.285041   995.4656      0.987      0.006  0.000e+00
      0.971    30.7715   0.013902     0.0636     3.2396     1.4429          0     17.750  34.285043   995.4655      0.966     -0.004  0.000e+00
      1.004    30.7729   0.013896     0.0636     2.6348     1.4597          0     18.000  34.285046   995.4652      0.998     -0.003  0.000e+00
      0.993    30.7734   0.013896     0.0636     2.5377     1.4643          0     18.250  34.285049   995.4650      0.987      0.001  0.000e+00
      0.982    30.7735   0.013896     0.0636     2.7138     1.4696          0     18.500  34.285052   995.4649      0.977     -0.000  0.000e+00
      0.993    30.7746   0.013896     0.0636     2.7170     1.4612          0     18.750  34.285055   995.4646      0.987     -0.001  0.000e+00
      0.982    30.7762   0.013896     0.0636     2.5950     1.4360          0     19.000  34.285058   995.4641      0.977     -0.003  0.000e+00
      1.004    30.7775   0.013890     0.0636     2.6430     1.4338          0     19.250  34.285061   995.4637      0.998      0.002  0.000e+00
      0.993    30.7791   0.013893     0.0636     2.6835     1.4368          0     19.500  34.285064   995.4632      0.988      0.004  0.000e+00
      0.982    30.7804   0.013896     0.0636     2.7911     1.4391          0     19.750  34.285067   995.4628      0.977      0.002  0.000e+00
      0.993    30.7821   0.013890     0.0636     2.8113     1.4338          0     20.000  34.285069   995.4623      0.988     -0.003  0.000e+00
      0.982    30.7835   0.013896     0.0636     2.9999     1.4315          0     20.250  34.285072   995.4618      0.977     -0.001  0.000e+00
      0.993    30.7846   0.013896     0.0636     2.6995     1.4284          0     20.500  34.285075   995.4615      0.988      0.001  0.000e+00
      1.004    30.7846   0.013893     0.0636     2.6595     1.4238          0     20.750  34.285078   995.4616      0.998      0.002  0.000e+00
      1.004    30.7841   0.013884     0.0635     2.6115     1.4277          0     21.000  34.285081   995.4617      0.998      0.006  0.000e+00
      0.993    30.7830   0.013887     0.0636     2.9606     1.4513          0     21.250  34.285084   995.4620      0.988      0.002  0.000e+00
      0.993    30.7826   0.013887     0.0636     2.6895     1.4483          0     21.500  34.285087   995.4621      0.988      0.005  0.000e+00
      0.982    30.7829   0.013884     0.0635     2.5691     1.4490          0     21.750  34.285090   995.4620      0.977      0.002  0.000e+00
      0.993    30.7836   0.013893     0.0636     2.7731     1.4528          0     22.000  34.285093   995.4618      0.988     -0.001  0.000e+00
      0.993    30.7844   0.013893     0.0636     2.6840     1.4490          0     22.250  34.285095   995.4616      0.988     -0.001  0.000e+00
      1.015    30.7843   0.013887     0.0636     2.5866     1.4505          0     22.500  34.285098   995.4617      1.009      0.002  0.000e+00
      1.025    30.7845   0.013884     0.0635     2.6125     1.4452          0     22.750  34.285101   995.4617      1.020      0.008  0.000e+00
      0.993    30.7841   0.013887     0.0636     2.4983     1.4498          0     23.000  34.285104   995.4617      0.988      0.007  0.000e+00
      1.004    30.7842   0.013887     0.0636     2.7694     1.4399          0     23.250  34.285107   995.4617      0.998      0.010  0.000e+00
      1.015    30.7847   0.013890     0.0636     2.7027     1.4307          0     23.500  34.285110   995.4616      1.009      0.012  0.000e+00
      1.015    30.7854   0.013881     0.0635     2.6665     1.4406          0     23.750  34.285113   995.4613      1.009      0.013  0.000e+00
      1.015    30.7859   0.013881     0.0635     2.4270     1.4360          0     24.000  34.285116   995.4612      1.009      0.009  0.000e+00
      0.993    30.7847   0.013870     0.0635     2.7785     1.4345          0     24.250  34.285119   995.4614      0.988     -0.000  0.000e+00
      1.004    30.7818   0.013867     0.0635     2.4795     1.4315          0     24.500  34.285122   995.4624      0.998     -0.006  0.000e+00
      0.993    30.7782   0.013861     0.0635     2.4268     1.4368          0     24.750  34.285124   995.4634      0.988     -0.008  0.000e+00
      0.993    30.7750   0.013855     0.0634     2.5768     1.4360          0     25.000  34.285127   995.4644      0.988     -0.005  0.000e+00
      1.004    30.7722   0.013849     0.0634     2.4587     1.4353          0     25.250  34.285130   995.4653      0.998     -0.008  0.000e+00
      1.004    30.7701   0.013843     0.0634     2.1181     1.4223          0     25.500  34.285133   995.4659      0.998     -0.008  0.000e+00
      0.993    30.7678   0.013843     0.0634     2.2894     1.4315          0     25.750  34.285136   995.4666      0.988     -0.007  0.000e+00
      1.015    30.7657   0.013837     0.0634     2.5560     1.4315          0     26.000  34.285139   995.4673      1.009      0.001  0.000e+00
      1.015    30.7639   0.013837     0.0634     2.8161     1.4299          0     26.250  34.285142   995.4679      1.009      0.009  0.000e+00
      1.004    30.7617   0.013834     0.0634     2.6695     1.4643          0     26.500  34.285145   995.4685      0.998      0.007  0.000e+00
      1.004    30.7593   0.013834     0.0634     2.7514     1.4612          0     26.750  34.285148   995.4692      0.999      0.007  0.000e+00
      0.993    30.7569   0.013837     0.0634     2.4088     1.4612          0     27.000  34.285150   995.4699      0.988      0.002  0.000e+00
      0.993    30.7547   0.013837     0.0634     2.5529     1.4643          0     27.250  34.285153   995.4706      0.988     -0.004  0.000e+00
      1.015    30.7530   0.013837     0.0634     2.4825     1.4353          0     27.500  34.285156   995.4712      1.009     -0.001  0.000e+00
