content/post/ctd_rufiji/SBE19plus_01906740_2018_02_13_0897.cnv
* Sea-Bird SBE19plus  Data File:
* FileName = C:\Users\all user\Desktop\CTD tafiri 2018\SBE19plus_01906740_2018_02_13_0897.hex
* Software version 2.6.3.104
* Temperature SN = 6740
* Conductivity SN = 6740
* System UpLoad Time = Feb 13 2018 13:59:59
* <ApplicationData>
* <Seaterm232>
# nquan = 13
# nvalues = 403                                   
# units = specified
# name 0 = prdM: Pressure, Strain Gauge [db]
# name 1 = tv290C: Temperature [ITS-90, deg C]
# name 2 = c0S/m: Conductivity [S/m]
# name 3 = sal00: Salinity, Practical [PSU]
# name 4 = sbeox0ML/L: Oxygen, SBE 43 [ml/l]
# name 5 = flECO-AFL: Fluorescence, WET Labs ECO-AFL/FL [mg/m^3]
# name 6 = nbf: Bottles Fired
# name 7 = timeS: Time, Elapsed [seconds]
# name 8 = timeJ: Julian Days
# name 9 = density00: Density [density, kg/m^3]
# name 10 = depSM: Depth [salt water, m], lat = 0.00
# name 11 = dz/dtM: Descent Rate [m/s]
# name 12 = flag:  0.000e+00
# span 0 =      0.063,      5.652                 
# span 1 =    30.1658,    31.0139                 
# span 2 =   0.153093,   1.642640                 
# span 3 =     0.6836,     8.4985                 
# span 4 =     0.9225,     4.5826                 
# span 5 =    -0.0983,     2.2875                 
# span 6 =          0,          0                 
# span 7 =      0.000,    100.500                 
# span 8 =  33.774363,  33.775527                 
# span 9 =   995.9390,  1001.7082                 
# span 10 =      0.062,      5.621                
# span 11 =     -0.626,      0.631                
# span 12 = 0.0000e+00, 0.0000e+00                
# interval = seconds: 0.25
# start_time = Feb 02 2018 18:35:05 [Instrument's time stamp, header]
# bad_flag = -9.990e-29
*END*
      0.635    30.1658   0.362758     1.7120     3.9293     1.0431          0      0.000  33.774363   996.8820      0.632 -2.105e-16  0.000e+00
      0.668    30.2188   0.371617     1.7545     2.8120     1.0317          0      0.250  33.774366   996.8976      0.664      0.009  0.000e+00
      0.744    30.2615   0.353279     1.6615     2.5940     1.0378          0      0.500  33.774369   996.8156      0.740      0.035  0.000e+00
      0.765    30.2864   0.428836     2.0393     2.8418     1.0294          0      0.750  33.774372   997.0898      0.761      0.061  0.000e+00
      0.776    30.3016   0.657657     3.2142     2.4702     1.1225          0      1.000  33.774375   997.9602      0.772      0.080  0.000e+00
      0.798    30.3171   0.655278     3.2008     2.4267     1.1248          0      1.250  33.774378   997.9455      0.793      0.096  0.000e+00
      0.787    30.3511   0.659381     3.2200     2.4828     1.1194          0      1.500  33.774381   997.9493      0.783      0.098  0.000e+00
      0.820    30.3761   0.658949     3.2161     2.6076     1.1194          0      1.750  33.774384   997.9389      0.815      0.099  0.000e+00
      0.841    30.3846   0.657274     3.2069     2.8018     1.1118          0      2.000  33.774387   997.9294      0.837      0.093  0.000e+00
      0.895    30.3927   0.657596     3.2080     3.0540     1.1194          0      2.250  33.774389   997.9280      0.890      0.088  0.000e+00
      0.895    30.4071   0.663470     3.2377     3.0707     1.1194          0      2.500  33.774392   997.9456      0.891      0.077  0.000e+00
      0.917    30.4414   0.686342     3.3548     3.0721     1.1209          0      2.750  33.774395   998.0223      0.912      0.081  0.000e+00
      0.939    30.5128   0.748274     3.6743     3.1707     1.1377          0      3.000  33.774398   998.2379      0.934      0.087  0.000e+00
      0.993    30.5891   0.822186     4.0581     3.1870     1.1240          0      3.250  33.774401   998.4998      0.987      0.099  0.000e+00
      1.015    30.6486   0.862571     4.2671     3.1903     1.1309          0      3.500  33.774404   998.6367      1.009      0.110  0.000e+00
      1.047    30.7097   0.892553     4.4211     3.1973     1.1332          0      3.750  33.774407   998.7321      1.041      0.111  0.000e+00
      1.101    30.7683   0.916084     4.5410     3.2003     1.1377          0      4.000  33.774410   998.8031      1.095      0.121  0.000e+00
      1.101    30.8118   0.949149     4.7131     3.1987     1.1034          0      4.250  33.774413   998.9174      1.095      0.118  0.000e+00
      1.090    30.8406   0.964853     4.7942     3.2028     1.1042          0      4.500  33.774416   998.9685      1.084      0.114  0.000e+00
      1.101    30.8568   0.976341     4.8540     3.2111     1.0981          0      4.750  33.774418   999.0078      1.095      0.100  0.000e+00
      1.090    30.8696   0.983926     4.8933     3.2164     1.0904          0      5.000  33.774421   999.0329      1.084      0.076  0.000e+00
      1.123    30.8812   0.990012     4.9247     3.2188     1.0965          0      5.250  33.774424   999.0527      1.117      0.056  0.000e+00
      1.123    30.8872   0.995269     4.9522     3.2231     1.0889          0      5.500  33.774427   999.0713      1.117      0.043  0.000e+00
      1.123    30.8913   0.997395     4.9632     3.2244     1.1011          0      5.750  33.774430   999.0782      1.117      0.027  0.000e+00
      1.123    30.8975   0.997445     4.9628     3.2273     1.0889          0      6.000  33.774433   999.0759      1.117      0.016  0.000e+00
      1.123    30.9050   0.999198     4.9715     3.2298     1.1064          0      6.250  33.774436   999.0800      1.117      0.017  0.000e+00
      1.112    30.9111   0.999410     4.9720     3.2308     1.1003          0      6.500  33.774439   999.0784      1.106      0.014  0.000e+00
      1.134    30.9172   0.999065     4.9696     3.2369     1.1019          0      6.750  33.774442   999.0748      1.127      0.013  0.000e+00
      1.145    30.9196   0.999090     4.9695     3.2389     1.0996          0      7.000  33.774444   999.0740      1.138      0.015  0.000e+00
      1.134    30.9185   1.000637     4.9778     3.2441     1.1293          0      7.250  33.774447   999.0805      1.128      0.008  0.000e+00
      1.112    30.9192   1.002578     4.9881     3.2459     1.1263          0      7.500  33.774450   999.0878      1.106      0.003  0.000e+00
      1.155    30.9183   1.004134     4.9966     3.2505     1.1278          0      7.750  33.774453   999.0946      1.149      0.010  0.000e+00
      1.145    30.9177   1.005204     5.0023     3.2577     1.1293          0      8.000  33.774456   999.0990      1.138      0.012  0.000e+00
      1.145    30.9185   1.005699     5.0049     3.2629     1.1332          0      8.250  33.774459   999.1007      1.138      0.013  0.000e+00
      1.123    30.9192   1.005058     5.0014     3.2652     1.1179          0      8.500  33.774462   999.0977      1.117      0.007  0.000e+00
      1.145    30.9203   1.004509     4.9984     3.2722     1.1179          0      8.750  33.774465   999.0952      1.138      0.002  0.000e+00
      1.123    30.9213   1.004704     4.9993     3.2777     1.1232          0      9.000  33.774468   999.0955      1.117     -0.003  0.000e+00
      1.112    30.9194   1.004247     4.9971     3.2827     1.1156          0      9.250  33.774470   999.0944      1.106     -0.006  0.000e+00
      1.145    30.9155   1.005241     5.0028     3.2920     1.1263          0      9.500  33.774473   999.1000      1.138     -0.003  0.000e+00
      1.134    30.9160   1.005853     5.0060     3.3015     1.1347          0      9.750  33.774476   999.1022      1.128     -0.010  0.000e+00
      1.134    30.9179   1.007535     5.0148     3.3193     1.1270          0     10.000  33.774479   999.1082      1.128     -0.004  0.000e+00
      1.134    30.9196   1.009609     5.0257     3.4053     1.1385          0     10.250  33.774482   999.1157      1.128     -0.001  0.000e+00
      1.166    30.9201   1.010455     5.0302     3.4472     1.1248          0     10.500  33.774485   999.1190      1.160      0.012  0.000e+00
      1.145    30.9184   1.011293     5.0349     3.5095     1.1179          0     10.750  33.774488   999.1229      1.138      0.011  0.000e+00
      1.166    30.9150   1.013211     5.0455     3.5233     1.1164          0     11.000  33.774491   999.1320      1.160      0.021  0.000e+00
      1.177    30.9142   1.013507     5.0471     3.4445     1.1209          0     11.250  33.774494   999.1335      1.171      0.025  0.000e+00
      1.188    30.9169   1.013290     5.0457     3.3239     1.1095          0     11.500  33.774497   999.1316      1.181      0.025  0.000e+00
      1.166    30.9215   1.013811     5.0480     3.1974     1.1080          0     11.750  33.774499   999.1318      1.160      0.025  0.000e+00
      1.199    30.9259   1.013986     5.0485     3.0845     1.1049          0     12.000  33.774502   999.1309      1.192      0.029  0.000e+00
      1.188    30.9295   1.014858     5.0528     2.9626     1.1080          0     12.250  33.774505   999.1329      1.181      0.025  0.000e+00
      1.199    30.9311   1.016882     5.0635     2.8485     1.1042          0     12.500  33.774508   999.1404      1.192      0.021  0.000e+00
      1.188    30.9290   1.016769     5.0631     2.7583     1.1232          0     12.750  33.774511   999.1408      1.181      0.020  0.000e+00
      1.177    30.9272   1.016131     5.0599     2.6656     1.1171          0     13.000  33.774514   999.1389      1.171      0.008  0.000e+00
      1.199    30.9278   1.015997     5.0591     2.6134     1.1194          0     13.250  33.774517   999.1382      1.192      0.007  0.000e+00
      1.188    30.9289   1.015730     5.0576     2.5494     1.1194          0     13.500  33.774520   999.1367      1.182      0.004  0.000e+00
      1.188    30.9290   1.015455     5.0561     2.5187     1.1492          0     13.750  33.774523   999.1355      1.182      0.004  0.000e+00
      1.199    30.9284   1.015104     5.0543     2.4678     1.1522          0     14.000  33.774525   999.1344      1.192     -0.001  0.000e+00
      1.199    30.9265   1.014900     5.0533     2.4394     1.1560          0     14.250  33.774528   999.1343      1.192      0.004  0.000e+00
      1.210    30.9241   1.014550     5.0517     2.3997     1.1591          0     14.500  33.774531   999.1339      1.203      0.007  0.000e+00
      1.199    30.9234   1.014070     5.0492     2.3661     1.1545          0     14.750  33.774534   999.1322      1.192      0.010  0.000e+00
      1.199    30.9239   1.014070     5.0492     2.3583     1.1553          0     15.000  33.774537   999.1321      1.192      0.009  0.000e+00
      1.199    30.9235   1.014550     5.0518     2.3331     1.1591          0     15.250  33.774540   999.1341      1.192      0.004  0.000e+00
      1.166    30.9242   1.015814     5.0585     2.3164     1.1553          0     15.500  33.774543   999.1387      1.160     -0.004  0.000e+00
      1.177    30.9262   1.017291     5.0662     2.2943     1.1499          0     15.750  33.774546   999.1439      1.171     -0.010  0.000e+00
      1.177    30.9284   1.018640     5.0732     2.2616     1.1522          0     16.000  33.774549   999.1484      1.171     -0.016  0.000e+00
      1.188    30.9302   1.019521     5.0777     2.2182     1.1545          0     16.250  33.774552   999.1512      1.181     -0.014  0.000e+00
      1.199    30.9296   1.019801     5.0793     2.1311     1.1499          0     16.500  33.774554   999.1526      1.192     -0.009  0.000e+00
      1.199    30.9272   1.019913     5.0801     2.1026     1.1583          0     16.750  33.774557   999.1540      1.192     -0.001  0.000e+00
      1.199    30.9243   1.020160     5.0817     2.0730     1.1499          0     17.000  33.774560   999.1561      1.192      0.005  0.000e+00
      1.166    30.9222   1.020222     5.0823     2.0895     1.1446          0     17.250  33.774563   999.1570      1.160      0.002  0.000e+00
      1.188    30.9219   1.020314     5.0828     2.0527     1.1377          0     17.500  33.774566   999.1576      1.181      0.007  0.000e+00
      1.188    30.9229   1.020172     5.0820     2.0508     1.1461          0     17.750  33.774569   999.1567      1.181      0.002  0.000e+00
      1.199    30.9254   1.020026     5.0809     2.0656     1.1408          0     18.000  33.774572   999.1552      1.192      0.002  0.000e+00
      1.188    30.9278   1.020026     5.0807     2.0926     1.1522          0     18.250  33.774575   999.1542      1.181     -0.002  0.000e+00
      1.188    30.9296   1.020151     5.0812     2.1211     1.1431          0     18.500  33.774578   999.1540      1.181     -0.004  0.000e+00
      1.199    30.9316   1.020511     5.0829     2.1191     1.1438          0     18.750  33.774580   999.1547      1.192      0.001  0.000e+00
      1.199    30.9331   1.021066     5.0857     2.1124     1.1591          0     19.000  33.774583   999.1563      1.192      0.006  0.000e+00
      1.209    30.9347   1.021614     5.0885     2.1185     1.1553          0     19.250  33.774586   999.1579      1.203      0.014  0.000e+00
      1.188    30.9361   1.022182     5.0914     2.1237     1.1522          0     19.500  33.774589   999.1595      1.181      0.005  0.000e+00
      1.199    30.9370   1.022613     5.0936     2.0830     1.1431          0     19.750  33.774592   999.1609      1.192      0.004  0.000e+00
      1.220    30.9370   1.022880     5.0950     2.0433     1.1492          0     20.000  33.774595   999.1621      1.213      0.009  0.000e+00
      1.199    30.9364   1.023077     5.0961     2.0141     1.1278          0     20.250  33.774598   999.1630      1.192      0.009  0.000e+00
      1.188    30.9353   1.023160     5.0967     2.0042     1.1270          0     20.500  33.774601   999.1637      1.181      0.002  0.000e+00
      1.220    30.9346   1.023223     5.0971     2.0095     1.1293          0     20.750  33.774604   999.1644      1.213      0.004  0.000e+00
      1.209    30.9339   1.023131     5.0967     1.9985     1.1263          0     21.000  33.774606   999.1642      1.203      0.005  0.000e+00
      1.220    30.9337   1.023005     5.0960     1.9922     1.1637          0     21.250  33.774609   999.1639      1.213      0.008  0.000e+00
      1.209    30.9337   1.022922     5.0956     2.0002     1.1675          0     21.500  33.774612   999.1635      1.203      0.010  0.000e+00
      1.199    30.9334   1.022633     5.0941     1.9990     1.1721          0     21.750  33.774615   999.1624      1.192      0.002  0.000e+00
      1.188    30.9339   1.022324     5.0924     1.9980     1.1652          0     22.000  33.774618   999.1609      1.181     -0.006  0.000e+00
      1.188    30.9352   1.022345     5.0923     1.9928     1.1652          0     22.250  33.774621   999.1605      1.181     -0.006  0.000e+00
      1.209    30.9364   1.022604     5.0936     1.9667     1.1705          0     22.500  33.774624   999.1612      1.203     -0.005  0.000e+00
      1.220    30.9376   1.022851     5.0948     1.9430     1.1644          0     22.750  33.774627   999.1617      1.213     -0.006  0.000e+00
      1.209    30.9379   1.022583     5.0933     1.8926     1.1637          0     23.000  33.774630   999.1605      1.203     -0.001  0.000e+00
      1.220    30.9369   1.022613     5.0936     1.9512     1.1538          0     23.250  33.774633   999.1610      1.213      0.004  0.000e+00
      1.209    30.9341   1.022562     5.0936     1.9486     1.1576          0     23.500  33.774635   999.1619      1.203      0.009  0.000e+00
      1.220    30.9323   1.022140     5.0915     1.9536     1.1522          0     23.750  33.774638   999.1610      1.213      0.014  0.000e+00
      1.209    30.9308   1.021831     5.0900     1.9287     1.1568          0     24.000  33.774641   999.1603      1.203      0.012  0.000e+00
      1.231    30.9273   1.021108     5.0865     1.8994     1.1484          0     24.250  33.774644   999.1589      1.224      0.011  0.000e+00
      1.220    30.9222   1.019370     5.0777     1.9081     1.1454          0     24.500  33.774647   999.1539      1.213      0.005  0.000e+00
      1.209    30.9159   1.018205     5.0721     1.9071     1.1469          0     24.750  33.774650   999.1517      1.203      0.001  0.000e+00
      1.209    30.9091   1.017704     5.0701     1.8863     1.1438          0     25.000  33.774653   999.1523      1.203     -0.000  0.000e+00
      1.188    30.9025   1.018648     5.0758     1.8594     1.1461          0     25.250  33.774656   999.1586      1.181     -0.009  0.000e+00
      1.199    30.8971   1.020202     5.0847     1.8608     1.1446          0     25.500  33.774659   999.1669      1.192     -0.011  0.000e+00
      1.220    30.8933   1.020181     5.0850     1.8346     1.1476          0     25.750  33.774661   999.1684      1.214     -0.009  0.000e+00
      1.199    30.8911   1.019575     5.0820     1.8180     1.1431          0     26.000  33.774664   999.1668      1.192     -0.009  0.000e+00
      1.220    30.8893   1.018155     5.0745     1.8150     1.1431          0     26.250  33.774667   999.1619      1.213     -0.006  0.000e+00
      1.199    30.8865   1.015956     5.0630     1.8042     1.1187          0     26.500  33.774670   999.1542      1.192     -0.003  0.000e+00
      1.199    30.8825   1.015188     5.0593     1.7945     1.1202          0     26.750  33.774673   999.1526      1.192     -0.001  0.000e+00
      1.220    30.8782   1.015096     5.0593     1.7870     1.1232          0     27.000  33.774676   999.1540      1.213      0.005  0.000e+00
      1.220    30.8738   1.015259     5.0606     1.7964     1.1171          0     27.250  33.774679   999.1564      1.213      0.010  0.000e+00
      1.220    30.8698   1.015096     5.0601     1.7969     1.1324          0     27.500  33.774682   999.1573      1.213      0.007  0.000e+00
