content/post/ctd_rufiji/SBE19plus_01906740_2018_02_13_0936.cnv
* Sea-Bird SBE19plus  Data File:
* FileName = C:\Users\all user\Desktop\CTD tafiri 2018\SBE19plus_01906740_2018_02_13_0936.hex
* Software version 2.6.3.104
* Temperature SN = 6740
* Conductivity SN = 6740
* System UpLoad Time = Feb 13 2018 14:06:17
* <ApplicationData>
* <Seaterm232>
# nquan = 13
# nvalues = 280                                   
# units = specified
# name 0 = prdM: Pressure, Strain Gauge [db]
# name 1 = tv290C: Temperature [ITS-90, deg C]
# name 2 = c0S/m: Conductivity [S/m]
# name 3 = sal00: Salinity, Practical [PSU]
# name 4 = sbeox0ML/L: Oxygen, SBE 43 [ml/l]
# name 5 = flECO-AFL: Fluorescence, WET Labs ECO-AFL/FL [mg/m^3]
# name 6 = nbf: Bottles Fired
# name 7 = timeS: Time, Elapsed [seconds]
# name 8 = timeJ: Julian Days
# name 9 = density00: Density [density, kg/m^3]
# name 10 = depSM: Depth [salt water, m], lat = 0.00
# name 11 = dz/dtM: Descent Rate [m/s]
# name 12 = flag:  0.000e+00
# span 0 =      0.178,      3.595                 
# span 1 =    28.7239,    30.0550                 
# span 2 =   0.022804,   0.411285                 
# span 3 =     0.1019,     1.9610                 
# span 4 =     1.7836,     3.7697                 
# span 5 =    -0.0471,    48.6795                 
# span 6 =          0,          0                 
# span 7 =      0.000,     69.750                 
# span 8 =  34.444271,  34.445078                 
# span 9 =   995.8195,   997.1398                 
# span 10 =      0.177,      3.575                
# span 11 =     -0.510,      0.449                
# span 12 = 0.0000e+00, 0.0000e+00                
# interval = seconds: 0.25
# start_time = Feb 03 2018 10:39:45 [Instrument's time stamp, header]
# bad_flag = -9.990e-29
*END*
[from data line 112]
      1.303    30.0282   0.406733     1.9380     2.4662     2.2509          0     28.000  34.444595   997.0955      1.296     -0.008  0.000e+00
      1.282    30.0279   0.406478     1.9367     2.4463     2.2562          0     28.250  34.444598   997.0945      1.275     -0.014  0.000e+00
      1.314    30.0259   0.405965     1.9342     2.4287     2.2509          0     28.500  34.444601   997.0934      1.307     -0.014  0.000e+00
      1.314    30.0227   0.403785     1.9233     2.4018     2.2081          0     28.750  34.444604   997.0863      1.307     -0.016  0.000e+00
      1.325    30.0167   0.403931     1.9243     2.3884     2.2028          0     29.000  34.444606   997.0889      1.318     -0.013  0.000e+00
      1.325    30.0129   0.406041     1.9351     2.3662     2.1975          0     29.250  34.444609   997.0981      1.318     -0.009  0.000e+00
      1.346    30.0123   0.405713     1.9334     2.3455     2.1967          0     29.500  34.444612   997.0971      1.339      0.007  0.000e+00
      1.314    30.0148   0.405933     1.9345     2.3264     2.2036          0     29.750  34.444615   997.0970      1.307      0.015  0.000e+00
      1.335    30.0185   0.406328     1.9363     2.2980     2.2036          0     30.000  34.444618   997.0973      1.328      0.020  0.000e+00
      1.292    30.0223   0.407125     1.9402     2.2732     2.2104          0     30.250  34.444621   997.0989      1.285      0.009  0.000e+00
      1.303    30.0229   0.407800     1.9436     2.2663     2.2020          0     30.500  34.444624   997.1013      1.296     -0.007  0.000e+00
      1.335    30.0199   0.408531     1.9474     2.2625     2.2852          0     30.750  34.444627   997.1052      1.328     -0.004  0.000e+00
      1.378    30.0186   0.409479     1.9522     2.2478     2.2852          0     31.000  34.444630   997.1094      1.371      0.009  0.000e+00
      1.411    30.0211   0.409381     1.9516     2.2530     2.2837          0     31.250  34.444633   997.1083      1.403      0.030  0.000e+00
      1.400    30.0236   0.410133     1.9553     2.2529     2.2852          0     31.500  34.444635   997.1103      1.392      0.042  0.000e+00
      1.335    30.0248   0.410784     1.9586     2.2440     2.2081          0     31.750  34.444638   997.1120      1.328      0.039  0.000e+00
      1.205    30.0262   0.411064     1.9600     2.2089     2.2211          0     32.000  34.444641   997.1120      1.199     -0.008  0.000e+00
      1.086    30.0284   0.411285     1.9610     2.1913     2.2196          0     32.250  34.444644   997.1116      1.080     -0.073  0.000e+00
      1.032    30.0288   0.407779     1.9432     2.1781     2.2127          0     32.500  34.444647   997.0980      1.027     -0.150  0.000e+00
      1.065    30.0279   0.406017     1.9344     2.1846     2.2196          0     32.750  34.444650   997.0918      1.059     -0.198  0.000e+00
      1.011    30.0280   0.409531     1.9521     2.1629     2.2471          0     33.000  34.444653   997.1048      1.005     -0.233  0.000e+00
      0.903    30.0268   0.407982     1.9443     2.1609     2.2478          0     33.250  34.444656   997.0989      0.898     -0.261  0.000e+00
      0.794    30.0230   0.406349     1.9362     2.7943     2.2493          0     33.500  34.444659   997.0935      0.790     -0.275  0.000e+00
      0.708    30.0207   0.407020     1.9397     2.3769     2.2509          0     33.750  34.444661   997.0964      0.704     -0.275  0.000e+00
      0.632    30.0194   0.403362     1.9213     2.3334     2.3180          0     34.000  34.444664   997.0827      0.629     -0.271  0.000e+00
      0.568    30.0163   0.400797     1.9085     2.1369     2.3272          0     34.250  34.444667   997.0738      0.564     -0.280  0.000e+00
      0.524    30.0044   0.398691     1.8983     2.0493     2.3272          0     34.500  34.444670   997.0697      0.521     -0.298  0.000e+00
      0.611    29.9737   0.398722     1.8996     1.9914     2.3272          0     34.750  34.444673   997.0804      0.607     -0.274  0.000e+00
      0.740    29.9426   0.402025     1.9175     1.9407     1.9869          0     35.000  34.444676   997.1037      0.736     -0.176  0.000e+00
      0.892    29.9187   0.406751     1.9423     1.8936     1.9831          0     35.250  34.444679   997.1302      0.887     -0.034  0.000e+00
      1.000    29.9177   0.409084     1.9542     1.8528     1.9892          0     35.500  34.444682   997.1398      0.994      0.109  0.000e+00
      1.097    29.9469   0.401523     1.9148     1.9956     1.9831          0     35.750  34.444685   997.1020      1.091      0.235  0.000e+00
      1.184    29.9772   0.398757     1.8997     2.0359     2.3722          0     36.000  34.444688   997.0819      1.177      0.335  0.000e+00
      1.303    29.9982   0.400752     1.9089     2.0791     2.3699          0     36.250  34.444690   997.0829      1.296      0.410  0.000e+00
      1.411    30.0165   0.400961     1.9093     2.1092     2.3768          0     36.500  34.444693   997.0781      1.403      0.448  0.000e+00
      1.519    30.0187   0.401000     1.9094     2.1141     2.3684          0     36.750  34.444696   997.0780      1.511      0.443  0.000e+00
      1.638    29.9959   0.401202     1.9113     2.0779     2.3653          0     37.000  34.444699   997.0869      1.629      0.433  0.000e+00
      1.757    29.9754   0.401307     1.9126     2.0862     2.2753          0     37.250  34.444702   997.0946      1.747      0.430  0.000e+00
      1.865    29.9661   0.400138     1.9070     2.0914     2.2738          0     37.500  34.444705   997.0938      1.855      0.438  0.000e+00
      1.984    29.9651   0.398722     1.8999     2.1097     2.2753          0     37.750  34.444708   997.0893      1.973      0.448  0.000e+00
      2.070    29.9698   0.397060     1.8913     2.0980     2.2699          0     38.000  34.444711   997.0819      2.059      0.449  0.000e+00
      2.168    29.9759   0.394960     1.8805     2.0997     2.1128          0     38.250  34.444714   997.0724      2.156      0.440  0.000e+00
      2.276    29.9867   0.393398     1.8722     2.1443     2.1212          0     38.500  34.444716   997.0634      2.263      0.433  0.000e+00
      2.351    29.9968   0.393425     1.8720     2.0961     2.1135          0     38.750  34.444719   997.0605      2.338      0.418  0.000e+00
      2.438    30.0033   0.393784     1.8735     2.1009     2.1189          0     39.000  34.444722   997.0600      2.424      0.399  0.000e+00
      2.557    30.0075   0.394428     1.8766     2.0959     1.9480          0     39.250  34.444725   997.0616      2.543      0.391  0.000e+00
      2.654    30.0106   0.393920     1.8739     2.0494     1.9510          0     39.500  34.444728   997.0591      2.640      0.386  0.000e+00
      2.751    30.0135   0.395040     1.8795     2.0350     1.9480          0     39.750  34.444731   997.0628      2.736      0.384  0.000e+00
      2.849    30.0165   0.397060     1.8896     2.0861     1.9442          0     40.000  34.444734   997.0698      2.833      0.388  0.000e+00
      2.924    30.0190   0.397900     1.8937     2.0205     1.3971          0     40.250  34.444737   997.0725      2.908      0.384  0.000e+00
      3.011    30.0184   0.397858     1.8935     1.9429     1.4009          0     40.500  34.444740   997.0729      2.994      0.378  0.000e+00
      3.097    30.0171   0.397886     1.8937     1.9213     1.4009          0     40.750  34.444742   997.0738      3.080      0.375  0.000e+00
      3.248    30.0168   0.398022     1.8944     1.9709     1.4017          0     41.000  34.444745   997.0751      3.230      0.383  0.000e+00
      3.432    30.0178   0.397165     1.8900     1.9947     1.4040          0     41.250  34.444748   997.0723      3.413      0.409  0.000e+00
      3.540    30.0186   0.383218     1.8197     2.1091     1.1049          0     41.500  34.444751   997.0201      3.521      0.437  0.000e+00
      3.584    30.0180   0.380321     1.8052     2.0658     1.1095          0     41.750  34.444754   997.0097      3.564      0.444  0.000e+00
      3.573    30.0165   0.383166     1.8196     2.0680     1.1171          0     42.000  34.444757   997.0208      3.553      0.418  0.000e+00
      3.594    30.0156   0.387024     1.8390     2.0780     1.1064          0     42.250  34.444760   997.0357      3.575      0.376  0.000e+00
      3.573    30.0153   0.388243     1.8452     2.0749     1.0256          0     42.500  34.444763   997.0403      3.553      0.303  0.000e+00
      3.584    30.0149   0.386111     1.8344     2.0578     1.0302          0     42.750  34.444766   997.0324      3.564      0.218  0.000e+00
      3.562    30.0141   0.385042     1.8291     2.0277     1.0195          0     43.000  34.444769   997.0286      3.542      0.119  0.000e+00
      3.584    30.0132   0.382192     1.8148     1.9759     1.0225          0     43.250  34.444771   997.0183      3.564      0.045  0.000e+00
      3.584    30.0125   0.378254     1.7950     1.9365     0.8760          0     43.500  34.444774   997.0037      3.564      0.009  0.000e+00
      3.584    30.0129   0.374426     1.7757     1.9592     0.8776          0     43.750  34.444777   996.9892      3.564     -0.000  0.000e+00
      3.595    30.0140   0.371383     1.7604     1.9668     0.8776          0     44.000  34.444780   996.9776      3.575      0.005  0.000e+00
      3.562    30.0145   0.368598     1.7464     1.9655     0.8852          0     44.250  34.444783   996.9668      3.542     -0.003  0.000e+00
      3.584    30.0138   0.365803     1.7324     1.9344     0.8821          0     44.500  34.444786   996.9567      3.564      0.003  0.000e+00
      3.584    30.0113   0.364477     1.7259     1.9447    -0.0303          0     44.750  34.444789   996.9525      3.564      0.002  0.000e+00
      3.573    30.0085   0.364818     1.7277     1.9350    -0.0342          0     45.000  34.444792   996.9547      3.553      0.002  0.000e+00
      3.562    30.0059   0.366254     1.7350     1.9293    -0.0273          0     45.250  34.444795   996.9609      3.542     -0.009  0.000e+00
      3.551    30.0041   0.368385     1.7457     1.9388    -0.0281          0     45.500  34.444797   996.9694      3.532     -0.014  0.000e+00
      3.562    30.0027   0.369820     1.7530     1.9497    -0.0456          0     45.750  34.444800   996.9753      3.542     -0.015  0.000e+00
      3.573    30.0012   0.370482     1.7564     1.9501    -0.0433          0     46.000  34.444803   996.9783      3.553     -0.012  0.000e+00
      3.562    29.9993   0.370720     1.7576     1.9383    -0.0456          0     46.250  34.444806   996.9798      3.542     -0.007  0.000e+00
      3.584    29.9975   0.371535     1.7618     1.9955    -0.0372          0     46.500  34.444809   996.9835      3.564     -0.004  0.000e+00
      3.519    29.9964   0.372225     1.7653     1.9551    -0.0410          0     46.750  34.444812   996.9862      3.499     -0.014  0.000e+00
      3.486    29.9952   0.372809     1.7683     1.9643    -0.0426          0     47.000  34.444815   996.9886      3.467     -0.027  0.000e+00
      3.497    29.9945   0.372809     1.7683     1.9064    -0.0441          0     47.250  34.444818   996.9889      3.478     -0.035  0.000e+00
      3.486    29.9937   0.372277     1.7656     1.8905    -0.0471          0     47.500  34.444821   996.9871      3.467     -0.045  0.000e+00
      3.497    29.9928   0.372080     1.7647     1.8840    -0.0303          0     47.750  34.444823   996.9867      3.478     -0.050  0.000e+00
      3.497    29.9924   0.372156     1.7651     1.8809    -0.0265          0     48.000  34.444826   996.9872      3.478     -0.048  0.000e+00
      3.465    29.9917   0.372436     1.7665     1.8883    -0.0281          0     48.250  34.444829   996.9883      3.446     -0.046  0.000e+00
      3.443    29.9905   0.373590     1.7723     1.8814    -0.0273          0     48.500  34.444832   996.9929      3.424     -0.047  0.000e+00
      3.432    29.9899   0.374416     1.7765     1.8930    -0.0365          0     48.750  34.444835   996.9962      3.414     -0.035  0.000e+00
      3.487    29.9895   0.374174     1.7753     1.8887     0.0086          0     49.000  34.444838   996.9956      3.467     -0.021  0.000e+00
      3.476    29.9893   0.372747     1.7682     1.8928     0.0063          0     49.250  34.444841   996.9903      3.457     -0.018  0.000e+00
      3.433    29.9884   0.372360     1.7662     1.8844     0.0032          0     49.500  34.444844   996.9889      3.414     -0.022  0.000e+00
      3.465    29.9871   0.372664     1.7678     1.8806     0.0139          0     49.750  34.444847   996.9907      3.446     -0.017  0.000e+00
      3.498    29.9853   0.373566     1.7724     1.8718     0.1253          0     50.000  34.444850   996.9948      3.478      0.002  0.000e+00
      3.476    29.9843   0.377054     1.7900     1.8563     0.1169          0     50.250  34.444852   997.0081      3.457      0.015  0.000e+00
      3.465    29.9822   0.381780     1.8138     1.8629     0.1184          0     50.500  34.444855   997.0265      3.446      0.015  0.000e+00
      3.465    29.9703   0.384078     1.8258     1.8896     0.1177          0     50.750  34.444858   997.0391      3.446      0.009  0.000e+00
      3.443    29.9486   0.383901     1.8257     1.8640     0.2718          0     51.000  34.444861   997.0455      3.424     -0.009  0.000e+00
      3.465    29.9280   0.383697     1.8255     1.8621     0.2672          0     51.250  34.444864   997.0516      3.446     -0.003  0.000e+00
      3.476    29.9136   0.383402     1.8245     1.8689     0.2741          0     51.500  34.444867   997.0553      3.457      0.004  0.000e+00
      3.487    29.9038   0.383208     1.8239     1.8677     0.2718          0     51.750  34.444870   997.0579      3.467     -0.002  0.000e+00
      3.465    29.8966   0.383156     1.8239     1.8493     0.3542          0     52.000  34.444873   997.0600      3.446     -0.005  0.000e+00
      3.432    29.8913   0.383125     1.8239     1.8622     0.3626          0     52.250  34.444876   997.0615      3.414     -0.007  0.000e+00
      3.422    29.8874   0.383041     1.8236     1.8681     0.3580          0     52.500  34.444878   997.0624      3.403     -0.014  0.000e+00
      3.378    29.8846   0.382671     1.8219     1.8742     0.3618          0     52.750  34.444881   997.0617      3.360     -0.033  0.000e+00
      3.389    29.8823   0.382071     1.8189     1.8592     0.3565          0     53.000  34.444884   997.0603      3.371     -0.043  0.000e+00
      3.411    29.8814   0.381426     1.8157     1.8651     0.4228          0     53.250  34.444887   997.0582      3.392     -0.049  0.000e+00
      3.443    29.8833   0.380547     1.8112     1.8413     0.4183          0     53.500  34.444890   997.0544      3.424     -0.038  0.000e+00
      3.486    29.8896   0.379906     1.8078     1.8309     0.4167          0     53.750  34.444893   997.0501      3.467     -0.010  0.000e+00
      3.486    29.9040   0.379892     1.8072     1.8355     0.4267          0     54.000  34.444896   997.0453      3.467      0.021  0.000e+00
      3.454    29.9178   0.380183     1.8081     1.8392     0.5426          0     54.250  34.444899   997.0417      3.435      0.037  0.000e+00
      3.400    29.9257   0.381523     1.8146     1.8358     0.5373          0     54.500  34.444902   997.0439      3.381      0.027  0.000e+00
      3.346    29.9308   0.382338     1.8185     1.8449     0.5411          0     54.750  34.444905   997.0450      3.327      0.002  0.000e+00
      3.302    29.9193   0.382580     1.8202     1.8356     0.5426          0     55.000  34.444907   997.0496      3.284     -0.044  0.000e+00
      3.313    29.8982   0.381984     1.8179     1.8228     0.6143          0     55.250  34.444910   997.0543      3.295     -0.079  0.000e+00
