content/post/ctd_rufiji/SBE19plus_01906740_2018_02_13_0897.cnv
* Sea-Bird SBE19plus  Data File:
* FileName = C:\Users\all user\Desktop\CTD tafiri 2018\SBE19plus_01906740_2018_02_13_0897.hex
* Software version 2.6.3.104
* Temperature SN = 6740
* Conductivity SN = 6740
* System UpLoad Time = Feb 13 2018 13:59:59
* <ApplicationData>
* <Seaterm232>
# nquan = 13
# nvalues = 403                                   
# units = specified
# name 0 = prdM: Pressure, Strain Gauge [db]
# name 1 = tv290C: Temperature [ITS-90, deg C]
# name 2 = c0S/m: Conductivity [S/m]
# name 3 = sal00: Salinity, Practical [PSU]
# name 4 = sbeox0ML/L: Oxygen, SBE 43 [ml/l]
# name 5 = flECO-AFL: Fluorescence, WET Labs ECO-AFL/FL [mg/m^3]
# name 6 = nbf: Bottles Fired
# name 7 = timeS: Time, Elapsed [seconds]
# name 8 = timeJ: Julian Days
# name 9 = density00: Density [density, kg/m^3]
# name 10 = depSM: Depth [salt water, m], lat = 0.00
# name 11 = dz/dtM: Descent Rate [m/s]
# name 12 = flag:  0.000e+00
# span 0 =      0.063,      5.652                 
# span 1 =    30.1658,    31.0139                 
# span 2 =   0.153093,   1.642640                 
# span 3 =     0.6836,     8.4985                 
# span 4 =     0.9225,     4.5826                 
# span 5 =    -0.0983,     2.2875                 
# span 6 =          0,          0                 
# span 7 =      0.000,    100.500                 
# span 8 =  33.774363,  33.775527                 
# span 9 =   995.9390,  1001.7082                 
# span 10 =      0.062,      5.621                
# span 11 =     -0.626,      0.631                
# span 12 = 0.0000e+00, 0.0000e+00                
# interval = seconds: 0.25
# start_time = Feb 02 2018 18:35:05 [Instrument's time stamp, header]
# bad_flag = -9.990e-29
*END*
[from data line 112]
      1.210    30.8620   1.013628     5.0530     1.7729     1.1278          0     28.000  33.774687   999.1545      1.203      0.005  0.000e+00
      1.199    30.8580   1.013128     5.0508     1.7564     1.1339          0     28.250  33.774690   999.1540      1.192     -0.002  0.000e+00
      1.209    30.8539   1.012861     5.0497     1.7509     1.1324          0     28.500  33.774693   999.1546      1.203      0.001  0.000e+00
      1.199    30.8498   1.012748     5.0495     1.7414     1.1324          0     28.750  33.774696   999.1557      1.192     -0.006  0.000e+00
      1.220    30.8460   1.012798     5.0502     1.7193     1.1286          0     29.000  33.774699   999.1575      1.214     -0.006  0.000e+00
      1.220    30.8420   1.013036     5.0519     1.7085     1.1248          0     29.250  33.774702   999.1600      1.213     -0.001  0.000e+00
      1.209    30.8379   1.013057     5.0524     1.6863     1.1255          0     29.500  33.774705   999.1616      1.203      0.001  0.000e+00
      1.220    30.8343   1.013332     5.0542     1.6759     1.1377          0     29.750  33.774708   999.1641      1.213      0.006  0.000e+00
      1.199    30.8307   1.013003     5.0528     1.6561     1.1309          0     30.000  33.774711   999.1642      1.192      0.003  0.000e+00
      1.220    30.8273   1.012686     5.0515     1.6296     1.1324          0     30.250  33.774714   999.1643      1.213      0.006  0.000e+00
      1.220    30.8235   1.012164     5.0491     1.6321     1.1270          0     30.500  33.774716   999.1637      1.213      0.004  0.000e+00
      1.188    30.8196   1.012832     5.0530     1.5933     1.1248          0     30.750  33.774719   999.1678      1.181     -0.004  0.000e+00
      1.242    30.8158   1.014245     5.0610     1.6079     1.1324          0     31.000  33.774722   999.1751      1.235      0.001  0.000e+00
      1.209    30.8134   1.015772     5.0694     1.6021     1.1278          0     31.250  33.774725   999.1820      1.203      0.001  0.000e+00
      1.220    30.8122   1.013269     5.0561     1.6032     1.1286          0     31.500  33.774728   999.1725      1.214      0.004  0.000e+00
      1.210    30.8108   1.011081     5.0445     1.6113     1.1545          0     31.750  33.774731   999.1643      1.203      0.002  0.000e+00
      1.220    30.8072   1.009201     5.0348     1.6443     1.1538          0     32.000  33.774734   999.1583      1.214      0.005  0.000e+00
      1.220    30.8037   1.008843     5.0332     1.6593     1.1553          0     32.250  33.774737   999.1582      1.214      0.002  0.000e+00
      1.220    30.8014   1.009589     5.0375     1.6466     1.1568          0     32.500  33.774740   999.1620      1.214      0.004  0.000e+00
      1.210    30.7991   1.010714     5.0437     1.6406     1.1621          0     32.750  33.774742   999.1674      1.203      0.003  0.000e+00
      1.220    30.7971   1.011756     5.0495     1.6348     1.1209          0     33.000  33.774745   999.1724      1.214     -0.005  0.000e+00
      1.210    30.7947   1.011735     5.0497     1.6449     1.1270          0     33.250  33.774748   999.1732      1.203      0.000  0.000e+00
      1.210    30.7917   1.011202     5.0471     1.6462     1.1309          0     33.500  33.774751   999.1722      1.203     -0.004  0.000e+00
      1.210    30.7876   1.010301     5.0427     1.6233     1.1255          0     33.750  33.774754   999.1702      1.203     -0.004  0.000e+00
      1.220    30.7826   1.009485     5.0388     1.6283     1.1629          0     34.000  33.774757   999.1690      1.214     -0.004  0.000e+00
      1.220    30.7767   1.009035     5.0370     1.6136     1.1606          0     34.250  33.774760   999.1695      1.214     -0.001  0.000e+00
      1.220    30.7716   1.009272     5.0388     1.6209     1.1560          0     34.500  33.774763   999.1724      1.214      0.002  0.000e+00
      1.188    30.7666   1.009797     5.0421     1.6133     1.1591          0     34.750  33.774766   999.1763      1.181     -0.004  0.000e+00
      1.242    30.7621   1.010172     5.0446     1.6101     1.1454          0     35.000  33.774769   999.1798      1.235      0.004  0.000e+00
      1.242    30.7582   1.010231     5.0453     1.5827     1.1400          0     35.250  33.774771   999.1815      1.235      0.012  0.000e+00
      1.220    30.7545   1.010272     5.0459     1.5457     1.1476          0     35.500  33.774774   999.1830      1.213      0.010  0.000e+00
      1.231    30.7509   1.010131     5.0455     1.5720     1.1400          0     35.750  33.774777   999.1839      1.224      0.010  0.000e+00
      1.242    30.7473   1.009864     5.0444     1.5635     1.1423          0     36.000  33.774780   999.1843      1.235      0.011  0.000e+00
      1.220    30.7432   1.009372     5.0422     1.5757     1.1423          0     36.250  33.774783   999.1838      1.213      0.008  0.000e+00
      1.231    30.7390   1.008935     5.0403     1.5708     1.1431          0     36.500  33.774786   999.1838      1.224      0.008  0.000e+00
      1.231    30.7344   1.008568     5.0387     1.5815     1.1438          0     36.750  33.774789   999.1841      1.224      0.008  0.000e+00
      1.242    30.7300   1.008556     5.0391     1.5877     1.1423          0     37.000  33.774792   999.1858      1.235     -0.002  0.000e+00
      1.242    30.7260   1.009089     5.0424     1.5935     1.1324          0     37.250  33.774795   999.1895      1.235      0.003  0.000e+00
      1.263    30.7227   1.010160     5.0485     1.6094     1.1309          0     37.500  33.774797   999.1951      1.256      0.014  0.000e+00
      1.241    30.7205   1.010835     5.0523     1.5871     1.1339          0     37.750  33.774800   999.1986      1.235      0.011  0.000e+00
      1.231    30.7205   1.010468     5.0504     1.5842     1.1309          0     38.000  33.774803   999.1971      1.224      0.006  0.000e+00
      1.242    30.7196   1.009610     5.0458     1.5863     1.1446          0     38.250  33.774806   999.1940      1.235      0.009  0.000e+00
      1.231    30.7174   1.009068     5.0431     1.5985     1.1408          0     38.500  33.774809   999.1927      1.224      0.001  0.000e+00
      1.220    30.7136   1.009223     5.0444     1.6208     1.1415          0     38.750  33.774812   999.1948      1.213     -0.007  0.000e+00
      1.220    30.7098   1.009314     5.0452     1.6163     1.1408          0     39.000  33.774815   999.1966      1.213     -0.014  0.000e+00
      1.231    30.7066   1.009352     5.0458     1.6251     1.1248          0     39.250  33.774818   999.1980      1.224     -0.014  0.000e+00
      1.209    30.7037   1.009118     5.0448     1.6232     1.1232          0     39.500  33.774821   999.1981      1.203     -0.019  0.000e+00
      1.231    30.7006   1.008943     5.0442     1.6119     1.1194          0     39.750  33.774823   999.1987      1.224     -0.009  0.000e+00
      1.220    30.6970   1.009056     5.0451     1.5987     1.1202          0     40.000  33.774826   999.2005      1.213     -0.007  0.000e+00
      1.231    30.6937   1.009181     5.0461     1.6051     1.1553          0     40.250  33.774829   999.2024      1.224     -0.004  0.000e+00
      1.242    30.6910   1.009414     5.0477     1.6015     1.1583          0     40.500  33.774832   999.2044      1.235      0.005  0.000e+00
      1.242    30.6887   1.009385     5.0477     1.5913     1.1576          0     40.750  33.774835   999.2052      1.235      0.011  0.000e+00
      1.231    30.6867   1.009427     5.0482     1.6013     1.1560          0     41.000  33.774838   999.2061      1.224      0.009  0.000e+00
      1.220    30.6847   1.009239     5.0474     1.5846     1.1507          0     41.250  33.774841   999.2060      1.213      0.004  0.000e+00
      1.209    30.6826   1.009189     5.0473     1.5819     1.1270          0     41.500  33.774844   999.2066      1.203      0.000  0.000e+00
      1.231    30.6800   1.009127     5.0472     1.5855     1.1278          0     41.750  33.774847   999.2075      1.224     -0.004  0.000e+00
      1.231    30.6776   1.008906     5.0463     1.5769     1.1293          0     42.000  33.774850   999.2075      1.224     -0.003  0.000e+00
      1.220    30.6751   1.008590     5.0448     1.5868     1.1232          0     42.250  33.774852   999.2072      1.213     -0.008  0.000e+00
      1.220    30.6720   1.008515     5.0447     1.5717     1.1805          0     42.500  33.774855   999.2081      1.213     -0.009  0.000e+00
      1.220    30.6690   1.008781     5.0465     1.5523     1.1782          0     42.750  33.774858   999.2103      1.213     -0.007  0.000e+00
      1.209    30.6664   1.009023     5.0481     1.5586     1.1759          0     43.000  33.774861   999.2122      1.202     -0.005  0.000e+00
      1.231    30.6640   1.009089     5.0486     1.5656     1.1721          0     43.250  33.774864   999.2135      1.224      0.001  0.000e+00
      1.241    30.6628   1.008914     5.0478     1.5604     1.2140          0     43.500  33.774867   999.2134      1.235      0.006  0.000e+00
      1.231    30.6607   1.008781     5.0473     1.5466     1.2117          0     43.750  33.774870   999.2136      1.224      0.003  0.000e+00
      1.241    30.6584   1.008669     5.0469     1.5730     1.2163          0     44.000  33.774873   999.2141      1.235      0.009  0.000e+00
      1.231    30.6561   1.008985     5.0489     1.5898     1.2163          0     44.250  33.774876   999.2162      1.224      0.011  0.000e+00
      1.220    30.6540   1.009223     5.0504     1.5668     1.2094          0     44.500  33.774878   999.2179      1.213      0.006  0.000e+00
      1.241    30.6523   1.009427     5.0516     1.5740     1.1942          0     44.750  33.774881   999.2194      1.235      0.008  0.000e+00
      1.220    30.6512   1.008956     5.0492     1.5552     1.1896          0     45.000  33.774884   999.2179      1.213      0.002  0.000e+00
      1.231    30.6493   1.008577     5.0474     1.5579     1.1888          0     45.250  33.774887   999.2172      1.224     -0.004  0.000e+00
      1.242    30.6469   1.008527     5.0473     1.5551     1.1972          0     45.500  33.774890   999.2179      1.235     -0.002  0.000e+00
      1.220    30.6444   1.008648     5.0483     1.5348     1.1805          0     45.750  33.774893   999.2193      1.213     -0.003  0.000e+00
      1.253    30.6425   1.008956     5.0501     1.5348     1.1805          0     46.000  33.774896   999.2214      1.246      0.003  0.000e+00
      1.253    30.6404   1.009260     5.0520     1.5224     1.1789          0     46.250  33.774899   999.2235      1.246      0.011  0.000e+00
      1.231    30.6390   1.008956     5.0505     1.5350     1.1797          0     46.500  33.774902   999.2227      1.224      0.009  0.000e+00
      1.231    30.6374   1.008436     5.0478     1.5494     1.1866          0     46.750  33.774905   999.2212      1.224      0.003  0.000e+00
      1.220    30.6352   1.008231     5.0469     1.5483     1.1881          0     47.000  33.774907   999.2212      1.213      0.001  0.000e+00
      1.220    30.6328   1.008373     5.0479     1.5214     1.1896          0     47.250  33.774910   999.2227      1.213     -0.007  0.000e+00
      1.220    30.6309   1.008731     5.0501     1.5194     1.1919          0     47.500  33.774913   999.2249      1.213     -0.012  0.000e+00
      1.231    30.6287   1.008865     5.0510     1.5256     1.1637          0     47.750  33.774916   999.2263      1.224     -0.009  0.000e+00
      1.231    30.6275   1.008373     5.0485     1.5173     1.1705          0     48.000  33.774919   999.2248      1.224     -0.012  0.000e+00
      1.231    30.6256   1.008119     5.0473     1.5144     1.1736          0     48.250  33.774922   999.2245      1.224     -0.006  0.000e+00
      1.242    30.6235   1.008181     5.0479     1.5060     1.1705          0     48.500  33.774925   999.2257      1.235      0.005  0.000e+00
      1.242    30.6216   1.008681     5.0507     1.5029     1.1721          0     48.750  33.774928   999.2284      1.235      0.009  0.000e+00
      1.242    30.6200   1.009273     5.0541     1.5088     1.1667          0     49.000  33.774931   999.2314      1.235      0.013  0.000e+00
      1.220    30.6189   1.009365     5.0547     1.5069     1.1690          0     49.250  33.774933   999.2321      1.213      0.006  0.000e+00
      1.241    30.6183   1.008740     5.0514     1.5070     1.1690          0     49.500  33.774936   999.2299      1.235      0.006  0.000e+00
      1.241    30.6170   1.008311     5.0492     1.5082     1.1675          0     49.750  33.774939   999.2287      1.235      0.003  0.000e+00
      1.241    30.6152   1.008323     5.0495     1.5136     1.1698          0     50.000  33.774942   999.2294      1.235      0.003  0.000e+00
      1.231    30.6133   1.008702     5.0517     1.5047     1.1782          0     50.250  33.774945   999.2317      1.224     -0.000  0.000e+00
      1.220    30.6115   1.008773     5.0523     1.5038     1.1843          0     50.500  33.774948   999.2326      1.213     -0.007  0.000e+00
      1.209    30.6103   1.008669     5.0518     1.4982     1.1827          0     50.750  33.774951   999.2326      1.202     -0.012  0.000e+00
      1.231    30.6089   1.008219     5.0495     1.4946     1.1553          0     51.000  33.774954   999.2314      1.224     -0.009  0.000e+00
      1.220    30.6073   1.008007     5.0486     1.4954     1.1530          0     51.250  33.774957   999.2312      1.213     -0.008  0.000e+00
      1.220    30.6056   1.008119     5.0493     1.4954     1.1560          0     51.500  33.774959   999.2323      1.213     -0.013  0.000e+00
      1.231    30.6040   1.008548     5.0518     1.4951     1.1553          0     51.750  33.774962   999.2347      1.224     -0.008  0.000e+00
      1.242    30.6028   1.009160     5.0552     1.4907     1.1705          0     52.000  33.774965   999.2376      1.235      0.001  0.000e+00
      1.252    30.6019   1.009056     5.0548     1.4959     1.1606          0     52.250  33.774968   999.2376      1.246      0.012  0.000e+00
      1.220    30.6010   1.008590     5.0523     1.4854     1.1667          0     52.500  33.774971   999.2359      1.213      0.011  0.000e+00
      1.231    30.5999   1.008048     5.0495     1.5199     1.1736          0     52.750  33.774974   999.2343      1.224      0.009  0.000e+00
      1.231    30.5982   1.008119     5.0501     1.5050     1.1682          0     53.000  33.774977   999.2352      1.224      0.004  0.000e+00
      1.242    30.5969   1.008781     5.0538     1.5031     1.1560          0     53.250  33.774980   999.2384      1.235      0.007  0.000e+00
      1.220    30.5957   1.009498     5.0578     1.5093     1.1507          0     53.500  33.774983   999.2416      1.213     -0.001  0.000e+00
      1.231    30.5951   1.009548     5.0581     1.4981     1.1576          0     53.750  33.774986   999.2421      1.224     -0.005  0.000e+00
      1.220    30.5949   1.008831     5.0542     1.4867     1.1568          0     54.000  33.774988   999.2393      1.213     -0.009  0.000e+00
      1.231    30.5938   1.008036     5.0501     1.4761     1.1751          0     54.250  33.774991   999.2365      1.224     -0.006  0.000e+00
      1.220    30.5922   1.007740     5.0486     1.4704     1.1728          0     54.500  33.774994   999.2359      1.213     -0.002  0.000e+00
      1.241    30.5911   1.007853     5.0494     1.4633     1.1713          0     54.750  33.774997   999.2369      1.235     -0.001  0.000e+00
      1.242    30.5899   1.008261     5.0517     1.4668     1.1698          0     55.000  33.775000   999.2390      1.235      0.003  0.000e+00
      1.242    30.5891   1.008619     5.0537     1.4689     1.1751          0     55.250  33.775003   999.2408      1.235      0.006  0.000e+00
