content/post/ctd_rufiji/SBE19plus_01906740_2018_02_13_0889.cnv
* Sea-Bird SBE19plus  Data File:
* FileName = C:\Users\all user\Desktop\CTD tafiri 2018\SBE19plus_01906740_2018_02_13_0889.hex
* Software version 2.6.3.104
* Temperature SN = 6740
* Conductivity SN = 6740
* System UpLoad Time = Feb 13 2018 13:58:32
* <ApplicationData>
* <Seaterm232>
# nquan = 13
# nvalues = 478                                   
# units = specified
# name 0 = prdM: Pressure, Strain Gauge [db]
# name 1 = tv290C: Temperature [ITS-90, deg C]
# name 2 = c0S/m: Conductivity [S/m]
# name 3 = sal00: Salinity, Practical [PSU]
# name 4 = sbeox0ML/L: Oxygen, SBE 43 [ml/l]
# name 5 = flECO-AFL: Fluorescence, WET Labs ECO-AFL/FL [mg/m^3]
# name 6 = nbf: Bottles Fired
# name 7 = timeS: Time, Elapsed [seconds]
# name 8 = timeJ: Julian Days
# name 9 = density00: Density [density, kg/m^3]
# name 10 = depSM: Depth [salt water, m], lat = 0.00
# name 11 = dz/dtM: Descent Rate [m/s]
# name 12 = flag:  0.000e+00
# span 0 =      0.051,      8.538                 
# span 1 =    30.3340,    30.9295                 
# span 2 =   0.096586,   3.433542                 
# span 3 =     0.4238,    19.2079                 
# span 4 =     1.6527,     3.3055                 
# span 5 =     0.0231,     2.7155                 
# span 6 =          0,          0                 
# span 7 =      0.000,    119.250                 
# span 8 =  33.739641,  33.741021                 
# span 9 =   995.7237,  1009.8137                 
# span 10 =      0.050,      8.490                
# span 11 =     -0.754,      0.411                
# span 12 = 0.0000e+00, 0.0000e+00                
# interval = seconds: 0.25
# start_time = Feb 02 2018 17:45:05 [Instrument's time stamp, header]
# bad_flag = -9.990e-29
*END*
[from data line 112]
      1.240    30.7849   1.798486     9.4042     1.9645     1.4399          0     28.000  33.739965  1002.4080      1.233      0.015  0.000e+00
      1.218    30.7666   1.799581     9.4139     1.9837     1.4429          0     28.250  33.739968  1002.4210      1.212      0.007  0.000e+00
      1.229    30.7564   1.800824     9.4229     2.0140     1.4483          0     28.500  33.739971  1002.4309      1.222      0.007  0.000e+00
      1.218    30.7494   1.792351     9.3761     2.0243     1.4315          0     28.750  33.739974  1002.3983      1.212     -0.001  0.000e+00
      1.218    30.7406   1.788948     9.3584     2.0332     1.4315          0     29.000  33.739977  1002.3880      1.212     -0.004  0.000e+00
      1.240    30.7287   1.786889     9.3489     2.0033     1.4307          0     29.250  33.739980  1002.3849      1.233     -0.005  0.000e+00
      1.229    30.7016   1.787845     9.3594     1.9807     1.4299          0     29.500  33.739983  1002.4013      1.222     -0.010  0.000e+00
      1.229    30.6755   1.795315     9.4069     1.9714     1.4315          0     29.750  33.739986  1002.4448      1.222     -0.009  0.000e+00
      1.240    30.6613   1.808626     9.4854     1.9634     1.4330          0     30.000  33.739988  1002.5076      1.233      0.004  0.000e+00
      1.240    30.6581   1.822496     9.5650     1.9567     1.4238          0     30.250  33.739991  1002.5677      1.233      0.010  0.000e+00
      1.229    30.6721   1.832625     9.6201     1.9585     1.4261          0     30.500  33.739994  1002.6041      1.223      0.007  0.000e+00
      1.229    30.6931   1.841149     9.6646     1.9730     1.4429          0     30.750  33.739997  1002.6304      1.222      0.006  0.000e+00
      1.240    30.7090   1.844717     9.6819     2.0012     1.4467          0     31.000  33.740000  1002.6382      1.233      0.004  0.000e+00
      1.240    30.7193   1.846470     9.6899     2.0230     1.4391          0     31.250  33.740003  1002.6409      1.233      0.001  0.000e+00
      1.229    30.7259   1.848134     9.6981     2.0398     1.4444          0     31.500  33.740006  1002.6448      1.222      0.001  0.000e+00
      1.240    30.7332   1.847232     9.6915     2.0326     1.4338          0     31.750  33.740009  1002.6376      1.233      0.001  0.000e+00
      1.229    30.7395   1.838932     9.6430     2.0320     1.4231          0     32.000  33.740012  1002.5996      1.222     -0.002  0.000e+00
      1.218    30.7448   1.830629     9.5947     2.0126     1.4353          0     32.250  33.740014  1002.5620      1.211     -0.005  0.000e+00
      1.261    30.7486   1.825115     9.5626     1.9970     1.4284          0     32.500  33.740017  1002.5372      1.254      0.005  0.000e+00
      1.240    30.7506   1.831276     9.5972     1.9808     1.4338          0     32.750  33.740020  1002.5621      1.233      0.004  0.000e+00
      1.250    30.7509   1.844994     9.6753     1.9752     1.4452          0     33.000  33.740023  1002.6200      1.244      0.006  0.000e+00
      1.250    30.7538   1.854771     9.7305     1.9696     1.4483          0     33.250  33.740026  1002.6600      1.243      0.009  0.000e+00
      1.218    30.7572   1.859579     9.7573     1.9807     1.4414          0     33.500  33.740029  1002.6786      1.211      0.004  0.000e+00
      1.229    30.7557   1.851157     9.7095     1.9949     1.4452          0     33.750  33.740032  1002.6438      1.222     -0.002  0.000e+00
      1.229    30.7547   1.839723     9.6446     1.9887     1.4299          0     34.000  33.740035  1002.5959      1.222     -0.003  0.000e+00
      1.229    30.7576   1.835308     9.6189     1.9837     1.4307          0     34.250  33.740038  1002.5759      1.222     -0.007  0.000e+00
      1.239    30.7607   1.836870     9.6271     1.9792     1.4269          0     34.500  33.740041  1002.5811      1.233     -0.012  0.000e+00
      1.250    30.7629   1.842895     9.6610     1.9754     1.4292          0     34.750  33.740043  1002.6056      1.243     -0.002  0.000e+00
      1.250    30.7652   1.851285     9.7084     1.9453     1.4307          0     35.000  33.740046  1002.6400      1.243      0.003  0.000e+00
      1.261    30.7672   1.859345     9.7540     1.9154     1.4299          0     35.250  33.740049  1002.6732      1.254      0.013  0.000e+00
      1.218    30.7685   1.862300     9.7706     1.8966     1.4292          0     35.500  33.740052  1002.6849      1.211      0.011  0.000e+00
      1.239    30.7700   1.866582     9.7947     1.8811     1.4315          0     35.750  33.740055  1002.7024      1.233      0.006  0.000e+00
      1.239    30.7709   1.871967     9.8252     1.8720     1.4399          0     36.000  33.740058  1002.7248      1.233      0.003  0.000e+00
      1.250    30.7708   1.877755     9.8583     1.8847     1.4460          0     36.250  33.740061  1002.7494      1.243      0.002  0.000e+00
      1.250    30.7694   1.882338     9.8847     1.8875     1.4437          0     36.500  33.740064  1002.7694      1.243      0.000  0.000e+00
      1.239    30.7677   1.879777     9.8704     1.8886     1.4467          0     36.750  33.740067  1002.7593      1.233     -0.003  0.000e+00
      1.240    30.7673   1.880484     9.8745     1.8906     1.4414          0     37.000  33.740069  1002.7625      1.233     -0.002  0.000e+00
      1.272    30.7678   1.872151     9.8269     1.8958     1.4452          0     37.250  33.740072  1002.7271      1.265      0.008  0.000e+00
      1.272    30.7689   1.855882     9.7339     1.8940     1.4460          0     37.500  33.740075  1002.6578      1.265      0.020  0.000e+00
      1.239    30.7697   1.848510     9.6917     1.8945     1.4399          0     37.750  33.740078  1002.6261      1.233      0.009  0.000e+00
      1.261    30.7684   1.849457     9.6974     1.8663     1.4406          0     38.000  33.740081  1002.6308      1.254      0.009  0.000e+00
      1.239    30.7640   1.845548     9.6759     1.8511     1.4498          0     38.250  33.740084  1002.6162      1.233      0.001  0.000e+00
      1.229    30.7509   1.851171     9.7105     1.8635     1.4528          0     38.500  33.740087  1002.6460      1.222     -0.005  0.000e+00
      1.153    30.7398   1.872813     9.8362     1.8583     1.4597          0     38.750  33.740090  1002.7425      1.147     -0.030  0.000e+00
      1.034    30.7366   1.887583     9.9212     1.8569     1.4544          0     39.000  33.740093  1002.8060      1.029     -0.084  0.000e+00
      0.969    30.7407   1.892663     9.9494     1.8551     1.4910          0     39.250  33.740095  1002.8254      0.964     -0.142  0.000e+00
      0.915    30.7474   1.864798     9.7890     1.8560     1.4826          0     39.500  33.740098  1002.7040      0.910     -0.185  0.000e+00
      0.840    30.7520   1.844632     9.6731     1.8443     1.4841          0     39.750  33.740101  1002.6162      0.835     -0.225  0.000e+00
      0.775    30.7522   1.828417     9.5807     1.8479     1.4925          0     40.000  33.740104  1002.5473      0.771     -0.264  0.000e+00
      0.688    30.7271   1.839832     9.6506     1.8440     1.4772          0     40.250  33.740107  1002.6068      0.685     -0.287  0.000e+00
      0.602    30.6981   1.854310     9.7388     1.8460     1.4811          0     40.500  33.740110  1002.6811      0.598     -0.303  0.000e+00
      0.537    30.6809   1.861193     9.7815     1.8318     1.4734          0     40.750  33.740113  1002.7180      0.534     -0.298  0.000e+00
      0.494    30.6758   1.862230     9.7884     1.7657     1.4826          0     41.000  33.740116  1002.7245      0.491     -0.282  0.000e+00
      0.516    30.6806   1.848090     9.7067     1.7729     1.4795          0     41.250  33.740119  1002.6625      0.513     -0.257  0.000e+00
      0.537    30.6877   1.843217     9.6775     1.7789     1.5001          0     41.500  33.740122  1002.6387      0.534     -0.213  0.000e+00
      0.591    30.6909   1.835793     9.6346     1.8005     1.5024          0     41.750  33.740124  1002.6060      0.588     -0.144  0.000e+00
      0.624    30.6753   1.838710     9.6542     1.8125     1.5047          0     42.000  33.740127  1002.6257      0.620     -0.070  0.000e+00
      0.678    30.6563   1.841851     9.6759     1.8270     1.5009          0     42.250  33.740130  1002.6481      0.674      0.012  0.000e+00
      0.743    30.6416   1.849586     9.7229     1.8473     1.5535          0     42.500  33.740133  1002.6879      0.739      0.088  0.000e+00
      0.829    30.6342   1.856716     9.7651     1.8585     1.5543          0     42.750  33.740136  1002.7219      0.824      0.155  0.000e+00
      0.883    30.6371   1.867199     9.8244     1.8668     1.5528          0     43.000  33.740139  1002.7653      0.878      0.200  0.000e+00
      0.937    30.6540   1.868745     9.8299     1.8824     1.5482          0     43.250  33.740142  1002.7642      0.932      0.221  0.000e+00
      0.991    30.6755   1.855987     9.7528     1.8946     1.5230          0     43.500  33.740145  1002.7004      0.986      0.235  0.000e+00
      1.034    30.6914   1.847168     9.6993     1.9034     1.5291          0     43.750  33.740148  1002.6558      1.029      0.236  0.000e+00
      1.067    30.7028   1.847371     9.6983     1.9070     1.5245          0     44.000  33.740150  1002.6516      1.061      0.230  0.000e+00
      1.056    30.7017   1.846747     9.6949     1.8993     1.5284          0     44.250  33.740153  1002.6494      1.050      0.200  0.000e+00
      1.099    30.6980   1.850086     9.7147     1.8873     1.5200          0     44.500  33.740156  1002.6654      1.093      0.171  0.000e+00
      1.066    30.6955   1.851474     9.7231     1.8820     1.5406          0     44.750  33.740159  1002.6723      1.061      0.127  0.000e+00
      1.088    30.6940   1.857247     9.7563     1.8883     1.5398          0     45.000  33.740162  1002.6976      1.082      0.096  0.000e+00
      1.153    30.6945   1.858170     9.7615     1.8502     1.5383          0     45.250  33.740165  1002.7015      1.146      0.083  0.000e+00
      1.218    30.6933   1.860532     9.7752     1.8437     1.5421          0     45.500  33.740168  1002.7123      1.211      0.088  0.000e+00
      1.272    30.7015   1.859232     9.7662     1.8119     1.5001          0     45.750  33.740171  1002.7033      1.265      0.106  0.000e+00
      1.347    30.7096   1.858522     9.7605     1.8060     1.5039          0     46.000  33.740174  1002.6968      1.340      0.140  0.000e+00
      1.477    30.7129   1.859008     9.7627     1.7839     1.5078          0     46.250  33.740177  1002.6979      1.469      0.198  0.000e+00
      1.553    30.7154   1.850126     9.7115     1.7801     1.5039          0     46.500  33.740179  1002.6595      1.544      0.246  0.000e+00
      1.575    30.7193   1.824390     9.5640     1.7739     1.4261          0     46.750  33.740182  1002.5490      1.566      0.280  0.000e+00
      1.596    30.7282   1.808222     9.4703     1.7812     1.4353          0     47.000  33.740185  1002.4767      1.587      0.278  0.000e+00
      1.640    30.7367   1.816409     9.5152     1.7949     1.4284          0     47.250  33.740188  1002.5075      1.631      0.260  0.000e+00
      1.650    30.7406   1.826275     9.5707     1.7995     1.4231          0     47.500  33.740191  1002.5474      1.641      0.229  0.000e+00
      1.640    30.7461   1.833376     9.6100     1.7986     1.4055          0     47.750  33.740194  1002.5748      1.631      0.183  0.000e+00
      1.694    30.7522   1.842425     9.6604     1.8148     1.4071          0     48.000  33.740197  1002.6105      1.685      0.142  0.000e+00
      1.737    30.7574   1.843063     9.6630     1.8213     1.4017          0     48.250  33.740200  1002.6110      1.728      0.110  0.000e+00
      1.791    30.7526   1.838902     9.6402     1.8194     1.4002          0     48.500  33.740203  1002.5958      1.781      0.109  0.000e+00
      1.845    30.7328   1.823754     9.5578     1.8288     1.3994          0     48.750  33.740205  1002.5412      1.835      0.127  0.000e+00
      1.889    30.7128   1.819656     9.5383     1.8029     1.3704          0     49.000  33.740208  1002.5333      1.878      0.144  0.000e+00
      1.954    30.6983   1.832862     9.6163     1.8093     1.3651          0     49.250  33.740211  1002.5961      1.943      0.165  0.000e+00
      2.008    30.6857   1.828259     9.5925     1.8204     1.3666          0     49.500  33.740214  1002.5827      1.997      0.191  0.000e+00
      2.084    30.6795   1.804392     9.4577     1.8089     1.3720          0     49.750  33.740217  1002.4850      2.072      0.217  0.000e+00
      2.159    30.6810   1.782476     9.3327     1.7933     1.3025          0     50.000  33.740220  1002.3921      2.147      0.229  0.000e+00
      2.213    30.6826   1.777846     9.3061     1.7952     1.2995          0     50.250  33.740223  1002.3721      2.201      0.240  0.000e+00
      2.267    30.6821   1.753768     9.1694     1.7910     1.3071          0     50.500  33.740226  1002.2711      2.255      0.245  0.000e+00
      2.321    30.6826   1.747356     9.1329     1.7813     1.3010          0     50.750  33.740229  1002.2441      2.308      0.247  0.000e+00
      2.418    30.6829   1.751785     9.1580     1.7777     1.2751          0     51.000  33.740231  1002.2630      2.405      0.258  0.000e+00
      2.483    30.6808   1.762929     9.2216     1.7776     1.2720          0     51.250  33.740234  1002.3112      2.470      0.262  0.000e+00
      2.570    30.6783   1.771484     9.2707     1.7786     1.2751          0     51.500  33.740237  1002.3488      2.556      0.272  0.000e+00
      2.678    30.6767   1.759017     9.2002     1.8107     1.2636          0     51.750  33.740240  1002.2974      2.663      0.287  0.000e+00
      2.721    30.6756   1.752418     9.1629     1.7859     1.2712          0     52.000  33.740243  1002.2703      2.706      0.294  0.000e+00
      2.797    30.6745   1.762743     9.2217     1.7928     1.2613          0     52.250  33.740246  1002.3146      2.781      0.304  0.000e+00
      2.872    30.6725   1.785621     9.3521     1.7959     1.2629          0     52.500  33.740249  1002.4124      2.857      0.310  0.000e+00
      2.905    30.6699   1.794098     9.4009     1.7881     1.2651          0     52.750  33.740252  1002.4495      2.889      0.298  0.000e+00
      2.948    30.6612   1.789767     9.3779     1.7830     1.2651          0     53.000  33.740255  1002.4354      2.932      0.274  0.000e+00
      2.937    30.6553   1.778648     9.3157     1.7721     1.2690          0     53.250  33.740258  1002.3911      2.921      0.237  0.000e+00
      2.959    30.6532   1.773674     9.2878     1.7572     1.2560          0     53.500  33.740260  1002.3712      2.942      0.193  0.000e+00
      2.970    30.6529   1.775312     9.2972     1.7519     1.2583          0     53.750  33.740263  1002.3783      2.953      0.149  0.000e+00
      2.970    30.6525   1.774598     9.2932     1.7512     1.2567          0     54.000  33.740266  1002.3754      2.953      0.115  0.000e+00
      2.959    30.6526   1.781938     9.3349     1.7459     1.2590          0     54.250  33.740269  1002.4063      2.943      0.072  0.000e+00
      2.937    30.6532   1.784896     9.3516     1.7457     1.2560          0     54.500  33.740272  1002.4184      2.921      0.033  0.000e+00
      2.905    30.6543   1.787997     9.3691     1.7440     1.2552          0     54.750  33.740275  1002.4309      2.889      0.002  0.000e+00
      2.883    30.6546   1.792406     9.3941     1.7418     1.2491          0     55.000  33.740278  1002.4493      2.867     -0.027  0.000e+00
      2.862    30.6547   1.798035     9.4262     1.7447     1.2438          0     55.250  33.740281  1002.4729      2.846     -0.046  0.000e+00
