content/post/ctd_rufiji/SBE19plus_01906740_2018_02_13_0921.cnv
* Sea-Bird SBE19plus  Data File:
* FileName = C:\Users\all user\Desktop\CTD tafiri 2018\SBE19plus_01906740_2018_02_13_0921.hex
* Software version 2.6.3.104
* Temperature SN = 6740
* Conductivity SN = 6740
* System UpLoad Time = Feb 13 2018 14:03:59
* <ApplicationData>
* <Seaterm232>
# nquan = 13
# nvalues = 338                                   
# units = specified
# name 0 = prdM: Pressure, Strain Gauge [db]
# name 1 = tv290C: Temperature [ITS-90, deg C]
# name 2 = c0S/m: Conductivity [S/m]
# name 3 = sal00: Salinity, Practical [PSU]
# name 4 = sbeox0ML/L: Oxygen, SBE 43 [ml/l]
# name 5 = flECO-AFL: Fluorescence, WET Labs ECO-AFL/FL [mg/m^3]
# name 6 = nbf: Bottles Fired
# name 7 = timeS: Time, Elapsed [seconds]
# name 8 = timeJ: Julian Days
# name 9 = density00: Density [density, kg/m^3]
# name 10 = depSM: Depth [salt water, m], lat = 0.00
# name 11 = dz/dtM: Descent Rate [m/s]
# name 12 = flag:  0.000e+00
# span 0 =      0.131,      2.769                 
# span 1 =    29.4132,    30.1887                 
# span 2 =   0.004202,   0.056993                 
# span 3 =     0.0262,     0.2498                 
# span 4 =     0.5247,     4.9606                 
# span 5 =    -0.0296,     2.3867                 
# span 6 =          0,          0                 
# span 7 =      0.000,     84.250                 
# span 8 =  34.399525,  34.400501                 
# span 9 =   995.6612,   995.9861                 
# span 10 =      0.130,      2.753                
# span 11 =     -0.387,      0.360                
# span 12 = 0.0000e+00, 0.0000e+00                
# interval = seconds: 0.25
# start_time = Feb 03 2018 09:35:19 [Instrument's time stamp, header]
# bad_flag = -9.990e-29
*END*
[from data line 112]
      1.223    30.0486   0.056045     0.2459     1.9677     1.9381          0     28.000  34.399850   995.8243      1.217      0.014  0.000e+00
      1.213    30.0450   0.056030     0.2459     1.9578     1.9411          0     28.250  34.399852   995.8253      1.206      0.018  0.000e+00
      1.213    30.0412   0.056063     0.2460     1.9461     1.9358          0     28.500  34.399855   995.8266      1.206      0.009  0.000e+00
      1.213    30.0375   0.056121     0.2463     1.9362     1.9205          0     28.750  34.399858   995.8279      1.206      0.001  0.000e+00
      1.213    30.0354   0.056179     0.2466     1.9417     1.9190          0     29.000  34.399861   995.8288      1.206     -0.005  0.000e+00
      1.212    30.0359   0.056200     0.2467     1.9229     1.9266          0     29.250  34.399864   995.8287      1.206     -0.008  0.000e+00
      1.191    30.0378   0.056133     0.2464     1.9132     1.9259          0     29.500  34.399867   995.8278      1.184     -0.009  0.000e+00
      1.202    30.0374   0.056057     0.2460     1.9015     1.9198          0     29.750  34.399870   995.8277      1.195     -0.012  0.000e+00
      1.212    30.0331   0.056012     0.2458     1.9022     1.9243          0     30.000  34.399873   995.8289      1.206     -0.008  0.000e+00
      1.202    30.0267   0.055993     0.2458     1.8897     1.9297          0     30.250  34.399876   995.8308      1.195     -0.006  0.000e+00
      1.234    30.0206   0.055987     0.2458     1.8852     1.9182          0     30.500  34.399878   995.8327      1.227      0.003  0.000e+00
      1.223    30.0154   0.056045     0.2461     1.8832     1.9053          0     30.750  34.399881   995.8345      1.216      0.007  0.000e+00
      1.202    30.0115   0.056051     0.2461     1.8781     1.9175          0     31.000  34.399884   995.8356      1.195      0.005  0.000e+00
      1.212    30.0096   0.055993     0.2459     1.8734     1.9007          0     31.250  34.399887   995.8360      1.206      0.006  0.000e+00
      1.212    30.0064   0.055932     0.2456     1.8696     1.9022          0     31.500  34.399890   995.8368      1.206      0.008  0.000e+00
      1.223    30.0019   0.055936     0.2456     1.8579     1.9648          0     31.750  34.399893   995.8382      1.216      0.005  0.000e+00
      1.212    29.9974   0.055972     0.2458     1.8510     1.9602          0     32.000  34.399896   995.8397      1.206      0.001  0.000e+00
      1.202    29.9940   0.055954     0.2458     1.8417     1.9594          0     32.250  34.399899   995.8406      1.195     -0.004  0.000e+00
      1.212    29.9904   0.055896     0.2455     1.8259     1.9587          0     32.500  34.399902   995.8416      1.206     -0.008  0.000e+00
      1.223    29.9859   0.055863     0.2454     1.8202     1.9564          0     32.750  34.399905   995.8429      1.216      0.001  0.000e+00
      1.212    29.9818   0.055875     0.2455     1.8111     1.9800          0     33.000  34.399907   995.8441      1.206      0.004  0.000e+00
      1.202    29.9779   0.055890     0.2456     1.7990     1.9663          0     33.250  34.399910   995.8454      1.195     -0.003  0.000e+00
      1.212    29.9739   0.055896     0.2456     1.8000     1.9724          0     33.500  34.399913   995.8466      1.206     -0.003  0.000e+00
      1.223    29.9699   0.055887     0.2456     1.7911     1.9701          0     33.750  34.399916   995.8479      1.216      0.000  0.000e+00
      1.212    29.9655   0.055875     0.2455     1.7896     1.9549          0     34.000  34.399919   995.8491      1.206      0.003  0.000e+00
      1.223    29.9616   0.055875     0.2456     1.8013     1.9579          0     34.250  34.399922   995.8504      1.216      0.006  0.000e+00
      1.212    29.9571   0.055890     0.2456     1.7902     1.9533          0     34.500  34.399925   995.8517      1.206      0.001  0.000e+00
      1.212    29.9532   0.055881     0.2456     1.7789     1.9549          0     34.750  34.399928   995.8529      1.206      0.000  0.000e+00
      1.212    29.9498   0.055844     0.2455     1.7670     1.8931          0     35.000  34.399931   995.8538      1.206      0.002  0.000e+00
      1.223    29.9457   0.055817     0.2454     1.7747     1.9030          0     35.250  34.399933   995.8550      1.216      0.004  0.000e+00
      1.212    29.9413   0.055832     0.2455     1.7758     1.8992          0     35.500  34.399936   995.8564      1.206     -0.001  0.000e+00
      1.223    29.9375   0.055829     0.2455     1.7638     1.8961          0     35.750  34.399939   995.8576      1.216     -0.000  0.000e+00
      1.202    29.9338   0.055823     0.2455     1.7644     1.9075          0     36.000  34.399942   995.8586      1.195     -0.002  0.000e+00
      1.191    29.9303   0.055811     0.2454     1.7541     1.9121          0     36.250  34.399945   995.8596      1.184     -0.009  0.000e+00
      1.212    29.9269   0.055811     0.2454     1.7472     1.9098          0     36.500  34.399948   995.8607      1.206     -0.006  0.000e+00
      1.223    29.9232   0.055817     0.2455     1.7392     1.9045          0     36.750  34.399951   995.8619      1.216     -0.002  0.000e+00
      1.223    29.9198   0.055832     0.2456     1.7253     1.9075          0     37.000  34.399954   995.8630      1.216      0.001  0.000e+00
      1.223    29.9166   0.055835     0.2456     1.7225     1.8793          0     37.250  34.399957   995.8640      1.216      0.003  0.000e+00
      1.212    29.9140   0.055829     0.2456     1.7152     1.8694          0     37.500  34.399959   995.8647      1.206      0.005  0.000e+00
      1.212    29.9116   0.055799     0.2455     1.7108     1.8686          0     37.750  34.399962   995.8653      1.206      0.004  0.000e+00
      1.212    29.9084   0.055765     0.2453     1.7031     1.8679          0     38.000  34.399965   995.8662      1.206      0.007  0.000e+00
      1.223    29.9049   0.055759     0.2453     1.7066     1.8961          0     38.250  34.399968   995.8673      1.216      0.006  0.000e+00
      1.223    29.9017   0.055765     0.2454     1.7024     1.8908          0     38.500  34.399971   995.8683      1.216      0.001  0.000e+00
      1.223    29.8988   0.055793     0.2455     1.7037     1.9022          0     38.750  34.399974   995.8692      1.216     -0.000  0.000e+00
      1.223    29.8957   0.055805     0.2456     1.7029     1.8946          0     39.000  34.399977   995.8702      1.216      0.002  0.000e+00
      1.234    29.8937   0.055799     0.2455     1.6934     1.9167          0     39.250  34.399980   995.8709      1.227      0.007  0.000e+00
      1.212    29.8914   0.055765     0.2454     1.7142     1.9205          0     39.500  34.399983   995.8714      1.206      0.006  0.000e+00
      1.234    29.8887   0.055735     0.2453     1.7040     1.9083          0     39.750  34.399986   995.8722      1.227      0.007  0.000e+00
      1.212    29.8856   0.055741     0.2453     1.7157     1.9106          0     40.000  34.399988   995.8731      1.206      0.001  0.000e+00
      1.223    29.8823   0.055753     0.2454     1.6867     1.9106          0     40.250  34.399991   995.8742      1.216     -0.001  0.000e+00
      1.201    29.8790   0.055771     0.2455     1.6755     1.9137          0     40.500  34.399994   995.8751      1.195     -0.007  0.000e+00
      1.223    29.8760   0.055787     0.2456     1.6733     1.9045          0     40.750  34.399997   995.8762      1.216     -0.006  0.000e+00
      1.223    29.8737   0.055778     0.2455     1.6644     1.9091          0     41.000  34.400000   995.8768      1.216     -0.004  0.000e+00
      1.212    29.8716   0.055753     0.2454     1.6546     1.9106          0     41.250  34.400003   995.8773      1.206     -0.006  0.000e+00
      1.234    29.8688   0.055771     0.2455     1.6469     1.9037          0     41.500  34.400006   995.8784      1.227      0.003  0.000e+00
      1.223    29.8658   0.055805     0.2457     1.6432     1.9205          0     41.750  34.400009   995.8794      1.216      0.001  0.000e+00
      1.223    29.8640   0.055817     0.2458     1.6500     1.9144          0     42.000  34.400012   995.8799      1.216      0.006  0.000e+00
      1.201    29.8630   0.055759     0.2455     1.6511     1.9037          0     42.250  34.400014   995.8800      1.195     -0.001  0.000e+00
      1.223    29.8609   0.055708     0.2453     1.6522     1.9129          0     42.500  34.400017   995.8805      1.216      0.002  0.000e+00
      1.245    29.8576   0.055683     0.2452     1.6500     1.9175          0     42.750  34.400020   995.8815      1.238      0.004  0.000e+00
      1.223    29.8551   0.055708     0.2453     1.6534     1.9091          0     43.000  34.400023   995.8823      1.216      0.004  0.000e+00
      1.223    29.8535   0.055759     0.2455     1.6592     1.9060          0     43.250  34.400026   995.8830      1.216      0.004  0.000e+00
      1.234    29.8519   0.055799     0.2457     1.6622     1.9205          0     43.500  34.400029   995.8836      1.227      0.003  0.000e+00
      1.234    29.8516   0.055850     0.2460     1.6589     1.9289          0     43.750  34.400032   995.8839      1.227      0.008  0.000e+00
      1.234    29.8536   0.055823     0.2458     1.6568     1.9297          0     44.000  34.400035   995.8832      1.227      0.009  0.000e+00
      1.212    29.8535   0.055765     0.2456     1.6558     1.9220          0     44.250  34.400038   995.8829      1.206      0.004  0.000e+00
      1.212    29.8507   0.055744     0.2455     1.6560     1.9220          0     44.500  34.400041   995.8837      1.206     -0.007  0.000e+00
      1.245    29.8470   0.055747     0.2455     1.6565     1.8740          0     44.750  34.400043   995.8850      1.238     -0.004  0.000e+00
      1.212    29.8427   0.055741     0.2455     1.6405     1.8854          0     45.000  34.400046   995.8861      1.205     -0.003  0.000e+00
      1.212    29.8383   0.055753     0.2456     1.6410     1.8793          0     45.250  34.400049   995.8875      1.205     -0.007  0.000e+00
      1.223    29.8340   0.055759     0.2456     1.6259     1.8763          0     45.500  34.400052   995.8889      1.216     -0.008  0.000e+00
      1.212    29.8297   0.055741     0.2456     1.6236     1.8999          0     45.750  34.400055   995.8901      1.205     -0.008  0.000e+00
      1.212    29.8255   0.055726     0.2455     1.6142     1.9129          0     46.000  34.400058   995.8913      1.205     -0.007  0.000e+00
      1.212    29.8216   0.055729     0.2456     1.6117     1.9129          0     46.250  34.400061   995.8925      1.205     -0.004  0.000e+00
      1.201    29.8184   0.055765     0.2457     1.6151     1.9152          0     46.500  34.400064   995.8936      1.195     -0.009  0.000e+00
      1.190    29.8147   0.055793     0.2459     1.6187     1.9281          0     46.750  34.400067   995.8947      1.184     -0.017  0.000e+00
      1.212    29.8115   0.055781     0.2458     1.6121     1.9274          0     47.000  34.400069   995.8958      1.205     -0.007  0.000e+00
      1.223    29.8086   0.055729     0.2456     1.6027     1.9205          0     47.250  34.400072   995.8965      1.216     -0.003  0.000e+00
      1.244    29.8058   0.055714     0.2456     1.6091     1.9281          0     47.500  34.400075   995.8974      1.238      0.006  0.000e+00
      1.255    29.8040   0.055695     0.2455     1.6093     1.9266          0     47.750  34.400078   995.8979      1.248      0.020  0.000e+00
      1.245    29.8026   0.055805     0.2460     1.6019     1.9205          0     48.000  34.400081   995.8987      1.238      0.025  0.000e+00
      1.126    29.8022   0.055936     0.2466     1.6059     1.9205          0     48.250  34.400084   995.8987      1.119     -0.004  0.000e+00
      0.985    29.8078   0.055823     0.2460     2.3576     1.9167          0     48.500  34.400087   995.8960      0.980     -0.064  0.000e+00
      0.931    29.8150   0.055604     0.2450     1.6882     1.9182          0     48.750  34.400090   995.8928      0.926     -0.128  0.000e+00
      0.855    29.8180   0.055714     0.2455     1.6481     1.8915          0     49.000  34.400093   995.8920      0.851     -0.197  0.000e+00
      0.769    29.8171   0.055850     0.2461     1.6080     1.8793          0     49.250  34.400095   995.8923      0.765     -0.259  0.000e+00
      0.672    29.8143   0.055844     0.2461     1.5850     1.8801          0     49.500  34.400098   995.8927      0.668     -0.315  0.000e+00
      0.585    29.8110   0.055650     0.2453     1.4738     1.8778          0     49.750  34.400101   995.8927      0.582     -0.349  0.000e+00
      0.564    29.8085   0.055677     0.2454     1.4458     1.8625          0     50.000  34.400104   995.8934      0.560     -0.342  0.000e+00
      0.509    29.8070   0.055787     0.2459     1.4310     1.8656          0     50.250  34.400107   995.8940      0.507     -0.307  0.000e+00
      0.531    29.8031   0.055644     0.2453     1.4169     1.8663          0     50.500  34.400110   995.8948      0.528     -0.257  0.000e+00
      0.531    29.7986   0.055483     0.2446     1.6005     1.8602          0     50.750  34.400113   995.8956      0.528     -0.213  0.000e+00
      0.607    29.7894   0.055373     0.2441     1.6214     1.9022          0     51.000  34.400116   995.8984      0.603     -0.138  0.000e+00
      0.672    29.7272   0.055352     0.2443     2.1896     1.9007          0     51.250  34.400119   995.9175      0.668     -0.048  0.000e+00
      0.769    29.6178   0.055474     0.2454     1.6982     1.8961          0     51.500  34.400122   995.9515      0.765      0.050  0.000e+00
      0.823    29.5383   0.055623     0.2464     1.6886     1.8946          0     51.750  34.400124   995.9762      0.818      0.131  0.000e+00
      0.931    29.5090   0.055778     0.2472     1.6651     1.9594          0     52.000  34.400127   995.9861      0.926      0.202  0.000e+00
      1.050    29.5142   0.055942     0.2480     1.6349     1.9579          0     52.250  34.400130   995.9856      1.044      0.274  0.000e+00
      1.147    29.5546   0.055999     0.2480     1.6093     1.9579          0     52.500  34.400133   995.9740      1.141      0.321  0.000e+00
      1.223    29.6388   0.056012     0.2477     1.6025     1.9533          0     52.750  34.400136   995.9490      1.216      0.354  0.000e+00
      1.299    29.7273   0.055978     0.2471     1.5968     1.9549          0     53.000  34.400139   995.9224      1.291      0.360  0.000e+00
      1.353    29.7901   0.055999     0.2469     1.5917     1.9449          0     53.250  34.400142   995.9036      1.345      0.355  0.000e+00
      1.428    29.8338   0.055993     0.2467     1.7222     1.9381          0     53.500  34.400145   995.8907      1.420      0.342  0.000e+00
      1.472    29.8696   0.055999     0.2465     1.7492     1.9549          0     53.750  34.400148   995.8800      1.463      0.323  0.000e+00
      1.526    29.9015   0.055984     0.2463     1.7537     1.9335          0     54.000  34.400150   995.8704      1.517      0.289  0.000e+00
      1.591    29.9222   0.055936     0.2460     1.7286     1.9419          0     54.250  34.400153   995.8642      1.582      0.262  0.000e+00
      1.645    29.9285   0.055933     0.2460     1.7917     1.9304          0     54.500  34.400156   995.8625      1.635      0.244  0.000e+00
      1.677    29.9300   0.055869     0.2457     1.8354     1.9381          0     54.750  34.400159   995.8620      1.668      0.228  0.000e+00
      1.720    29.9281   0.055811     0.2454     1.8555     1.9304          0     55.000  34.400162   995.8626      1.711      0.214  0.000e+00
      1.753    29.9363   0.055778     0.2452     1.8884     1.9838          0     55.250  34.400165   995.8601      1.743      0.200  0.000e+00
