content/post/ctd_rufiji/SBE19plus_01906740_2018_02_13_0930.cnv
* Sea-Bird SBE19plus  Data File:
* FileName = C:\Users\all user\Desktop\CTD tafiri 2018\SBE19plus_01906740_2018_02_13_0930.hex
* Software version 2.6.3.104
* Temperature SN = 6740
* Conductivity SN = 6740
* System UpLoad Time = Feb 13 2018 14:05:21
* <ApplicationData>
* <Seaterm232>
# nquan = 13
# nvalues = 268                                   
# units = specified
# name 0 = prdM: Pressure, Strain Gauge [db]
# name 1 = tv290C: Temperature [ITS-90, deg C]
# name 2 = c0S/m: Conductivity [S/m]
# name 3 = sal00: Salinity, Practical [PSU]
# name 4 = sbeox0ML/L: Oxygen, SBE 43 [ml/l]
# name 5 = flECO-AFL: Fluorescence, WET Labs ECO-AFL/FL [mg/m^3]
# name 6 = nbf: Bottles Fired
# name 7 = timeS: Time, Elapsed [seconds]
# name 8 = timeJ: Julian Days
# name 9 = density00: Density [density, kg/m^3]
# name 10 = depSM: Depth [salt water, m], lat = 0.00
# name 11 = dz/dtM: Descent Rate [m/s]
# name 12 = flag:  0.000e+00
# span 0 =      0.189,      2.870                 
# span 1 =    29.7266,    30.1503                 
# span 2 =   0.010193,   0.304502                 
# span 3 =     0.0493,     1.4261                 
# span 4 =     0.3662,     8.3067                 
# span 5 =     0.7440,     2.3325                 
# span 6 =          0,          0                 
# span 7 =      0.000,     66.750                 
# span 8 =  34.428090,  34.428863                 
# span 9 =   995.6786,   996.7064                 
# span 10 =      0.188,      2.855                
# span 11 =     -0.425,      0.378                
# span 12 = 0.0000e+00, 0.0000e+00                
# interval = seconds: 0.25
# start_time = Feb 03 2018 10:16:27 [Instrument's time stamp, header]
# bad_flag = -9.990e-29
*END*
[from data line 112]
      1.519    30.0684   0.132499     0.5957     2.0923     2.2249          0     28.000  34.428414   996.0817      1.511      0.002  0.000e+00
      1.498    30.0681   0.132502     0.5958     2.0934     2.2242          0     28.250  34.428417   996.0817      1.490     -0.009  0.000e+00
      1.541    30.0660   0.132826     0.5973     2.0865     2.2211          0     28.500  34.428420   996.0837      1.533     -0.007  0.000e+00
      1.530    30.0653   0.133200     0.5991     2.0695     2.2486          0     28.750  34.428423   996.0851      1.522     -0.004  0.000e+00
      1.509    30.0652   0.133398     0.6000     2.0401     2.2516          0     29.000  34.428426   996.0858      1.500     -0.002  0.000e+00
      1.519    30.0618   0.133367     0.5999     2.0429     2.2486          0     29.250  34.428429   996.0868      1.511      0.001  0.000e+00
      1.509    30.0387   0.133200     0.5994     2.0209     2.2486          0     29.500  34.428432   996.0933      1.500     -0.002  0.000e+00
      1.509    30.0153   0.132782     0.5977     2.0121     2.2440          0     29.750  34.428435   996.0992      1.500     -0.004  0.000e+00
      1.509    30.0093   0.132471     0.5963     1.9944     2.2448          0     30.000  34.428438   996.1000      1.501     -0.006  0.000e+00
      1.509    30.0140   0.132326     0.5956     1.9839     2.2562          0     30.250  34.428440   996.0980      1.501     -0.006  0.000e+00
      1.509    30.0231   0.132194     0.5948     1.9928     2.2455          0     30.500  34.428443   996.0947      1.500     -0.014  0.000e+00
      1.520    30.0313   0.132288     0.5952     1.9693     2.2394          0     30.750  34.428446   996.0925      1.511     -0.004  0.000e+00
      1.520    30.0335   0.132857     0.5978     1.9498     2.2402          0     31.000  34.428449   996.0938      1.511      0.003  0.000e+00
      1.520    30.0345   0.133282     0.5998     1.9610     2.2318          0     31.250  34.428452   996.0950      1.511      0.004  0.000e+00
      1.520    30.0368   0.133361     0.6001     2.0067     2.2410          0     31.500  34.428455   996.0945      1.511      0.007  0.000e+00
      1.487    30.0094   0.133049     0.5990     2.0296     2.2394          0     31.750  34.428458   996.1019      1.479     -0.001  0.000e+00
      1.509    29.9876   0.132675     0.5975     2.0453     2.2310          0     32.000  34.428461   996.1074      1.501     -0.003  0.000e+00
      1.509    29.9779   0.132565     0.5971     2.0305     2.2394          0     32.250  34.428464   996.1101      1.501     -0.004  0.000e+00
      1.487    29.9762   0.132707     0.5978     2.0048     2.2417          0     32.500  34.428466   996.1110      1.479     -0.012  0.000e+00
      1.487    29.9754   0.132949     0.5989     2.0087     2.2356          0     32.750  34.428469   996.1121      1.479     -0.017  0.000e+00
      1.498    29.9745   0.133185     0.6001     2.0008     2.2410          0     33.000  34.428472   996.1132      1.490     -0.015  0.000e+00
      1.520    29.9763   0.133323     0.6007     1.9662     2.2356          0     33.250  34.428475   996.1133      1.511     -0.006  0.000e+00
      1.519    29.9785   0.133100     0.5996     1.9490     2.2341          0     33.500  34.428478   996.1118      1.511      0.004  0.000e+00
      1.498    29.9790   0.132499     0.5968     1.9231     2.2295          0     33.750  34.428481   996.1094      1.490      0.007  0.000e+00
      1.487    29.9784   0.132247     0.5956     1.9398     2.2127          0     34.000  34.428484   996.1087      1.479     -0.002  0.000e+00
      1.487    29.9805   0.132339     0.5960     1.9564     2.2051          0     34.250  34.428487   996.1084      1.479     -0.003  0.000e+00
      1.498    29.9848   0.132785     0.5981     1.9732     2.2120          0     34.500  34.428490   996.1086      1.490     -0.000  0.000e+00
      1.498    29.9964   0.133203     0.5999     1.9664     2.2120          0     34.750  34.428492   996.1065      1.489     -0.004  0.000e+00
      1.487    30.0069   0.133354     0.6005     1.9624     2.2585          0     35.000  34.428495   996.1037      1.479     -0.011  0.000e+00
      1.498    29.9985   0.133260     0.6001     1.9685     2.2715          0     35.250  34.428498   996.1060      1.490     -0.012  0.000e+00
      1.487    29.9671   0.132961     0.5991     1.9693     2.2585          0     35.500  34.428501   996.1147      1.479     -0.008  0.000e+00
      1.498    29.9471   0.132751     0.5983     1.9639     2.2623          0     35.750  34.428504   996.1203      1.490      0.001  0.000e+00
      1.498    29.9420   0.132543     0.5974     1.9509     2.2242          0     36.000  34.428507   996.1211      1.490      0.004  0.000e+00
      1.509    29.9462   0.132534     0.5973     1.9468     2.2158          0     36.250  34.428510   996.1198      1.500      0.006  0.000e+00
      1.509    29.9506   0.132738     0.5982     1.9227     2.2295          0     36.500  34.428513   996.1192      1.500      0.006  0.000e+00
      1.487    29.9534   0.132939     0.5992     1.9190     2.2257          0     36.750  34.428516   996.1189      1.479      0.004  0.000e+00
      1.498    29.9633   0.132968     0.5992     1.9045     2.2287          0     37.000  34.428519   996.1160      1.490      0.004  0.000e+00
      1.487    29.9762   0.132892     0.5987     1.9116     2.2165          0     37.250  34.428521   996.1116      1.479     -0.001  0.000e+00
      1.498    29.9889   0.132675     0.5975     1.9371     2.2158          0     37.500  34.428524   996.1070      1.490     -0.001  0.000e+00
      1.498    30.0010   0.132452     0.5963     2.1112     2.2143          0     37.750  34.428527   996.1024      1.490     -0.004  0.000e+00
      1.498    30.0101   0.132326     0.5956     2.1590     2.2112          0     38.000  34.428530   996.0991      1.490     -0.004  0.000e+00
      1.509    30.0163   0.132185     0.5949     2.2229     2.2394          0     38.250  34.428533   996.0968      1.500     -0.001  0.000e+00
      1.487    30.0196   0.131898     0.5935     2.1592     2.2333          0     38.500  34.428536   996.0946      1.479     -0.001  0.000e+00
      1.498    30.0227   0.131704     0.5926     2.1528     2.2394          0     38.750  34.428539   996.0930      1.490      0.004  0.000e+00
      1.509    30.0285   0.131587     0.5919     2.1632     2.2356          0     39.000  34.428542   996.0909      1.500      0.004  0.000e+00
      1.498    30.0365   0.131528     0.5916     2.2989     2.2265          0     39.250  34.428545   996.0881      1.489      0.004  0.000e+00
      1.498    30.0476   0.131581     0.5917     2.2868     2.2272          0     39.500  34.428547   996.0848      1.489      0.001  0.000e+00
      1.498    30.0532   0.131942     0.5933     2.2067     2.2196          0     39.750  34.428550   996.0844      1.490     -0.000  0.000e+00
      1.498    30.0527   0.132304     0.5950     2.1637     2.2265          0     40.000  34.428553   996.0858      1.490     -0.001  0.000e+00
      1.509    30.0546   0.132471     0.5958     2.1674     2.2242          0     40.250  34.428556   996.0858      1.500      0.001  0.000e+00
      1.509    30.0596   0.132508     0.5959     2.2070     2.2265          0     40.500  34.428559   996.0844      1.500      0.006  0.000e+00
      1.508    30.0617   0.132471     0.5957     2.2961     2.2295          0     40.750  34.428562   996.0836      1.500      0.004  0.000e+00
      1.519    30.0557   0.132144     0.5942     2.3184     2.2204          0     41.000  34.428565   996.0844      1.511      0.007  0.000e+00
      1.519    30.0467   0.131666     0.5921     2.5582     2.2226          0     41.250  34.428568   996.0855      1.511      0.012  0.000e+00
      1.508    30.0433   0.131619     0.5919     2.2864     2.2669          0     41.500  34.428571   996.0864      1.500      0.010  0.000e+00
      1.498    30.0414   0.132241     0.5949     2.3674     2.2585          0     41.750  34.428573   996.0891      1.489      0.004  0.000e+00
      1.422    30.0448   0.132559     0.5963     2.3866     2.2638          0     42.000  34.428576   996.0888      1.414     -0.022  0.000e+00
      1.314    30.0394   0.132122     0.5943     2.4878     2.2654          0     42.250  34.428579   996.0885      1.306     -0.071  0.000e+00
      1.205    30.0229   0.131892     0.5934     2.1530     2.2555          0     42.500  34.428582   996.0923      1.199     -0.134  0.000e+00
      1.141    30.0179   0.131631     0.5923     2.0567     2.2669          0     42.750  34.428585   996.0927      1.134     -0.194  0.000e+00
      1.011    30.0200   0.131666     0.5924     2.1157     2.2585          0     43.000  34.428588   996.0916      1.005     -0.264  0.000e+00
      0.924    30.0222   0.131606     0.5921     2.7604     2.2654          0     43.250  34.428591   996.0903      0.919     -0.320  0.000e+00
      0.860    30.0266   0.131625     0.5921     2.1976     2.3127          0     43.500  34.428594   996.0887      0.855     -0.354  0.000e+00
      0.784    30.0326   0.131638     0.5921     2.4457     2.3043          0     43.750  34.428597   996.0866      0.780     -0.368  0.000e+00
      0.719    30.0386   0.131625     0.5920     2.7842     2.3089          0     44.000  34.428600   996.0843      0.715     -0.354  0.000e+00
      0.632    30.0442   0.131908     0.5933     1.2912     2.3111          0     44.250  34.428602   996.0832      0.629     -0.337  0.000e+00
      0.568    30.0474   0.132700     0.5969     1.1775     2.3081          0     44.500  34.428605   996.0847      0.564     -0.320  0.000e+00
      0.481    30.0317   0.132681     0.5970     1.0419     2.2638          0     44.750  34.428608   996.0891      0.478     -0.313  0.000e+00
      0.492    29.9979   0.132361     0.5959     0.9344     2.2654          0     45.000  34.428611   996.0986      0.489     -0.276  0.000e+00
      0.611    29.9740   0.132477     0.5968     0.9095     2.2638          0     45.250  34.428614   996.1070      0.607     -0.208  0.000e+00
      0.741    29.9600   0.132141     0.5953     1.1226     2.2623          0     45.500  34.428617   996.1107      0.737     -0.107  0.000e+00
      0.838    29.9554   0.131710     0.5934     1.2094     1.1637          0     45.750  34.428620   996.1111      0.833      0.011  0.000e+00
      0.859    29.9663   0.131436     0.5920     1.4244     1.1667          0     46.000  34.428623   996.1068      0.855      0.110  0.000e+00
      0.914    29.9904   0.131308     0.5911     2.0751     1.1652          0     46.250  34.428626   996.0991      0.909      0.198  0.000e+00
      0.968    30.0151   0.131330     0.5909     2.6654     1.1652          0     46.500  34.428628   996.0917      0.962      0.257  0.000e+00
      1.000    30.0389   0.131977     0.5936     2.7103     2.2928          0     46.750  34.428631   996.0867      0.995      0.282  0.000e+00
      1.043    30.0584   0.132034     0.5937     2.6706     2.2974          0     47.000  34.428634   996.0810      1.038      0.260  0.000e+00
      1.130    30.0720   0.131594     0.5915     2.6512     2.2982          0     47.250  34.428637   996.0757      1.124      0.228  0.000e+00
      1.162    30.0793   0.131132     0.5892     2.5804     2.2959          0     47.500  34.428640   996.0719      1.156      0.201  0.000e+00
      1.184    30.0911   0.130858     0.5878     2.3748     2.2860          0     47.750  34.428643   996.0674      1.177      0.187  0.000e+00
      1.249    30.1021   0.130651     0.5867     2.1455     2.2890          0     48.000  34.428646   996.0635      1.242      0.192  0.000e+00
      1.292    30.1107   0.130685     0.5868     2.1935     2.2867          0     48.250  34.428649   996.0611      1.285      0.190  0.000e+00
      1.346    30.1147   0.131106     0.5887     2.4250     2.2860          0     48.500  34.428652   996.0616      1.339      0.190  0.000e+00
      1.411    30.1178   0.131462     0.5903     3.1592     2.2738          0     48.750  34.428655   996.0621      1.403      0.198  0.000e+00
      1.476    30.1231   0.131521     0.5905     2.7321     2.2707          0     49.000  34.428657   996.0610      1.468      0.203  0.000e+00
      1.519    30.1089   0.131672     0.5914     2.8891     2.2738          0     49.250  34.428660   996.0661      1.511      0.203  0.000e+00
      1.573    30.0776   0.131748     0.5921     2.3349     2.2699          0     49.500  34.428663   996.0764      1.564      0.215  0.000e+00
      1.627    30.0568   0.131550     0.5914     2.2352     2.2684          0     49.750  34.428666   996.0825      1.618      0.222  0.000e+00
      1.660    30.0523   0.131122     0.5895     1.6940     2.2005          0     50.000  34.428669   996.0825      1.651      0.214  0.000e+00
      1.714    30.0572   0.130726     0.5876     1.1019     2.2005          0     50.250  34.428672   996.0798      1.704      0.211  0.000e+00
      1.735    30.0671   0.130340     0.5857     2.0515     2.1975          0     50.500  34.428675   996.0755      1.726      0.196  0.000e+00
      1.779    30.0774   0.130180     0.5848     1.6636     2.1952          0     50.750  34.428678   996.0719      1.769      0.182  0.000e+00
      1.854    30.0888   0.130180     0.5847     1.8808     2.1494          0     51.000  34.428681   996.0687      1.844      0.180  0.000e+00
      1.919    30.0992   0.130302     0.5851     1.6398     2.1494          0     51.250  34.428683   996.0661      1.909      0.188  0.000e+00
      1.984    30.1062   0.130465     0.5858     1.7844     2.1479          0     51.500  34.428686   996.0648      1.973      0.198  0.000e+00
      2.049    30.1109   0.130663     0.5867     1.7917     2.1471          0     51.750  34.428689   996.0643      2.038      0.213  0.000e+00
      2.103    30.1143   0.130852     0.5875     2.3352     2.1296          0     52.000  34.428692   996.0642      2.092      0.228  0.000e+00
      2.190    30.1171   0.131044     0.5884     1.5042     2.1250          0     52.250  34.428695   996.0644      2.178      0.245  0.000e+00
      2.222    30.1184   0.131185     0.5890     1.9855     2.1227          0     52.500  34.428698   996.0646      2.210      0.254  0.000e+00
      2.276    30.1182   0.131468     0.5903     1.3909     2.1250          0     52.750  34.428701   996.0659      2.263      0.250  0.000e+00
      2.319    30.1179   0.131779     0.5918     1.4675     2.1250          0     53.000  34.428704   996.0673      2.306      0.236  0.000e+00
      2.362    30.1173   0.132137     0.5935     2.7044     2.0640          0     53.250  34.428707   996.0689      2.349      0.223  0.000e+00
      2.449    30.1160   0.132452     0.5950     1.6386     2.0640          0     53.500  34.428709   996.0708      2.436      0.221  0.000e+00
      2.568    30.1142   0.132839     0.5968     1.4132     2.0640          0     53.750  34.428712   996.0732      2.554      0.237  0.000e+00
      2.665    30.1125   0.133436     0.5996     1.3856     2.0685          0     54.000  34.428715   996.0763      2.651      0.262  0.000e+00
      2.752    30.1111   0.133883     0.6017     1.4599     2.1509          0     54.250  34.428718   996.0787      2.737      0.286  0.000e+00
      2.773    30.1099   0.134399     0.6041     1.4050     2.1502          0     54.500  34.428721   996.0810      2.758      0.302  0.000e+00
      2.795    30.1084   0.134657     0.6054     1.5484     2.1532          0     54.750  34.428724   996.0824      2.779      0.295  0.000e+00
      2.816    30.1074   0.134616     0.6052     1.5175     2.1471          0     55.000  34.428727   996.0827      2.801      0.275  0.000e+00
      2.860    30.1065   0.133704     0.6009     1.5420     2.0060          0     55.250  34.428730   996.0799      2.844      0.244  0.000e+00
