content/post/ctd_rufiji/SBE19plus_01906740_2018_02_13_0907.cnv
* Sea-Bird SBE19plus  Data File:
* FileName = C:\Users\all user\Desktop\CTD tafiri 2018\SBE19plus_01906740_2018_02_13_0907.hex
* Software version 2.6.3.104
* Temperature SN = 6740
* Conductivity SN = 6740
* System UpLoad Time = Feb 13 2018 14:01:44
* <ApplicationData>
* <Seaterm232>
# nquan = 13
# nvalues = 472                                   
# units = specified
# name 0 = prdM: Pressure, Strain Gauge [db]
# name 1 = tv290C: Temperature [ITS-90, deg C]
# name 2 = c0S/m: Conductivity [S/m]
# name 3 = sal00: Salinity, Practical [PSU]
# name 4 = sbeox0ML/L: Oxygen, SBE 43 [ml/l]
# name 5 = flECO-AFL: Fluorescence, WET Labs ECO-AFL/FL [mg/m^3]
# name 6 = nbf: Bottles Fired
# name 7 = timeS: Time, Elapsed [seconds]
# name 8 = timeJ: Julian Days
# name 9 = density00: Density [density, kg/m^3]
# name 10 = depSM: Depth [salt water, m], lat = 0.00
# name 11 = dz/dtM: Descent Rate [m/s]
# name 12 = flag:  0.000e+00
# span 0 =      0.123,      3.852                 
# span 1 =    29.1581,    30.3496                 
# span 2 =   0.001333,   0.028431                 
# span 3 =     0.0163,     0.1250                 
# span 4 =     1.5142,     3.8927                 
# span 5 =    -0.0792,     2.1784                 
# span 6 =          0,          0                 
# span 7 =      0.000,    117.750                 
# span 8 =  34.266111,  34.267474                 
# span 9 =   995.6375,   995.9380                 
# span 10 =      0.123,      3.831                
# span 11 =     -0.386,      0.376                
# span 12 = 0.0000e+00, 0.0000e+00                
# interval = seconds: 0.25
# start_time = Feb 03 2018 06:23:12 [Instrument's time stamp, header]
# bad_flag = -9.990e-29
*END*
[from data line 112]
      1.310    30.3346   0.026608     0.1168     2.2240     1.6810          0     28.000  34.266435   995.6410      1.303      0.001  0.000e+00
      1.332    30.3314   0.026605     0.1168     2.2127     1.6855          0     28.250  34.266438   995.6421      1.324      0.007  0.000e+00
      1.310    30.3290   0.026590     0.1168     2.2027     1.6871          0     28.500  34.266441   995.6426      1.303      0.003  0.000e+00
      1.310    30.3273   0.026560     0.1166     2.1937     1.7084          0     28.750  34.266444   995.6431      1.303     -0.001  0.000e+00
      1.321    30.3257   0.026560     0.1166     2.1883     1.7016          0     29.000  34.266447   995.6436      1.314      0.001  0.000e+00
      1.310    30.3245   0.026566     0.1167     2.1802     1.7038          0     29.250  34.266450   995.6440      1.303     -0.000  0.000e+00
      1.310    30.3232   0.026578     0.1167     2.1737     1.7069          0     29.500  34.266453   995.6444      1.303     -0.007  0.000e+00
      1.310    30.3218   0.026578     0.1167     2.1679     1.6901          0     29.750  34.266455   995.6448      1.303     -0.008  0.000e+00
      1.310    30.3200   0.026578     0.1167     2.1634     1.6947          0     30.000  34.266458   995.6454      1.303     -0.004  0.000e+00
      1.321    30.3185   0.026572     0.1167     2.1521     1.6947          0     30.250  34.266461   995.6459      1.314     -0.004  0.000e+00
      1.299    30.3168   0.026560     0.1167     2.1528     1.6878          0     30.500  34.266464   995.6463      1.292     -0.002  0.000e+00
      1.310    30.3152   0.026551     0.1166     2.1366     1.7099          0     30.750  34.266467   995.6468      1.303     -0.003  0.000e+00
      1.342    30.3137   0.026545     0.1166     2.1264     1.7061          0     31.000  34.266470   995.6473      1.335      0.005  0.000e+00
      1.299    30.3123   0.026545     0.1166     2.1220     1.7031          0     31.250  34.266473   995.6476      1.292      0.003  0.000e+00
      1.310    30.3108   0.026542     0.1166     2.1200     1.7061          0     31.500  34.266476   995.6481      1.303      0.001  0.000e+00
      1.321    30.3092   0.026539     0.1166     2.1068     1.6909          0     31.750  34.266479   995.6486      1.314      0.003  0.000e+00
      1.321    30.3076   0.026539     0.1166     2.1054     1.7000          0     32.000  34.266481   995.6491      1.314      0.004  0.000e+00
      1.310    30.3062   0.026557     0.1167     2.0937     1.6924          0     32.250  34.266484   995.6496      1.303      0.001  0.000e+00
      1.299    30.3044   0.026572     0.1167     2.0864     1.6893          0     32.500  34.266487   995.6501      1.292     -0.001  0.000e+00
      1.332    30.3027   0.026584     0.1168     2.0778     1.6932          0     32.750  34.266490   995.6508      1.325     -0.001  0.000e+00
      1.321    30.3010   0.026572     0.1167     2.0739     1.6932          0     33.000  34.266493   995.6512      1.314     -0.001  0.000e+00
      1.310    30.2996   0.026560     0.1167     2.0625     1.6977          0     33.250  34.266496   995.6516      1.303      0.005  0.000e+00
      1.300    30.2979   0.026527     0.1166     2.0532     1.6855          0     33.500  34.266499   995.6519      1.292     -0.003  0.000e+00
      1.300    30.2964   0.026509     0.1165     2.0481     1.6855          0     33.750  34.266502   995.6523      1.292     -0.009  0.000e+00
      1.332    30.2948   0.026524     0.1165     2.0415     1.6932          0     34.000  34.266505   995.6530      1.325     -0.001  0.000e+00
      1.332    30.2934   0.026545     0.1166     2.0397     1.6893          0     34.250  34.266508   995.6535      1.325      0.007  0.000e+00
      1.321    30.2916   0.026560     0.1167     2.0312     1.6848          0     34.500  34.266510   995.6541      1.314      0.007  0.000e+00
      1.321    30.2901   0.026560     0.1167     2.0233     1.6970          0     34.750  34.266513   995.6545      1.314      0.002  0.000e+00
      1.321    30.2885   0.026557     0.1167     2.0173     1.6924          0     35.000  34.266516   995.6550      1.314      0.007  0.000e+00
      1.321    30.2868   0.026527     0.1166     2.0125     1.6970          0     35.250  34.266519   995.6554      1.314      0.009  0.000e+00
      1.321    30.2851   0.026518     0.1165     2.0047     1.6947          0     35.500  34.266522   995.6559      1.314      0.008  0.000e+00
      1.332    30.2836   0.026506     0.1165     1.9976     1.6924          0     35.750  34.266525   995.6564      1.325      0.005  0.000e+00
      1.310    30.2824   0.026524     0.1166     1.9908     1.7260          0     36.000  34.266528   995.6567      1.303     -0.006  0.000e+00
      1.310    30.2806   0.026545     0.1167     1.9853     1.7130          0     36.250  34.266531   995.6573      1.303     -0.006  0.000e+00
      1.321    30.2792   0.026545     0.1167     1.9815     1.7115          0     36.500  34.266534   995.6578      1.314     -0.003  0.000e+00
      1.300    30.2773   0.026527     0.1166     1.9751     1.7122          0     36.750  34.266536   995.6582      1.292     -0.008  0.000e+00
      1.300    30.2759   0.026500     0.1165     1.9716     1.7115          0     37.000  34.266539   995.6586      1.292     -0.012  0.000e+00
      1.321    30.2744   0.026497     0.1165     1.9708     1.6909          0     37.250  34.266542   995.6591      1.314     -0.008  0.000e+00
      1.343    30.2730   0.026494     0.1165     1.9625     1.6977          0     37.500  34.266545   995.6596      1.335      0.001  0.000e+00
      1.321    30.2717   0.026512     0.1165     1.9579     1.6954          0     37.750  34.266548   995.6600      1.314      0.004  0.000e+00
      1.332    30.2705   0.026512     0.1165     1.9592     1.6954          0     38.000  34.266551   995.6604      1.325      0.012  0.000e+00
      1.321    30.2688   0.026509     0.1165     1.9491     1.7138          0     38.250  34.266554   995.6609      1.314      0.011  0.000e+00
      1.321    30.2674   0.026500     0.1165     1.9470     1.7061          0     38.500  34.266557   995.6613      1.314      0.009  0.000e+00
      1.310    30.2659   0.026494     0.1165     1.9430     1.7000          0     38.750  34.266560   995.6617      1.303      0.006  0.000e+00
      1.321    30.2645   0.026485     0.1164     1.9410     1.7176          0     39.000  34.266562   995.6621      1.314      0.001  0.000e+00
      1.343    30.2632   0.026494     0.1165     1.9345     1.7000          0     39.250  34.266565   995.6626      1.335     -0.001  0.000e+00
      1.332    30.2617   0.026515     0.1166     1.9327     1.7031          0     39.500  34.266568   995.6631      1.325     -0.001  0.000e+00
      1.300    30.2605   0.026524     0.1166     1.9299     1.7000          0     39.750  34.266571   995.6634      1.292     -0.003  0.000e+00
      1.289    30.2590   0.026524     0.1166     1.9222     1.7016          0     40.000  34.266574   995.6638      1.282     -0.012  0.000e+00
      1.278    30.2573   0.026506     0.1165     1.9226     1.7061          0     40.250  34.266577   995.6642      1.271     -0.019  0.000e+00
      1.300    30.2560   0.026485     0.1165     1.9155     1.7031          0     40.500  34.266580   995.6646      1.293     -0.019  0.000e+00
      1.300    30.2548   0.026467     0.1164     1.9126     1.7023          0     40.750  34.266583   995.6649      1.293     -0.019  0.000e+00
      1.300    30.2538   0.026485     0.1165     1.9108     1.7000          0     41.000  34.266586   995.6653      1.293     -0.020  0.000e+00
      1.310    30.2526   0.026506     0.1166     1.9044     1.7107          0     41.250  34.266589   995.6658      1.303     -0.014  0.000e+00
      1.300    30.2515   0.026527     0.1166     1.9012     1.7038          0     41.500  34.266591   995.6661      1.292     -0.004  0.000e+00
      1.300    30.2501   0.026542     0.1167     1.9010     1.7038          0     41.750  34.266594   995.6666      1.292      0.006  0.000e+00
      1.310    30.2491   0.026539     0.1167     1.8973     1.7130          0     42.000  34.266597   995.6670      1.303      0.011  0.000e+00
      1.310    30.2480   0.026506     0.1166     1.8895     1.7008          0     42.250  34.266600   995.6672      1.303      0.011  0.000e+00
      1.310    30.2467   0.026491     0.1165     1.8898     1.7023          0     42.500  34.266603   995.6676      1.303      0.006  0.000e+00
      1.300    30.2456   0.026491     0.1165     1.8888     1.7016          0     42.750  34.266606   995.6678      1.292      0.003  0.000e+00
      1.321    30.2443   0.026503     0.1166     1.8839     1.7000          0     43.000  34.266609   995.6684      1.314      0.006  0.000e+00
      1.310    30.2431   0.026512     0.1166     1.8850     1.7000          0     43.250  34.266612   995.6687      1.303      0.004  0.000e+00
      1.321    30.2421   0.026518     0.1166     1.8829     1.6825          0     43.500  34.266615   995.6691      1.314      0.009  0.000e+00
      1.310    30.2408   0.026518     0.1166     1.8799     1.6893          0     43.750  34.266617   995.6694      1.303      0.006  0.000e+00
      1.289    30.2396   0.026503     0.1166     1.8771     1.6863          0     44.000  34.266620   995.6696      1.282     -0.004  0.000e+00
      1.300    30.2386   0.026494     0.1165     1.8763     1.6825          0     44.250  34.266623   995.6700      1.292     -0.006  0.000e+00
      1.310    30.2374   0.026491     0.1165     1.8711     1.6840          0     44.500  34.266626   995.6704      1.303     -0.004  0.000e+00
      1.310    30.2361   0.026494     0.1165     1.8698     1.6817          0     44.750  34.266629   995.6708      1.303     -0.003  0.000e+00
      1.289    30.2349   0.026494     0.1165     1.8679     1.6748          0     45.000  34.266632   995.6710      1.282     -0.011  0.000e+00
      1.332    30.2338   0.026503     0.1166     1.8639     1.6886          0     45.250  34.266635   995.6716      1.325      0.001  0.000e+00
      1.300    30.2325   0.026527     0.1167     1.8605     1.6779          0     45.500  34.266638   995.6719      1.292     -0.001  0.000e+00
      1.310    30.2316   0.026524     0.1167     1.8575     1.7130          0     45.750  34.266641   995.6723      1.303      0.005  0.000e+00
      1.332    30.2304   0.026512     0.1166     1.8533     1.7168          0     46.000  34.266644   995.6727      1.325      0.014  0.000e+00
      1.321    30.2294   0.026497     0.1166     1.8528     1.7077          0     46.250  34.266646   995.6729      1.314      0.011  0.000e+00
      1.311    30.2283   0.026491     0.1165     1.8540     1.7153          0     46.500  34.266649   995.6732      1.303      0.007  0.000e+00
      1.300    30.2273   0.026473     0.1165     1.8520     1.6924          0     46.750  34.266652   995.6734      1.293      0.002  0.000e+00
      1.311    30.2263   0.026455     0.1164     1.8506     1.6932          0     47.000  34.266655   995.6737      1.303      0.002  0.000e+00
      1.311    30.2254   0.026446     0.1164     1.8494     1.6985          0     47.250  34.266658   995.6739      1.303     -0.006  0.000e+00
      1.311    30.2245   0.026455     0.1164     1.8447     1.6848          0     47.500  34.266661   995.6742      1.303     -0.001  0.000e+00
      1.321    30.2235   0.026467     0.1164     1.8416     1.6932          0     47.750  34.266664   995.6746      1.314     -0.003  0.000e+00
      1.321    30.2225   0.026473     0.1165     1.8394     1.7046          0     48.000  34.266667   995.6749      1.314     -0.002  0.000e+00
      1.311    30.2213   0.026485     0.1165     1.8359     1.7077          0     48.250  34.266670   995.6753      1.303      0.002  0.000e+00
      1.343    30.2203   0.026485     0.1165     1.8314     1.6977          0     48.500  34.266672   995.6757      1.336      0.013  0.000e+00
      1.300    30.2190   0.026485     0.1165     1.8289     1.7000          0     48.750  34.266675   995.6759      1.293      0.007  0.000e+00
      1.311    30.2181   0.026473     0.1165     1.8297     1.6863          0     49.000  34.266678   995.6762      1.303      0.001  0.000e+00
      1.300    30.2169   0.026467     0.1165     1.8284     1.6932          0     49.250  34.266681   995.6765      1.293     -0.004  0.000e+00
      1.300    30.2161   0.026467     0.1165     1.8274     1.6924          0     49.500  34.266684   995.6768      1.293     -0.009  0.000e+00
      1.332    30.2153   0.026473     0.1165     1.8246     1.6832          0     49.750  34.266687   995.6772      1.325     -0.005  0.000e+00
      1.311    30.2141   0.026479     0.1165     1.8213     1.6970          0     50.000  34.266690   995.6775      1.303     -0.004  0.000e+00
      1.311    30.2135   0.026485     0.1165     1.8194     1.6985          0     50.250  34.266693   995.6777      1.303     -0.003  0.000e+00
      1.332    30.2123   0.026485     0.1165     1.8185     1.6947          0     50.500  34.266696   995.6781      1.325      0.001  0.000e+00
      1.332    30.2114   0.026473     0.1165     1.8163     1.6909          0     50.750  34.266698   995.6784      1.325      0.015  0.000e+00
      1.321    30.2106   0.026473     0.1165     1.8145     1.7115          0     51.000  34.266701   995.6786      1.314      0.012  0.000e+00
      1.321    30.2098   0.026473     0.1165     1.8069     1.6977          0     51.250  34.266704   995.6788      1.314      0.012  0.000e+00
      1.311    30.2089   0.026467     0.1165     1.8059     1.7000          0     51.500  34.266707   995.6790      1.303      0.004  0.000e+00
      1.300    30.2081   0.026452     0.1164     1.8061     1.7023          0     51.750  34.266710   995.6792      1.293     -0.008  0.000e+00
      1.321    30.2073   0.026437     0.1164     1.8055     1.7000          0     52.000  34.266713   995.6794      1.314     -0.003  0.000e+00
      1.321    30.2065   0.026434     0.1163     1.8050     1.6893          0     52.250  34.266716   995.6797      1.314     -0.004  0.000e+00
      1.332    30.2056   0.026455     0.1164     1.8020     1.6970          0     52.500  34.266719   995.6801      1.325     -0.004  0.000e+00
      1.332    30.2047   0.026461     0.1165     1.7999     1.6954          0     52.750  34.266722   995.6804      1.325      0.003  0.000e+00
      1.322    30.2039   0.026461     0.1165     1.7965     1.6848          0     53.000  34.266725   995.6806      1.314      0.007  0.000e+00
      1.321    30.2031   0.026443     0.1164     1.7958     1.7023          0     53.250  34.266727   995.6807      1.314      0.007  0.000e+00
      1.332    30.2021   0.026422     0.1163     1.7919     1.6832          0     53.500  34.266730   995.6810      1.325      0.011  0.000e+00
      1.311    30.2014   0.026413     0.1163     1.7953     1.6962          0     53.750  34.266733   995.6811      1.303      0.004  0.000e+00
      1.332    30.2008   0.026413     0.1163     1.7911     1.6947          0     54.000  34.266736   995.6814      1.325      0.000  0.000e+00
      1.311    30.2000   0.026431     0.1163     1.7912     1.7145          0     54.250  34.266739   995.6816      1.304     -0.005  0.000e+00
      1.311    30.1993   0.026455     0.1164     1.7893     1.7191          0     54.500  34.266742   995.6819      1.304     -0.009  0.000e+00
      1.311    30.1983   0.026473     0.1165     1.7868     1.7199          0     54.750  34.266745   995.6823      1.304     -0.009  0.000e+00
      1.322    30.1975   0.026479     0.1166     1.7850     1.7145          0     55.000  34.266748   995.6826      1.314     -0.005  0.000e+00
      1.322    30.1973   0.026473     0.1165     1.7849     1.7473          0     55.250  34.266751   995.6826      1.314     -0.004  0.000e+00
