content/post/ctd_rufiji/SBE19plus_01906740_2018_02_13_0895.cnv
* Sea-Bird SBE19plus  Data File:
* FileName = C:\Users\all user\Desktop\CTD tafiri 2018\SBE19plus_01906740_2018_02_13_0895.hex
* Software version 2.6.3.104
* Temperature SN = 6740
* Conductivity SN = 6740
* System UpLoad Time = Feb 13 2018 13:59:38
* <ApplicationData>
* <Seaterm232>
# nquan = 13
# nvalues = 528                                   
# units = specified
# name 0 = prdM: Pressure, Strain Gauge [db]
# name 1 = tv290C: Temperature [ITS-90, deg C]
# name 2 = c0S/m: Conductivity [S/m]
# name 3 = sal00: Salinity, Practical [PSU]
# name 4 = sbeox0ML/L: Oxygen, SBE 43 [ml/l]
# name 5 = flECO-AFL: Fluorescence, WET Labs ECO-AFL/FL [mg/m^3]
# name 6 = nbf: Bottles Fired
# name 7 = timeS: Time, Elapsed [seconds]
# name 8 = timeJ: Julian Days
# name 9 = density00: Density [density, kg/m^3]
# name 10 = depSM: Depth [salt water, m], lat = 0.00
# name 11 = dz/dtM: Descent Rate [m/s]
# name 12 = flag:  0.000e+00
# span 0 =      0.073,      6.408                 
# span 1 =    29.8510,    31.0886                 
# span 2 =   0.003019,   2.527503                 
# span 3 =     0.0219,    13.5960                 
# span 4 =     1.2912,     4.3857                 
# span 5 =    -0.4401,     1.8602                 
# span 6 =          0,          0                 
# span 7 =      0.000,    131.750                 
# span 8 =  33.766065,  33.767590                 
# span 9 =   995.7123,  1005.4935                 
# span 10 =      0.072,      6.373                
# span 11 =     -0.663,      0.270                
# span 12 = 0.0000e+00, 0.0000e+00                
# interval = seconds: 0.25
# start_time = Feb 02 2018 18:23:08 [Instrument's time stamp, header]
# bad_flag = -9.990e-29
*END*
      0.451    29.8510   0.003019     0.0219     3.3636    -0.4362          0      0.000  33.766065   995.7123      0.449 -2.105e-16  0.000e+00
      0.494    30.0718   0.203357     0.9320     2.8100    -0.4378          0      0.250  33.766068   996.3276      0.492      0.012  0.000e+00
      0.548    30.2512   0.094686     0.4190     2.7061    -0.4401          0      0.500  33.766071   995.8895      0.545      0.035  0.000e+00
      0.602    30.3682   0.428952     2.0366     2.8462    -0.4339          0      0.750  33.766073   997.0619      0.599      0.066  0.000e+00
      0.635    30.4501   0.486662     2.3250     3.1358     1.3659          0      1.000  33.766076   997.2517      0.631      0.095  0.000e+00
      0.667    30.5066   0.547366     2.6319     2.7799     1.3620          0      1.250  33.766079   997.4629      0.664      0.121  0.000e+00
      0.721    30.5389   0.837908     4.1455     2.7557     1.3636          0      1.500  33.766082   998.5792      0.717      0.147  0.000e+00
      0.721    30.5686   0.874589     4.3379     2.8025     1.3597          0      1.750  33.766085   998.7130      0.717      0.155  0.000e+00
      0.732    30.5968   0.890022     4.4176     2.8822     1.2712          0      2.000  33.766088   998.7635      0.728      0.148  0.000e+00
      0.808    30.6248   0.890790     4.4192     3.0016     1.2712          0      2.250  33.766091   998.7563      0.804      0.142  0.000e+00
      0.862    30.6460   0.912578     4.5334     2.9954     1.2598          0      2.500  33.766094   998.8347      0.857      0.141  0.000e+00
      0.905    30.6755   0.929128     4.6190     2.9828     1.2613          0      2.750  33.766097   998.8893      0.900      0.146  0.000e+00
      0.927    30.6983   0.955956     4.7602     3.0195     1.2789          0      3.000  33.766100   998.9872      0.922      0.150  0.000e+00
      0.949    30.7212   1.096425     5.5140     3.1213     1.2735          0      3.250  33.766102   999.5400      0.943      0.149  0.000e+00
      0.916    30.7493   1.368995     7.0023     3.1117     1.2773          0      3.500  33.766105  1000.6358      0.911      0.130  0.000e+00
      0.938    30.7779   1.546753     7.9865     3.1061     1.2720          0      3.750  33.766108  1001.3572      0.933      0.118  0.000e+00
      0.938    30.8056   1.639257     8.5007     3.1078     1.2827          0      4.000  33.766111  1001.7298      0.933      0.091  0.000e+00
      0.938    30.8291   1.688933     8.7763     3.1079     1.2964          0      4.250  33.766114  1001.9268      0.933      0.053  0.000e+00
      0.938    30.8471   1.729405     9.0015     3.1105     1.2888          0      4.500  33.766117  1002.0881      0.933      0.027  0.000e+00
      0.916    30.8595   1.766945     9.2115     3.1108     1.2972          0      4.750  33.766120  1002.2398      0.911      0.005  0.000e+00
      0.938    30.8662   1.795068     9.3696     3.1187     1.2972          0      5.000  33.766123  1002.3550      0.933     -0.001  0.000e+00
      0.949    30.8704   1.826698     9.5482     3.1104     1.2957          0      5.250  33.766126  1002.4862      0.944      0.002  0.000e+00
      0.927    30.8711   1.846786     9.6622     3.1131     1.2896          0      5.500  33.766128  1002.5705      0.922      0.004  0.000e+00
      0.938    30.8709   1.854602     9.7067     3.1070     1.3025          0      5.750  33.766131  1002.6036      0.933     -0.001  0.000e+00
      0.938    30.8705   1.851592     9.6897     3.1095     1.2911          0      6.000  33.766134  1002.5910      0.933      0.001  0.000e+00
      0.938    30.8662   1.857504     9.7242     3.1083     1.2888          0      6.250  33.766137  1002.6180      0.933      0.002  0.000e+00
      0.927    30.8611   1.860506     9.7422     3.1102     1.2896          0      6.500  33.766140  1002.6330      0.922      0.001  0.000e+00
      0.927    30.8584   1.859737     9.7384     3.1091     1.2903          0      6.750  33.766143  1002.6310      0.922      0.000  0.000e+00
      0.949    30.8569   1.851909     9.6941     3.1131     1.2911          0      7.000  33.766146  1002.5988      0.944     -0.001  0.000e+00
      0.916    30.8549   1.840000     9.6268     3.1159     1.2621          0      7.250  33.766149  1002.5493      0.911     -0.006  0.000e+00
      0.906    30.8521   1.828683     9.5630     3.1205     1.2560          0      7.500  33.766152  1002.5029      0.901     -0.009  0.000e+00
      0.949    30.8480   1.818408     9.5054     3.1214     1.2613          0      7.750  33.766155  1002.4617      0.944     -0.005  0.000e+00
      0.938    30.8437   1.820355     9.5173     3.1234     1.2651          0      8.000  33.766157  1002.4718      0.933     -0.001  0.000e+00
      0.949    30.8396   1.837547     9.6158     3.1239     1.2682          0      8.250  33.766160  1002.5462      0.944      0.005  0.000e+00
      0.949    30.8354   1.859608     9.7421     3.1263     1.2583          0      8.500  33.766163  1002.6413      0.944      0.011  0.000e+00
      0.949    30.8323   1.868028     9.7907     3.1232     1.2651          0      8.750  33.766166  1002.6783      0.944      0.012  0.000e+00
      0.949    30.8299   1.879478     9.8564     3.1227     1.2598          0      9.000  33.766169  1002.7278      0.944      0.012  0.000e+00
      0.949    30.8274   1.891679     9.9265     3.1242     1.2636          0      9.250  33.766172  1002.7806      0.944      0.018  0.000e+00
      0.927    30.8236   1.902626     9.9897     3.1265     1.2865          0      9.500  33.766175  1002.8286      0.922      0.007  0.000e+00
      0.938    30.8235   1.912932    10.0486     3.1273     1.2995          0      9.750  33.766178  1002.8723      0.933     -0.005  0.000e+00
      0.949    30.8253   1.919358    10.0850     3.1230     1.2926          0     10.000  33.766181  1002.8988      0.944     -0.002  0.000e+00
      0.949    30.8300   1.932538    10.1593     3.1211     1.2857          0     10.250  33.766183  1002.9524      0.944     -0.003  0.000e+00
      0.949    30.8468   1.953667    10.2768     3.1268     1.2911          0     10.500  33.766186  1003.0342      0.944     -0.001  0.000e+00
      0.916    30.8696   1.970883    10.3706     3.1492     1.2964          0     10.750  33.766189  1003.0963      0.911     -0.007  0.000e+00
      0.927    30.8893   1.983306    10.4376     3.1614     1.2941          0     11.000  33.766192  1003.1398      0.922     -0.009  0.000e+00
      0.938    30.9040   1.991373    10.4807     3.1429     1.2926          0     11.250  33.766195  1003.1670      0.933     -0.006  0.000e+00
      0.916    30.9122   1.994546    10.4972     3.0927     1.2796          0     11.500  33.766198  1003.1765      0.911     -0.008  0.000e+00
      0.938    30.9158   1.994475    10.4960     3.0201     1.2850          0     11.750  33.766201  1003.1746      0.933     -0.009  0.000e+00
      0.938    30.9197   1.994023    10.4926     2.9303     1.2705          0     12.000  33.766204  1003.1708      0.933     -0.008  0.000e+00
      0.927    30.9234   1.993063    10.4864     2.8258     1.2720          0     12.250  33.766207  1003.1649      0.922     -0.006  0.000e+00
      0.938    30.9262   1.991357    10.4760     2.7256     1.2766          0     12.500  33.766209  1003.1564      0.933      0.001  0.000e+00
      0.927    30.9279   1.988109    10.4570     2.6253     1.2743          0     12.750  33.766212  1003.1417      0.922      0.005  0.000e+00
      0.949    30.9287   1.985334    10.4410     2.5508     1.2735          0     13.000  33.766215  1003.1297      0.944      0.006  0.000e+00
      0.938    30.9289   1.983276    10.4292     2.4967     1.2835          0     13.250  33.766218  1003.1208      0.933      0.005  0.000e+00
      0.938    30.9289   1.981456    10.4188     2.4566     1.2835          0     13.500  33.766221  1003.1131      0.933      0.007  0.000e+00
      0.938    30.9294   1.979282    10.4062     2.4284     1.2934          0     13.750  33.766224  1003.1036      0.933      0.002  0.000e+00
      0.938    30.9305   1.978198    10.3998     2.4072     1.2888          0     14.000  33.766227  1003.0985      0.933      0.003  0.000e+00
      0.917    30.9312   1.977069    10.3932     2.3870     1.2880          0     14.250  33.766230  1003.0933      0.912     -0.002  0.000e+00
      0.928    30.9324   1.976714    10.3909     2.3670     1.2934          0     14.500  33.766233  1003.0912      0.922     -0.006  0.000e+00
      0.938    30.9339   1.976638    10.3902     2.3468     1.2789          0     14.750  33.766236  1003.0902      0.933     -0.004  0.000e+00
      0.927    30.9349   1.976653    10.3900     2.3209     1.2697          0     15.000  33.766238  1003.0898      0.922     -0.009  0.000e+00
      0.928    30.9354   1.976663    10.3900     2.2978     1.2751          0     15.250  33.766241  1003.0896      0.922     -0.006  0.000e+00
      0.928    30.9371   1.976785    10.3903     2.2741     1.2751          0     15.500  33.766244  1003.0893      0.922     -0.005  0.000e+00
      0.928    30.9391   1.977423    10.3936     2.2508     1.2964          0     15.750  33.766247  1003.0911      0.923     -0.004  0.000e+00
      0.949    30.9410   1.977676    10.3946     2.2278     1.3025          0     16.000  33.766250  1003.0913      0.944      0.004  0.000e+00
      0.949    30.9437   1.977621    10.3937     2.2068     1.3002          0     16.250  33.766253  1003.0898      0.944      0.012  0.000e+00
      0.949    30.9454   1.977469    10.3925     2.1875     1.3025          0     16.500  33.766256  1003.0884      0.944      0.011  0.000e+00
      0.939    30.9455   1.977403    10.3921     2.1704     1.3041          0     16.750  33.766259  1003.0880      0.933      0.009  0.000e+00
      0.939    30.9459   1.977337    10.3916     2.1529     1.2880          0     17.000  33.766262  1003.0875      0.933      0.010  0.000e+00
      0.917    30.9463   1.977514    10.3926     2.1407     1.2896          0     17.250  33.766264  1003.0880      0.912      0.001  0.000e+00
      0.928    30.9453   1.977575    10.3931     2.1301     1.2957          0     17.500  33.766267  1003.0888      0.922     -0.004  0.000e+00
      0.928    30.9439   1.977484    10.3929     2.1255     1.2964          0     17.750  33.766270  1003.0890      0.922     -0.009  0.000e+00
      0.949    30.9434   1.977129    10.3910     2.1218     1.3094          0     18.000  33.766273  1003.0879      0.944     -0.009  0.000e+00
      0.949    30.9438   1.975742    10.3830     2.1187     1.3079          0     18.250  33.766276  1003.0818      0.944     -0.002  0.000e+00
      0.949    30.9427   1.974127    10.3740     2.1138     1.3041          0     18.500  33.766279  1003.0755      0.944      0.004  0.000e+00
      0.928    30.9396   1.971859    10.3616     2.1082     1.3048          0     18.750  33.766282  1003.0672      0.922      0.005  0.000e+00
      0.928    30.9359   1.970038    10.3520     2.1024     1.2949          0     19.000  33.766285  1003.0613      0.923      0.004  0.000e+00
      0.917    30.9331   1.967833    10.3400     2.0920     1.2888          0     19.250  33.766288  1003.0532      0.912     -0.000  0.000e+00
      0.928    30.9309   1.965346    10.3262     2.0804     1.2880          0     19.500  33.766291  1003.0437      0.923     -0.006  0.000e+00
      0.927    30.9287   1.962779    10.3120     2.0689     1.2941          0     19.750  33.766293  1003.0339      0.922     -0.010  0.000e+00
      0.938    30.9264   1.959879    10.2959     2.0597     1.2857          0     20.000  33.766296  1003.0227      0.933     -0.011  0.000e+00
      0.917    30.9224   1.957678    10.2841     2.0459     1.2880          0     20.250  33.766299  1003.0152      0.912     -0.011  0.000e+00
      0.916    30.9167   1.955750    10.2743     2.0434     1.2941          0     20.500  33.766302  1003.0098      0.911     -0.009  0.000e+00
      0.927    30.9119   1.953681    10.2635     2.0403     1.2873          0     20.750  33.766305  1003.0033      0.922     -0.002  0.000e+00
      0.938    30.9083   1.950025    10.2433     2.0361     1.2896          0     21.000  33.766308  1002.9896      0.933      0.003  0.000e+00
      0.960    30.9037   1.944432    10.2123     2.0276     1.3193          0     21.250  33.766311  1002.9681      0.954      0.012  0.000e+00
      0.949    30.8986   1.938783    10.1811     2.0215     1.3124          0     21.500  33.766314  1002.9466      0.944      0.013  0.000e+00
      0.949    30.8928   1.933120    10.1499     2.0140     1.3155          0     21.750  33.766317  1002.9253      0.944      0.015  0.000e+00
      0.906    30.8878   1.927026    10.1161     2.0027     1.3132          0     22.000  33.766319  1002.9017      0.901      0.004  0.000e+00
      0.927    30.8828   1.920963    10.0825     1.9929     1.2827          0     22.250  33.766322  1002.8784      0.922      0.004  0.000e+00
      0.949    30.8775   1.915622    10.0531     1.9819     1.2705          0     22.500  33.766325  1002.8584      0.944      0.004  0.000e+00
      0.938    30.8723   1.910057    10.0224     1.9761     1.2781          0     22.750  33.766328  1002.8373      0.933     -0.002  0.000e+00
      0.949    30.8677   1.903541     9.9861     1.9680     1.2751          0     23.000  33.766331  1002.8119      0.944     -0.003  0.000e+00
      0.938    30.8641   1.896008     9.9439     1.9552     1.3002          0     23.250  33.766334  1002.7817      0.933     -0.004  0.000e+00
      0.938    30.8614   1.887143     9.8939     1.9485     1.3010          0     23.500  33.766337  1002.7455      0.933      0.001  0.000e+00
      0.927    30.8592   1.877909     9.8417     1.9373     1.3033          0     23.750  33.766340  1002.7074      0.922      0.002  0.000e+00
      0.938    30.8574   1.868744     9.7899     1.9324     1.2995          0     24.000  33.766343  1002.6696      0.933      0.007  0.000e+00
      0.971    30.8560   1.859534     9.7377     1.9238     1.3041          0     24.250  33.766345  1002.6315      0.965      0.007  0.000e+00
      0.949    30.8540   1.849793     9.6827     1.9175     1.3018          0     24.500  33.766348  1002.5912      0.944      0.004  0.000e+00
      0.949    30.8519   1.842093     9.6393     1.9052     1.3018          0     24.750  33.766351  1002.5597      0.944      0.007  0.000e+00
      0.960    30.8495   1.838892     9.6215     1.9021     1.3018          0     25.000  33.766354  1002.5473      0.955      0.009  0.000e+00
      0.960    30.8457   1.840311     9.6303     1.8938     1.3025          0     25.250  33.766357  1002.5551      0.955      0.014  0.000e+00
      0.949    30.8404   1.839748     9.6282     1.8814     1.2918          0     25.500  33.766360  1002.5551      0.944      0.011  0.000e+00
      0.928    30.8347   1.837131     9.6144     1.8793     1.2850          0     25.750  33.766363  1002.5466      0.922      0.002  0.000e+00
      0.960    30.8292   1.840069     9.6321     1.8733     1.2926          0     26.000  33.766366  1002.5617      0.955     -0.002  0.000e+00
      0.927    30.8243   1.845286     9.6628     1.8702     1.2926          0     26.250  33.766369  1002.5859      0.922     -0.013  0.000e+00
      0.971    30.8194   1.845593     9.6655     1.8720     1.3170          0     26.500  33.766372  1002.5896      0.965     -0.001  0.000e+00
      0.960    30.8151   1.850001     9.6914     1.8732     1.3155          0     26.750  33.766374  1002.6102      0.954      0.001  0.000e+00
      0.949    30.8110   1.844439     9.6605     1.8724     1.3170          0     27.000  33.766377  1002.5885      0.944     -0.000  0.000e+00
      0.938    30.8077   1.839055     9.6305     1.8776     1.3170          0     27.250  33.766380  1002.5673      0.933     -0.001  0.000e+00
      0.949    30.8047   1.838907     9.6303     1.8829     1.2758          0     27.500  33.766383  1002.5681      0.944      0.003  0.000e+00
