content/post/ctd_rufiji/SBE19plus_01906740_2018_02_13_0913.cnv
* Sea-Bird SBE19plus  Data File:
* FileName = C:\Users\all user\Desktop\CTD tafiri 2018\SBE19plus_01906740_2018_02_13_0913.hex
* Software version 2.6.3.104
* Temperature SN = 6740
* Conductivity SN = 6740
* System UpLoad Time = Feb 13 2018 14:02:45
* <ApplicationData>
* <Seaterm232>
# nquan = 13
# nvalues = 358                                   
# units = specified
# name 0 = prdM: Pressure, Strain Gauge [db]
# name 1 = tv290C: Temperature [ITS-90, deg C]
# name 2 = c0S/m: Conductivity [S/m]
# name 3 = sal00: Salinity, Practical [PSU]
# name 4 = sbeox0ML/L: Oxygen, SBE 43 [ml/l]
# name 5 = flECO-AFL: Fluorescence, WET Labs ECO-AFL/FL [mg/m^3]
# name 6 = nbf: Bottles Fired
# name 7 = timeS: Time, Elapsed [seconds]
# name 8 = timeJ: Julian Days
# name 9 = density00: Density [density, kg/m^3]
# name 10 = depSM: Depth [salt water, m], lat = 0.00
# name 11 = dz/dtM: Descent Rate [m/s]
# name 12 = flag:  0.000e+00
# span 0 =      0.138,      4.626                 
# span 1 =    29.4474,    30.8219                 
# span 2 =   0.000542,   0.013965                 
# span 3 =     0.0140,     0.0643                 
# span 4 =     1.2453,    11.8535                 
# span 5 =    -0.1074,     1.5650                 
# span 6 =          0,          0                 
# span 7 =      0.000,     89.250                 
# span 8 =  34.284838,  34.285871                 
# span 9 =   995.4218,   995.8260                 
# span 10 =      0.137,      4.601                
# span 11 =     -0.664,      0.436                
# span 12 = 0.0000e+00, 0.0000e+00                
# interval = seconds: 0.25
# start_time = Feb 03 2018 06:50:10 [Instrument's time stamp, header]
# bad_flag = -9.990e-29
*END*
[from data line 334]
      0.972    30.8071   0.013893     0.0636     1.7032     1.4666          0     83.500  34.285804   995.4545      0.967     -0.351  0.000e+00
      0.961    30.8089   0.013890     0.0635     1.6717     1.4658          0     83.750  34.285807   995.4538      0.956     -0.210  0.000e+00
      0.896    30.8098   0.013881     0.0635     1.8107     1.4498          0     84.000  34.285810   995.4533      0.891     -0.102  0.000e+00
      0.745    30.8100   0.013893     0.0636     2.0604     1.4544          0     84.250  34.285813   995.4526      0.741     -0.076  0.000e+00
      0.583    30.8102   0.013902     0.0636     2.3631     1.4429          0     84.500  34.285816   995.4518      0.580     -0.133  0.000e+00
      0.475    30.8104   0.013902     0.0636     2.4083     1.4498          0     84.750  34.285819   995.4513      0.472     -0.223  0.000e+00
      0.464    30.8106   0.013908     0.0636     2.4410     1.2705          0     85.000  34.285822   995.4512      0.461     -0.290  0.000e+00
      0.421    30.8106   0.013902     0.0636     2.4551     1.2751          0     85.250  34.285825   995.4509      0.419     -0.331  0.000e+00
      0.291    30.8102   0.013923     0.0637     2.4635     1.2743          0     85.500  34.285828   995.4506      0.290     -0.365  0.000e+00
      0.183    30.8103   0.013920     0.0637     2.4634     1.2796          0     85.750  34.285830   995.4500      0.182     -0.380  0.000e+00
      0.162    30.8103   0.013926     0.0637     2.4639     1.2827          0     86.000  34.285833   995.4500      0.161     -0.351  0.000e+00
      0.172    30.8098   0.012964     0.0598     2.4505    -0.0097          0     86.250  34.285836   995.4473      0.171     -0.287  0.000e+00
      0.173    30.8021   0.003250     0.0227     2.4563    -0.0197          0     86.500  34.285839   995.4218      0.172     -0.226  0.000e+00
      0.173    30.7851   0.002485     0.0201     2.4550    -0.0181          0     86.750  34.285842   995.4251      0.172     -0.181  0.000e+00
      0.162    30.7639   0.002390     0.0198     2.4621    -0.0220          0     87.000  34.285845   995.4314      0.161     -0.147  0.000e+00
      0.183    30.7478   0.002316     0.0195     2.4926    -0.0731          0     87.250  34.285848   995.4362      0.182     -0.090  0.000e+00
      0.173    30.7352   0.002296     0.0195     2.5285    -0.0700          0     87.500  34.285851   995.4400      0.172     -0.032  0.000e+00
      0.173    30.7230   0.002388     0.0198     2.5643    -0.0654          0     87.750  34.285854   995.4440      0.172      0.000  0.000e+00
      0.162    30.7070   0.002364     0.0197     2.6012    -0.0685          0     88.000  34.285856   995.4488      0.161      0.001  0.000e+00
      0.162    30.6862   0.002512     0.0202     2.6303    -0.0357          0     88.250  34.285859   995.4556      0.161     -0.004  0.000e+00
      0.151    30.6654   0.002539     0.0203     2.6467    -0.0342          0     88.500  34.285862   995.4620      0.150     -0.009  0.000e+00
      0.173    30.6456   0.002189     0.0191     2.6508    -0.0311          0     88.750  34.285865   995.4674      0.172     -0.006  0.000e+00
      0.173    30.6285   0.002269     0.0194     2.6454    -0.0296          0     89.000  34.285868   995.4728      0.172     -0.003  0.000e+00
      0.151    30.6111   0.002198     0.0191     2.6284    -0.0227          0     89.250  34.285871   995.4779      0.150     -0.009  0.000e+00
