content/post/ctd_rufiji/SBE19plus_01906740_2018_02_13_0933.cnv
* Sea-Bird SBE19plus  Data File:
* FileName = C:\Users\all user\Desktop\CTD tafiri 2018\SBE19plus_01906740_2018_02_13_0933.hex
* Software version 2.6.3.104
* Temperature SN = 6740
* Conductivity SN = 6740
* System UpLoad Time = Feb 13 2018 14:05:50
* <ApplicationData>
* <Seaterm232>
# nquan = 13
# nvalues = 377                                   
# units = specified
# name 0 = prdM: Pressure, Strain Gauge [db]
# name 1 = tv290C: Temperature [ITS-90, deg C]
# name 2 = c0S/m: Conductivity [S/m]
# name 3 = sal00: Salinity, Practical [PSU]
# name 4 = sbeox0ML/L: Oxygen, SBE 43 [ml/l]
# name 5 = flECO-AFL: Fluorescence, WET Labs ECO-AFL/FL [mg/m^3]
# name 6 = nbf: Bottles Fired
# name 7 = timeS: Time, Elapsed [seconds]
# name 8 = timeJ: Julian Days
# name 9 = density00: Density [density, kg/m^3]
# name 10 = depSM: Depth [salt water, m], lat = 0.00
# name 11 = dz/dtM: Descent Rate [m/s]
# name 12 = flag:  0.000e+00
# span 0 =      0.176,      7.096                 
# span 1 =    27.8629,    30.2040                 
# span 2 =   0.000664,   0.304017                 
# span 3 =     0.0139,     1.4253                 
# span 4 =     1.3173,     5.4006                 
# span 5 =    -0.3744,    48.6780                 
# span 6 =          0,          0                 
# span 7 =      0.000,     94.000                 
# span 8 =  34.436100,  34.437188                 
# span 9 =   996.1736,   996.7431                 
# span 10 =      0.175,      7.057                
# span 11 =     -0.721,      0.495                
# span 12 = 0.0000e+00, 0.0000e+00                
# interval = seconds: 0.25
# start_time = Feb 03 2018 10:27:59 [Instrument's time stamp, header]
# bad_flag = -9.990e-29
*END*
[from data line 334]
      1.398    29.9761   0.298784     1.3999     1.9690     2.2013          0     83.500  34.437066   996.7102      1.390     -0.710  0.000e+00
      1.441    29.9784   0.298734     1.3995     1.9655     2.2028          0     83.750  34.437069   996.7094      1.433     -0.675  0.000e+00
      1.517    29.9810   0.298670     1.3992     1.9490     2.1799          0     84.000  34.437072   996.7087      1.508     -0.538  0.000e+00
      1.560    29.9792   0.298643     1.3991     1.9396     2.1769          0     84.250  34.437075   996.7094      1.551     -0.336  0.000e+00
      1.549    29.9750   0.298700     1.3995     1.9339     2.1692          0     84.500  34.437078   996.7109      1.541     -0.131  0.000e+00
      1.538    29.9727   0.298656     1.3993     1.9568     2.1731          0     84.750  34.437080   996.7114      1.530      0.011  0.000e+00
      1.333    29.9709   0.298650     1.3993     1.9685     2.1784          0     85.000  34.437083   996.7111      1.326      0.024  0.000e+00
      1.063    29.9693   0.298727     1.3998     2.1093     2.1769          0     85.250  34.437086   996.7107      1.057     -0.084  0.000e+00
      0.792    29.9686   0.298734     1.3998     1.9495     2.1853          0     85.500  34.437089   996.7097      0.788     -0.263  0.000e+00
      0.598    29.9722   0.299026     1.4012     1.9635     2.1769          0     85.750  34.437092   996.7088      0.594     -0.450  0.000e+00
      0.598    29.9820   0.301906     1.4151     1.9804     2.1814          0     86.000  34.437095   996.7162      0.594     -0.570  0.000e+00
      0.663    29.9920   0.304017     1.4253     1.9718     2.2242          0     86.250  34.437098   996.7211      0.659     -0.591  0.000e+00
      0.749    29.9993   0.303926     1.4246     1.9526     2.2219          0     86.500  34.437101   996.7187      0.745     -0.517  0.000e+00
      0.803    30.0041   0.302023     1.4151     1.8633     2.2272          0     86.750  34.437104   996.7104      0.799     -0.379  0.000e+00
      0.803    30.0063   0.300973     1.4098     1.9019     2.2280          0     87.000  34.437106   996.7058      0.799     -0.195  0.000e+00
      0.836    30.0021   0.301296     1.4116     1.9143     2.1769          0     87.250  34.437109   996.7085      0.831     -0.021  0.000e+00
      0.825    29.9987   0.302599     1.4181     1.9525     2.1776          0     87.500  34.437112   996.7144      0.820      0.093  0.000e+00
      0.803    29.9973   0.302966     1.4200     1.9468     2.1792          0     87.750  34.437115   996.7161      0.799      0.127  0.000e+00
      0.782    29.9962   0.303239     1.4213     1.9326     2.1814          0     88.000  34.437118   996.7173      0.778      0.090  0.000e+00
      0.771    29.9970   0.303569     1.4229     2.0039     2.1776          0     88.250  34.437121   996.7183      0.767      0.037  0.000e+00
      0.749    29.9994   0.302599     1.4181     2.0447     2.1799          0     88.500  34.437124   996.7138      0.745     -0.011  0.000e+00
      0.674    30.0008   0.301542     1.4128     2.0076     2.1769          0     88.750  34.437127   996.7091      0.670     -0.057  0.000e+00
      0.511    29.9989   0.301031     1.4103     2.0953     2.1799          0     89.000  34.437130   996.7071      0.509     -0.123  0.000e+00
      0.371    29.9917   0.301556     1.4131     2.0505     1.0706          0     89.250  34.437133   996.7108      0.369     -0.206  0.000e+00
      0.209    29.9864   0.302121     1.4161     2.8767     1.0706          0     89.500  34.437135   996.7139      0.208     -0.293  0.000e+00
      0.176    29.9843   0.301966     1.4154     2.2619     1.0729          0     89.750  34.437138   996.7138      0.175     -0.351  0.000e+00
      0.176    29.9834   0.300169     1.4065     2.0057     1.0813          0     90.000  34.437141   996.7075      0.175     -0.373  0.000e+00
      0.198    29.9792   0.296946     1.3907     1.8582     1.0706          0     90.250  34.437144   996.6970      0.197     -0.354  0.000e+00
      0.187    29.9622   0.283152     1.3231     1.7879    -0.0296          0     90.500  34.437147   996.6517      0.186     -0.303  0.000e+00
      0.209    29.9358   0.265835     1.2386     1.7519    -0.0273          0     90.750  34.437150   996.5966      0.208     -0.214  0.000e+00
      0.187    29.8876   0.256686     1.1949     1.7253    -0.0296          0     91.000  34.437153   996.5785      0.186     -0.120  0.000e+00
      0.209    29.8260   0.250844     1.1677     1.7593    -0.0311          0     91.250  34.437156   996.5769      0.208     -0.043  0.000e+00
      0.198    29.7740   0.246603     1.1481     1.7889    -0.0212          0     91.500  34.437159   996.5779      0.197      0.006  0.000e+00
      0.198    29.7344   0.241468     1.1239     2.0616    -0.0303          0     91.750  34.437161   996.5717      0.197      0.011  0.000e+00
      0.187    29.7050   0.238254     1.1088     2.1648    -0.0250          0     92.000  34.437164   996.5692      0.186      0.004  0.000e+00
      0.198    29.6828   0.233867     1.0878     2.2203    -0.0273          0     92.250  34.437167   996.5602      0.197     -0.001  0.000e+00
      0.198    29.6671   0.227996     1.0595     2.2552    -0.0296          0     92.500  34.437170   996.5438      0.197     -0.000  0.000e+00
      0.209    29.6532   0.222233     1.0316     2.2884    -0.0265          0     92.750  34.437173   996.5271      0.208      0.000  0.000e+00
      0.198    29.6396   0.218065     1.0116     2.3196    -0.0319          0     93.000  34.437176   996.5162      0.197      0.003  0.000e+00
      0.198    29.6273   0.211639     0.9806     2.3555    -0.0242          0     93.250  34.437179   996.4967      0.197     -0.001  0.000e+00
      0.198    29.6170   0.207915     0.9626     2.3855    -0.0258          0     93.500  34.437182   996.4864      0.197      0.002  0.000e+00
      0.209    29.6081   0.205972     0.9534     2.4236    -0.0296          0     93.750  34.437185   996.4821      0.208      0.005  0.000e+00
      0.198    29.6004   0.202638     0.9373     2.4515    -0.0250          0     94.000  34.437188   996.4724      0.197      0.004  0.000e+00
