content/post/ctd_rufiji/SBE19plus_01906740_2018_02_13_0929.cnv
* Sea-Bird SBE19plus  Data File:
* FileName = C:\Users\all user\Desktop\CTD tafiri 2018\SBE19plus_01906740_2018_02_13_0929.hex
* Software version 2.6.3.104
* Temperature SN = 6740
* Conductivity SN = 6740
* System UpLoad Time = Feb 13 2018 14:05:13
* <ApplicationData>
* <Seaterm232>
# nquan = 13
# nvalues = 224                                   
# units = specified
# name 0 = prdM: Pressure, Strain Gauge [db]
# name 1 = tv290C: Temperature [ITS-90, deg C]
# name 2 = c0S/m: Conductivity [S/m]
# name 3 = sal00: Salinity, Practical [PSU]
# name 4 = sbeox0ML/L: Oxygen, SBE 43 [ml/l]
# name 5 = flECO-AFL: Fluorescence, WET Labs ECO-AFL/FL [mg/m^3]
# name 6 = nbf: Bottles Fired
# name 7 = timeS: Time, Elapsed [seconds]
# name 8 = timeJ: Julian Days
# name 9 = density00: Density [density, kg/m^3]
# name 10 = depSM: Depth [salt water, m], lat = 0.00
# name 11 = dz/dtM: Descent Rate [m/s]
# name 12 = flag:  0.000e+00
# span 0 =      0.170,      1.208                 
# span 1 =    29.1664,    29.6978                 
# span 2 =   0.006086,   0.392730                 
# span 3 =     0.0333,     1.8849                 
# span 4 =     1.8521,     3.9521                 
# span 5 =    -0.0311,     2.3279                 
# span 6 =          0,          0                 
# span 7 =      0.000,     55.750                 
# span 8 =  34.425023,  34.425668                 
# span 9 =   995.7968,   997.1959                 
# span 10 =      0.169,      1.201                
# span 11 =     -0.303,      0.192                
# span 12 = 0.0000e+00, 0.0000e+00                
# interval = seconds: 0.25
# start_time = Feb 03 2018 10:12:02 [Instrument's time stamp, header]
# bad_flag = -9.990e-29
*END*
[from data line 112]
      1.132    29.5359   0.369292     1.7669     2.4050     2.2257          0     28.000  34.425347   997.1158      1.126      0.008  0.000e+00
      1.110    29.5380   0.368999     1.7653     2.3856     2.2287          0     28.250  34.425350   997.1139      1.104     -0.000  0.000e+00
      1.121    29.5411   0.371401     1.7774     2.3586     2.2196          0     28.500  34.425353   997.1220      1.115     -0.006  0.000e+00
      1.110    29.5425   0.372074     1.7807     2.3406     2.2410          0     28.750  34.425356   997.1241      1.104     -0.005  0.000e+00
      1.121    29.5429   0.371763     1.7791     2.2761     2.2295          0     29.000  34.425359   997.1228      1.115     -0.004  0.000e+00
      1.110    29.5449   0.370531     1.7728     2.2398     2.2295          0     29.250  34.425362   997.1174      1.104     -0.005  0.000e+00
      1.100    29.5479   0.370010     1.7701     2.2473     2.2318          0     29.500  34.425365   997.1145      1.093     -0.005  0.000e+00
      1.100    29.5501   0.370410     1.7720     2.2697     2.2410          0     29.750  34.425367   997.1152      1.093     -0.006  0.000e+00
      1.110    29.5513   0.372181     1.7809     2.3095     2.2364          0     30.000  34.425370   997.1216      1.104     -0.011  0.000e+00
      1.099    29.5525   0.372181     1.7809     2.3156     2.2341          0     30.250  34.425373   997.1212      1.093     -0.008  0.000e+00
      1.100    29.5525   0.372081     1.7804     2.2936     2.2349          0     30.500  34.425376   997.1208      1.094     -0.010  0.000e+00
      1.121    29.5516   0.372609     1.7831     2.1896     2.2364          0     30.750  34.425379   997.1232      1.115     -0.002  0.000e+00
      1.110    29.5518   0.372899     1.7846     2.1560     2.2455          0     31.000  34.425382   997.1242      1.104     -0.001  0.000e+00
      1.089    29.5526   0.372692     1.7835     2.0972     2.2341          0     31.250  34.425385   997.1230      1.083     -0.001  0.000e+00
      1.089    29.5523   0.371559     1.7778     2.0880     2.2356          0     31.500  34.425388   997.1188      1.083     -0.004  0.000e+00
      1.110    29.5509   0.370690     1.7734     2.1748     2.2356          0     31.750  34.425391   997.1161      1.104     -0.002  0.000e+00
      1.100    29.5502   0.371894     1.7795     2.1944     2.2326          0     32.000  34.425394   997.1208      1.094     -0.004  0.000e+00
      1.100    29.5497   0.372720     1.7837     2.2214     2.2333          0     32.250  34.425396   997.1241      1.094     -0.003  0.000e+00
      1.089    29.5487   0.372243     1.7814     2.2419     2.2356          0     32.500  34.425399   997.1226      1.083     -0.007  0.000e+00
      1.132    29.5464   0.371870     1.7795     2.2387     2.2394          0     32.750  34.425402   997.1221      1.126      0.001  0.000e+00
      1.100    29.5443   0.372589     1.7833     2.2302     2.2287          0     33.000  34.425405   997.1254      1.093      0.005  0.000e+00
      1.110    29.5435   0.372989     1.7853     2.2114     2.2287          0     33.250  34.425408   997.1272      1.104      0.010  0.000e+00
      1.089    29.5433   0.372658     1.7837     2.2441     2.2249          0     33.500  34.425411   997.1259      1.083      0.002  0.000e+00
      1.100    29.5427   0.372188     1.7813     2.1644     2.2226          0     33.750  34.425414   997.1244      1.093     -0.003  0.000e+00
      1.089    29.5415   0.371922     1.7800     2.1757     2.2570          0     34.000  34.425417   997.1237      1.083     -0.004  0.000e+00
      1.100    29.5404   0.371881     1.7798     2.1334     2.2600          0     34.250  34.425420   997.1240      1.093     -0.005  0.000e+00
      1.100    29.5395   0.372029     1.7806     2.1355     2.2638          0     34.500  34.425422   997.1248      1.093     -0.006  0.000e+00
      1.110    29.5386   0.372347     1.7822     2.1656     2.2562          0     34.750  34.425425   997.1264      1.104     -0.007  0.000e+00
      1.100    29.5381   0.373031     1.7857     2.1865     2.2326          0     35.000  34.425428   997.1291      1.093      0.001  0.000e+00
      1.078    29.5382   0.372861     1.7849     2.1247     2.2310          0     35.250  34.425431   997.1283      1.072     -0.004  0.000e+00
      1.089    29.5385   0.372381     1.7824     2.0883     2.2425          0     35.500  34.425434   997.1265      1.083     -0.002  0.000e+00
      1.100    29.5381   0.372053     1.7808     2.1288     2.2387          0     35.750  34.425437   997.1254      1.094     -0.003  0.000e+00
      1.067    29.5370   0.372074     1.7809     2.1210     2.2272          0     36.000  34.425440   997.1257      1.061     -0.009  0.000e+00
      1.078    29.5364   0.372036     1.7808     2.0773     2.2196          0     36.250  34.425443   997.1258      1.072     -0.014  0.000e+00
      1.100    29.5354   0.371915     1.7802     2.0331     2.2226          0     36.500  34.425446   997.1257      1.094     -0.009  0.000e+00
      1.100    29.5342   0.372174     1.7815     2.0335     2.2211          0     36.750  34.425448   997.1271      1.094     -0.004  0.000e+00
      1.089    29.5332   0.372709     1.7843     1.9801     2.2242          0     37.000  34.425451   997.1294      1.083      0.001  0.000e+00
      1.078    29.5326   0.371584     1.7786     2.1108     2.2318          0     37.250  34.425454   997.1253      1.072      0.002  0.000e+00
      1.089    29.5318   0.372143     1.7815     2.1106     2.2394          0     37.500  34.425457   997.1277      1.083      0.000  0.000e+00
      1.111    29.5310   0.373044     1.7861     2.1114     2.2349          0     37.750  34.425460   997.1315      1.104      0.007  0.000e+00
      1.089    29.5302   0.374160     1.7917     2.0969     2.2394          0     38.000  34.425463   997.1359      1.083      0.009  0.000e+00
      1.089    29.5318   0.373729     1.7895     2.1127     2.2265          0     38.250  34.425466   997.1337      1.083      0.002  0.000e+00
      1.089    29.5314   0.372298     1.7823     2.1328     2.2257          0     38.500  34.425469   997.1284      1.083     -0.003  0.000e+00
      1.067    29.5323   0.372671     1.7841     2.0972     2.2196          0     38.750  34.425472   997.1295      1.061     -0.007  0.000e+00
      1.100    29.5341   0.372968     1.7856     2.0926     2.2257          0     39.000  34.425475   997.1302      1.094     -0.001  0.000e+00
      1.078    29.5337   0.371794     1.7796     2.0707     2.2371          0     39.250  34.425477   997.1258      1.072     -0.004  0.000e+00
      1.089    29.5342   0.372181     1.7816     2.0786     2.2387          0     39.500  34.425480   997.1271      1.083     -0.006  0.000e+00
      1.100    29.5338   0.373739     1.7895     2.0588     2.2310          0     39.750  34.425483   997.1332      1.094     -0.004  0.000e+00
      1.089    29.5324   0.374212     1.7919     2.0567     2.2326          0     40.000  34.425486   997.1354      1.083      0.003  0.000e+00
      1.121    29.5317   0.374389     1.7928     2.0467     2.2753          0     40.250  34.425489   997.1364      1.115      0.012  0.000e+00
      1.121    29.5312   0.374651     1.7942     2.0726     2.2738          0     40.500  34.425492   997.1376      1.115      0.020  0.000e+00
      1.100    29.5306   0.374306     1.7925     2.0532     2.2806          0     40.750  34.425495   997.1364      1.094      0.019  0.000e+00
      1.132    29.5304   0.373469     1.7882     2.0872     2.2738          0     41.000  34.425498   997.1334      1.126      0.019  0.000e+00
      1.121    29.5279   0.373407     1.7880     2.1384     2.2730          0     41.250  34.425501   997.1339      1.115      0.022  0.000e+00
      1.143    29.5257   0.374216     1.7922     2.1249     2.3249          0     41.500  34.425503   997.1378      1.137      0.023  0.000e+00
      1.154    29.5258   0.373863     1.7904     2.1381     2.3180          0     41.750  34.425506   997.1365      1.147      0.026  0.000e+00
      1.154    29.5251   0.374693     1.7946     2.1295     2.3218          0     42.000  34.425509   997.1399      1.147      0.028  0.000e+00
      1.186    29.5254   0.376387     1.8032     2.1110     2.3234          0     42.250  34.425512   997.1463      1.180      0.032  0.000e+00
      1.175    29.5279   0.379653     1.8197     2.0981     2.3241          0     42.500  34.425515   997.1578      1.169      0.037  0.000e+00
      1.175    29.5339   0.382300     1.8329     2.0749     2.3272          0     42.750  34.425518   997.1659      1.169      0.038  0.000e+00
      1.175    29.5396   0.383832     1.8405     2.0420     2.3256          0     43.000  34.425521   997.1699      1.169      0.029  0.000e+00
      1.154    29.5436   0.385515     1.8489     2.0054     2.3279          0     43.250  34.425524   997.1748      1.147      0.019  0.000e+00
      1.165    29.5475   0.387427     1.8585     2.0013     2.2738          0     43.500  34.425527   997.1809      1.158      0.008  0.000e+00
      1.175    29.5503   0.388917     1.8659     1.9871     2.2715          0     43.750  34.425530   997.1856      1.169      0.004  0.000e+00
      1.175    29.5524   0.390171     1.8722     1.9790     2.2707          0     44.000  34.425532   997.1897      1.169      0.001  0.000e+00
      1.186    29.5543   0.391120     1.8770     1.9797     2.2707          0     44.250  34.425535   997.1927      1.180     -0.001  0.000e+00
      1.164    29.5561   0.391144     1.8771     1.9818     2.2730          0     44.500  34.425538   997.1921      1.158      0.001  0.000e+00
      1.164    29.5584   0.390804     1.8752     2.0038     2.2822          0     44.750  34.425541   997.1901      1.158     -0.000  0.000e+00
      1.154    29.5607   0.389615     1.8691     2.0051     2.2905          0     45.000  34.425544   997.1848      1.147     -0.003  0.000e+00
      1.164    29.5628   0.388993     1.8659     2.0389     2.2875          0     45.250  34.425547   997.1818      1.158     -0.002  0.000e+00
      1.164    29.5638   0.389209     1.8669     2.0659     2.2875          0     45.500  34.425550   997.1823      1.158     -0.007  0.000e+00
      1.154    29.5645   0.389525     1.8685     2.0936     2.2951          0     45.750  34.425553   997.1832      1.147     -0.012  0.000e+00
      1.143    29.5641   0.389956     1.8707     2.1186     2.2974          0     46.000  34.425556   997.1849      1.137     -0.015  0.000e+00
      1.110    29.5638   0.390411     1.8730     2.0666     2.3028          0     46.250  34.425558   997.1866      1.104     -0.025  0.000e+00
      1.078    29.5635   0.390713     1.8746     1.8521     2.2951          0     46.500  34.425561   997.1877      1.072     -0.036  0.000e+00
      1.056    29.5627   0.390328     1.8727     1.9176     2.2783          0     46.750  34.425564   997.1864      1.051     -0.053  0.000e+00
      1.078    29.5623   0.390348     1.8728     1.8927     2.2799          0     47.000  34.425567   997.1867      1.072     -0.056  0.000e+00
      1.100    29.5622   0.390741     1.8748     2.0349     2.2768          0     47.250  34.425570   997.1883      1.094     -0.052  0.000e+00
      1.132    29.5620   0.392226     1.8823     2.0333     2.2776          0     47.500  34.425573   997.1942      1.126     -0.032  0.000e+00
      1.089    29.5620   0.392730     1.8849     1.9818     2.2440          0     47.750  34.425576   997.1959      1.083     -0.021  0.000e+00
      1.067    29.5628   0.392288     1.8826     2.0263     2.2471          0     48.000  34.425579   997.1939      1.061     -0.014  0.000e+00
      1.056    29.5642   0.391085     1.8764     2.0836     2.2509          0     48.250  34.425582   997.1888      1.051     -0.009  0.000e+00
      1.078    29.5643   0.390341     1.8727     2.1356     2.2516          0     48.500  34.425584   997.1860      1.072     -0.002  0.000e+00
      1.067    29.5598   0.390776     1.8750     2.1132     2.2410          0     48.750  34.425587   997.1891      1.061     -0.007  0.000e+00
      1.057    29.5557   0.391353     1.8781     2.1223     2.2364          0     49.000  34.425590   997.1926      1.051     -0.022  0.000e+00
      1.046    29.5543   0.391471     1.8788     2.1155     2.2356          0     49.250  34.425593   997.1934      1.040     -0.032  0.000e+00
      1.067    29.5539   0.391270     1.8778     2.1517     2.2379          0     49.500  34.425596   997.1929      1.061     -0.027  0.000e+00
      1.078    29.5536   0.390818     1.8755     2.1738     2.2364          0     49.750  34.425599   997.1913      1.072     -0.006  0.000e+00
      1.057    29.5537   0.390574     1.8742     2.1779     2.2677          0     50.000  34.425602   997.1903      1.051     -0.001  0.000e+00
      1.046    29.5542   0.390727     1.8750     2.1701     2.2669          0     50.250  34.425605   997.1907      1.040     -0.005  0.000e+00
      0.981    29.5548   0.391454     1.8787     2.1185     2.2638          0     50.500  34.425608   997.1929      0.975     -0.028  0.000e+00
      0.840    29.5556   0.391430     1.8785     2.1114     2.2707          0     50.750  34.425611   997.1919      0.836     -0.076  0.000e+00
      0.732    29.5560   0.391454     1.8786     2.0845     2.2524          0     51.000  34.425613   997.1914      0.728     -0.141  0.000e+00
      0.711    29.5570   0.391134     1.8770     2.2097     2.2493          0     51.250  34.425616   997.1898      0.707     -0.193  0.000e+00
      0.678    29.5566   0.390960     1.8761     2.0152     2.2471          0     51.500  34.425619   997.1891      0.674     -0.234  0.000e+00
      0.667    29.5562   0.390713     1.8749     2.0743     2.2539          0     51.750  34.425622   997.1883      0.664     -0.247  0.000e+00
      0.667    29.5553   0.390772     1.8752     2.0134     2.2524          0     52.000  34.425625   997.1888      0.664     -0.229  0.000e+00
      0.656    29.5534   0.390901     1.8759     2.0126     2.2501          0     52.250  34.425628   997.1899      0.653     -0.193  0.000e+00
      0.635    29.5520   0.391176     1.8774     2.0198     2.2509          0     52.500  34.425631   997.1913      0.631     -0.141  0.000e+00
      0.537    29.5515   0.391329     1.8782     2.0227     2.2509          0     52.750  34.425634   997.1916      0.535     -0.108  0.000e+00
      0.386    29.5514   0.390950     1.8763     2.0283     2.2471          0     53.000  34.425637   997.1895      0.384     -0.133  0.000e+00
      0.256    29.5518   0.390460     1.8738     2.0534     1.6733          0     53.250  34.425639   997.1869      0.255     -0.199  0.000e+00
      0.191    29.5497   0.390463     1.8738     2.1230     1.6642          0     53.500  34.425642   997.1873      0.190     -0.257  0.000e+00
      0.181    29.5441   0.283326     1.3351     2.1110     1.6733          0     53.750  34.425645   996.7866      0.180     -0.295  0.000e+00
      0.181    29.5357   0.068725     0.3057     2.1115     1.6756          0     54.000  34.425648   996.0186      0.180     -0.303  0.000e+00
      0.181    29.5079   0.053834     0.2385     2.0996    -0.0220          0     54.250  34.425651   995.9765      0.180     -0.278  0.000e+00
      0.181    29.4589   0.040147     0.1777     2.0999    -0.0296          0     54.500  34.425654   995.9455      0.180     -0.225  0.000e+00
      0.181    29.4035   0.028674     0.1277     2.1142    -0.0311          0     54.750  34.425657   995.9243      0.180     -0.147  0.000e+00
      0.202    29.3479   0.030974     0.1378     2.1406    -0.0265          0     55.000  34.425660   995.9485      0.201     -0.066  0.000e+00
      0.181    29.2858   0.025984     0.1163     2.1832    -0.0288          0     55.250  34.425663   995.9506      0.180     -0.018  0.000e+00
