content/post/ctd_rufiji/SBE19plus_01906740_2018_02_13_0889.cnv
* Sea-Bird SBE19plus  Data File:
* FileName = C:\Users\all user\Desktop\CTD tafiri 2018\SBE19plus_01906740_2018_02_13_0889.hex
* Software version 2.6.3.104
* Temperature SN = 6740
* Conductivity SN = 6740
* System UpLoad Time = Feb 13 2018 13:58:32
* <ApplicationData>
* <Seaterm232>
# nquan = 13
# nvalues = 478                                   
# units = specified
# name 0 = prdM: Pressure, Strain Gauge [db]
# name 1 = tv290C: Temperature [ITS-90, deg C]
# name 2 = c0S/m: Conductivity [S/m]
# name 3 = sal00: Salinity, Practical [PSU]
# name 4 = sbeox0ML/L: Oxygen, SBE 43 [ml/l]
# name 5 = flECO-AFL: Fluorescence, WET Labs ECO-AFL/FL [mg/m^3]
# name 6 = nbf: Bottles Fired
# name 7 = timeS: Time, Elapsed [seconds]
# name 8 = timeJ: Julian Days
# name 9 = density00: Density [density, kg/m^3]
# name 10 = depSM: Depth [salt water, m], lat = 0.00
# name 11 = dz/dtM: Descent Rate [m/s]
# name 12 = flag:  0.000e+00
# span 0 =      0.051,      8.538                 
# span 1 =    30.3340,    30.9295                 
# span 2 =   0.096586,   3.433542                 
# span 3 =     0.4238,    19.2079                 
# span 4 =     1.6527,     3.3055                 
# span 5 =     0.0231,     2.7155                 
# span 6 =          0,          0                 
# span 7 =      0.000,    119.250                 
# span 8 =  33.739641,  33.741021                 
# span 9 =   995.7237,  1009.8137                 
# span 10 =      0.050,      8.490                
# span 11 =     -0.754,      0.411                
# span 12 = 0.0000e+00, 0.0000e+00                
# interval = seconds: 0.25
# start_time = Feb 02 2018 17:45:05 [Instrument's time stamp, header]
# bad_flag = -9.990e-29
*END*
[from data line 334]
      6.775    30.4505   3.428857    19.1773     2.4982     2.0739          0     83.500  33.740608  1009.7956      6.738      0.178  0.000e+00
      6.829    30.4517   3.428578    19.1751     2.4961     2.0693          0     83.750  33.740611  1009.7939      6.792      0.177  0.000e+00
      6.883    30.4527   3.428517    19.1743     2.5077     2.1662          0     84.000  33.740613  1009.7932      6.845      0.188  0.000e+00
      6.937    30.4531   3.428319    19.1729     2.5166     2.1677          0     84.250  33.740616  1009.7923      6.899      0.215  0.000e+00
      7.002    30.4536   3.428078    19.1712     2.5243     2.1639          0     84.500  33.740619  1009.7912      6.963      0.229  0.000e+00
      7.067    30.4539   3.427911    19.1701     2.5488     2.1723          0     84.750  33.740622  1009.7905      7.028      0.234  0.000e+00
      7.164    30.4541   3.428041    19.1708     2.5588     2.2181          0     85.000  33.740625  1009.7913      7.125      0.240  0.000e+00
      7.262    30.4542   3.428109    19.1711     2.5584     2.2257          0     85.250  33.740628  1009.7920      7.222      0.259  0.000e+00
      7.348    30.4542   3.428189    19.1716     2.5679     2.2104          0     85.500  33.740631  1009.7927      7.308      0.285  0.000e+00
      7.402    30.4540   3.428362    19.1728     2.5791     2.2165          0     85.750  33.740634  1009.7939      7.361      0.300  0.000e+00
      7.445    30.4536   3.428344    19.1728     2.5618     2.2181          0     86.000  33.740637  1009.7942      7.404      0.302  0.000e+00
      7.467    30.4536   3.428257    19.1723     2.5513     2.3180          0     86.250  33.740639  1009.7939      7.426      0.287  0.000e+00
      7.521    30.4537   3.428084    19.1712     2.5524     2.3195          0     86.500  33.740642  1009.7933      7.479      0.265  0.000e+00
      7.607    30.4536   3.427299    19.1663     2.5375     2.3096          0     86.750  33.740645  1009.7901      7.565      0.249  0.000e+00
      7.726    30.4541   3.426713    19.1625     2.5371     2.3157          0     87.000  33.740648  1009.7876      7.684      0.246  0.000e+00
      7.813    30.4549   3.425829    19.1567     2.5557     2.4630          0     87.250  33.740651  1009.7835      7.770      0.255  0.000e+00
      7.877    30.4557   3.426218    19.1588     2.5440     2.4614          0     87.500  33.740654  1009.7850      7.834      0.270  0.000e+00
      7.953    30.4560   3.426367    19.1596     2.5465     2.4561          0     87.750  33.740657  1009.7858      7.909      0.293  0.000e+00
      7.997    30.4562   3.426626    19.1611     2.5562     2.4660          0     88.000  33.740660  1009.7871      7.952      0.306  0.000e+00
      8.018    30.4559   3.426861    19.1627     2.5549     2.4912          0     88.250  33.740663  1009.7884      7.974      0.298  0.000e+00
      8.094    30.4561   3.426991    19.1634     2.5318     2.4874          0     88.500  33.740666  1009.7892      8.049      0.281  0.000e+00
      8.170    30.4558   3.426991    19.1635     2.5418     2.4943          0     88.750  33.740668  1009.7897      8.125      0.259  0.000e+00
      8.267    30.4557   3.425273    19.1529     2.5371     2.4874          0     89.000  33.740671  1009.7823      8.221      0.249  0.000e+00
      8.343    30.4565   3.423562    19.1420     2.5368     2.5629          0     89.250  33.740674  1009.7743      8.297      0.255  0.000e+00
      8.440    30.4578   3.423791    19.1429     2.5068     2.5622          0     89.500  33.740677  1009.7750      8.393      0.274  0.000e+00
      8.483    30.4584   3.423537    19.1411     2.5377     2.5728          0     89.750  33.740680  1009.7736      8.436      0.285  0.000e+00
      8.537    30.4590   3.423062    19.1380     2.6323     2.5660          0     90.000  33.740683  1009.7713      8.490      0.295  0.000e+00
      8.538    30.4594   3.421864    19.1304     2.6672     2.5644          0     90.250  33.740686  1009.7656      8.490      0.280  0.000e+00
      8.516    30.4598   3.418672    19.1106     2.6726     2.4935          0     90.500  33.740689  1009.7506      8.469      0.231  0.000e+00
      8.484    30.4602   3.419653    19.1165     2.6309     2.4859          0     90.750  33.740692  1009.7547      8.437      0.166  0.000e+00
      8.440    30.4603   3.422037    19.1311     2.5987     2.4943          0     91.000  33.740694  1009.7654      8.394      0.088  0.000e+00
      8.365    30.4603   3.423086    19.1376     2.5569     2.4889          0     91.250  33.740697  1009.7699      8.318      0.005  0.000e+00
      8.354    30.4598   3.420425    19.1214     2.5411     2.5072          0     91.500  33.740700  1009.7580      8.308     -0.063  0.000e+00
      8.311    30.4596   3.420153    19.1198     2.4945     2.5019          0     91.750  33.740703  1009.7567      8.265     -0.111  0.000e+00
      8.300    30.4594   3.421518    19.1283     2.4659     2.5042          0     92.000  33.740706  1009.7630      8.254     -0.138  0.000e+00
      8.256    30.4593   3.421308    19.1271     2.4573     2.5011          0     92.250  33.740709  1009.7619      8.211     -0.147  0.000e+00
      8.267    30.4595   3.421950    19.1310     2.4824     2.5332          0     92.500  33.740712  1009.7648      8.222     -0.134  0.000e+00
      8.289    30.4595   3.422957    19.1372     2.5050     2.5370          0     92.750  33.740715  1009.7695      8.243     -0.105  0.000e+00
      8.300    30.4595   3.423296    19.1393     2.5060     2.5431          0     93.000  33.740718  1009.7711      8.254     -0.068  0.000e+00
      8.300    30.4595   3.423494    19.1405     2.5246     2.5416          0     93.250  33.740720  1009.7720      8.254     -0.033  0.000e+00
      8.289    30.4593   3.423902    19.1431     2.5281     2.5515          0     93.500  33.740723  1009.7739      8.243     -0.017  0.000e+00
      8.246    30.4592   3.424241    19.1452     2.5268     2.6255          0     93.750  33.740726  1009.7754      8.200     -0.012  0.000e+00
      8.256    30.4589   3.424433    19.1465     2.5437     2.6171          0     94.000  33.740729  1009.7765      8.211     -0.010  0.000e+00
      8.256    30.4588   3.424519    19.1471     2.5382     2.6201          0     94.250  33.740732  1009.7770      8.211     -0.009  0.000e+00
      8.278    30.4584   3.424668    19.1481     2.5293     2.6232          0     94.500  33.740735  1009.7779      8.232     -0.013  0.000e+00
      8.278    30.4585   3.423877    19.1432     2.5277     2.6636          0     94.750  33.740738  1009.7742      8.232     -0.015  0.000e+00
      8.310    30.4589   3.423086    19.1382     2.5192     2.6575          0     95.000  33.740741  1009.7706      8.265     -0.002  0.000e+00
      8.365    30.4594   3.422012    19.1314     2.5203     2.6659          0     95.250  33.740744  1009.7655      8.318      0.027  0.000e+00
      8.375    30.4601   3.419912    19.1181     2.5247     2.6652          0     95.500  33.740747  1009.7555      8.329      0.056  0.000e+00
      8.364    30.4612   3.421431    19.1271     2.5283     2.6629          0     95.750  33.740749  1009.7618      8.318      0.072  0.000e+00
      8.310    30.4616   3.421265    19.1259     2.5461     2.6705          0     96.000  33.740752  1009.7605      8.265      0.055  0.000e+00
      8.278    30.4617   3.421456    19.1270     2.5547     2.6682          0     96.250  33.740755  1009.7612      8.232      0.028  0.000e+00
      8.246    30.4617   3.421475    19.1272     2.5432     2.6690          0     96.500  33.740758  1009.7611      8.200     -0.009  0.000e+00
      8.256    30.4616   3.421499    19.1274     2.5437     2.7048          0     96.750  33.740761  1009.7614      8.211     -0.035  0.000e+00
      8.267    30.4616   3.422154    19.1314     2.5461     2.7155          0     97.000  33.740764  1009.7644      8.222     -0.056  0.000e+00
      8.310    30.4614   3.422160    19.1315     2.5446     2.7064          0     97.250  33.740767  1009.7647      8.265     -0.055  0.000e+00
      8.332    30.4613   3.421561    19.1278     2.5475     2.7102          0     97.500  33.740770  1009.7622      8.286     -0.030  0.000e+00
      8.300    30.4616   3.421178    19.1254     2.5604     2.7079          0     97.750  33.740773  1009.7601      8.254     -0.007  0.000e+00
      8.235    30.4620   3.421265    19.1258     2.5767     2.6491          0     98.000  33.740775  1009.7599      8.189     -0.001  0.000e+00
      8.116    30.4618   3.421499    19.1273     2.5973     2.6430          0     98.250  33.740778  1009.7606      8.071     -0.035  0.000e+00
      8.018    30.4620   3.421715    19.1286     2.6004     2.6507          0     98.500  33.740781  1009.7611      7.974     -0.094  0.000e+00
      7.932    30.4617   3.421734    19.1288     2.6047     2.6491          0     98.750  33.740784  1009.7610      7.888     -0.169  0.000e+00
      7.824    30.4616   3.421993    19.1305     2.6148     2.6491          0     99.000  33.740787  1009.7618      7.781     -0.248  0.000e+00
      7.597    30.4612   3.422592    19.1344     2.6051     2.6430          0     99.250  33.740790  1009.7638      7.555     -0.355  0.000e+00
      7.305    30.4608   3.423642    19.1410     2.5959     2.6446          0     99.500  33.740793  1009.7677      7.265     -0.482  0.000e+00
      7.045    30.4599   3.424723    19.1481     2.5850     2.6476          0     99.750  33.740796  1009.7721      7.007     -0.603  0.000e+00
      6.851    30.4589   3.425742    19.1548     2.5776     2.5774          0    100.000  33.740799  1009.7766      6.813     -0.701  0.000e+00
      6.786    30.4579   3.426755    19.1614     2.5916     2.5698          0    100.250  33.740802  1009.7815      6.749     -0.741  0.000e+00
      6.678    30.4566   3.428276    19.1713     2.5990     2.5812          0    100.500  33.740804  1009.7888      6.641     -0.753  0.000e+00
      6.483    30.4555   3.428214    19.1714     2.5800     2.5728          0    100.750  33.740807  1009.7884      6.448     -0.754  0.000e+00
      6.235    30.4546   3.428387    19.1729     2.5657     2.4256          0    101.000  33.740810  1009.7887      6.200     -0.747  0.000e+00
      6.018    30.4541   3.428232    19.1721     2.5545     2.4370          0    101.250  33.740813  1009.7874      5.985     -0.721  0.000e+00
      5.889    30.4538   3.428343    19.1730     2.5579     2.4401          0    101.500  33.740816  1009.7875      5.856     -0.685  0.000e+00
      5.770    30.4538   3.429289    19.1788     2.5657     2.4332          0    101.750  33.740819  1009.7914      5.738     -0.664  0.000e+00
      5.564    30.4531   3.429796    19.1823     2.5673     2.4294          0    102.000  33.740822  1009.7933      5.534     -0.683  0.000e+00
      5.337    30.4525   3.429975    19.1836     2.5622     2.2524          0    102.250  33.740825  1009.7935      5.308     -0.727  0.000e+00
      5.154    30.4520   3.430166    19.1850     2.5614     2.2600          0    102.500  33.740828  1009.7939      5.125     -0.742  0.000e+00
      5.110    30.4515   3.430772    19.1890     2.5562     2.2555          0    102.750  33.740830  1009.7968      5.082     -0.695  0.000e+00
      5.024    30.4507   3.431440    19.1934     2.5822     2.2471          0    103.000  33.740833  1009.8000      4.996     -0.631  0.000e+00
      4.851    30.4501   3.431736    19.1955     2.5636     2.1052          0    103.250  33.740836  1009.8010      4.824     -0.600  0.000e+00
      4.570    30.4493   3.431588    19.1950     2.5611     2.1082          0    103.500  33.740839  1009.7996      4.544     -0.623  0.000e+00
      4.364    30.4488   3.431520    19.1947     2.5567     2.1029          0    103.750  33.740842  1009.7987      4.340     -0.647  0.000e+00
      4.224    30.4488   3.431242    19.1931     2.5550     2.0983          0    104.000  33.740845  1009.7968      4.200     -0.647  0.000e+00
      4.169    30.4487   3.430821    19.1905     2.5635     2.0540          0    104.250  33.740848  1009.7947      4.147     -0.627  0.000e+00
      4.072    30.4492   3.430079    19.1858     2.5556     2.0632          0    104.500  33.740851  1009.7907      4.050     -0.616  0.000e+00
      3.888    30.4497   3.430191    19.1863     2.5520     2.0586          0    104.750  33.740854  1009.7901      3.867     -0.630  0.000e+00
      3.694    30.4498   3.430407    19.1876     2.5492     2.0563          0    105.000  33.740856  1009.7902      3.673     -0.626  0.000e+00
      3.618    30.4495   3.430104    19.1859     2.5584     1.9838          0    105.250  33.740859  1009.7887      3.598     -0.577  0.000e+00
      3.553    30.4498   3.425123    19.1550     2.5671     1.9800          0    105.500  33.740862  1009.7654      3.534     -0.510  0.000e+00
      3.467    30.4534   3.413813    19.0839     2.5738     1.9838          0    105.750  33.740865  1009.7109      3.448     -0.472  0.000e+00
      3.283    30.4615   3.414646    19.0859     2.5646     1.9861          0    106.000  33.740868  1009.7090      3.265     -0.479  0.000e+00
      3.099    30.4675   3.410883    19.0605     2.5619     1.9846          0    106.250  33.740871  1009.6873      3.082     -0.509  0.000e+00
      2.926    30.4718   3.410525    19.0566     2.5533     1.7984          0    106.500  33.740874  1009.6822      2.910     -0.528  0.000e+00
      2.861    30.4768   3.383695    18.8895     2.5522     1.8061          0    106.750  33.740877  1009.5561      2.846     -0.515  0.000e+00
      2.786    30.4947   3.358645    18.7286     2.5418     1.8045          0    107.000  33.740880  1009.4303      2.770     -0.502  0.000e+00
      2.667    30.5198   3.342811    18.6219     2.5271     1.8038          0    107.250  33.740883  1009.3423      2.652     -0.512  0.000e+00
      2.472    30.5408   3.345038    18.6276     2.5120     1.5543          0    107.500  33.740885  1009.3388      2.459     -0.530  0.000e+00
      2.310    30.5551   3.316659    18.4483     2.4993     1.5505          0    107.750  33.740888  1009.2001      2.297     -0.538  0.000e+00
      2.267    30.5718   3.291498    18.2880     2.5159     1.5482          0    108.000  33.740891  1009.0754      2.254     -0.502  0.000e+00
      2.213    30.5898   3.235555    17.9394     2.5502     1.5505          0    108.250  33.740894  1008.8102      2.201     -0.463  0.000e+00
      2.083    30.6016   3.134298    17.3185     2.5670     1.3842          0    108.500  33.740897  1008.3445      2.072     -0.448  0.000e+00
      1.878    30.6013   3.109203    17.1661     2.5497     1.3849          0    108.750  33.740900  1008.2305      1.867     -0.477  0.000e+00
      1.694    30.5971   3.102534    17.1271     2.5537     1.3765          0    109.000  33.740903  1008.2021      1.685     -0.507  0.000e+00
      1.596    30.5936   3.000468    16.5100     2.5364     1.3742          0    109.250  33.740906  1007.7445      1.588     -0.511  0.000e+00
      1.564    30.5855   2.883686    15.8083     2.5472     1.4185          0    109.500  33.740909  1007.2259      1.555     -0.484  0.000e+00
      1.532    30.5731   2.731296    14.8982     2.5532     1.4139          0    109.750  33.740911  1006.5540      1.523     -0.456  0.000e+00
      1.380    30.5588   2.762200    15.0874     2.5298     1.4154          0    110.000  33.740914  1006.6985      1.373     -0.461  0.000e+00
      1.229    30.5520   2.691547    14.6670     2.5128     1.4124          0    110.250  33.740917  1006.3879      1.222     -0.458  0.000e+00
      1.078    30.5566   2.561119    13.8893     2.5071     1.4185          0    110.500  33.740920  1005.8084      1.072     -0.444  0.000e+00
      0.969    30.5790   2.381415    12.8214     2.4999     1.4696          0    110.750  33.740923  1005.0081      0.964     -0.427  0.000e+00
