content/post/ctd_rufiji/SBE19plus_01906740_2018_02_13_0923.cnv
* Sea-Bird SBE19plus  Data File:
* FileName = C:\Users\all user\Desktop\CTD tafiri 2018\SBE19plus_01906740_2018_02_13_0923.hex
* Software version 2.6.3.104
* Temperature SN = 6740
* Conductivity SN = 6740
* System UpLoad Time = Feb 13 2018 14:04:17
* <ApplicationData>
* <Seaterm232>
# nquan = 13
# nvalues = 255                                   
# units = specified
# name 0 = prdM: Pressure, Strain Gauge [db]
# name 1 = tv290C: Temperature [ITS-90, deg C]
# name 2 = c0S/m: Conductivity [S/m]
# name 3 = sal00: Salinity, Practical [PSU]
# name 4 = sbeox0ML/L: Oxygen, SBE 43 [ml/l]
# name 5 = flECO-AFL: Fluorescence, WET Labs ECO-AFL/FL [mg/m^3]
# name 6 = nbf: Bottles Fired
# name 7 = timeS: Time, Elapsed [seconds]
# name 8 = timeJ: Julian Days
# name 9 = density00: Density [density, kg/m^3]
# name 10 = depSM: Depth [salt water, m], lat = 0.00
# name 11 = dz/dtM: Descent Rate [m/s]
# name 12 = flag:  0.000e+00
# span 0 =      0.136,      1.066                 
# span 1 =    29.7692,    30.2529                 
# span 2 =   0.005958,   0.054249                 
# span 3 =     0.0327,     0.2370                 
# span 4 =     0.6167,     8.0411                 
# span 5 =    -0.0288,     2.0617                 
# span 6 =          0,          0                 
# span 7 =      0.000,     63.500                 
# span 8 =  34.405741,  34.406476                 
# span 9 =   995.6423,   995.8714                 
# span 10 =      0.136,      1.060                
# span 11 =     -0.358,      0.200                
# span 12 = 0.0000e+00, 0.0000e+00                
# interval = seconds: 0.25
# start_time = Feb 03 2018 09:44:16 [Instrument's time stamp, header]
# bad_flag = -9.990e-29
*END*
[from data line 223]
      0.958    30.1581   0.053918     0.2360     1.9802     1.9480          0     55.750  34.406386   995.7825      0.952     -0.021  0.000e+00
      0.947    30.1524   0.053767     0.2353     1.9935     1.9487          0     56.000  34.406389   995.7837      0.942     -0.019  0.000e+00
      0.980    30.1454   0.053645     0.2348     2.0034     1.9869          0     56.250  34.406392   995.7856      0.974     -0.008  0.000e+00
      0.969    30.1378   0.053554     0.2345     2.0115     1.9838          0     56.500  34.406395   995.7876      0.963      0.004  0.000e+00
      0.958    30.1283   0.053490     0.2342     2.0420     1.9838          0     56.750  34.406398   995.7902      0.952      0.020  0.000e+00
      0.979    30.1202   0.053421     0.2339     2.0627     1.9884          0     57.000  34.406400   995.7926      0.974      0.024  0.000e+00
      0.969    30.1153   0.053387     0.2338     2.0828     1.9892          0     57.250  34.406403   995.7939      0.963      0.022  0.000e+00
      0.936    30.1111   0.053375     0.2338     2.0947     1.9304          0     57.500  34.406406   995.7950      0.931      0.005  0.000e+00
      0.979    30.1080   0.053375     0.2338     2.1061     1.9289          0     57.750  34.406409   995.7962      0.974      0.003  0.000e+00
      0.979    30.1061   0.053387     0.2339     2.1293     1.9350          0     58.000  34.406412   995.7968      0.974      0.005  0.000e+00
      0.969    30.1044   0.053418     0.2340     2.1352     1.9320          0     58.250  34.406415   995.7973      0.963     -0.001  0.000e+00
      0.969    30.1033   0.053451     0.2341     2.1389     1.9465          0     58.500  34.406418   995.7978      0.963      0.003  0.000e+00
      0.958    30.1025   0.053451     0.2342     2.1412     1.9579          0     58.750  34.406421   995.7980      0.953      0.001  0.000e+00
      0.926    30.1018   0.053463     0.2342     2.1314     1.9495          0     59.000  34.406424   995.7981      0.921     -0.013  0.000e+00
      0.850    30.1021   0.053439     0.2341     2.1201     1.9480          0     59.250  34.406427   995.7976      0.845     -0.037  0.000e+00
      0.742    30.1024   0.053427     0.2340     3.5380     1.9426          0     59.500  34.406429   995.7970      0.738     -0.086  0.000e+00
      0.699    30.1025   0.053381     0.2338     2.5484     1.9434          0     59.750  34.406432   995.7966      0.695     -0.141  0.000e+00
      0.677    30.1014   0.053342     0.2337     2.1801     1.9373          0     60.000  34.406435   995.7967      0.673     -0.172  0.000e+00
      0.623    30.0986   0.053302     0.2335     2.1051     1.9404          0     60.250  34.406438   995.7972      0.619     -0.197  0.000e+00
      0.493    30.0947   0.053302     0.2335     2.3481     1.5299          0     60.500  34.406441   995.7978      0.490     -0.237  0.000e+00
      0.342    30.0904   0.053336     0.2337     4.0082     1.5268          0     60.750  34.406444   995.7986      0.340     -0.285  0.000e+00
      0.201    30.0878   0.053354     0.2338     2.0421     1.5337          0     61.000  34.406447   995.7988      0.200     -0.333  0.000e+00
      0.136    30.0872   0.053381     0.2339     1.8246     1.5299          0     61.250  34.406450   995.7988      0.136     -0.358  0.000e+00
      0.169    30.0951   0.043178     0.1889     1.5613     1.5207          0     61.500  34.406453   995.7628      0.168     -0.348  0.000e+00
      0.179    30.1169   0.021171     0.0943     1.7358    -0.0265          0     61.750  34.406455   995.6852      0.178     -0.324  0.000e+00
      0.158    30.1268   0.008418     0.0422     4.0400    -0.0273          0     62.000  34.406458   995.6430      0.157     -0.284  0.000e+00
      0.180    30.1188   0.007304     0.0379     2.7305    -0.0273          0     62.250  34.406461   995.6423      0.179     -0.209  0.000e+00
      0.169    30.1019   0.008647     0.0431     2.2585    -0.0288          0     62.500  34.406464   995.6513      0.168     -0.122  0.000e+00
      0.169    30.0896   0.005958     0.0327     4.3159    -0.0250          0     62.750  34.406467   995.6472      0.168     -0.048  0.000e+00
      0.169    30.0860   0.006526     0.0349     3.6749    -0.0288          0     63.000  34.406470   995.6499      0.168     -0.002  0.000e+00
      0.158    30.0832   0.009024     0.0446     3.1361    -0.0197          0     63.250  34.406473   995.6581      0.157      0.005  0.000e+00
      0.169    30.0758   0.007633     0.0392     3.1522    -0.0281          0     63.500  34.406476   995.6562      0.168     -0.004  0.000e+00
