content/post/ctd_rufiji/SBE19plus_01906740_2018_02_13_0907.cnv
* Sea-Bird SBE19plus  Data File:
* FileName = C:\Users\all user\Desktop\CTD tafiri 2018\SBE19plus_01906740_2018_02_13_0907.hex
* Software version 2.6.3.104
* Temperature SN = 6740
* Conductivity SN = 6740
* System UpLoad Time = Feb 13 2018 14:01:44
* <ApplicationData>
* <Seaterm232>
# nquan = 13
# nvalues = 472                                   
# units = specified
# name 0 = prdM: Pressure, Strain Gauge [db]
# name 1 = tv290C: Temperature [ITS-90, deg C]
# name 2 = c0S/m: Conductivity [S/m]
# name 3 = sal00: Salinity, Practical [PSU]
# name 4 = sbeox0ML/L: Oxygen, SBE 43 [ml/l]
# name 5 = flECO-AFL: Fluorescence, WET Labs ECO-AFL/FL [mg/m^3]
# name 6 = nbf: Bottles Fired
# name 7 = timeS: Time, Elapsed [seconds]
# name 8 = timeJ: Julian Days
# name 9 = density00: Density [density, kg/m^3]
# name 10 = depSM: Depth [salt water, m], lat = 0.00
# name 11 = dz/dtM: Descent Rate [m/s]
# name 12 = flag:  0.000e+00
# span 0 =      0.123,      3.852                 
# span 1 =    29.1581,    30.3496                 
# span 2 =   0.001333,   0.028431                 
# span 3 =     0.0163,     0.1250                 
# span 4 =     1.5142,     3.8927                 
# span 5 =    -0.0792,     2.1784                 
# span 6 =          0,          0                 
# span 7 =      0.000,    117.750                 
# span 8 =  34.266111,  34.267474                 
# span 9 =   995.6375,   995.9380                 
# span 10 =      0.123,      3.831                
# span 11 =     -0.386,      0.376                
# span 12 = 0.0000e+00, 0.0000e+00                
# interval = seconds: 0.25
# start_time = Feb 03 2018 06:23:12 [Instrument's time stamp, header]
# bad_flag = -9.990e-29
*END*
[from data line 223]
      1.322    30.1958   0.026455     0.1165     1.7804     1.7443          0     55.750  34.266756   995.6830      1.314      0.001  0.000e+00
      1.322    30.1952   0.026461     0.1165     1.7782     1.7511          0     56.000  34.266759   995.6832      1.314 2.2838e-10  0.000e+00
      1.311    30.1945   0.026467     0.1165     1.7755     1.7115          0     56.250  34.266762   995.6834      1.304      0.003  0.000e+00
      1.332    30.1938   0.026467     0.1165     1.7754     1.7054          0     56.500  34.266765   995.6837      1.325      0.006  0.000e+00
      1.321    30.1933   0.026467     0.1165     1.7713     1.7000          0     56.750  34.266768   995.6838      1.314      0.004  0.000e+00
      1.321    30.1926   0.026452     0.1164     1.7682     1.7092          0     57.000  34.266771   995.6840      1.314      0.002  0.000e+00
      1.311    30.1919   0.026452     0.1164     1.7688     1.6977          0     57.250  34.266774   995.6842      1.303     -0.000  0.000e+00
      1.311    30.1914   0.026455     0.1165     1.7686     1.7115          0     57.500  34.266777   995.6843      1.303     -0.001  0.000e+00
      1.321    30.1906   0.026455     0.1165     1.7648     1.7176          0     57.750  34.266780   995.6846      1.314     -0.003  0.000e+00
      1.332    30.1901   0.026455     0.1165     1.7636     1.7084          0     58.000  34.266782   995.6848      1.325      0.001  0.000e+00
      1.300    30.1895   0.026446     0.1164     1.7632     1.7153          0     58.250  34.266785   995.6848      1.293     -0.004  0.000e+00
      1.311    30.1887   0.026452     0.1165     1.7605     1.6977          0     58.500  34.266788   995.6851      1.303     -0.008  0.000e+00
      1.311    30.1879   0.026455     0.1165     1.7574     1.6901          0     58.750  34.266791   995.6854      1.304     -0.005  0.000e+00
      1.311    30.1875   0.026461     0.1165     1.7593     1.6947          0     59.000  34.266794   995.6855      1.303     -0.004  0.000e+00
      1.311    30.1870   0.026461     0.1165     1.7579     1.6932          0     59.250  34.266797   995.6857      1.304     -0.003  0.000e+00
      1.322    30.1862   0.026461     0.1165     1.7566     1.6848          0     59.500  34.266800   995.6860      1.314     -0.001  0.000e+00
      1.289    30.1859   0.026461     0.1165     1.7531     1.6855          0     59.750  34.266803   995.6859      1.282     -0.009  0.000e+00
      1.311    30.1852   0.026449     0.1164     1.7516     1.6886          0     60.000  34.266806   995.6862      1.304     -0.006  0.000e+00
      1.322    30.1848   0.026446     0.1164     1.7503     1.6848          0     60.250  34.266808   995.6864      1.314      0.004  0.000e+00
      1.332    30.1841   0.026446     0.1164     1.7465     1.7344          0     60.500  34.266811   995.6866      1.325      0.007  0.000e+00
      1.332    30.1834   0.026440     0.1164     1.7477     1.7359          0     60.750  34.266814   995.6868      1.325      0.011  0.000e+00
      1.343    30.1831   0.026440     0.1164     1.7446     1.7298          0     61.000  34.266817   995.6870      1.336      0.017  0.000e+00
      1.322    30.1824   0.026416     0.1163     1.7443     1.7366          0     61.250  34.266820   995.6870      1.314      0.014  0.000e+00
      1.311    30.1818   0.026413     0.1163     1.7449     1.7328          0     61.500  34.266823   995.6871      1.304      0.009  0.000e+00
      1.322    30.1809   0.026407     0.1163     1.7429     1.7603          0     61.750  34.266826   995.6874      1.314      0.009  0.000e+00
      1.311    30.1807   0.026419     0.1163     1.7412     1.7443          0     62.000  34.266829   995.6875      1.304     -0.004  0.000e+00
      1.322    30.1799   0.026440     0.1164     1.7408     1.7443          0     62.250  34.266832   995.6878      1.314     -0.008  0.000e+00
      1.311    30.1792   0.026461     0.1165     1.7414     1.7572          0     62.500  34.266834   995.6881      1.304     -0.012  0.000e+00
      1.311    30.1787   0.026479     0.1166     1.7356     1.7199          0     62.750  34.266837   995.6883      1.304     -0.012  0.000e+00
      1.322    30.1784   0.026491     0.1166     1.7373     1.7153          0     63.000  34.266840   995.6885      1.314     -0.008  0.000e+00
      1.311    30.1784   0.026500     0.1167     1.7327     1.7214          0     63.250  34.266843   995.6884      1.304     -0.002  0.000e+00
      1.300    30.1786   0.026497     0.1167     1.7332     1.7115          0     63.500  34.266846   995.6883      1.293     -0.004  0.000e+00
      1.300    30.1784   0.026491     0.1166     1.7325     1.6985          0     63.750  34.266849   995.6884      1.293     -0.009  0.000e+00
      1.311    30.1783   0.026473     0.1166     1.7275     1.7023          0     64.000  34.266852   995.6884      1.304     -0.006  0.000e+00
      1.289    30.1778   0.026452     0.1165     1.7269     1.6947          0     64.250  34.266855   995.6884      1.282     -0.012  0.000e+00
      1.311    30.1773   0.026440     0.1164     1.7242     1.7038          0     64.500  34.266858   995.6886      1.304     -0.006  0.000e+00
      1.332    30.1768   0.026437     0.1164     1.7239     1.6977          0     64.750  34.266861   995.6888      1.325      0.001  0.000e+00
      1.300    30.1760   0.026446     0.1165     1.7221     1.6932          0     65.000  34.266863   995.6889      1.293     -0.001  0.000e+00
      1.311    30.1756   0.026461     0.1165     1.7217     1.6909          0     65.250  34.266866   995.6892      1.304      0.004  0.000e+00
      1.311    30.1750   0.026479     0.1166     1.7186     1.6886          0     65.500  34.266869   995.6894      1.304      0.006  0.000e+00
      1.322    30.1746   0.026485     0.1166     1.7177     1.6947          0     65.750  34.266872   995.6896      1.314      0.008  0.000e+00
      1.322    30.1745   0.026494     0.1167     1.7171     1.6695          0     66.000  34.266875   995.6896      1.314      0.008  0.000e+00
      1.322    30.1744   0.026494     0.1167     1.7126     1.6703          0     66.250  34.266878   995.6897      1.314      0.010  0.000e+00
      1.332    30.1744   0.026491     0.1166     1.7104     1.6703          0     66.500  34.266881   995.6897      1.325      0.007  0.000e+00
      1.300    30.1742   0.026479     0.1166     1.7082     1.6718          0     66.750  34.266884   995.6896      1.293      0.000  0.000e+00
      1.300    30.1740   0.026467     0.1165     1.7055     1.7046          0     67.000  34.266887   995.6896      1.293      0.001  0.000e+00
      1.322    30.1736   0.026455     0.1165     1.7017     1.7008          0     67.250  34.266889   995.6898      1.314     -0.001  0.000e+00
      1.311    30.1733   0.026452     0.1165     1.7010     1.7038          0     67.500  34.266892   995.6898      1.304     -0.004  0.000e+00
      1.322    30.1726   0.026440     0.1164     1.7004     1.7099          0     67.750  34.266895   995.6900      1.314     -0.004  0.000e+00
      1.332    30.1721   0.026428     0.1164     1.6957     1.7099          0     68.000  34.266898   995.6902      1.325      0.001  0.000e+00
      1.322    30.1715   0.026431     0.1164     1.6946     1.7031          0     68.250  34.266901   995.6904      1.314      0.004  0.000e+00
      1.333    30.1710   0.026440     0.1164     1.6945     1.7115          0     68.500  34.266904   995.6906      1.325      0.009  0.000e+00
      1.311    30.1705   0.026452     0.1165     1.6938     1.7145          0     68.750  34.266907   995.6907      1.304      0.011  0.000e+00
      1.343    30.1700   0.026479     0.1166     1.6920     1.7107          0     69.000  34.266910   995.6911      1.336      0.012  0.000e+00
      1.333    30.1698   0.026485     0.1166     1.6905     1.7183          0     69.250  34.266913   995.6911      1.325      0.008  0.000e+00
      1.333    30.1696   0.026485     0.1166     1.6885     1.7229          0     69.500  34.266916   995.6912      1.325      0.009  0.000e+00
      1.311    30.1697   0.026467     0.1166     1.6834     1.7107          0     69.750  34.266918   995.6910      1.304     -0.001  0.000e+00
      1.322    30.1697   0.026455     0.1165     1.6874     1.7084          0     70.000  34.266921   995.6910      1.315     -0.004  0.000e+00
      1.311    30.1694   0.026461     0.1165     1.6803     1.7031          0     70.250  34.266924   995.6911      1.304     -0.006  0.000e+00
      1.333    30.1691   0.026467     0.1166     1.6781     1.7000          0     70.500  34.266927   995.6913      1.325     -0.004  0.000e+00
      1.333    30.1690   0.026485     0.1166     1.6750     1.6970          0     70.750  34.266930   995.6914      1.325     -0.000  0.000e+00
      1.311    30.1689   0.026485     0.1166     1.6674     1.6993          0     71.000  34.266933   995.6913      1.304     -0.009  0.000e+00
      1.311    30.1688   0.026479     0.1166     1.6736     1.7077          0     71.250  34.266936   995.6913      1.304     -0.007  0.000e+00
      1.311    30.1685   0.026467     0.1166     1.6651     1.7107          0     71.500  34.266939   995.6914      1.304     -0.006  0.000e+00
      1.300    30.1686   0.026455     0.1165     1.6666     1.7046          0     71.750  34.266942   995.6912      1.293     -0.007  0.000e+00
      1.322    30.1683   0.026452     0.1165     1.6631     1.7008          0     72.000  34.266944   995.6914      1.314     -0.007  0.000e+00
      1.311    30.1677   0.026455     0.1165     1.6573     1.7031          0     72.250  34.266947   995.6915      1.304     -0.006  0.000e+00
      1.311    30.1676   0.026485     0.1166     1.6567     1.7038          0     72.500  34.266950   995.6917      1.304     -0.009  0.000e+00
      1.322    30.1674   0.026509     0.1167     1.6554     1.7069          0     72.750  34.266953   995.6919      1.314     -0.002  0.000e+00
      1.322    30.1676   0.026500     0.1167     1.6536     1.7031          0     73.000  34.266956   995.6918      1.314      0.006  0.000e+00
      1.322    30.1678   0.026491     0.1167     1.6501     1.6962          0     73.250  34.266959   995.6917      1.315      0.007  0.000e+00
      1.322    30.1678   0.026467     0.1166     1.6500     1.7313          0     73.500  34.266962   995.6916      1.315      0.008  0.000e+00
      1.311    30.1678   0.026437     0.1164     1.6465     1.7328          0     73.750  34.266965   995.6915      1.304      0.005  0.000e+00
      1.333    30.1676   0.026434     0.1164     1.6446     1.7260          0     74.000  34.266968   995.6916      1.325      0.004  0.000e+00
      1.311    30.1670   0.026428     0.1164     1.6392     1.7290          0     74.250  34.266970   995.6917      1.304      0.003  0.000e+00
      1.365    30.1665   0.026440     0.1164     1.6382     1.7061          0     74.500  34.266973   995.6921      1.358      0.013  0.000e+00
      1.344    30.1661   0.026455     0.1165     1.6407     1.7038          0     74.750  34.266976   995.6922      1.336      0.014  0.000e+00
      1.236    30.1658   0.026431     0.1164     1.6391     1.7046          0     75.000  34.266979   995.6917      1.229     -0.013  0.000e+00
      1.117    30.1653   0.026434     0.1164     1.6339     1.7061          0     75.250  34.266982   995.6913      1.111     -0.065  0.000e+00
      1.095    30.1654   0.026527     0.1168     1.6349     1.7008          0     75.500  34.266985   995.6915      1.089     -0.110  0.000e+00
      1.073    30.1667   0.026650     0.1173     1.6325     1.7046          0     75.750  34.266988   995.6914      1.068     -0.145  0.000e+00
      1.095    30.1691   0.026632     0.1173     1.6311     1.7046          0     76.000  34.266991   995.6907      1.089     -0.162  0.000e+00
      1.073    30.1712   0.026590     0.1171     1.6305     1.7061          0     76.250  34.266994   995.6899      1.067     -0.163  0.000e+00
      1.030    30.1717   0.026494     0.1167     1.6292     1.6794          0     76.500  34.266997   995.6892      1.024     -0.165  0.000e+00
      0.976    30.1725   0.026485     0.1166     1.6625     1.6840          0     76.750  34.266999   995.6887      0.971     -0.145  0.000e+00
      0.911    30.1736   0.026479     0.1166     1.6492     1.6871          0     77.000  34.267002   995.6881      0.906     -0.123  0.000e+00
      0.879    30.1745   0.026578     0.1170     1.6302     1.6756          0     77.250  34.267005   995.6879      0.874     -0.117  0.000e+00
      0.890    30.1756   0.026671     0.1174     1.6232     1.6733          0     77.500  34.267008   995.6880      0.885     -0.125  0.000e+00
      0.857    30.1763   0.026650     0.1173     1.6236     1.7443          0     77.750  34.267011   995.6875      0.852     -0.133  0.000e+00
      0.814    30.1763   0.026524     0.1168     1.6239     1.7389          0     78.000  34.267014   995.6869      0.809     -0.143  0.000e+00
      0.781    30.1760   0.026506     0.1167     1.6218     1.7366          0     78.250  34.267017   995.6868      0.777     -0.138  0.000e+00
      0.760    30.1767   0.026542     0.1169     1.6226     1.7366          0     78.500  34.267020   995.6866      0.756     -0.125  0.000e+00
      0.803    30.1768   0.026617     0.1172     1.6292     1.7244          0     78.750  34.267023   995.6870      0.799     -0.094  0.000e+00
      0.835    30.1767   0.026704     0.1175     1.6463     1.7298          0     79.000  34.267025   995.6875      0.831     -0.058  0.000e+00
      0.922    30.1774   0.026644     0.1173     1.6467     1.7229          0     79.250  34.267028   995.6874      0.917     -0.010  0.000e+00
      1.030    30.1774   0.026665     0.1174     1.6503     1.7283          0     79.500  34.267031   995.6880      1.024      0.055  0.000e+00
      1.182    30.1773   0.026611     0.1172     1.6544     1.8961          0     79.750  34.267034   995.6885      1.175      0.154  0.000e+00
      1.246    30.1771   0.026617     0.1172     1.6630     1.8923          0     80.000  34.267037   995.6889      1.240      0.239  0.000e+00
      1.322    30.1773   0.026566     0.1170     1.6673     1.8984          0     80.250  34.267040   995.6890      1.315      0.305  0.000e+00
      1.354    30.1773   0.026545     0.1169     1.6648     1.9091          0     80.500  34.267043   995.6891      1.347      0.334  0.000e+00
      1.409    30.1776   0.026524     0.1168     1.6700     1.7786          0     80.750  34.267046   995.6892      1.401      0.333  0.000e+00
      1.463    30.1776   0.026551     0.1169     1.6728     1.7687          0     81.000  34.267049   995.6895      1.455      0.317  0.000e+00
      1.495    30.1776   0.026572     0.1170     1.6773     1.7641          0     81.250  34.267052   995.6897      1.487      0.277  0.000e+00
      1.538    30.1774   0.026578     0.1170     1.6705     1.7756          0     81.500  34.267054   995.6900      1.530      0.233  0.000e+00
      1.549    30.1773   0.026590     0.1171     1.6814     1.7763          0     81.750  34.267057   995.6901      1.541      0.187  0.000e+00
      1.582    30.1768   0.026560     0.1169     1.6804     1.7878          0     82.000  34.267060   995.6903      1.573      0.165  0.000e+00
      1.592    30.1768   0.026572     0.1170     1.6750     1.7733          0     82.250  34.267063   995.6904      1.584      0.141  0.000e+00
      1.603    30.1763   0.026557     0.1169     1.6833     1.7832          0     82.500  34.267066   995.6906      1.594      0.123  0.000e+00
      1.636    30.1763   0.026512     0.1167     1.6972     1.7847          0     82.750  34.267069   995.6906      1.627      0.105  0.000e+00
      1.636    30.1760   0.026503     0.1167     1.7047     1.7511          0     83.000  34.267072   995.6906      1.627      0.086  0.000e+00
