content/post/ctd_rufiji/SBE19plus_01906740_2018_02_13_0930.cnv
* Sea-Bird SBE19plus  Data File:
* FileName = C:\Users\all user\Desktop\CTD tafiri 2018\SBE19plus_01906740_2018_02_13_0930.hex
* Software version 2.6.3.104
* Temperature SN = 6740
* Conductivity SN = 6740
* System UpLoad Time = Feb 13 2018 14:05:21
* <ApplicationData>
* <Seaterm232>
# nquan = 13
# nvalues = 268                                   
# units = specified
# name 0 = prdM: Pressure, Strain Gauge [db]
# name 1 = tv290C: Temperature [ITS-90, deg C]
# name 2 = c0S/m: Conductivity [S/m]
# name 3 = sal00: Salinity, Practical [PSU]
# name 4 = sbeox0ML/L: Oxygen, SBE 43 [ml/l]
# name 5 = flECO-AFL: Fluorescence, WET Labs ECO-AFL/FL [mg/m^3]
# name 6 = nbf: Bottles Fired
# name 7 = timeS: Time, Elapsed [seconds]
# name 8 = timeJ: Julian Days
# name 9 = density00: Density [density, kg/m^3]
# name 10 = depSM: Depth [salt water, m], lat = 0.00
# name 11 = dz/dtM: Descent Rate [m/s]
# name 12 = flag:  0.000e+00
# span 0 =      0.189,      2.870                 
# span 1 =    29.7266,    30.1503                 
# span 2 =   0.010193,   0.304502                 
# span 3 =     0.0493,     1.4261                 
# span 4 =     0.3662,     8.3067                 
# span 5 =     0.7440,     2.3325                 
# span 6 =          0,          0                 
# span 7 =      0.000,     66.750                 
# span 8 =  34.428090,  34.428863                 
# span 9 =   995.6786,   996.7064                 
# span 10 =      0.188,      2.855                
# span 11 =     -0.425,      0.378                
# span 12 = 0.0000e+00, 0.0000e+00                
# interval = seconds: 0.25
# start_time = Feb 03 2018 10:16:27 [Instrument's time stamp, header]
# bad_flag = -9.990e-29
*END*
      0.892    30.1308   0.159637     0.7226     3.3317     2.0426          0      0.000  34.428090   996.1548      0.887 4.2106e-16  0.000e+00
      0.967    30.1503   0.271431     1.2607     3.3691     2.0464          0      0.250  34.428093   996.5513      0.962      0.020  0.000e+00
      1.032    30.0477   0.304502     1.4261     3.4416     2.0426          0      0.500  34.428096   996.7064      1.027      0.053  0.000e+00
      1.119    29.8979   0.259585     1.2088     3.5213     2.0380          0      0.750  34.428099   996.5899      1.113      0.099  0.000e+00
      1.248    29.7822   0.229821     1.0659     3.6186     2.2738          0      1.000  34.428102   996.5186      1.242      0.164  0.000e+00
      1.346    29.7266   0.197192     0.9086     3.7148     2.2776          0      1.250  34.428105   996.4182      1.338      0.232  0.000e+00
      1.465    29.7859   0.173734     0.7948     3.7682     2.2722          0      1.500  34.428108   996.3157      1.457      0.301  0.000e+00
      1.540    29.8741   0.168777     0.7698     3.8203     2.2677          0      1.750  34.428111   996.2707      1.532      0.353  0.000e+00
      1.605    29.9402   0.177019     0.8081     3.8674     2.2913          0      2.000  34.428113   996.2797      1.597      0.378  0.000e+00
      1.638    29.9766   0.190533     0.8721     3.8910     2.2913          0      2.250  34.428116   996.3168      1.629      0.364  0.000e+00
      1.606    30.0040   0.193799     0.8873     3.9169     2.2867          0      2.500  34.428119   996.3197      1.597      0.317  0.000e+00
      1.530    29.9939   0.179298     0.8181     3.9629     2.2905          0      2.750  34.428122   996.2706      1.522      0.229  0.000e+00
      1.465    29.9754   0.167666     0.7629     3.9919     2.3127          0      3.000  34.428125   996.2347      1.457      0.120  0.000e+00
      1.379    29.9770   0.160871     0.7306     4.0343     2.3127          0      3.250  34.428128   996.2097      1.371      0.007  0.000e+00
      1.335    29.9969   0.148958     0.6740     4.0573     2.3104          0      3.500  34.428131   996.1610      1.328     -0.093  0.000e+00
      1.325    30.0193   0.147090     0.6649     4.0761     2.3104          0      3.750  34.428134   996.1474      1.317     -0.155  0.000e+00
      1.379    30.0427   0.145622     0.6577     4.0942     2.3157          0      4.000  34.428137   996.1352      1.371     -0.169  0.000e+00
      1.422    30.0610   0.143028     0.6452     4.0984     2.3241          0      4.250  34.428139   996.1205      1.414     -0.139  0.000e+00
      1.465    30.0748   0.141746     0.6390     4.0995     2.3211          0      4.500  34.428142   996.1119      1.457     -0.074  0.000e+00
      1.520    30.0833   0.140534     0.6332     4.0806     2.3173          0      4.750  34.428145   996.1052      1.511      0.006  0.000e+00
      1.520    30.0905   0.139588     0.6287     4.0697     2.3203          0      5.000  34.428148   996.0996      1.511      0.067  0.000e+00
      1.509    30.0952   0.139307     0.6273     4.0723     2.2883          0      5.250  34.428151   996.0971      1.501      0.103  0.000e+00
      1.498    30.0988   0.139436     0.6279     4.0788     2.2852          0      5.500  34.428154   996.0964      1.490      0.105  0.000e+00
      1.509    30.1023   0.140944     0.6349     4.0855     2.2799          0      5.750  34.428157   996.1007      1.501      0.088  0.000e+00
      1.520    30.1023   0.140969     0.6350     4.0953     2.2806          0      6.000  34.428160   996.1008      1.511      0.059  0.000e+00
      1.574    30.0988   0.140108     0.6310     4.1196     2.2181          0      6.250  34.428163   996.0991      1.565      0.048  0.000e+00
      1.574    30.0954   0.140231     0.6316     4.1300     2.2226          0      6.500  34.428166   996.1006      1.565      0.040  0.000e+00
      1.563    30.0934   0.138947     0.6256     4.1223     2.2204          0      6.750  34.428168   996.0967      1.554      0.033  0.000e+00
      1.530    30.0950   0.138320     0.6227     4.1284     2.2211          0      7.000  34.428171   996.0938      1.522      0.028  0.000e+00
      1.531    30.0978   0.138109     0.6217     4.1105     2.2524          0      7.250  34.428174   996.0922      1.522      0.023  0.000e+00
      1.563    30.0985   0.138159     0.6219     4.1052     2.2646          0      7.500  34.428177   996.0923      1.555      0.022  0.000e+00
      1.595    30.0962   0.138030     0.6213     4.1111     2.2585          0      7.750  34.428180   996.0927      1.587      0.023  0.000e+00
      1.606    30.0942   0.138065     0.6215     4.1075     2.2616          0      8.000  34.428183   996.0935      1.597      0.024  0.000e+00
      1.563    30.0956   0.137775     0.6201     4.1055     2.2577          0      8.250  34.428186   996.0919      1.554      0.010  0.000e+00
      1.552    30.0998   0.137576     0.6191     4.1470     2.2875          0      8.500  34.428189   996.0898      1.544      0.009  0.000e+00
      1.552    30.1026   0.137557     0.6190     4.1625     2.2829          0      8.750  34.428192   996.0889      1.544      0.009  0.000e+00
      1.552    30.1038   0.137488     0.6187     4.1483     2.2814          0      9.000  34.428194   996.0882      1.544      0.007  0.000e+00
      1.563    30.1058   0.137324     0.6179     4.0739     2.2860          0      9.250  34.428197   996.0871      1.554     -0.003  0.000e+00
      1.585    30.1067   0.137271     0.6176     3.9552     2.2486          0      9.500  34.428200   996.0867      1.576     -0.009  0.000e+00
      1.585    30.1069   0.137327     0.6179     3.8227     2.2486          0      9.750  34.428203   996.0868      1.576     -0.007  0.000e+00
      1.585    30.1063   0.137283     0.6177     3.6748     2.2570          0     10.000  34.428206   996.0869      1.576      0.004  0.000e+00
      1.585    30.1053   0.137277     0.6177     3.5535     2.2478          0     10.250  34.428209   996.0872      1.576      0.019  0.000e+00
      1.563    30.1039   0.137368     0.6181     3.4172     2.2837          0     10.500  34.428212   996.0878      1.555      0.015  0.000e+00
      1.563    30.1010   0.138809     0.6249     3.3151     2.2844          0     10.750  34.428215   996.0938      1.554      0.008  0.000e+00
      1.563    30.0966   0.140610     0.6334     3.2416     2.2867          0     11.000  34.428218   996.1015      1.555 -1.906e-10  0.000e+00
      1.563    30.0941   0.141534     0.6378     3.2203     2.2852          0     11.250  34.428220   996.1055      1.555     -0.009  0.000e+00
      1.585    30.0951   0.140184     0.6314     3.1649     2.2600          0     11.500  34.428223   996.1006      1.576     -0.009  0.000e+00
      1.563    30.0956   0.137283     0.6178     3.1382     2.2570          0     11.750  34.428226   996.0901      1.555     -0.009  0.000e+00
      1.574    30.0955   0.137072     0.6168     3.1114     2.2570          0     12.000  34.428229   996.0895      1.565     -0.004  0.000e+00
      1.563    30.0957   0.136915     0.6161     3.0919     2.2616          0     12.250  34.428232   996.0888      1.554     -0.002  0.000e+00
      1.552    30.0934   0.136710     0.6152     3.0554     2.2555          0     12.500  34.428235   996.0888      1.544     -0.001  0.000e+00
      1.574    30.0944   0.136511     0.6142     3.0438     2.2715          0     12.750  34.428238   996.0878      1.565     -0.000  0.000e+00
      1.541    30.0983   0.136420     0.6137     3.0261     2.2715          0     13.000  34.428241   996.0862      1.533     -0.008  0.000e+00
      1.574    30.1019   0.136376     0.6135     3.0356     2.2699          0     13.250  34.428244   996.0850      1.565     -0.006  0.000e+00
      1.552    30.1033   0.136351     0.6134     3.0408     2.2677          0     13.500  34.428247   996.0844      1.543     -0.010  0.000e+00
      1.563    30.1034   0.136203     0.6127     3.0518     2.2501          0     13.750  34.428249   996.0839      1.554     -0.004  0.000e+00
      1.552    30.1028   0.136222     0.6128     3.0326     2.2463          0     14.000  34.428252   996.0841      1.543     -0.006  0.000e+00
      1.563    30.1027   0.136146     0.6124     3.0180     2.2471          0     14.250  34.428255   996.0839      1.554     -0.001  0.000e+00
      1.552    30.1041   0.136004     0.6117     2.9993     2.2471          0     14.500  34.428258   996.0829      1.543     -0.002  0.000e+00
      1.541    30.1060   0.135929     0.6113     2.9716     2.1914          0     14.750  34.428261   996.0820      1.533     -0.008  0.000e+00
      1.541    30.1064   0.135929     0.6113     2.9303     2.1860          0     15.000  34.428264   996.0819      1.533     -0.006  0.000e+00
      1.552    30.1047   0.135752     0.6105     2.8925     2.1799          0     15.250  34.428267   996.0819      1.543     -0.011  0.000e+00
      1.530    30.1021   0.135686     0.6103     2.8582     2.1876          0     15.500  34.428270   996.0824      1.522     -0.011  0.000e+00
      1.552    30.0982   0.135482     0.6093     2.8103     2.1883          0     15.750  34.428273   996.0830      1.543     -0.009  0.000e+00
      1.563    30.0962   0.135271     0.6084     2.7720     2.2631          0     16.000  34.428275   996.0829      1.554     -0.002  0.000e+00
      1.552    30.0936   0.135094     0.6076     2.7244     2.2600          0     16.250  34.428278   996.0830      1.543     -0.000  0.000e+00
      1.541    30.0933   0.134965     0.6070     2.6897     2.2600          0     16.500  34.428281   996.0826      1.532      0.002  0.000e+00
      1.530    30.0941   0.134770     0.6061     2.6537     2.2654          0     16.750  34.428284   996.0816      1.522     -0.001  0.000e+00
      1.530    30.0952   0.134647     0.6055     2.6300     2.2608          0     17.000  34.428287   996.0809      1.522     -0.006  0.000e+00
      1.519    30.0950   0.134755     0.6060     2.6053     2.2631          0     17.250  34.428290   996.0813      1.511     -0.013  0.000e+00
      1.541    30.0936   0.134965     0.6070     2.6014     2.2661          0     17.500  34.428293   996.0825      1.532     -0.009  0.000e+00
      1.552    30.0943   0.135028     0.6073     2.5856     2.2608          0     17.750  34.428296   996.0826      1.543     -0.009  0.000e+00
      1.541    30.0966   0.134654     0.6055     2.5806     2.2761          0     18.000  34.428299   996.0805      1.532     -0.006  0.000e+00
      1.563    30.0985   0.134585     0.6051     2.5873     2.2768          0     18.250  34.428302   996.0798      1.554      0.007  0.000e+00
      1.530    30.1003   0.134163     0.6031     2.5684     2.2738          0     18.500  34.428304   996.0776      1.522      0.007  0.000e+00
      1.530    30.1016   0.133807     0.6015     2.5554     2.2707          0     18.750  34.428307   996.0759      1.522      0.006  0.000e+00
      1.530    30.1007   0.133603     0.6005     2.5436     2.2654          0     19.000  34.428310   996.0755      1.522      0.001  0.000e+00
      1.508    30.0986   0.133499     0.6001     2.5165     2.2570          0     19.250  34.428313   996.0757      1.500     -0.009  0.000e+00
      1.530    30.0976   0.133398     0.5996     2.5044     2.2570          0     19.500  34.428316   996.0758      1.522     -0.015  0.000e+00
      1.530    30.0968   0.133310     0.5992     2.4877     2.2638          0     19.750  34.428319   996.0757      1.522     -0.015  0.000e+00
      1.541    30.0977   0.133260     0.5990     2.4735     2.2623          0     20.000  34.428322   996.0753      1.533     -0.008  0.000e+00
      1.530    30.0985   0.133106     0.5982     2.4578     2.2410          0     20.250  34.428325   996.0744      1.522     -0.006  0.000e+00
      1.498    30.0986   0.132993     0.5977     2.4423     2.2326          0     20.500  34.428328   996.0739      1.490     -0.006  0.000e+00
      1.541    30.0994   0.133046     0.5979     2.4303     2.2387          0     20.750  34.428330   996.0740      1.533      0.000  0.000e+00
      1.552    30.0982   0.133235     0.5988     2.4101     2.2394          0     21.000  34.428333   996.0751      1.543      0.008  0.000e+00
      1.530    30.0932   0.133464     0.6000     2.4001     2.2356          0     21.250  34.428336   996.0774      1.522      0.009  0.000e+00
      1.541    30.0898   0.133310     0.5993     2.3904     2.2371          0     21.500  34.428339   996.0779      1.533      0.005  0.000e+00
      1.552    30.0890   0.132732     0.5966     2.3790     2.2356          0     21.750  34.428342   996.0762      1.543      0.009  0.000e+00
      1.541    30.0908   0.132612     0.5960     2.3678     2.2356          0     22.000  34.428345   996.0752      1.533      0.009  0.000e+00
      1.541    30.0936   0.132534     0.5956     2.3522     2.2112          0     22.250  34.428348   996.0740      1.533      0.012  0.000e+00
      1.530    30.0965   0.132493     0.5954     2.3372     2.2112          0     22.500  34.428351   996.0729      1.522      0.009  0.000e+00
      1.519    30.0964   0.132571     0.5958     2.3244     2.2112          0     22.750  34.428354   996.0732      1.511     -0.009  0.000e+00
      1.520    30.0924   0.133222     0.5988     2.3157     2.2097          0     23.000  34.428356   996.0767      1.511     -0.013  0.000e+00
      1.520    30.0871   0.133946     0.6023     2.3004     2.2341          0     23.250  34.428359   996.0809      1.511     -0.012  0.000e+00
      1.541    30.0888   0.134286     0.6039     2.3091     2.2326          0     23.500  34.428362   996.0817      1.533     -0.011  0.000e+00
      1.530    30.0867   0.134443     0.6046     2.2871     2.2402          0     23.750  34.428365   996.0828      1.522     -0.009  0.000e+00
      1.541    30.0657   0.134336     0.6044     2.2684     2.2333          0     24.000  34.428368   996.0890      1.533     -0.001  0.000e+00
      1.541    30.0489   0.133914     0.6026     2.2578     2.2356          0     24.250  34.428371   996.0928      1.533      0.005  0.000e+00
      1.530    30.0435   0.133565     0.6010     2.2322     2.2585          0     24.500  34.428374   996.0932      1.522      0.008  0.000e+00
      1.530    30.0395   0.133247     0.5996     2.2127     2.2638          0     24.750  34.428377   996.0934      1.522      0.008  0.000e+00
      1.520    30.0369   0.132892     0.5980     2.2034     2.2638          0     25.000  34.428380   996.0929      1.511      0.001  0.000e+00
      1.520    30.0394   0.132675     0.5969     2.1951     2.2616          0     25.250  34.428383   996.0913      1.511     -0.005  0.000e+00
      1.530    30.0479   0.132549     0.5962     2.1811     2.2417          0     25.500  34.428385   996.0883      1.522     -0.009  0.000e+00
      1.509    30.0564   0.132662     0.5966     2.1717     2.2532          0     25.750  34.428388   996.0860      1.500     -0.012  0.000e+00
      1.509    30.0598   0.132974     0.5981     2.1665     2.2486          0     26.000  34.428391   996.0860      1.500     -0.016  0.000e+00
      1.509    30.0595   0.133417     0.6001     2.1588     2.2478          0     26.250  34.428394   996.0876      1.500     -0.015  0.000e+00
      1.530    30.0613   0.133659     0.6013     2.1488     2.2394          0     26.500  34.428397   996.0880      1.522     -0.006  0.000e+00
      1.541    30.0647   0.133666     0.6012     2.1425     2.2371          0     26.750  34.428400   996.0870      1.533      0.002  0.000e+00
      1.530    30.0669   0.133553     0.6007     2.1266     2.2394          0     27.000  34.428403   996.0859      1.522      0.007  0.000e+00
      1.520    30.0666   0.133144     0.5988     2.1138     2.2326          0     27.250  34.428406   996.0845      1.511      0.006  0.000e+00
      1.519    30.0658   0.132612     0.5963     2.1100     2.2211          0     27.500  34.428409   996.0829      1.511      0.004  0.000e+00
