content/post/ctd_rufiji/SBE19plus_01906740_2018_02_13_0932.cnv
* Sea-Bird SBE19plus  Data File:
* FileName = C:\Users\all user\Desktop\CTD tafiri 2018\SBE19plus_01906740_2018_02_13_0932.hex
* Software version 2.6.3.104
* Temperature SN = 6740
* Conductivity SN = 6740
* System UpLoad Time = Feb 13 2018 14:05:39
* <ApplicationData>
* <Seaterm232>
# nquan = 13
# nvalues = 280                                   
# units = specified
# name 0 = prdM: Pressure, Strain Gauge [db]
# name 1 = tv290C: Temperature [ITS-90, deg C]
# name 2 = c0S/m: Conductivity [S/m]
# name 3 = sal00: Salinity, Practical [PSU]
# name 4 = sbeox0ML/L: Oxygen, SBE 43 [ml/l]
# name 5 = flECO-AFL: Fluorescence, WET Labs ECO-AFL/FL [mg/m^3]
# name 6 = nbf: Bottles Fired
# name 7 = timeS: Time, Elapsed [seconds]
# name 8 = timeJ: Julian Days
# name 9 = density00: Density [density, kg/m^3]
# name 10 = depSM: Depth [salt water, m], lat = 0.00
# name 11 = dz/dtM: Descent Rate [m/s]
# name 12 = flag:  0.000e+00
# span 0 =      0.179,      4.006                 
# span 1 =    29.5047,    29.9763                 
# span 2 =   0.051003,   0.952204                 
# span 3 =     0.2251,     4.8550                 
# span 4 =     1.6712,     4.1462                 
# span 5 =    -0.0326,     2.3173                 
# span 6 =          0,          0                 
# span 7 =      0.000,     69.750                 
# span 8 =  34.432847,  34.433655                 
# span 9 =   995.9165,   999.4382                 
# span 10 =      0.178,      3.984                
# span 11 =     -0.495,      0.672                
# span 12 = 0.0000e+00, 0.0000e+00                
# interval = seconds: 0.25
# start_time = Feb 03 2018 10:23:18 [Instrument's time stamp, header]
# bad_flag = -9.990e-29
*END*
      0.514    29.5363   0.127201     0.5770     3.6574     1.7344          0      0.000  34.432847   996.2233      0.511      0.000  0.000e+00
      0.535    29.7081   0.114390     0.5150     3.6741     1.7374          0      0.250  34.432850   996.1255      0.532      0.006  0.000e+00
      0.503    29.8197   0.090277     0.4023     3.6945     1.7351          0      0.500  34.432853   996.0074      0.500      0.001  0.000e+00
      0.503    29.8806   0.073824     0.3267     3.7266     1.7374          0      0.750  34.432856   995.9324      0.500     -0.002  0.000e+00
      0.525    29.9066   0.133052     0.6002     3.7607     2.3134          0      1.000  34.432859   996.1296      0.522      0.001  0.000e+00
      0.514    29.9198   0.139487     0.6303     3.7888     2.3173          0      1.250  34.432862   996.1480      0.511      0.000  0.000e+00
      0.514    29.9300   0.177164     0.8089     3.7996     2.3127          0      1.500  34.432865   996.2786      0.511     -0.001  0.000e+00
      0.503    29.9392   0.142308     0.6434     3.8182     2.3073          0      1.750  34.432867   996.1519      0.500     -0.004  0.000e+00
      0.535    29.9476   0.152808     0.6928     3.8175     2.2326          0      2.000  34.432870   996.1865      0.533      0.002  0.000e+00
      0.568    29.9506   0.132549     0.5974     3.8188     2.2226          0      2.250  34.432873   996.1143      0.565      0.015  0.000e+00
      0.611    29.9484   0.130632     0.5884     3.8002     2.2234          0      2.500  34.432876   996.1085      0.608      0.043  0.000e+00
      0.676    29.9497   0.207678     0.9551     3.7782     2.2158          0      2.750  34.432879   996.3827      0.672      0.072  0.000e+00
      0.719    29.9525   0.235700     1.0909     3.7722     2.2493          0      3.000  34.432882   996.4835      0.715      0.102  0.000e+00
      0.730    29.9585   0.236524     1.0948     3.7839     2.2402          0      3.250  34.432885   996.4846      0.726      0.127  0.000e+00
      0.730    29.9650   0.239042     1.1069     3.8125     2.2432          0      3.500  34.432888   996.4917      0.726      0.135  0.000e+00
      0.730    29.9707   0.245941     1.1404     3.8235     2.2516          0      3.750  34.432891   996.5150      0.726      0.128  0.000e+00
      0.763    29.9759   0.253063     1.1751     3.8388     2.2486          0      4.000  34.432894   996.5395      0.759      0.113  0.000e+00
      0.806    29.9763   0.255353     1.1862     3.8370     2.2204          0      4.250  34.432896   996.5479      0.802      0.102  0.000e+00
      0.838    29.9747   0.244350     1.1325     3.8404     2.2242          0      4.500  34.432899   996.5084      0.834      0.092  0.000e+00
      0.882    29.9709   0.240357     1.1132     3.8534     2.2242          0      4.750  34.432902   996.4953      0.877      0.091  0.000e+00
      0.892    29.9575   0.247704     1.1493     3.8636     2.2196          0      5.000  34.432905   996.5264      0.887      0.096  0.000e+00
      0.871    29.9451   0.257070     1.1954     3.8881     2.1937          0      5.250  34.432908   996.5645      0.866      0.095  0.000e+00
      0.871    29.9401   0.263181     1.2254     3.9254     2.2028          0      5.500  34.432911   996.5885      0.866      0.088  0.000e+00
      0.882    29.9408   0.268881     1.2534     4.0057     2.2081          0      5.750  34.432914   996.6092      0.877      0.074  0.000e+00
      0.925    29.9428   0.279952     1.3078     4.0505     2.1944          0      6.000  34.432917   996.6494      0.920      0.062  0.000e+00
      0.925    29.9452   0.299991     1.4067     4.0062     2.2310          0      6.250  34.432920   996.7225      0.920      0.048  0.000e+00
      1.001    29.9509   0.303939     1.4261     3.9783     2.2287          0      6.500  34.432922   996.7356      0.995      0.057  0.000e+00
      1.022    29.9598   0.294968     1.3815     4.1231     2.2196          0      6.750  34.432925   996.6997      1.017      0.070  0.000e+00
      1.065    29.9679   0.294733     1.3801     4.1462     2.2249          0      7.000  34.432928   996.6964      1.060      0.097  0.000e+00
      1.065    29.9723   0.299356     1.4028     4.1432     2.1975          0      7.250  34.432931   996.7120      1.060      0.115  0.000e+00
      1.098    29.9731   0.302922     1.4204     4.1104     2.1799          0      7.500  34.432934   996.7251      1.092      0.123  0.000e+00
      1.119    29.9721   0.304707     1.4293     4.0785     2.1883          0      7.750  34.432937   996.7321      1.113      0.121  0.000e+00
      1.130    29.9704   0.306939     1.4404     4.0953     2.1898          0      8.000  34.432940   996.7410      1.124      0.110  0.000e+00
      1.141    29.9685   0.309651     1.4539     4.0820     2.1769          0      8.250  34.432943   996.7517      1.135      0.099  0.000e+00
      1.119    29.9667   0.311940     1.4653     4.0552     2.1746          0      8.500  34.432946   996.7606      1.113      0.068  0.000e+00
      1.109    29.9640   0.313059     1.4709     4.0167     2.1570          0      8.750  34.432948   996.7656      1.103      0.046  0.000e+00
      1.098    29.9612   0.310988     1.4607     4.0291     2.1700          0      9.000  34.432951   996.7588      1.092      0.022  0.000e+00
      1.087    29.9591   0.306086     1.4365     4.0312     2.1685          0      9.250  34.432954   996.7413      1.081      0.004  0.000e+00
      1.120    29.9569   0.303724     1.4249     4.0378     2.1868          0      9.500  34.432957   996.7334      1.113     -0.007  0.000e+00
      1.120    29.9551   0.312501     1.4684     4.0321     2.1753          0      9.750  34.432960   996.7665      1.113     -0.011  0.000e+00
      1.120    29.9528   0.319210     1.5018     4.0290     2.1830          0     10.000  34.432963   996.7921      1.113     -0.009  0.000e+00
      1.130    29.9465   0.343815     1.6247     4.0101     2.1914          0     10.250  34.432966   996.8858      1.124      0.000  0.000e+00
      1.130    29.9354   0.373756     1.7752     3.9904     2.1753          0     10.500  34.432969   997.0015      1.124      0.012  0.000e+00
      1.130    29.9215   0.393819     1.8768     4.0164     2.1670          0     10.750  34.432972   997.0815      1.124      0.018  0.000e+00
      1.141    29.9106   0.421196     2.0159     3.9941     2.1792          0     11.000  34.432975   997.1886      1.135      0.022  0.000e+00
      1.152    29.9015   0.432636     2.0744     3.9624     2.1799          0     11.250  34.432977   997.2351      1.146      0.024  0.000e+00
      1.163    29.8960   0.423445     2.0279     3.9584     2.1837          0     11.500  34.432980   997.2021      1.156      0.021  0.000e+00
      1.152    29.8958   0.407048     1.9447     3.8867     2.1769          0     11.750  34.432983   997.1401      1.146      0.021  0.000e+00
      1.163    29.8995   0.388545     1.8510     3.7627     2.1685          0     12.000  34.432986   997.0691      1.156      0.022  0.000e+00
      1.152    29.9060   0.377358     1.7944     3.6067     2.1654          0     12.250  34.432989   997.0248      1.146      0.017  0.000e+00
      1.130    29.9125   0.373718     1.7758     3.4192     2.1830          0     12.500  34.432992   997.0089      1.124      0.007  0.000e+00
      1.152    29.9168   0.375473     1.7845     3.2508     2.1898          0     12.750  34.432995   997.0141      1.146      0.004  0.000e+00
      1.109    29.9190   0.372353     1.7687     3.1746     2.1982          0     13.000  34.432998   997.0015      1.103     -0.013  0.000e+00
      1.098    29.9218   0.367774     1.7456     2.8812     2.1784          0     13.250  34.433001   996.9834      1.092     -0.027  0.000e+00
      1.109    29.9244   0.363588     1.7245     2.7610     2.1822          0     13.500  34.433003   996.9669      1.103     -0.032  0.000e+00
      1.130    29.9257   0.362349     1.7182     2.6915     2.1868          0     13.750  34.433006   996.9619      1.124     -0.025  0.000e+00
      1.119    29.9256   0.361778     1.7153     2.6239     2.1975          0     14.000  34.433009   996.9597      1.113     -0.022  0.000e+00
      1.130    29.9255   0.366485     1.7390     2.5872     2.1799          0     14.250  34.433012   996.9774      1.124     -0.011  0.000e+00
      1.130    29.9251   0.372232     1.7679     2.5690     2.1868          0     14.500  34.433015   996.9991      1.124     -0.001  0.000e+00
      1.120    29.9254   0.380120     1.8076     2.5873     2.1937          0     14.750  34.433018   997.0286      1.113      0.001  0.000e+00
      1.141    29.9205   0.377147     1.7928     2.5905     2.1898          0     15.000  34.433021   997.0192      1.135      0.016  0.000e+00
      1.120    29.9124   0.369437     1.7543     2.5155     2.1982          0     15.250  34.433024   996.9928      1.113      0.012  0.000e+00
      1.130    29.9074   0.368260     1.7485     2.4715     2.1937          0     15.500  34.433027   996.9901      1.124      0.006  0.000e+00
      1.141    29.9043   0.376355     1.7894     2.4682     2.1822          0     15.750  34.433030   997.0215      1.135      0.004  0.000e+00
      1.152    29.9023   0.381676     1.8163     2.4685     2.1792          0     16.000  34.433032   997.0423      1.146      0.011  0.000e+00
      1.195    29.9006   0.373013     1.7727     2.4412     2.1814          0     16.250  34.433035   997.0104      1.189      0.024  0.000e+00
      1.195    29.8977   0.363654     1.7257     2.4279     2.1837          0     16.500  34.433038   996.9763      1.189      0.035  0.000e+00
      1.174    29.8948   0.364973     1.7324     2.4157     2.1898          0     16.750  34.433041   996.9821      1.167      0.037  0.000e+00
      1.174    29.8937   0.371241     1.7640     2.4206     2.1738          0     17.000  34.433044   997.0060      1.167      0.032  0.000e+00
      1.163    29.8940   0.376798     1.7920     2.4675     2.1654          0     17.250  34.433047   997.0267      1.157      0.027  0.000e+00
      1.185    29.8943   0.377445     1.7952     2.4595     2.1670          0     17.500  34.433050   997.0291      1.178      0.020  0.000e+00
      1.174    29.8944   0.378434     1.8002     2.4614     2.1738          0     17.750  34.433053   997.0328      1.167      0.009  0.000e+00
      1.195    29.8935   0.379549     1.8059     2.4353     2.1654          0     18.000  34.433056   997.0374      1.189      0.005  0.000e+00
      1.185    29.8905   0.384636     1.8316     2.4315     2.1715          0     18.250  34.433058   997.0574      1.178     -0.002  0.000e+00
      1.184    29.8890   0.395789     1.8880     2.4164     2.1784          0     18.500  34.433061   997.1000      1.178      0.003  0.000e+00
      1.163    29.8887   0.411029     1.9652     2.3967     2.1685          0     18.750  34.433064   997.1575      1.156      0.003  0.000e+00
      1.174    29.8887   0.416317     1.9920     2.3792     2.1792          0     19.000  34.433067   997.1776      1.167      0.001  0.000e+00
      1.184    29.8898   0.413292     1.9766     2.3762     2.1814          0     19.250  34.433070   997.1658      1.178      0.001  0.000e+00
      1.184    29.8909   0.414771     1.9841     2.3774     2.1807          0     19.500  34.433073   997.1711      1.178     -0.002  0.000e+00
      1.152    29.8928   0.416798     1.9943     2.3922     2.1837          0     19.750  34.433076   997.1779      1.146     -0.009  0.000e+00
      1.152    29.8954   0.421551     2.0183     2.3829     2.1837          0     20.000  34.433079   997.1951      1.146     -0.017  0.000e+00
      1.130    29.8989   0.412738     1.9735     2.3926     2.2081          0     20.250  34.433082   997.1605      1.124     -0.022  0.000e+00
      1.130    29.9047   0.402807     1.9229     2.3914     2.2013          0     20.500  34.433084   997.1210      1.124     -0.026  0.000e+00
      1.163    29.9100   0.402116     1.9192     2.3880     2.2028          0     20.750  34.433087   997.1168      1.156     -0.018  0.000e+00
      1.152    29.9130   0.402881     1.9230     2.3841     2.2028          0     21.000  34.433090   997.1186      1.146     -0.019  0.000e+00
      1.173    29.9152   0.402633     1.9216     2.3875     2.1982          0     21.250  34.433093   997.1171      1.167     -0.009  0.000e+00
      1.152    29.9174   0.400204     1.9093     2.3530     2.1807          0     21.500  34.433096   997.1071      1.146     -0.002  0.000e+00
      1.130    29.9193   0.393109     1.8733     2.3298     2.1898          0     21.750  34.433099   997.0796      1.124      0.001  0.000e+00
      1.152    29.9202   0.388319     1.8491     2.3162     2.1853          0     22.000  34.433102   997.0613      1.146      0.004  0.000e+00
      1.163    29.9193   0.390563     1.8605     2.3059     2.1868          0     22.250  34.433105   997.0701      1.156      0.009  0.000e+00
      1.206    29.9183   0.394132     1.8785     2.3015     2.1959          0     22.500  34.433108   997.0841      1.199      0.017  0.000e+00
      1.184    29.9188   0.394153     1.8786     2.2966     2.1868          0     22.750  34.433111   997.0839      1.178      0.015  0.000e+00
      1.184    29.9186   0.387513     1.8451     2.2855     2.1891          0     23.000  34.433113   997.0590      1.178      0.020  0.000e+00
      1.184    29.9180   0.380664     1.8106     2.2765     2.1868          0     23.250  34.433116   997.0334      1.178      0.020  0.000e+00
      1.184    29.9178   0.380377     1.8091     2.2666     2.1784          0     23.500  34.433119   997.0324      1.178      0.025  0.000e+00
      1.184    29.9166   0.381946     1.8171     2.2609     2.1830          0     23.750  34.433122   997.0387      1.178      0.022  0.000e+00
      1.195    29.9155   0.383575     1.8253     2.2495     2.1799          0     24.000  34.433125   997.0452      1.189      0.013  0.000e+00
      1.195    29.9150   0.381464     1.8147     2.2235     2.1784          0     24.250  34.433128   997.0375      1.189      0.007  0.000e+00
      1.195    29.9152   0.383041     1.8227     2.2089     2.1631          0     24.500  34.433131   997.0433      1.189      0.001  0.000e+00
      1.195    29.9155   0.385743     1.8363     2.2103     2.1685          0     24.750  34.433134   997.0534      1.189      0.007  0.000e+00
      1.195    29.9160   0.387899     1.8471     2.2078     2.1731          0     25.000  34.433137   997.0613      1.189      0.007  0.000e+00
      1.195    29.9149   0.388180     1.8486     2.2082     2.1731          0     25.250  34.433139   997.0628      1.189      0.007  0.000e+00
      1.174    29.9136   0.388468     1.8501     2.2062     2.0723          0     25.500  34.433142   997.0642      1.167     -0.001  0.000e+00
      1.195    29.9133   0.389691     1.8563     2.2030     2.0823          0     25.750  34.433145   997.0690      1.189     -0.001  0.000e+00
      1.184    29.9125   0.389715     1.8564     2.2014     2.0853          0     26.000  34.433148   997.0693      1.178     -0.006  0.000e+00
      1.174    29.9093   0.389524     1.8556     2.2017     2.0792          0     26.250  34.433151   997.0696      1.167     -0.009  0.000e+00
      1.163    29.9074   0.390894     1.8626     2.1953     2.0769          0     26.500  34.433154   997.0753      1.156     -0.014  0.000e+00
      1.152    29.9069   0.393544     1.8760     2.1821     2.0792          0     26.750  34.433157   997.0854      1.146     -0.020  0.000e+00
      1.163    29.8995   0.398963     1.9037     2.1649     2.0701          0     27.000  34.433160   997.1084      1.156     -0.020  0.000e+00
      1.184    29.8916   0.401069     1.9146     2.1683     2.0800          0     27.250  34.433163   997.1190      1.178     -0.012  0.000e+00
      1.184    29.8879   0.398346     1.9010     2.1748     2.1425          0     27.500  34.433166   997.1100      1.178     -0.004  0.000e+00
