content/post/ctd_rufiji/SBE19plus_01906740_2018_02_13_0911.cnv
* Sea-Bird SBE19plus  Data File:
* FileName = C:\Users\all user\Desktop\CTD tafiri 2018\SBE19plus_01906740_2018_02_13_0911.hex
* Software version 2.6.3.104
* Temperature SN = 6740
* Conductivity SN = 6740
* System UpLoad Time = Feb 13 2018 14:02:24
* <ApplicationData>
* <Seaterm232>
# nquan = 13
# nvalues = 368                                   
# units = specified
# name 0 = prdM: Pressure, Strain Gauge [db]
# name 1 = tv290C: Temperature [ITS-90, deg C]
# name 2 = c0S/m: Conductivity [S/m]
# name 3 = sal00: Salinity, Practical [PSU]
# name 4 = sbeox0ML/L: Oxygen, SBE 43 [ml/l]
# name 5 = flECO-AFL: Fluorescence, WET Labs ECO-AFL/FL [mg/m^3]
# name 6 = nbf: Bottles Fired
# name 7 = timeS: Time, Elapsed [seconds]
# name 8 = timeJ: Julian Days
# name 9 = density00: Density [density, kg/m^3]
# name 10 = depSM: Depth [salt water, m], lat = 0.00
# name 11 = dz/dtM: Descent Rate [m/s]
# name 12 = flag:  0.000e+00
# span 0 =      0.114,      5.141                 
# span 1 =    29.1128,    30.3168                 
# span 2 =   0.000566,   0.019485                 
# span 3 =     0.0140,     0.0871                 
# span 4 =     0.1948,    11.4461                 
# span 5 =    -0.0784,     2.0990                 
# span 6 =          0,          0                 
# span 7 =      0.000,     91.750                 
# span 8 =  34.277512,  34.278573                 
# span 9 =   995.5886,   995.9251                 
# span 10 =      0.114,      5.113                
# span 11 =     -0.657,      0.319                
# span 12 = 0.0000e+00, 0.0000e+00                
# interval = seconds: 0.25
# start_time = Feb 03 2018 06:39:37 [Instrument's time stamp, header]
# bad_flag = -9.990e-29
*END*
[from data line 334]
      2.233    30.2109   0.018855     0.0845     2.3465     1.4887          0     83.500  34.278478   995.6585      2.221     -0.516  0.000e+00
      2.039    30.2012   0.018849     0.0845     2.3370     1.4856          0     83.750  34.278481   995.6606      2.028     -0.589  0.000e+00
      1.920    30.1988   0.018846     0.0845     2.3198     1.5070          0     84.000  34.278484   995.6608      1.909     -0.635  0.000e+00
      1.833    30.1965   0.018843     0.0845     2.2976     1.5131          0     84.250  34.278487   995.6611      1.823     -0.627  0.000e+00
      1.790    30.1946   0.018849     0.0845     2.2969     1.5047          0     84.500  34.278490   995.6615      1.780     -0.570  0.000e+00
      1.704    30.1937   0.018831     0.0844     2.2891     1.5169          0     84.750  34.278492   995.6613      1.694     -0.499  0.000e+00
      1.585    30.1957   0.018846     0.0845     2.2825     1.5131          0     85.000  34.278495   995.6602      1.576     -0.445  0.000e+00
      1.444    30.2063   0.018837     0.0844     2.2677     1.5116          0     85.250  34.278498   995.6563      1.436     -0.422  0.000e+00
      1.315    30.2220   0.018837     0.0844     2.2631     1.5100          0     85.500  34.278501   995.6510      1.307     -0.417  0.000e+00
      1.207    30.2367   0.018837     0.0844     2.2668     1.5116          0     85.750  34.278504   995.6460      1.200     -0.409  0.000e+00
      1.044    30.2515   0.018825     0.0843     2.8332     1.5070          0     86.000  34.278507   995.6407      1.039     -0.440  0.000e+00
      0.871    30.2663   0.018837     0.0843     2.3032     1.4986          0     86.250  34.278510   995.6355      0.867     -0.490  0.000e+00
      0.850    30.2799   0.018837     0.0843     2.2735     1.5039          0     86.500  34.278513   995.6312      0.845     -0.505  0.000e+00
      0.828    30.2909   0.018840     0.0843     2.2462     1.5024          0     86.750  34.278516   995.6278      0.824     -0.475  0.000e+00
      0.850    30.2978   0.018837     0.0843     2.2815     1.4986          0     87.000  34.278519   995.6258      0.845     -0.404  0.000e+00
      0.860    30.3016   0.018837     0.0843     2.2316     1.5116          0     87.250  34.278521   995.6247      0.856     -0.312  0.000e+00
      0.860    30.2999   0.018831     0.0843     2.2047     1.5100          0     87.500  34.278524   995.6252      0.856     -0.219  0.000e+00
      0.904    30.2909   0.018831     0.0843     2.1848     1.5085          0     87.750  34.278527   995.6281      0.899     -0.119  0.000e+00
      0.893    30.2831   0.018837     0.0843     2.1973     1.5108          0     88.000  34.278530   995.6304      0.888     -0.030  0.000e+00
      0.882    30.2783   0.018831     0.0843     2.3538     1.5078          0     88.250  34.278533   995.6319      0.877      0.022  0.000e+00
      0.850    30.2698   0.018831     0.0843     2.3993     1.5108          0     88.500  34.278536   995.6343      0.845      0.019  0.000e+00
      0.731    30.2618   0.018831     0.0843     2.4145     1.5154          0     88.750  34.278539   995.6362      0.727     -0.021  0.000e+00
      0.601    30.2584   0.018831     0.0843     2.2994     1.5131          0     89.000  34.278542   995.6367      0.598     -0.095  0.000e+00
      0.439    30.2570   0.018831     0.0843    11.4461     2.0891          0     89.250  34.278545   995.6364      0.436     -0.190  0.000e+00
      0.277    30.2584   0.018837     0.0844     3.8739     2.0990          0     89.500  34.278547   995.6353      0.275     -0.298  0.000e+00
      0.158    30.2597   0.018831     0.0843     3.3535     2.0868          0     89.750  34.278550   995.6343      0.157     -0.398  0.000e+00
      0.136    30.2602   0.018523     0.0831     2.8236     2.0807          0     90.000  34.278553   995.6331      0.135     -0.443  0.000e+00
      0.114    30.2613   0.003716     0.0244     2.2746     2.0945          0     90.250  34.278556   995.5886      0.114     -0.445  0.000e+00
      0.147    30.2423   0.003292     0.0229     1.7357     0.6655          0     90.500  34.278559   995.5934      0.146     -0.391  0.000e+00
      0.147    30.2049   0.002666     0.0207     1.2177     0.6815          0     90.750  34.278562   995.6031      0.146     -0.299  0.000e+00
      0.147    30.1577   0.002791     0.0211     0.7246     0.6739          0     91.000  34.278565   995.6178      0.146     -0.200  0.000e+00
      0.136    30.0983   0.002773     0.0210     0.1948     0.6800          0     91.250  34.278568   995.6357      0.135     -0.107  0.000e+00
      0.147    30.0479   0.002885     0.0214     3.9149    -0.0540          0     91.500  34.278571   995.6512      0.146     -0.035  0.000e+00
      0.147    30.0046   0.002376     0.0197     2.9156    -0.0563          0     91.750  34.278573   995.6630      0.146      0.002  0.000e+00
