content/post/ctd_rufiji/SBE19plus_01906740_2018_02_13_0925.cnv
* Sea-Bird SBE19plus  Data File:
* FileName = C:\Users\all user\Desktop\CTD tafiri 2018\SBE19plus_01906740_2018_02_13_0925.hex
* Software version 2.6.3.104
* Temperature SN = 6740
* Conductivity SN = 6740
* System UpLoad Time = Feb 13 2018 14:04:36
* <ApplicationData>
* <Seaterm232>
# nquan = 13
# nvalues = 313                                   
# units = specified
# name 0 = prdM: Pressure, Strain Gauge [db]
# name 1 = tv290C: Temperature [ITS-90, deg C]
# name 2 = c0S/m: Conductivity [S/m]
# name 3 = sal00: Salinity, Practical [PSU]
# name 4 = sbeox0ML/L: Oxygen, SBE 43 [ml/l]
# name 5 = flECO-AFL: Fluorescence, WET Labs ECO-AFL/FL [mg/m^3]
# name 6 = nbf: Bottles Fired
# name 7 = timeS: Time, Elapsed [seconds]
# name 8 = timeJ: Julian Days
# name 9 = density00: Density [density, kg/m^3]
# name 10 = depSM: Depth [salt water, m], lat = 0.00
# name 11 = dz/dtM: Descent Rate [m/s]
# name 12 = flag:  0.000e+00
# span 0 =      0.190,      2.224                 
# span 1 =    28.2535,    30.5369                 
# span 2 =   0.004792,   0.100874                 
# span 3 =     0.0285,     0.4453                 
# span 4 =     0.5364,     6.3887                 
# span 5 =    -0.4317,     2.5416                 
# span 6 =          0,          0                 
# span 7 =      0.000,     78.000                 
# span 8 =  34.413449,  34.414352                 
# span 9 =   995.6612,   996.2187                 
# span 10 =      0.189,      2.212                
# span 11 =     -0.479,      0.303                
# span 12 = 0.0000e+00, 0.0000e+00                
# interval = seconds: 0.25
# start_time = Feb 03 2018 09:55:22 [Instrument's time stamp, header]
# bad_flag = -9.990e-29
*END*
[from data line 223]
      1.813    30.0669   0.088774     0.3935     1.5827     2.1608          0     55.750  34.414094   995.9320      1.803      0.298  0.000e+00
      1.878    30.0762   0.088734     0.3932     1.6687     2.1509          0     56.000  34.414097   995.9293      1.868      0.303  0.000e+00
      1.932    30.0867   0.088679     0.3929     1.7272     2.1425          0     56.250  34.414100   995.9261      1.921      0.300  0.000e+00
      1.986    30.0959   0.088654     0.3927     1.8183     2.1441          0     56.500  34.414103   995.9234      1.975      0.290  0.000e+00
      2.008    30.0997   0.088639     0.3926     2.0829     2.1402          0     56.750  34.414106   995.9223      1.997      0.267  0.000e+00
      2.019    30.0962   0.088620     0.3926     2.3184     2.1380          0     57.000  34.414109   995.9233      2.007      0.229  0.000e+00
      2.029    30.0911   0.088602     0.3925     2.3705     2.1387          0     57.250  34.414112   995.9249      2.018      0.180  0.000e+00
      2.051    30.0889   0.088595     0.3925     2.2994     2.1242          0     57.500  34.414115   995.9256      2.040      0.148  0.000e+00
      2.062    30.0911   0.088589     0.3925     2.1616     2.1288          0     57.750  34.414117   995.9250      2.050      0.116  0.000e+00
      2.073    30.0950   0.088583     0.3924     2.0954     2.1326          0     58.000  34.414120   995.9238      2.061      0.088  0.000e+00
      2.094    30.0988   0.088571     0.3923     1.9311     2.1280          0     58.250  34.414123   995.9227      2.083      0.070  0.000e+00
      2.105    30.1021   0.088558     0.3922     1.9722     2.1547          0     58.500  34.414126   995.9217      2.093      0.058  0.000e+00
      2.116    30.1050   0.088552     0.3922     3.0447     2.1570          0     58.750  34.414129   995.9208      2.104      0.056  0.000e+00
      2.127    30.1075   0.088558     0.3922     3.2409     2.1540          0     59.000  34.414132   995.9201      2.115      0.055  0.000e+00
      2.137    30.1089   0.088571     0.3922     4.0811     2.1494          0     59.250  34.414135   995.9198      2.126      0.053  0.000e+00
      2.127    30.1092   0.088595     0.3923     5.6286     2.1296          0     59.500  34.414138   995.9197      2.115      0.044  0.000e+00
      2.148    30.1082   0.088633     0.3925     5.6169     2.1296          0     59.750  34.414141   995.9203      2.136      0.041  0.000e+00
      2.137    30.1071   0.088685     0.3928     2.1578     2.1311          0     60.000  34.414144   995.9207      2.126      0.032  0.000e+00
      2.148    30.1063   0.088710     0.3929     1.7680     2.1296          0     60.250  34.414146   995.9211      2.136      0.025  0.000e+00
      2.148    30.1057   0.088685     0.3928     1.2272     2.1135          0     60.500  34.414149   995.9212      2.136      0.020  0.000e+00
      2.148    30.1054   0.088660     0.3927     0.7232     2.1135          0     60.750  34.414152   995.9212      2.136      0.015  0.000e+00
      2.180    30.1067   0.088648     0.3926     0.5364     2.1181          0     61.000  34.414155   995.9209      2.168      0.019  0.000e+00
      2.180    30.1251   0.088697     0.3927     0.7695     2.1120          0     61.250  34.414158   995.9154      2.168      0.023  0.000e+00
      2.180    30.1651   0.089339     0.3953     0.6378     2.1166          0     61.500  34.414161   995.9052      2.168      0.027  0.000e+00
      2.170    30.2161   0.090799     0.4016     1.2723     2.1570          0     61.750  34.414164   995.8943      2.158      0.021  0.000e+00
      2.137    30.2705   0.092760     0.4101     2.0014     2.1570          0     62.000  34.414167   995.8840      2.125      0.011  0.000e+00
      2.159    30.3183   0.094225     0.4164     1.9342     2.1525          0     62.250  34.414170   995.8742      2.147      0.004  0.000e+00
      2.137    30.3539   0.095048     0.4198     1.9191     2.1517          0     62.500  34.414172   995.8659      2.126     -0.007  0.000e+00
      2.105    30.3792   0.096085     0.4244     1.9151     2.0884          0     62.750  34.414175   995.8614      2.093     -0.026  0.000e+00
      2.083    30.4014   0.097400     0.4302     1.9045     2.0968          0     63.000  34.414178   995.8589      2.072     -0.047  0.000e+00
      2.105    30.4194   0.097546     0.4307     1.9062     2.0899          0     63.250  34.414181   995.8538      2.093     -0.048  0.000e+00
      2.127    30.4313   0.097722     0.4314     2.0368     2.0922          0     63.500  34.414184   995.8508      2.115     -0.038  0.000e+00
      2.159    30.4404   0.097710     0.4313     2.0506     2.1181          0     63.750  34.414187   995.8480      2.147     -0.016  0.000e+00
      2.192    30.4477   0.098007     0.4326     2.0405     2.1196          0     64.000  34.414190   995.8469      2.180      0.013  0.000e+00
      2.202    30.4544   0.098943     0.4368     2.0282     2.1250          0     64.250  34.414193   995.8481      2.190      0.033  0.000e+00
      2.181    30.4616   0.099668     0.4400     2.0195     2.1212          0     64.500  34.414196   995.8482      2.169      0.049  0.000e+00
      2.181    30.4672   0.100124     0.4421     2.0077     2.1288          0     64.750  34.414198   995.8480      2.169      0.057  0.000e+00
      2.192    30.4711   0.100269     0.4427     1.9927     2.1326          0     65.000  34.414201   995.8473      2.180      0.054  0.000e+00
      2.202    30.4733   0.100428     0.4434     1.9780     2.1250          0     65.250  34.414204   995.8472      2.190      0.041  0.000e+00
      2.202    30.4750   0.100601     0.4442     1.9668     2.1280          0     65.500  34.414207   995.8473      2.190      0.027  0.000e+00
      2.192    30.4767   0.100710     0.4446     1.9716     2.1265          0     65.750  34.414210   995.8471      2.180      0.012  0.000e+00
      2.203    30.4789   0.100731     0.4447     1.9728     2.1456          0     66.000  34.414213   995.8465      2.191      0.005  0.000e+00
      2.224    30.4818   0.100874     0.4453     1.9757     2.1425          0     66.250  34.414216   995.8462      2.212      0.012  0.000e+00
      2.213    30.4835   0.100731     0.4447     1.9829     2.1326          0     66.500  34.414219   995.8451      2.201      0.018  0.000e+00
      2.181    30.4838   0.099405     0.4386     1.9987     2.1380          0     66.750  34.414222   995.8404      2.169      0.007  0.000e+00
      2.127    30.4814   0.098521     0.4346     2.0084     2.1082          0     67.000  34.414225   995.8378      2.115     -0.018  0.000e+00
      2.094    30.4819   0.098010     0.4323     1.9985     2.1052          0     67.250  34.414227   995.8358      2.083     -0.045  0.000e+00
      2.105    30.4801   0.097855     0.4316     1.9966     2.1013          0     67.500  34.414230   995.8359      2.093     -0.058  0.000e+00
      2.105    30.4713   0.098645     0.4353     2.0008     2.1036          0     67.750  34.414233   995.8413      2.094     -0.066  0.000e+00
      2.116    30.4645   0.098001     0.4324     2.0063     2.1204          0     68.000  34.414236   995.8413      2.104     -0.067  0.000e+00
      2.105    30.4585   0.097332     0.4294     2.0099     2.1181          0     68.250  34.414239   995.8408      2.093     -0.063  0.000e+00
      2.094    30.4512   0.097332     0.4295     2.0268     2.1082          0     68.500  34.414242   995.8431      2.083     -0.048  0.000e+00
      2.083    30.4313   0.097611     0.4309     2.0081     2.1181          0     68.750  34.414245   995.8502      2.072     -0.030  0.000e+00
      2.073    30.4024   0.097667     0.4314     2.0049     2.1357          0     69.000  34.414248   995.8594      2.061     -0.018  0.000e+00
      2.040    30.3735   0.097831     0.4324     2.0124     2.1425          0     69.250  34.414251   995.8688      2.029     -0.025  0.000e+00
      1.899    30.3576   0.097806     0.4324     1.9974     2.1402          0     69.500  34.414253   995.8731      1.889     -0.075  0.000e+00
      1.737    30.3490   0.097617     0.4316     1.9842     2.1433          0     69.750  34.414256   995.8744      1.728     -0.152  0.000e+00
      1.640    30.3464   0.097648     0.4318     1.9761     2.1464          0     70.000  34.414259   995.8749      1.631     -0.229  0.000e+00
      1.586    30.3441   0.097673     0.4319     1.9816     2.1097          0     70.250  34.414262   995.8754      1.577     -0.287  0.000e+00
      1.521    30.3414   0.097636     0.4318     1.9922     2.1143          0     70.500  34.414265   995.8758      1.512     -0.330  0.000e+00
      1.424    30.3394   0.097571     0.4315     1.9935     2.1181          0     70.750  34.414268   995.8758      1.416     -0.364  0.000e+00
      1.251    30.3370   0.097546     0.4314     1.9898     2.1181          0     71.000  34.414271   995.8757      1.244     -0.403  0.000e+00
      1.088    30.3349   0.097515     0.4313     2.0033     2.1242          0     71.250  34.414274   995.8755      1.082     -0.433  0.000e+00
      1.002    30.3332   0.097521     0.4313     1.9927     2.1311          0     71.500  34.414277   995.8757      0.996     -0.432  0.000e+00
      1.013    30.3319   0.096509     0.4267     1.9983     2.1250          0     71.750  34.414280   995.8727      1.007     -0.405  0.000e+00
      1.024    30.3253   0.094788     0.4189     2.0003     2.1273          0     72.000  34.414282   995.8689      1.018     -0.370  0.000e+00
      1.045    30.3080   0.094151     0.4161     1.9904     2.1143          0     72.250  34.414285   995.8723      1.039     -0.315  0.000e+00
      1.056    30.2914   0.093384     0.4128     1.9819     2.1196          0     72.500  34.414288   995.8748      1.050     -0.235  0.000e+00
      1.034    30.2769   0.093162     0.4119     1.9746     2.1204          0     72.750  34.414291   995.8785      1.029     -0.147  0.000e+00
      1.045    30.2578   0.092871     0.4107     1.9790     2.1174          0     73.000  34.414294   995.8835      1.040     -0.056  0.000e+00
      1.024    30.2379   0.092661     0.4099     1.9871     2.1166          0     73.250  34.414297   995.8889      1.018     -0.004  0.000e+00
      1.056    30.2190   0.092053     0.4073     2.0063     2.0945          0     73.500  34.414300   995.8928      1.050      0.019  0.000e+00
      1.045    30.2031   0.091395     0.4044     2.0140     2.1021          0     73.750  34.414303   995.8954      1.039      0.012  0.000e+00
      1.067    30.1897   0.091064     0.4030     2.0240     2.1006          0     74.000  34.414306   995.8985      1.061      0.011  0.000e+00
      1.024    30.1757   0.090956     0.4026     2.0461     2.1067          0     74.250  34.414308   995.9023      1.018     -0.001  0.000e+00
      0.970    30.1664   0.090956     0.4027     2.0536     2.1288          0     74.500  34.414311   995.9049      0.964     -0.021  0.000e+00
      0.872    30.1651   0.090842     0.4022     2.0687     2.1280          0     74.750  34.414314   995.9045      0.867     -0.058  0.000e+00
      0.721    30.1686   0.090796     0.4019     2.0893     2.1250          0     75.000  34.414317   995.9026      0.717     -0.130  0.000e+00
      0.559    30.1729   0.090144     0.3989     2.1017     2.1296          0     75.250  34.414320   995.8983      0.556     -0.221  0.000e+00
      0.396    30.1756   0.089978     0.3981     2.0951     0.8287          0     75.500  34.414323   995.8962      0.394     -0.329  0.000e+00
      0.267    30.1729   0.089765     0.3972     2.1212     0.8356          0     75.750  34.414326   995.8957      0.265     -0.420  0.000e+00
      0.202    30.1662   0.089598     0.3965     2.1663     0.8371          0     76.000  34.414329   995.8970      0.201     -0.479  0.000e+00
      0.202    30.1591   0.090018     0.3985     2.1887     0.8371          0     76.250  34.414332   995.9006      0.201     -0.475  0.000e+00
      0.202    30.1549   0.026446     0.1165     2.1758    -0.4278          0     76.500  34.414334   995.6905      0.201     -0.428  0.000e+00
      0.191    30.1461   0.016294     0.0740     2.1657    -0.4317          0     76.750  34.414337   995.6612      0.190     -0.346  0.000e+00
      0.213    30.1139   0.016359     0.0743     2.1595    -0.4317          0     77.000  34.414340   995.6713      0.211     -0.239  0.000e+00
      0.223    30.0645   0.012627     0.0591     2.1777    -0.4301          0     77.250  34.414343   995.6749      0.222     -0.136  0.000e+00
      0.213    30.0238   0.012827     0.0599     2.1984    -0.4248          0     77.500  34.414346   995.6877      0.212     -0.057  0.000e+00
      0.213    30.0033   0.010062     0.0488     2.2155    -0.0281          0     77.750  34.414349   995.6856      0.212     -0.009  0.000e+00
      0.224    29.9885   0.008870     0.0441     2.2498    -0.0319          0     78.000  34.414352   995.6865      0.222      0.012  0.000e+00
