content/post/ctd_rufiji/SBE19plus_01906740_2018_02_13_0887.cnv
* Sea-Bird SBE19plus  Data File:
* FileName = C:\Users\all user\Desktop\CTD tafiri 2018\SBE19plus_01906740_2018_02_13_0887.hex
* Software version 2.6.3.104
* Temperature SN = 6740
* Conductivity SN = 6740
* System UpLoad Time = Feb 13 2018 13:58:10
* <ApplicationData>
* <Seaterm232>
# nquan = 13
# nvalues = 426                                   
# units = specified
# name 0 = prdM: Pressure, Strain Gauge [db]
# name 1 = tv290C: Temperature [ITS-90, deg C]
# name 2 = c0S/m: Conductivity [S/m]
# name 3 = sal00: Salinity, Practical [PSU]
# name 4 = sbeox0ML/L: Oxygen, SBE 43 [ml/l]
# name 5 = flECO-AFL: Fluorescence, WET Labs ECO-AFL/FL [mg/m^3]
# name 6 = nbf: Bottles Fired
# name 7 = timeS: Time, Elapsed [seconds]
# name 8 = timeJ: Julian Days
# name 9 = density00: Density [density, kg/m^3]
# name 10 = depSM: Depth [salt water, m], lat = 0.00
# name 11 = dz/dtM: Descent Rate [m/s]
# name 12 = flag:  0.000e+00
# span 0 =      0.092,      5.001                 
# span 1 =    30.1689,    30.5761                 
# span 2 =   0.537693,   3.426191                 
# span 3 =     2.5859,    19.1165                 
# span 4 =     1.0768,     5.3434                 
# span 5 =     0.8074,     2.3905                 
# span 6 =          0,          0                 
# span 7 =      0.000,    106.250                 
# span 8 =  33.729190,  33.730420                 
# span 9 =   997.4472,  1009.6988                 
# span 10 =      0.092,      4.973                
# span 11 =     -0.527,      0.500                
# span 12 = 0.0000e+00, 0.0000e+00                
# interval = seconds: 0.25
# start_time = Feb 02 2018 17:30:02 [Instrument's time stamp, header]
# bad_flag = -9.990e-29
*END*
[from data line 112]
      1.468    30.3685   2.982827    16.4783     2.0529     1.5383          0     28.000  33.729514  1007.7934      1.459     -0.066  0.000e+00
      1.489    30.3380   2.981960    16.4833     2.0503     1.5329          0     28.250  33.729517  1007.8071      1.481     -0.042  0.000e+00
      1.532    30.3047   2.981802    16.4935     2.0586     1.5345          0     28.500  33.729520  1007.8256      1.524      0.002  0.000e+00
      1.554    30.2779   2.982769    16.5083     2.1025     1.5673          0     28.750  33.729523  1007.8454      1.545      0.037  0.000e+00
      1.554    30.2581   2.984586    16.5260     2.1502     1.5696          0     29.000  33.729525  1007.8649      1.545      0.058  0.000e+00
      1.554    30.2492   2.986186    16.5387     2.1963     1.5787          0     29.250  33.729528  1007.8773      1.545      0.068  0.000e+00
      1.565    30.2553   2.986848    16.5407     2.2280     1.5780          0     29.500  33.729531  1007.8768      1.556      0.072  0.000e+00
      1.554    30.2690   2.986824    16.5360     2.2714     1.5627          0     29.750  33.729534  1007.8688      1.545      0.058  0.000e+00
      1.554    30.2822   2.986150    16.5274     2.2840     1.5673          0     30.000  33.729537  1007.8582      1.545      0.040  0.000e+00
      1.532    30.2905   2.985376    16.5199     2.2506     1.5612          0     30.250  33.729540  1007.8498      1.524      0.016  0.000e+00
      1.521    30.2964   2.984333    16.5116     2.2291     1.5566          0     30.500  33.729543  1007.8417      1.513     -0.007  0.000e+00
      1.510    30.3017   2.983349    16.5039     2.2240     1.5558          0     30.750  33.729546  1007.8342      1.502     -0.022  0.000e+00
      1.521    30.3071   2.982786    16.4986     2.2153     1.5535          0     31.000  33.729549  1007.8286      1.513     -0.025  0.000e+00
      1.511    30.3088   2.983173    16.5004     2.2096     1.5512          0     31.250  33.729552  1007.8293      1.502     -0.028  0.000e+00
      1.532    30.3071   2.984544    16.5093     2.1916     1.5444          0     31.500  33.729554  1007.8366      1.524     -0.023  0.000e+00
      1.521    30.3046   2.985664    16.5170     2.1927     1.5612          0     31.750  33.729557  1007.8430      1.513     -0.016  0.000e+00
      1.543    30.3037   2.986015    16.5194     2.1931     1.5589          0     32.000  33.729560  1007.8453      1.534     -0.004  0.000e+00
      1.543    30.3065   2.985470    16.5151     2.1965     1.5627          0     32.250  33.729563  1007.8412      1.534      0.009  0.000e+00
      1.575    30.3104   2.984064    16.5053     2.2045     1.5665          0     32.500  33.729566  1007.8327      1.567      0.025  0.000e+00
      1.586    30.3121   2.982482    16.4951     2.1914     1.5657          0     32.750  33.729569  1007.8246      1.578      0.036  0.000e+00
      1.586    30.3116   2.982810    16.4972     2.2042     1.5467          0     33.000  33.729572  1007.8264      1.578      0.040  0.000e+00
      1.586    30.3097   2.986150    16.5182     2.1820     1.5528          0     33.250  33.729575  1007.8426      1.577      0.042  0.000e+00
      1.532    30.3086   2.989245    16.5374     2.1787     1.5528          0     33.500  33.729578  1007.8570      1.524      0.022  0.000e+00
      1.500    30.3146   2.988876    16.5331     2.1712     1.5444          0     33.750  33.729580  1007.8517      1.491     -0.001  0.000e+00
      1.456    30.3225   2.984896    16.5063     2.1788     1.5192          0     34.000  33.729583  1007.8290      1.448     -0.038  0.000e+00
      1.456    30.3318   2.982112    16.4863     2.1778     1.5131          0     34.250  33.729586  1007.8112      1.448     -0.062  0.000e+00
      1.532    30.3375   2.981532    16.4808     2.1824     1.5215          0     34.500  33.729589  1007.8056      1.524     -0.061  0.000e+00
      1.565    30.3152   2.985452    16.5121     2.2013     1.5154          0     34.750  33.729592  1007.8362      1.556     -0.039  0.000e+00
      1.597    30.3020   2.989322    16.5401     2.1904     1.5154          0     35.000  33.729595  1007.8614      1.588     -0.004  0.000e+00
      1.575    30.3087   2.990500    16.5450     2.1884     1.5108          0     35.250  33.729598  1007.8628      1.567      0.024  0.000e+00
      1.543    30.3243   2.988008    16.5246     2.1752     1.5200          0     35.500  33.729601  1007.8424      1.534      0.044  0.000e+00
      1.489    30.3390   2.982809    16.4881     2.1663     1.5100          0     35.750  33.729604  1007.8103      1.481      0.035  0.000e+00
      1.467    30.3507   2.979511    16.4642     2.1702     1.5223          0     36.000  33.729606  1007.7887      1.459      0.011  0.000e+00
      1.456    30.3301   2.978797    16.4667     2.1753     1.5200          0     36.250  33.729609  1007.7972      1.448     -0.027  0.000e+00
      1.521    30.2798   2.979834    16.4898     2.1709     1.5268          0     36.500  33.729612  1007.8309      1.513     -0.048  0.000e+00
      1.607    30.2450   2.983965    16.5266     2.1787     1.5215          0     36.750  33.729615  1007.8698      1.599     -0.025  0.000e+00
      1.640    30.2312   2.987540    16.5530     2.1897     1.5329          0     37.000  33.729618  1007.8941      1.631      0.013  0.000e+00
      1.640    30.2340   2.988859    16.5601     2.1893     1.5085          0     37.250  33.729621  1007.8984      1.631      0.056  0.000e+00
      1.608    30.2551   2.986848    16.5407     2.1960     1.5131          0     37.500  33.729624  1007.8771      1.599      0.081  0.000e+00
      1.575    30.2771   2.983080    16.5104     2.1887     1.5070          0     37.750  33.729627  1007.8473      1.566      0.084  0.000e+00
      1.553    30.2938   2.980221    16.4875     2.1816     1.5108          0     38.000  33.729630  1007.8248      1.545      0.060  0.000e+00
      1.575    30.2888   2.979202    16.4830     2.1938     1.5085          0     38.250  33.729633  1007.8231      1.566      0.032  0.000e+00
      1.586    30.2578   2.980051    16.4985     2.2195     1.5078          0     38.500  33.729635  1007.8448      1.577     -0.005  0.000e+00
      1.597    30.2249   2.983115    16.5282     2.2109     1.5146          0     38.750  33.729638  1007.8774      1.588     -0.026  0.000e+00
      1.564    30.2121   2.984469    16.5407     2.2122     1.5162          0     39.000  33.729641  1007.8907      1.556     -0.032  0.000e+00
      1.564    30.2148   2.984949    16.5428     2.2064     1.4841          0     39.250  33.729644  1007.8914      1.556     -0.024  0.000e+00
      1.521    30.2236   2.984586    16.5376     2.2183     1.4887          0     39.500  33.729647  1007.8845      1.512     -0.022  0.000e+00
      1.510    30.2299   2.984838    16.5370     2.2189     1.4940          0     39.750  33.729650  1007.8820      1.502     -0.027  0.000e+00
      1.531    30.2364   2.984949    16.5355     2.2053     1.4856          0     40.000  33.729653  1007.8789      1.523     -0.030  0.000e+00
      1.553    30.2452   2.985090    16.5334     2.1778     1.5238          0     40.250  33.729656  1007.8746      1.545     -0.031  0.000e+00
      1.564    30.2574   2.985090    16.5293     2.1640     1.5200          0     40.500  33.729659  1007.8676      1.555     -0.023  0.000e+00
      1.575    30.2704   2.984990    16.5243     2.1386     1.5253          0     40.750  33.729661  1007.8598      1.566     -0.007  0.000e+00
      1.596    30.2798   2.984292    16.5169     2.1307     1.5215          0     41.000  33.729664  1007.8514      1.588      0.019  0.000e+00
      1.618    30.2837   2.983888    16.5131     2.1376     1.5245          0     41.250  33.729667  1007.8474      1.609      0.040  0.000e+00
      1.629    30.2844   2.983425    16.5101     2.1114     1.5368          0     41.500  33.729670  1007.8450      1.620      0.060  0.000e+00
      1.618    30.2834   2.982540    16.5051     2.1102     1.5398          0     41.750  33.729673  1007.8415      1.609      0.059  0.000e+00
      1.596    30.2811   2.981591    16.5001     2.1121     1.5345          0     42.000  33.729676  1007.8384      1.588      0.042  0.000e+00
      1.542    30.2779   2.980976    16.4974     2.0911     1.5299          0     42.250  33.729679  1007.8372      1.534      0.012  0.000e+00
      1.499    30.2740   2.980338    16.4948     2.0812     1.4887          0     42.500  33.729682  1007.8364      1.491     -0.024  0.000e+00
      1.488    30.2638   2.980666    16.5002     2.0820     1.4841          0     42.750  33.729685  1007.8436      1.480     -0.055  0.000e+00
      1.488    30.2493   2.982787    16.5180     2.0860     1.4933          0     43.000  33.729687  1007.8616      1.480     -0.077  0.000e+00
      1.521    30.2425   2.984293    16.5295     2.0764     1.4841          0     43.250  33.729690  1007.8724      1.512     -0.078  0.000e+00
      1.553    30.2410   2.984621    16.5320     2.0960     1.5291          0     43.500  33.729693  1007.8749      1.545     -0.058  0.000e+00
      1.607    30.2443   2.984621    16.5309     2.1006     1.5200          0     43.750  33.729696  1007.8732      1.598     -0.015  0.000e+00
      1.586    30.2551   2.984510    16.5265     2.0846     1.5215          0     44.000  33.729699  1007.8664      1.577      0.020  0.000e+00
      1.618    30.2667   2.983947    16.5192     2.0666     1.5245          0     44.250  33.729702  1007.8574      1.609      0.058  0.000e+00
      1.640    30.2738   2.983390    16.5135     2.0647     1.5200          0     44.500  33.729705  1007.8509      1.631      0.082  0.000e+00
      1.651    30.2772   2.982248    16.5053     2.0514     1.5139          0     44.750  33.729708  1007.8438      1.641      0.089  0.000e+00
      1.651    30.2785   2.980707    16.4956     2.0287     1.5192          0     45.000  33.729711  1007.8361      1.641      0.081  0.000e+00
      1.629    30.2779   2.979049    16.4857     2.0154     1.5177          0     45.250  33.729714  1007.8289      1.620      0.058  0.000e+00
      1.596    30.2606   2.978177    16.4862     2.0003     1.5169          0     45.500  33.729716  1007.8347      1.588      0.027  0.000e+00
      1.521    30.2289   2.977931    16.4953     1.9824     1.5169          0     45.750  33.729719  1007.8514      1.512     -0.019  0.000e+00
      1.467    30.1979   2.978722    16.5105     1.9816     1.5169          0     46.000  33.729722  1007.8724      1.459     -0.058  0.000e+00
      1.456    30.1771   2.980843    16.5304     1.9996     1.5169          0     46.250  33.729725  1007.8939      1.448     -0.099  0.000e+00
      1.499    30.1694   2.981997    16.5400     2.0262     1.5184          0     46.500  33.729728  1007.9037      1.491     -0.108  0.000e+00
      1.585    30.1689   2.982946    16.5460     2.0378     1.5215          0     46.750  33.729731  1007.9087      1.577     -0.079  0.000e+00
      1.661    30.1745   2.984897    16.5560     2.0565     1.5253          0     47.000  33.729734  1007.9146      1.652     -0.023  0.000e+00
      1.629    30.1989   2.985764    16.5531     2.0662     1.5230          0     47.250  33.729737  1007.9045      1.620      0.024  0.000e+00
      1.596    30.2331   2.984545    16.5342     2.0787     1.5268          0     47.500  33.729740  1007.8792      1.587      0.056  0.000e+00
      1.531    30.2626   2.981902    16.5082     2.0600     1.5329          0     47.750  33.729742  1007.8501      1.523      0.063  0.000e+00
      1.521    30.2842   2.979623    16.4871     2.0530     1.5245          0     48.000  33.729745  1007.8274      1.512      0.045  0.000e+00
      1.521    30.2734   2.978932    16.4865     2.0590     1.5223          0     48.250  33.729748  1007.8305      1.512      0.010  0.000e+00
      1.542    30.2431   2.979548    16.5004     2.0755     1.5261          0     48.500  33.729751  1007.8507      1.534     -0.027  0.000e+00
      1.596    30.2183   2.981651    16.5215     2.1020     1.5238          0     48.750  33.729754  1007.8746      1.587     -0.040  0.000e+00
      1.629    30.2061   2.984158    16.5409     2.1163     1.4841          0     49.000  33.729757  1007.8931      1.620     -0.023  0.000e+00
      1.661    30.2057   2.986110    16.5529     2.1160     1.4872          0     49.250  33.729760  1007.9023      1.652      0.025  0.000e+00
      1.607    30.2138   2.985629    16.5472     2.1463     1.4856          0     49.500  33.729763  1007.8952      1.598      0.048  0.000e+00
      1.575    30.2264   2.983695    16.5312     2.1700     1.4872          0     49.750  33.729766  1007.8791      1.566      0.053  0.000e+00
      1.542    30.2394   2.981768    16.5151     2.1638     1.4971          0     50.000  33.729769  1007.8628      1.534      0.030  0.000e+00
      1.521    30.2502   2.981340    16.5089     2.1677     1.5001          0     50.250  33.729771  1007.8546      1.512     -0.004  0.000e+00
      1.532    30.2597   2.982324    16.5117     2.1754     1.5070          0     50.500  33.729774  1007.8537      1.523     -0.035  0.000e+00
      1.542    30.2694   2.984123    16.5194     2.1604     1.4994          0     50.750  33.729777  1007.8563      1.534     -0.057  0.000e+00
      1.521    30.2777   2.985242    16.5234     2.1521     1.5032          0     51.000  33.729780  1007.8565      1.512     -0.066  0.000e+00
      1.542    30.2880   2.984316    16.5143     2.1477     1.4994          0     51.250  33.729783  1007.8465      1.534     -0.054  0.000e+00
      1.575    30.2918   2.981861    16.4981     2.1313     1.4971          0     51.500  33.729786  1007.8334      1.566     -0.016  0.000e+00
      1.618    30.2848   2.980765    16.4938     2.1472     1.5055          0     51.750  33.729789  1007.8327      1.609      0.020  0.000e+00
      1.596    30.2728   2.980801    16.4980     2.1375     1.5177          0     52.000  33.729792  1007.8396      1.587      0.040  0.000e+00
      1.585    30.2545   2.982230    16.5129     2.1100     1.5184          0     52.250  33.729795  1007.8565      1.577      0.044  0.000e+00
      1.564    30.2432   2.982945    16.5210     2.0935     1.5146          0     52.500  33.729797  1007.8661      1.555      0.032  0.000e+00
      1.542    30.2382   2.983291    16.5248     2.0708     1.5108          0     52.750  33.729800  1007.8704      1.534      0.016  0.000e+00
      1.553    30.2349   2.983988    16.5301     2.0538     1.5062          0     53.000  33.729803  1007.8755      1.544      0.005  0.000e+00
      1.564    30.2349   2.984779    16.5350     2.0550     1.4978          0     53.250  33.729806  1007.8791      1.555     -0.011  0.000e+00
      1.596    30.2361   2.985858    16.5411     2.0441     1.5047          0     53.500  33.729809  1007.8834      1.587     -0.014  0.000e+00
      1.585    30.2410   2.986983    16.5463     2.0287     1.5108          0     53.750  33.729812  1007.8857      1.577     -0.012  0.000e+00
      1.553    30.2571   2.987833    16.5461     2.0330     1.5017          0     54.000  33.729815  1007.8801      1.544     -0.006  0.000e+00
      1.520    30.2785   2.989844    16.5511     2.0445     1.5276          0     54.250  33.729818  1007.8769      1.512     -0.011  0.000e+00
      1.520    30.3048   2.996666    16.5838     2.0471     1.5345          0     54.500  33.729821  1007.8926      1.512     -0.014  0.000e+00
      1.564    30.3286   3.004535    16.6236     2.0489     1.5200          0     54.750  33.729823  1007.9147      1.555     -0.009  0.000e+00
      1.585    30.3467   3.006256    16.6279     2.0797     1.5215          0     55.000  33.729826  1007.9122      1.576     -0.006  0.000e+00
      1.639    30.3587   3.004828    16.6152     2.0682     1.4818          0     55.250  33.729829  1007.8991      1.630      0.013  0.000e+00
