content/post/ctd_rufiji/SBE19plus_01906740_2018_02_13_0933.cnv
* Sea-Bird SBE19plus  Data File:
* FileName = C:\Users\all user\Desktop\CTD tafiri 2018\SBE19plus_01906740_2018_02_13_0933.hex
* Software version 2.6.3.104
* Temperature SN = 6740
* Conductivity SN = 6740
* System UpLoad Time = Feb 13 2018 14:05:50
* <ApplicationData>
* <Seaterm232>
# nquan = 13
# nvalues = 377                                   
# units = specified
# name 0 = prdM: Pressure, Strain Gauge [db]
# name 1 = tv290C: Temperature [ITS-90, deg C]
# name 2 = c0S/m: Conductivity [S/m]
# name 3 = sal00: Salinity, Practical [PSU]
# name 4 = sbeox0ML/L: Oxygen, SBE 43 [ml/l]
# name 5 = flECO-AFL: Fluorescence, WET Labs ECO-AFL/FL [mg/m^3]
# name 6 = nbf: Bottles Fired
# name 7 = timeS: Time, Elapsed [seconds]
# name 8 = timeJ: Julian Days
# name 9 = density00: Density [density, kg/m^3]
# name 10 = depSM: Depth [salt water, m], lat = 0.00
# name 11 = dz/dtM: Descent Rate [m/s]
# name 12 = flag:  0.000e+00
# span 0 =      0.176,      7.096                 
# span 1 =    27.8629,    30.2040                 
# span 2 =   0.000664,   0.304017                 
# span 3 =     0.0139,     1.4253                 
# span 4 =     1.3173,     5.4006                 
# span 5 =    -0.3744,    48.6780                 
# span 6 =          0,          0                 
# span 7 =      0.000,     94.000                 
# span 8 =  34.436100,  34.437188                 
# span 9 =   996.1736,   996.7431                 
# span 10 =      0.175,      7.057                
# span 11 =     -0.721,      0.495                
# span 12 = 0.0000e+00, 0.0000e+00                
# interval = seconds: 0.25
# start_time = Feb 03 2018 10:27:59 [Instrument's time stamp, header]
# bad_flag = -9.990e-29
*END*
[from data line 223]
      6.490    29.9610   0.291795     1.3657     2.2301     2.1822          0     55.750  34.436745   996.7119      6.455      0.377  0.000e+00
      6.609    29.9713   0.293592     1.3743     2.2269     2.1876          0     56.000  34.436748   996.7157      6.573      0.421  0.000e+00
      6.663    29.9837   0.287958     1.3461     2.2367     2.1929          0     56.250  34.436751   996.6912      6.627      0.428  0.000e+00
      6.663    29.9913   0.286576     1.3391     2.2376     2.1868          0     56.500  34.436753   996.6836      6.627      0.404  0.000e+00
      6.631    29.9782   0.286743     1.3403     2.2444     2.1898          0     56.750  34.436756   996.6883      6.594      0.348  0.000e+00
      6.631    29.9519   0.287627     1.3453     2.2501     2.1898          0     57.000  34.436759   996.7001      6.595      0.279  0.000e+00
      6.674    29.9349   0.289539     1.3552     2.2520     2.1845          0     57.250  34.436762   996.7128      6.638      0.207  0.000e+00
      6.772    29.9291   0.290806     1.3617     2.2637     2.1906          0     57.500  34.436765   996.7198      6.734      0.156  0.000e+00
      6.837    29.9369   0.293612     1.3753     2.2773     2.1937          0     57.750  34.436768   996.7279      6.799      0.124  0.000e+00
      6.858    29.9541   0.296043     1.3868     2.2800     2.1975          0     58.000  34.436771   996.7314      6.820      0.118  0.000e+00
      6.804    29.9705   0.296872     1.3905     2.2743     2.2028          0     58.250  34.436774   996.7289      6.767      0.113  0.000e+00
      6.761    29.9812   0.297128     1.3915     2.2683     2.1509          0     58.500  34.436777   996.7262      6.724      0.102  0.000e+00
      6.761    29.9878   0.297262     1.3919     2.2630     2.1547          0     58.750  34.436780   996.7246      6.724      0.084  0.000e+00
      6.826    29.9931   0.298233     1.3966     2.2751     2.1624          0     59.000  34.436782   996.7267      6.788      0.066  0.000e+00
      6.901    29.9981   0.299712     1.4038     2.2753     2.1570          0     59.250  34.436785   996.7309      6.863      0.055  0.000e+00
      6.956    30.0029   0.300876     1.4094     2.2622     2.1914          0     59.500  34.436788   996.7339      6.917      0.055  0.000e+00
      7.053    30.0059   0.298505     1.3976     2.2247     2.1860          0     59.750  34.436791   996.7246      7.014      0.094  0.000e+00
      7.053    30.0062   0.293079     1.3708     2.2171     2.1883          0     60.000  34.436794   996.7045      7.014      0.137  0.000e+00
      7.031    30.0024   0.292794     1.3695     2.2130     2.1868          0     60.250  34.436797   996.7045      6.992      0.167  0.000e+00
      6.966    29.9767   0.293502     1.3737     2.1995     2.1929          0     60.500  34.436800   996.7152      6.928      0.149  0.000e+00
      6.977    29.9508   0.294455     1.3791     2.1911     2.1914          0     60.750  34.436803   996.7271      6.939      0.110  0.000e+00
      7.010    29.9368   0.295556     1.3849     2.1870     2.1921          0     61.000  34.436806   996.7359      6.971      0.064  0.000e+00
      7.074    29.9313   0.295922     1.3869     2.2011     2.1837          0     61.250  34.436808   996.7393      7.036      0.041  0.000e+00
      7.096    29.9349   0.294921     1.3818     2.1855     2.1891          0     61.500  34.436811   996.7346      7.057      0.032  0.000e+00
      7.096    29.9415   0.294220     1.3782     2.2570     2.1982          0     61.750  34.436814   996.7298      7.057      0.029  0.000e+00
      7.053    29.9384   0.294092     1.3776     2.9785     2.2089          0     62.000  34.436817   996.7302      7.014      0.037  0.000e+00
      7.020    29.9276   0.294233     1.3786     2.3082     2.2020          0     62.250  34.436820   996.7340      6.982      0.036  0.000e+00
      6.988    29.9187   0.294602     1.3807     2.3802     2.2028          0     62.500  34.436823   996.7381      6.949      0.022  0.000e+00
      6.891    29.9137   0.294240     1.3791     2.1695     2.1769          0     62.750  34.436826   996.7380      6.853     -0.038  0.000e+00
      6.858    29.9119   0.294025     1.3780     5.4006     2.1753          0     63.000  34.436829   996.7376      6.820     -0.097  0.000e+00
      6.847    29.9121   0.294693     1.3813     2.4213     2.1792          0     63.250  34.436832   996.7400      6.810     -0.140  0.000e+00
      6.847    29.9135   0.295291     1.3843     2.2332     2.1814          0     63.500  34.436834   996.7417      6.810     -0.151  0.000e+00
      6.869    29.9183   0.296043     1.3878     1.8699     2.1822          0     63.750  34.436837   996.7431      6.831     -0.133  0.000e+00
      6.826    29.9295   0.296473     1.3897     1.7877     2.1700          0     64.000  34.436840   996.7408      6.788     -0.112  0.000e+00
      6.836    29.9440   0.296724     1.3905     1.6794     2.1753          0     64.250  34.436843   996.7371      6.799     -0.085  0.000e+00
      6.836    29.9574   0.296788     1.3904     1.5758     2.1769          0     64.500  34.436846   996.7330      6.799     -0.054  0.000e+00
      6.804    29.9668   0.296224     1.3874     1.4485     2.1876          0     64.750  34.436849   996.7277      6.767     -0.030  0.000e+00
      6.772    29.9715   0.295505     1.3837     1.3173     2.1944          0     65.000  34.436852   996.7234      6.734     -0.035  0.000e+00
      6.717    29.9739   0.294532     1.3788     2.0515     2.1853          0     65.250  34.436855   996.7188      6.680     -0.058  0.000e+00
      6.685    29.9665   0.294190     1.3774     2.0608     2.1898          0     65.500  34.436858   996.7198      6.648     -0.083  0.000e+00
      6.664    29.9468   0.294193     1.3779     2.0179     2.1876          0     65.750  34.436861   996.7261      6.627     -0.103  0.000e+00
      6.588    29.9300   0.293800     1.3764     2.0287     2.1792          0     66.000  34.436863   996.7297      6.552     -0.124  0.000e+00
      6.436    29.9182   0.293287     1.3742     2.0527     2.1799          0     66.250  34.436866   996.7310      6.401     -0.181  0.000e+00
      6.253    29.9064   0.292670     1.3715     2.0495     2.1807          0     66.500  34.436869   996.7317      6.218     -0.257  0.000e+00
      6.047    29.8933   0.292740     1.3722     2.0377     2.1761          0     66.750  34.436872   996.7353      6.014     -0.350  0.000e+00
      5.896    29.8832   0.292677     1.3722     2.0297     2.2112          0     67.000  34.436875   996.7376      5.863     -0.440  0.000e+00
      5.809    29.8778   0.293079     1.3743     2.0241     2.2081          0     67.250  34.436878   996.7405      5.777     -0.505  0.000e+00
      5.777    29.8750   0.293559     1.3768     2.0023     2.2081          0     67.500  34.436881   996.7430      5.745     -0.531  0.000e+00
      5.788    29.8745   0.293411     1.3760     2.0028     2.2165          0     67.750  34.436884   996.7427      5.756     -0.503  0.000e+00
      5.799    29.8754   0.291429     1.3662     1.9947     2.1799          0     68.000  34.436887   996.7351      5.767     -0.420  0.000e+00
      5.799    29.8723   0.289462     1.3566     2.0210     2.1837          0     68.250  34.436889   996.7289      5.767     -0.303  0.000e+00
      5.777    29.8585   0.288591     1.3526     2.0288     2.1998          0     68.500  34.436892   996.7300      5.745     -0.191  0.000e+00
      5.777    29.8426   0.287433     1.3473     2.0516     2.1868          0     68.750  34.436895   996.7308      5.745     -0.096  0.000e+00
      5.766    29.8306   0.284212     1.3317     2.0406     2.1876          0     69.000  34.436898   996.7228      5.734     -0.040  0.000e+00
      5.712    29.8224   0.276697     1.2949     2.1253     2.1792          0     69.250  34.436901   996.6975      5.681     -0.031  0.000e+00
      5.734    29.8189   0.285670     1.3393     2.2299     2.1753          0     69.500  34.436904   996.7318      5.702     -0.032  0.000e+00
      5.777    29.8182   0.287888     1.3503     2.1937     2.1753          0     69.750  34.436907   996.7404      5.745     -0.028  0.000e+00
      5.766    29.8210   0.288401     1.3527     2.1927     2.1799          0     70.000  34.436910   996.7414      5.734     -0.023  0.000e+00
      5.734    29.8338   0.288876     1.3547     2.1908     2.2120          0     70.250  34.436913   996.7388      5.702     -0.022  0.000e+00
      5.712    29.8596   0.290749     1.3633     2.1824     2.2127          0     70.500  34.436916   996.7373      5.681     -0.022  0.000e+00
      5.669    29.8913   0.293800     1.3775     2.1610     2.2196          0     70.750  34.436918   996.7382      5.638     -0.035  0.000e+00
      5.626    29.9225   0.295905     1.3871     2.1376     2.2097          0     71.000  34.436921   996.7357      5.595     -0.052  0.000e+00
      5.582    29.9488   0.296775     1.3906     2.1677     2.1982          0     71.250  34.436924   996.7302      5.552     -0.074  0.000e+00
      5.334    29.9684   0.298888     1.4005     2.1635     2.1914          0     71.500  34.436927   996.7305      5.304     -0.169  0.000e+00
      5.128    29.9829   0.300526     1.4082     2.1891     2.2020          0     71.750  34.436930   996.7309      5.100     -0.285  0.000e+00
      4.977    29.9928   0.301037     1.4105     2.1881     2.2005          0     72.000  34.436933   996.7290      4.950     -0.388  0.000e+00
      4.923    30.0008   0.300967     1.4099     2.2041     2.2539          0     72.250  34.436936   996.7259      4.896     -0.455  0.000e+00
      4.934    30.0057   0.301000     1.4099     2.2158     2.2486          0     72.500  34.436939   996.7245      4.907     -0.473  0.000e+00
      4.956    30.0089   0.301155     1.4106     2.2407     2.2486          0     72.750  34.436942   996.7241      4.928     -0.440  0.000e+00
      4.934    30.0121   0.299699     1.4033     2.2594     2.2463          0     73.000  34.436944   996.7176      4.907     -0.377  0.000e+00
      5.096    30.0154   0.299672     1.4031     2.2413     2.2432          0     73.250  34.436947   996.7171      5.068     -0.236  0.000e+00
      5.237    30.0183   0.299665     1.4030     2.2319     2.2020          0     73.500  34.436950   996.7168      5.208     -0.036  0.000e+00
      5.269    30.0202   0.299705     1.4031     2.2409     2.2013          0     73.750  34.436953   996.7164      5.240      0.112  0.000e+00
      5.280    30.0212   0.299742     1.4033     2.2489     2.2043          0     74.000  34.436956   996.7163      5.251      0.200  0.000e+00
      5.107    30.0217   0.299742     1.4033     2.2518     2.2051          0     74.250  34.436959   996.7154      5.079      0.180  0.000e+00
      4.826    30.0221   0.299705     1.4031     2.2281     2.2165          0     74.500  34.436962   996.7139      4.799      0.059  0.000e+00
      4.512    30.0224   0.299568     1.4024     2.1944     2.2081          0     74.750  34.436965   996.7119      4.487     -0.136  0.000e+00
      4.328    30.0225   0.299369     1.4014     2.1751     2.2143          0     75.000  34.436968   996.7103      4.304     -0.344  0.000e+00
      4.274    30.0216   0.299245     1.4008     2.1792     2.2165          0     75.250  34.436970   996.7099      4.251     -0.532  0.000e+00
      4.361    30.0205   0.299127     1.4003     2.1744     2.2036          0     75.500  34.436973   996.7102      4.337     -0.599  0.000e+00
      4.404    30.0202   0.299043     1.3999     2.1576     2.1944          0     75.750  34.436976   996.7102      4.380     -0.559  0.000e+00
      4.447    30.0202   0.299036     1.3998     2.1452     2.2013          0     76.000  34.436979   996.7103      4.423     -0.441  0.000e+00
      4.479    30.0201   0.299013     1.3997     2.1354     2.2028          0     76.250  34.436982   996.7104      4.455     -0.255  0.000e+00
      4.490    30.0203   0.298999     1.3996     2.1292     2.1753          0     76.500  34.436985   996.7103      4.466     -0.071  0.000e+00
      4.447    30.0197   0.299043     1.3999     2.2376     2.1814          0     76.750  34.436988   996.7105      4.423      0.048  0.000e+00
      4.242    30.0190   0.299013     1.3998     2.2028     2.1784          0     77.000  34.436991   996.7097      4.218      0.034  0.000e+00
      3.950    30.0171   0.298972     1.3996     2.1491     2.1708          0     77.250  34.436994   996.7089      3.928     -0.102  0.000e+00
      3.625    30.0156   0.298946     1.3995     2.0948     2.1685          0     77.500  34.436997   996.7078      3.605     -0.316  0.000e+00
      3.420    30.0147   0.298922     1.3994     2.0599     2.2211          0     77.750  34.436999   996.7071      3.401     -0.514  0.000e+00
      3.344    30.0140   0.298946     1.3996     2.0364     2.2242          0     78.000  34.437002   996.7071      3.326     -0.654  0.000e+00
      3.355    30.0139   0.299110     1.4004     1.9930     2.2226          0     78.250  34.437005   996.7078      3.337     -0.707  0.000e+00
      3.409    30.0069   0.299201     1.4010     1.9894     2.2219          0     78.500  34.437008   996.7106      3.390     -0.662  0.000e+00
      3.463    29.9936   0.299077     1.4008     1.9716     2.1776          0     78.750  34.437011   996.7147      3.444     -0.527  0.000e+00
      3.506    29.9845   0.298784     1.3996     1.9931     2.1784          0     79.000  34.437014   996.7168      3.487     -0.327  0.000e+00
      3.528    29.9787   0.298747     1.3996     2.0181     2.1723          0     79.250  34.437017   996.7186      3.509     -0.126  0.000e+00
      3.474    29.9746   0.298734     1.3996     2.0582     2.1700          0     79.500  34.437020   996.7197      3.455      0.010  0.000e+00
      3.258    29.9724   0.298845     1.4002     2.0491     2.1883          0     79.750  34.437023   996.7199      3.240      0.012  0.000e+00
      2.922    29.9716   0.298929     1.4007     2.0397     2.1898          0     80.000  34.437025   996.7189      2.906     -0.119  0.000e+00
      2.620    29.9712   0.298935     1.4007     2.0074     2.1868          0     80.250  34.437028   996.7177      2.605     -0.323  0.000e+00
      2.403    29.9724   0.298895     1.4005     1.9902     2.1891          0     80.500  34.437031   996.7162      2.390     -0.533  0.000e+00
      2.349    29.9726   0.298868     1.4004     1.9888     2.2272          0     80.750  34.437034   996.7158      2.336     -0.675  0.000e+00
      2.382    29.9730   0.298888     1.4005     1.9974     2.2211          0     81.000  34.437037   996.7159      2.369     -0.721  0.000e+00
      2.436    29.9740   0.298818     1.4001     2.0019     2.2249          0     81.250  34.437040   996.7156      2.422     -0.665  0.000e+00
      2.511    29.9752   0.298727     1.3996     1.9889     2.2165          0     81.500  34.437043   996.7152      2.498     -0.511  0.000e+00
      2.544    29.9738   0.298727     1.3996     1.9964     2.2272          0     81.750  34.437046   996.7158      2.530     -0.299  0.000e+00
      2.501    29.9701   0.298656     1.3994     2.0143     2.1837          0     82.000  34.437049   996.7165      2.487     -0.108  0.000e+00
      2.328    29.9671   0.298754     1.4000     2.0324     2.1799          0     82.250  34.437052   996.7171      2.315     -0.024  0.000e+00
      1.992    29.9650   0.298855     1.4005     2.0115     2.1792          0     82.500  34.437054   996.7167      1.982     -0.091  0.000e+00
      1.679    29.9646   0.298868     1.4006     1.9993     2.1746          0     82.750  34.437057   996.7155      1.670     -0.272  0.000e+00
      1.463    29.9677   0.298831     1.4003     1.9793     2.1967          0     83.000  34.437060   996.7133      1.455     -0.480  0.000e+00
