content/post/ctd_rufiji/SBE19plus_01906740_2018_02_13_0921.cnv
* Sea-Bird SBE19plus  Data File:
* FileName = C:\Users\all user\Desktop\CTD tafiri 2018\SBE19plus_01906740_2018_02_13_0921.hex
* Software version 2.6.3.104
* Temperature SN = 6740
* Conductivity SN = 6740
* System UpLoad Time = Feb 13 2018 14:03:59
* <ApplicationData>
* <Seaterm232>
# nquan = 13
# nvalues = 338                                   
# units = specified
# name 0 = prdM: Pressure, Strain Gauge [db]
# name 1 = tv290C: Temperature [ITS-90, deg C]
# name 2 = c0S/m: Conductivity [S/m]
# name 3 = sal00: Salinity, Practical [PSU]
# name 4 = sbeox0ML/L: Oxygen, SBE 43 [ml/l]
# name 5 = flECO-AFL: Fluorescence, WET Labs ECO-AFL/FL [mg/m^3]
# name 6 = nbf: Bottles Fired
# name 7 = timeS: Time, Elapsed [seconds]
# name 8 = timeJ: Julian Days
# name 9 = density00: Density [density, kg/m^3]
# name 10 = depSM: Depth [salt water, m], lat = 0.00
# name 11 = dz/dtM: Descent Rate [m/s]
# name 12 = flag:  0.000e+00
# span 0 =      0.131,      2.769                 
# span 1 =    29.4132,    30.1887                 
# span 2 =   0.004202,   0.056993                 
# span 3 =     0.0262,     0.2498                 
# span 4 =     0.5247,     4.9606                 
# span 5 =    -0.0296,     2.3867                 
# span 6 =          0,          0                 
# span 7 =      0.000,     84.250                 
# span 8 =  34.399525,  34.400501                 
# span 9 =   995.6612,   995.9861                 
# span 10 =      0.130,      2.753                
# span 11 =     -0.387,      0.360                
# span 12 = 0.0000e+00, 0.0000e+00                
# interval = seconds: 0.25
# start_time = Feb 03 2018 09:35:19 [Instrument's time stamp, header]
# bad_flag = -9.990e-29
*END*
      0.607    29.4132   0.017562     0.0801     3.5178     1.0660          0      0.000  34.399525   995.8876      0.603      0.000  0.000e+00
      0.715    29.5427   0.025223     0.1125     3.4926     1.0668          0      0.250  34.399528   995.8739      0.711      0.029  0.000e+00
      0.747    29.6190   0.018260     0.0828     3.4924     1.0607          0      0.500  34.399531   995.8290      0.743      0.059  0.000e+00
      0.769    29.6684   0.026101     0.1160     3.4963     1.0675          0      0.750  34.399534   995.8392      0.765      0.086  0.000e+00
      0.845    29.6966   0.039966     0.1762     3.5294     1.9007          0      1.000  34.399537   995.8763      0.840      0.122  0.000e+00
      0.909    29.7143   0.052216     0.2304     3.5584     1.9007          0      1.250  34.399540   995.9120      0.904      0.159  0.000e+00
      0.996    29.7327   0.052616     0.2321     3.5894     1.8969          0      1.500  34.399543   995.9081      0.990      0.200  0.000e+00
      1.039    29.7609   0.052525     0.2315     3.6124     1.8976          0      1.750  34.399546   995.8994      1.034      0.226  0.000e+00
      1.018    29.7952   0.053457     0.2355     3.6344     1.8976          0      2.000  34.399549   995.8921      1.012      0.217  0.000e+00
      1.039    29.8355   0.054423     0.2397     3.6579     1.9007          0      2.250  34.399552   995.8831      1.034      0.187  0.000e+00
      1.050    29.8730   0.055118     0.2426     3.6614     1.9030          0      2.500  34.399554   995.8741      1.044      0.167  0.000e+00
      1.039    29.9048   0.055547     0.2444     3.6652     1.9007          0      2.750  34.399557   995.8658      1.034      0.132  0.000e+00
      1.050    29.9293   0.055823     0.2455     3.6713     1.8862          0      3.000  34.399560   995.8593      1.045      0.088  0.000e+00
      1.050    29.9559   0.055978     0.2460     3.6694     1.8892          0      3.250  34.399563   995.8517      1.045      0.051  0.000e+00
      1.050    29.9835   0.056063     0.2463     3.6650     1.8831          0      3.500  34.399566   995.8435      1.045      0.021  0.000e+00
      1.051    30.0073   0.056167     0.2466     3.6666     1.8915          0      3.750  34.399569   995.8366      1.045      0.011  0.000e+00
      1.051    30.0247   0.056252     0.2469     3.6682     1.8938          0      4.000  34.399572   995.8316      1.045      0.012  0.000e+00
      1.040    30.0390   0.056355     0.2473     3.6686     1.9152          0      4.250  34.399575   995.8275      1.034      0.002  0.000e+00
      1.040    30.0526   0.056437     0.2476     3.6724     1.9075          0      4.500  34.399578   995.8236      1.034     -0.003  0.000e+00
      1.061    30.0625   0.056562     0.2481     3.6714     1.9137          0      4.750  34.399580   995.8211      1.056      0.002  0.000e+00
      1.083    30.0682   0.056556     0.2481     3.6658     1.9144          0      5.000  34.399583   995.8194      1.077      0.009  0.000e+00
      1.051    30.0723   0.056501     0.2478     3.6755     1.9037          0      5.250  34.399586   995.8178      1.045      0.007  0.000e+00
      1.062    30.0787   0.056449     0.2476     3.6882     1.9053          0      5.500  34.399589   995.8157      1.056      0.009  0.000e+00
      1.072    30.0852   0.056464     0.2476     3.6895     1.8946          0      5.750  34.399592   995.8138      1.066      0.012  0.000e+00
      1.051    30.0923   0.056431     0.2474     3.6891     1.9030          0      6.000  34.399595   995.8115      1.045      0.009  0.000e+00
      1.051    30.0979   0.056361     0.2471     3.6957     1.8847          0      6.250  34.399598   995.8095      1.045      0.005  0.000e+00
      1.040    30.1031   0.056166     0.2462     3.6897     1.8824          0      6.500  34.399601   995.8072      1.034     -0.005  0.000e+00
      1.062    30.1066   0.056303     0.2468     3.6941     1.8877          0      6.750  34.399604   995.8067      1.056     -0.009  0.000e+00
      1.062    30.1075   0.056401     0.2472     3.6879     1.8847          0      7.000  34.399606   995.8068      1.056     -0.008  0.000e+00
      1.072    30.1064   0.056398     0.2472     3.6855     1.8976          0      7.250  34.399609   995.8071      1.066      0.004  0.000e+00
      1.083    30.1052   0.056425     0.2473     3.6781     1.8984          0      7.500  34.399612   995.8076      1.077      0.008  0.000e+00
      1.072    30.1035   0.056413     0.2473     3.6663     1.8976          0      7.750  34.399615   995.8081      1.066      0.011  0.000e+00
      1.083    30.1033   0.056407     0.2473     3.6639     1.9022          0      8.000  34.399618   995.8082      1.077      0.019  0.000e+00
      1.094    30.1035   0.056407     0.2473     3.6540     1.8992          0      8.250  34.399621   995.8081      1.088      0.023  0.000e+00
      1.116    30.1040   0.056431     0.2474     3.6718     1.9243          0      8.500  34.399624   995.8082      1.109      0.029  0.000e+00
      1.126    30.1035   0.056489     0.2476     3.6809     1.9198          0      8.750  34.399627   995.8086      1.120      0.031  0.000e+00
      1.126    30.1014   0.056522     0.2478     3.6907     1.9190          0      9.000  34.399630   995.8093      1.120      0.034  0.000e+00
      1.115    30.0992   0.056534     0.2479     3.6873     1.9259          0      9.250  34.399633   995.8100      1.109      0.029  0.000e+00
      1.115    30.0991   0.056510     0.2477     3.6906     1.9037          0      9.500  34.399635   995.8099      1.109      0.025  0.000e+00
      1.115    30.1004   0.056510     0.2477     3.7007     1.8984          0      9.750  34.399638   995.8095      1.109      0.022  0.000e+00
      1.137    30.1008   0.056510     0.2477     3.7351     1.8976          0     10.000  34.399641   995.8095      1.131      0.018  0.000e+00
      1.169    30.1005   0.056504     0.2477     3.7414     1.8999          0     10.250  34.399644   995.8097      1.163      0.022  0.000e+00
      1.137    30.1018   0.056540     0.2479     3.7586     1.8953          0     10.500  34.399647   995.8093      1.131      0.016  0.000e+00
      1.126    30.1037   0.056598     0.2481     3.7333     1.9007          0     10.750  34.399650   995.8089      1.120      0.011  0.000e+00
      1.126    30.1047   0.056644     0.2483     3.6520     1.9037          0     11.000  34.399653   995.8087      1.120      0.009  0.000e+00
      1.148    30.1032   0.056695     0.2486     3.5568     1.9014          0     11.250  34.399656   995.8094      1.141      0.012  0.000e+00
      1.115    30.1000   0.056762     0.2489     3.4358     1.8831          0     11.500  34.399659   995.8105      1.109      0.002  0.000e+00
      1.126    30.0989   0.056863     0.2493     3.2853     1.8831          0     11.750  34.399661   995.8112      1.120     -0.005  0.000e+00
      1.137    30.1019   0.056923     0.2496     3.1406     1.8786          0     12.000  34.399664   995.8105      1.131     -0.010  0.000e+00
      1.137    30.1068   0.056975     0.2498     3.0186     1.8847          0     12.250  34.399667   995.8092      1.131     -0.009  0.000e+00
      1.148    30.1103   0.056993     0.2498     2.9160     1.8801          0     12.500  34.399670   995.8083      1.142      0.005  0.000e+00
      1.137    30.1124   0.056981     0.2498     2.8266     1.8931          0     12.750  34.399673   995.8075      1.131      0.007  0.000e+00
      1.126    30.1130   0.056948     0.2496     2.7460     1.8999          0     13.000  34.399676   995.8072      1.120      0.003  0.000e+00
      1.137    30.1122   0.056908     0.2495     2.7039     1.8976          0     13.250  34.399679   995.8073      1.131      0.001  0.000e+00
      1.159    30.1092   0.056844     0.2492     2.6526     1.8961          0     13.500  34.399682   995.8081      1.152      0.012  0.000e+00
      1.148    30.1083   0.056781     0.2489     2.6005     1.8976          0     13.750  34.399685   995.8082      1.142      0.009  0.000e+00
      1.159    30.1088   0.056793     0.2490     2.5703     1.8999          0     14.000  34.399687   995.8081      1.152      0.009  0.000e+00
      1.159    30.1084   0.056832     0.2491     2.5341     1.8999          0     14.250  34.399690   995.8083      1.152      0.012  0.000e+00
      1.137    30.1085   0.056863     0.2493     2.5086     1.9022          0     14.500  34.399693   995.8083      1.131      0.007  0.000e+00
      1.148    30.1090   0.056866     0.2493     2.4862     1.9091          0     14.750  34.399696   995.8082      1.142      0.008  0.000e+00
      1.159    30.1096   0.056881     0.2493     2.4693     1.9205          0     15.000  34.399699   995.8082      1.152      0.009  0.000e+00
      1.159    30.1107   0.056902     0.2494     2.4468     1.9152          0     15.250  34.399702   995.8079      1.152      0.004  0.000e+00
      1.148    30.1121   0.056942     0.2496     2.4346     1.9053          0     15.500  34.399705   995.8075      1.142     -0.001  0.000e+00
      1.159    30.1125   0.056966     0.2497     2.4359     1.9045          0     15.750  34.399708   995.8075      1.152      0.002  0.000e+00
      1.148    30.1121   0.056966     0.2497     2.4333     1.9266          0     16.000  34.399711   995.8076      1.142     -0.001  0.000e+00
      1.148    30.1099   0.056942     0.2496     2.4348     1.9213          0     16.250  34.399714   995.8082      1.142      0.000  0.000e+00
      1.169    30.1074   0.056917     0.2495     2.4237     1.9259          0     16.500  34.399716   995.8090      1.163      0.007  0.000e+00
      1.148    30.1062   0.056878     0.2493     2.4240     1.9266          0     16.750  34.399719   995.8091      1.142      0.001  0.000e+00
      1.148    30.1058   0.056844     0.2492     2.4047     1.8961          0     17.000  34.399722   995.8091      1.142     -0.003  0.000e+00
      1.148    30.1050   0.056805     0.2490     2.4134     1.9007          0     17.250  34.399725   995.8093      1.142     -0.003  0.000e+00
      1.159    30.1039   0.056759     0.2488     2.4073     1.8946          0     17.500  34.399728   995.8095      1.152      0.001  0.000e+00
      1.148    30.1042   0.056711     0.2486     2.3992     1.9022          0     17.750  34.399731   995.8092      1.142     -0.002  0.000e+00
      1.159    30.1068   0.056689     0.2485     2.3820     1.9068          0     18.000  34.399734   995.8083      1.152      0.001  0.000e+00
      1.137    30.1099   0.056677     0.2484     2.3647     1.9121          0     18.250  34.399737   995.8073      1.131     -0.004  0.000e+00
      1.159    30.1119   0.056659     0.2483     2.3591     1.9091          0     18.500  34.399740   995.8067      1.152     -0.004  0.000e+00
      1.170    30.1124   0.056638     0.2483     2.3427     1.9098          0     18.750  34.399742   995.8065      1.163      0.007  0.000e+00
      1.148    30.1132   0.056610     0.2481     2.3187     1.8915          0     19.000  34.399745   995.8061      1.142      0.004  0.000e+00
      1.180    30.1146   0.056598     0.2481     2.2987     1.8908          0     19.250  34.399748   995.8058      1.174      0.009  0.000e+00
      1.159    30.1156   0.056574     0.2480     2.2905     1.8877          0     19.500  34.399751   995.8053      1.152      0.007  0.000e+00
      1.137    30.1158   0.056553     0.2479     2.2666     1.8847          0     19.750  34.399754   995.8050      1.131      0.002  0.000e+00
      1.137    30.1164   0.056534     0.2478     2.2685     1.8763          0     20.000  34.399757   995.8048      1.131     -0.005  0.000e+00
      1.148    30.1159   0.056510     0.2477     2.2603     1.8824          0     20.250  34.399760   995.8049      1.142     -0.005  0.000e+00
      1.170    30.1161   0.056489     0.2476     2.2495     1.8862          0     20.500  34.399763   995.8049      1.163     -0.006  0.000e+00
      1.170    30.1171   0.056489     0.2476     2.2351     1.8816          0     20.750  34.399766   995.8046      1.163     -0.001  0.000e+00
      1.170    30.1171   0.056477     0.2475     2.2216     1.8946          0     21.000  34.399769   995.8046      1.163      0.006  0.000e+00
      1.170    30.1182   0.056477     0.2475     2.2064     1.9358          0     21.250  34.399771   995.8042      1.163      0.006  0.000e+00
      1.170    30.1193   0.056464     0.2474     2.2015     1.9304          0     21.500  34.399774   995.8038      1.163      0.015  0.000e+00
      1.170    30.1194   0.056458     0.2474     2.2173     1.9320          0     21.750  34.399777   995.8038      1.163      0.018  0.000e+00
      1.180    30.1183   0.056449     0.2474     2.2143     1.9419          0     22.000  34.399780   995.8041      1.174      0.016  0.000e+00
      1.169    30.1173   0.056449     0.2474     2.2046     1.9266          0     22.250  34.399783   995.8044      1.163      0.008  0.000e+00
      1.202    30.1162   0.056437     0.2473     2.1760     1.9404          0     22.500  34.399786   995.8048      1.195      0.010  0.000e+00
      1.191    30.1152   0.056431     0.2473     2.1635     1.9419          0     22.750  34.399789   995.8051      1.184      0.013  0.000e+00
      1.191    30.1154   0.056437     0.2473     2.1564     1.9327          0     23.000  34.399792   995.8050      1.184      0.014  0.000e+00
      1.191    30.1159   0.056449     0.2474     2.1325     1.9121          0     23.250  34.399795   995.8049      1.184      0.014  0.000e+00
      1.180    30.1169   0.056449     0.2474     2.1189     1.9175          0     23.500  34.399797   995.8045      1.174      0.010  0.000e+00
      1.213    30.1174   0.056443     0.2474     2.1105     1.9037          0     23.750  34.399800   995.8045      1.206      0.014  0.000e+00
      1.223    30.1177   0.056449     0.2474     2.0961     1.9144          0     24.000  34.399803   995.8045      1.217      0.017  0.000e+00
      1.191    30.1172   0.056425     0.2473     2.0916     1.9045          0     24.250  34.399806   995.8044      1.184      0.012  0.000e+00
      1.202    30.1150   0.056385     0.2471     2.0857     1.8862          0     24.500  34.399809   995.8050      1.195      0.006  0.000e+00
      1.191    30.1104   0.056270     0.2466     2.0710     1.8847          0     24.750  34.399812   995.8060      1.184      0.005  0.000e+00
      1.223    30.1016   0.056194     0.2463     2.0647     1.8953          0     25.000  34.399815   995.8086      1.217      0.010  0.000e+00
      1.213    30.0915   0.056139     0.2461     2.0603     1.8931          0     25.250  34.399818   995.8114      1.206      0.010  0.000e+00
      1.213    30.0848   0.056121     0.2461     2.0480     1.8992          0     25.500  34.399821   995.8135      1.206      0.009  0.000e+00
      1.191    30.0810   0.056109     0.2460     2.0415     1.9007          0     25.750  34.399823   995.8145      1.184     -0.004  0.000e+00
      1.223    30.0779   0.056133     0.2462     2.0306     1.8976          0     26.000  34.399826   995.8157      1.217      0.003  0.000e+00
      1.180    30.0745   0.056148     0.2463     2.0186     1.8938          0     26.250  34.399829   995.8166      1.174      0.001  0.000e+00
      1.191    30.0711   0.056145     0.2463     2.0120     1.8992          0     26.500  34.399832   995.8176      1.184     -0.007  0.000e+00
      1.202    30.0677   0.056127     0.2462     2.0103     1.9037          0     26.750  34.399835   995.8187      1.195     -0.007  0.000e+00
      1.213    30.0644   0.056081     0.2460     1.9997     1.8892          0     27.000  34.399838   995.8196      1.206     -0.009  0.000e+00
      1.234    30.0602   0.056045     0.2459     1.9968     1.9068          0     27.250  34.399841   995.8208      1.227      0.005  0.000e+00
      1.213    30.0564   0.056011     0.2457     1.9871     1.9289          0     27.500  34.399844   995.8218      1.206      0.009  0.000e+00
