content/post/ctd_rufiji/SBE19plus_01906740_2018_02_13_0907.cnv
* Sea-Bird SBE19plus  Data File:
* FileName = C:\Users\all user\Desktop\CTD tafiri 2018\SBE19plus_01906740_2018_02_13_0907.hex
* Software version 2.6.3.104
* Temperature SN = 6740
* Conductivity SN = 6740
* System UpLoad Time = Feb 13 2018 14:01:44
* <ApplicationData>
* <Seaterm232>
# nquan = 13
# nvalues = 472                                   
# units = specified
# name 0 = prdM: Pressure, Strain Gauge [db]
# name 1 = tv290C: Temperature [ITS-90, deg C]
# name 2 = c0S/m: Conductivity [S/m]
# name 3 = sal00: Salinity, Practical [PSU]
# name 4 = sbeox0ML/L: Oxygen, SBE 43 [ml/l]
# name 5 = flECO-AFL: Fluorescence, WET Labs ECO-AFL/FL [mg/m^3]
# name 6 = nbf: Bottles Fired
# name 7 = timeS: Time, Elapsed [seconds]
# name 8 = timeJ: Julian Days
# name 9 = density00: Density [density, kg/m^3]
# name 10 = depSM: Depth [salt water, m], lat = 0.00
# name 11 = dz/dtM: Descent Rate [m/s]
# name 12 = flag:  0.000e+00
# span 0 =      0.123,      3.852                 
# span 1 =    29.1581,    30.3496                 
# span 2 =   0.001333,   0.028431                 
# span 3 =     0.0163,     0.1250                 
# span 4 =     1.5142,     3.8927                 
# span 5 =    -0.0792,     2.1784                 
# span 6 =          0,          0                 
# span 7 =      0.000,    117.750                 
# span 8 =  34.266111,  34.267474                 
# span 9 =   995.6375,   995.9380                 
# span 10 =      0.123,      3.831                
# span 11 =     -0.386,      0.376                
# span 12 = 0.0000e+00, 0.0000e+00                
# interval = seconds: 0.25
# start_time = Feb 03 2018 06:23:12 [Instrument's time stamp, header]
# bad_flag = -9.990e-29
*END*
[from data line 334]
      1.701    30.1824   0.026494     0.1166     1.6865     1.7641          0     83.500  34.267078   995.6889      1.691      0.075  0.000e+00
      1.755    30.1908   0.026494     0.1166     1.6820     1.7511          0     83.750  34.267080   995.6866      1.745      0.089  0.000e+00
      1.820    30.1984   0.026500     0.1166     1.6777     1.8122          0     84.000  34.267083   995.6846      1.810      0.110  0.000e+00
      1.874    30.2039   0.026497     0.1166     1.6791     1.8099          0     84.250  34.267086   995.6832      1.863      0.138  0.000e+00
      1.928    30.2079   0.026479     0.1165     1.6860     1.8107          0     84.500  34.267089   995.6821      1.917      0.165  0.000e+00
      1.971    30.2133   0.026467     0.1165     1.6829     1.8007          0     84.750  34.267092   995.6806      1.960      0.185  0.000e+00
      2.025    30.2221   0.026455     0.1164     1.6957     1.8862          0     85.000  34.267095   995.6781      2.014      0.205  0.000e+00
      2.068    30.2316   0.026437     0.1163     1.6961     1.8824          0     85.250  34.267098   995.6754      2.057      0.210  0.000e+00
      2.079    30.2434   0.026413     0.1162     1.7028     1.8847          0     85.500  34.267101   995.6717      2.068      0.197  0.000e+00
      2.079    30.2571   0.026389     0.1161     1.7110     1.8877          0     85.750  34.267104   995.6675      2.068      0.171  0.000e+00
      2.111    30.2683   0.026389     0.1160     1.7163     1.8793          0     86.000  34.267106   995.6642      2.100      0.146  0.000e+00
      2.187    30.2758   0.026386     0.1160     1.7248     1.7786          0     86.250  34.267109   995.6622      2.175      0.138  0.000e+00
      2.263    30.2807   0.026374     0.1159     1.7304     1.7794          0     86.500  34.267112   995.6610      2.250      0.145  0.000e+00
      2.328    30.2847   0.026362     0.1159     1.7355     1.7847          0     86.750  34.267115   995.6600      2.315      0.161  0.000e+00
      2.382    30.2889   0.026335     0.1158     1.7328     1.7817          0     87.000  34.267118   995.6589      2.369      0.179  0.000e+00
      2.457    30.2952   0.026308     0.1156     1.7476     1.8732          0     87.250  34.267121   995.6572      2.444      0.208  0.000e+00
      2.522    30.3028   0.026275     0.1155     1.7707     1.8618          0     87.500  34.267124   995.6551      2.508      0.239  0.000e+00
      2.609    30.3094   0.026218     0.1152     1.7866     1.8763          0     87.750  34.267127   995.6533      2.594      0.267  0.000e+00
      2.717    30.3158   0.026158     0.1150     1.8070     1.8679          0     88.000  34.267130   995.6516      2.702      0.289  0.000e+00
      2.836    30.3219   0.026098     0.1147     1.7910     1.8175          0     88.250  34.267133   995.6501      2.820      0.311  0.000e+00
      2.890    30.3272   0.026044     0.1145     1.7775     1.8190          0     88.500  34.267135   995.6485      2.874      0.323  0.000e+00
      2.911    30.3309   0.025984     0.1142     1.7783     1.8145          0     88.750  34.267138   995.6473      2.895      0.321  0.000e+00
      2.901    30.3337   0.025895     0.1138     1.7900     1.8045          0     89.000  34.267141   995.6461      2.885      0.293  0.000e+00
      2.933    30.3354   0.025856     0.1136     1.7977     1.7504          0     89.250  34.267144   995.6456      2.917      0.254  0.000e+00
      2.922    30.3370   0.025841     0.1136     1.8174     1.7405          0     89.500  34.267147   995.6450      2.906      0.201  0.000e+00
      2.965    30.3385   0.025847     0.1136     1.8417     1.7511          0     89.750  34.267150   995.6448      2.949      0.150  0.000e+00
      2.955    30.3403   0.025829     0.1135     1.8727     1.7489          0     90.000  34.267153   995.6441      2.938      0.095  0.000e+00
      3.009    30.3417   0.025823     0.1135     1.9076     1.7557          0     90.250  34.267156   995.6439      2.992      0.068  0.000e+00
      3.041    30.3430   0.025817     0.1135     1.9369     1.7122          0     90.500  34.267159   995.6436      3.024      0.069  0.000e+00
      3.138    30.3432   0.025808     0.1134     1.9674     1.7099          0     90.750  34.267161   995.6440      3.121      0.101  0.000e+00
      3.257    30.3432   0.025886     0.1138     1.9895     1.7115          0     91.000  34.267164   995.6447      3.240      0.155  0.000e+00
      3.366    30.3424   0.025900     0.1138     2.0292     1.7252          0     91.250  34.267167   995.6455      3.347      0.211  0.000e+00
      3.441    30.3411   0.025850     0.1136     2.0589     1.8793          0     91.500  34.267170   995.6461      3.422      0.267  0.000e+00
      3.549    30.3408   0.025790     0.1133     2.0689     1.8778          0     91.750  34.267173   995.6465      3.530      0.315  0.000e+00
      3.679    30.3413   0.025835     0.1135     2.0243     1.8717          0     92.000  34.267176   995.6470      3.659      0.370  0.000e+00
      3.690    30.3426   0.025805     0.1134     2.0201     1.8702          0     92.250  34.267179   995.6466      3.670      0.376  0.000e+00
      3.679    30.3436   0.025862     0.1136     2.0206     1.8190          0     92.500  34.267182   995.6464      3.659      0.349  0.000e+00
      3.690    30.3440   0.025906     0.1138     2.0209     1.8160          0     92.750  34.267185   995.6465      3.670      0.291  0.000e+00
      3.722    30.3446   0.025906     0.1138     2.0236     1.8114          0     93.000  34.267187   995.6465      3.702      0.230  0.000e+00
      3.723    30.3446   0.025903     0.1138     2.0251     1.8175          0     93.250  34.267190   995.6464      3.702      0.170  0.000e+00
      3.733    30.3445   0.025889     0.1138     2.0319     1.7618          0     93.500  34.267193   995.6465      3.713      0.118  0.000e+00
      3.733    30.3438   0.025874     0.1137     2.0446     1.7542          0     93.750  34.267196   995.6466      3.713      0.067  0.000e+00
      3.733    30.3430   0.025823     0.1135     2.0508     1.7412          0     94.000  34.267199   995.6467      3.713      0.032  0.000e+00
      3.723    30.3422   0.025784     0.1133     2.0389     1.7534          0     94.250  34.267202   995.6468      3.702      0.026  0.000e+00
      3.733    30.3416   0.025724     0.1131     2.0322     1.7557          0     94.500  34.267205   995.6468      3.713      0.023  0.000e+00
      3.733    30.3425   0.025598     0.1125     2.6018     1.8580          0     94.750  34.267208   995.6462      3.713      0.014  0.000e+00
      3.744    30.3443   0.025514     0.1122     3.2945     1.8442          0     95.000  34.267211   995.6454      3.724      0.007  0.000e+00
      3.766    30.3452   0.025487     0.1121     3.3484     1.8427          0     95.250  34.267214   995.6451      3.745      0.014  0.000e+00
      3.798    30.3470   0.025490     0.1121     3.1936     1.8564          0     95.500  34.267216   995.6447      3.777      0.026  0.000e+00
      3.809    30.3489   0.025664     0.1128     2.8808     1.7221          0     95.750  34.267219   995.6448      3.788      0.040  0.000e+00
      3.787    30.3496   0.025790     0.1133     2.6869     1.7328          0     96.000  34.267222   995.6448      3.767      0.042  0.000e+00
      3.831    30.3463   0.025823     0.1135     2.6337     1.7283          0     96.250  34.267225   995.6462      3.809      0.053  0.000e+00
      3.841    30.3410   0.025895     0.1138     2.4495     1.7229          0     96.500  34.267228   995.6480      3.820      0.057  0.000e+00
      3.820    30.3320   0.025945     0.1140     2.2058     1.7664          0     96.750  34.267231   995.6509      3.799      0.050  0.000e+00
      3.852    30.3077   0.025993     0.1143     2.1157     1.7687          0     97.000  34.267234   995.6586      3.831      0.047  0.000e+00
      3.841    30.2676   0.026086     0.1147     2.0603     1.7641          0     97.250  34.267237   995.6711      3.820      0.036  0.000e+00
      3.809    30.2276   0.026119     0.1150     2.1416     1.7733          0     97.500  34.267240   995.6833      3.788      0.017  0.000e+00
      3.766    30.1992   0.026125     0.1150     1.9798     1.7664          0     97.750  34.267242   995.6918      3.745     -0.005  0.000e+00
      3.766    30.1851   0.026071     0.1148     1.8600     1.8259          0     98.000  34.267245   995.6960      3.745     -0.022  0.000e+00
      3.766    30.1790   0.025984     0.1145     1.6120     1.8221          0     98.250  34.267248   995.6975      3.745     -0.043  0.000e+00
      3.733    30.1743   0.025939     0.1143     1.5142     1.8335          0     98.500  34.267251   995.6987      3.713     -0.056  0.000e+00
      3.733    30.1720   0.025883     0.1141     1.5362     1.8145          0     98.750  34.267254   995.6992      3.713     -0.060  0.000e+00
      3.733    30.1782   0.025868     0.1140     1.5877     1.7717          0     99.000  34.267257   995.6973      3.713     -0.063  0.000e+00
      3.744    30.2076   0.025775     0.1135     1.7341     1.7633          0     99.250  34.267260   995.6880      3.723     -0.048  0.000e+00
      3.744    30.2408   0.025927     0.1141     1.7908     1.7649          0     99.500  34.267263   995.6784      3.723     -0.028  0.000e+00
      3.733    30.2662   0.026059     0.1146     1.8799     1.7710          0     99.750  34.267266   995.6710      3.713     -0.016  0.000e+00
      3.722    30.2699   0.026059     0.1146     2.0739     1.7489          0    100.000  34.267269   995.6698      3.702     -0.016  0.000e+00
      3.722    30.2582   0.026044     0.1146     2.2035     1.7389          0    100.250  34.267271   995.6734      3.702     -0.013  0.000e+00
      3.733    30.2492   0.026050     0.1146     2.3318     1.7443          0    100.500  34.267274   995.6762      3.713     -0.004  0.000e+00
      3.712    30.2431   0.026053     0.1147     2.2231     1.7382          0    100.750  34.267277   995.6779      3.691     -0.010  0.000e+00
      3.668    30.2300   0.026053     0.1147     2.1168     1.7275          0    101.000  34.267280   995.6817      3.648     -0.026  0.000e+00
      3.614    30.2063   0.026050     0.1147     2.0848     1.7237          0    101.250  34.267283   995.6887      3.594     -0.052  0.000e+00
      3.604    30.1870   0.026020     0.1146     2.0942     1.7305          0    101.500  34.267286   995.6945      3.584     -0.069  0.000e+00
      3.625    30.1762   0.025987     0.1145     2.1265     1.7328          0    101.750  34.267289   995.6978      3.605     -0.071  0.000e+00
      3.614    30.1792   0.026011     0.1146     2.0707     1.7168          0    102.000  34.267292   995.6969      3.595     -0.072  0.000e+00
      3.582    30.1886   0.026044     0.1147     2.0680     1.7183          0    102.250  34.267295   995.6940      3.562     -0.077  0.000e+00
      3.560    30.1964   0.026026     0.1146     2.0786     1.7176          0    102.500  34.267297   995.6915      3.541     -0.078  0.000e+00
      3.517    30.1982   0.025987     0.1145     2.1306     1.7099          0    102.750  34.267300   995.6906      3.498     -0.077  0.000e+00
      3.485    30.2005   0.025984     0.1144     2.1550     1.7099          0    103.000  34.267303   995.6897      3.466     -0.077  0.000e+00
      3.506    30.2089   0.025978     0.1144     2.1547     1.7160          0    103.250  34.267306   995.6872      3.487     -0.071  0.000e+00
      3.463    30.2218   0.025972     0.1144     2.1419     1.7084          0    103.500  34.267309   995.6831      3.444     -0.083  0.000e+00
      3.377    30.2328   0.025999     0.1144     2.1323     1.7130          0    103.750  34.267312   995.6794      3.358     -0.112  0.000e+00
      3.312    30.2348   0.026032     0.1146     2.1432     1.7160          0    104.000  34.267315   995.6786      3.294     -0.135  0.000e+00
      3.279    30.2337   0.026050     0.1147     2.1570     1.7290          0    104.250  34.267318   995.6789      3.261     -0.151  0.000e+00
      3.215    30.2292   0.026059     0.1147     2.1383     1.7267          0    104.500  34.267321   995.6800      3.197     -0.171  0.000e+00
      3.063    30.2157   0.026050     0.1147     2.1287     1.7275          0    104.750  34.267323   995.6834      3.046     -0.215  0.000e+00
      2.934    30.2061   0.026044     0.1147     2.1015     1.7252          0    105.000  34.267326   995.6858      2.917     -0.275  0.000e+00
      2.858    30.2013   0.026071     0.1148     2.0976     1.7534          0    105.250  34.267329   995.6870      2.842     -0.327  0.000e+00
      2.836    30.1973   0.026077     0.1148     2.1132     1.7572          0    105.500  34.267332   995.6881      2.821     -0.336  0.000e+00
      2.782    30.1949   0.026044     0.1147     2.0919     1.7618          0    105.750  34.267335   995.6885      2.767     -0.329  0.000e+00
      2.707    30.1936   0.026044     0.1147     2.0806     1.7550          0    106.000  34.267338   995.6885      2.692     -0.325  0.000e+00
      2.663    30.1929   0.026032     0.1147     2.0955     1.7405          0    106.250  34.267341   995.6885      2.649     -0.310  0.000e+00
      2.653    30.1946   0.026044     0.1147     2.1238     1.7397          0    106.500  34.267344   995.6880      2.638     -0.265  0.000e+00
      2.588    30.1963   0.026020     0.1146     2.1167     1.7466          0    106.750  34.267347   995.6871      2.574     -0.218  0.000e+00
      2.458    30.1995   0.026014     0.1146     2.1161     1.7435          0    107.000  34.267350   995.6856      2.445     -0.213  0.000e+00
      2.317    30.2034   0.025999     0.1145     2.0869     1.7427          0    107.250  34.267352   995.6837      2.305     -0.249  0.000e+00
      2.253    30.2064   0.026011     0.1146     2.0794     1.7489          0    107.500  34.267355   995.6825      2.240     -0.287  0.000e+00
      2.199    30.2064   0.026011     0.1146     2.0899     1.7389          0    107.750  34.267358   995.6823      2.187     -0.306  0.000e+00
      2.069    30.2056   0.025984     0.1144     2.0738     1.7366          0    108.000  34.267361   995.6819      2.058     -0.334  0.000e+00
      1.972    30.2058   0.025978     0.1144     2.0571     1.7389          0    108.250  34.267364   995.6814      1.961     -0.367  0.000e+00
      1.939    30.2105   0.026005     0.1145     2.0531     1.7542          0    108.500  34.267367   995.6799      1.928     -0.373  0.000e+00
      1.853    30.2131   0.026011     0.1145     2.0599     1.7557          0    108.750  34.267370   995.6787      1.842     -0.358  0.000e+00
      1.723    30.2146   0.025978     0.1144     2.0605     1.7443          0    109.000  34.267373   995.6775      1.713     -0.346  0.000e+00
      1.561    30.2182   0.025960     0.1143     2.0825     1.7557          0    109.250  34.267376   995.6757      1.552     -0.363  0.000e+00
      1.485    30.2243   0.025951     0.1143     2.0870     1.7382          0    109.500  34.267378   995.6735      1.477     -0.386  0.000e+00
      1.453    30.2301   0.025954     0.1143     2.1058     1.7336          0    109.750  34.267381   995.6715      1.445     -0.385  0.000e+00
      1.355    30.2337   0.025933     0.1142     2.0995     1.7443          0    110.000  34.267384   995.6699      1.348     -0.374  0.000e+00
      1.247    30.2385   0.025915     0.1141     2.0681     1.7366          0    110.250  34.267387   995.6679      1.240     -0.379  0.000e+00
      1.172    30.2480   0.025906     0.1140     2.0611     1.7458          0    110.500  34.267390   995.6647      1.165     -0.382  0.000e+00
      1.128    30.2596   0.025912     0.1140     2.0483     1.7168          0    110.750  34.267393   995.6609      1.122     -0.354  0.000e+00
