content/post/ctd_rufiji/SBE19plus_01906740_2018_02_13_0887.cnv
* Sea-Bird SBE19plus  Data File:
* FileName = C:\Users\all user\Desktop\CTD tafiri 2018\SBE19plus_01906740_2018_02_13_0887.hex
* Software version 2.6.3.104
* Temperature SN = 6740
* Conductivity SN = 6740
* System UpLoad Time = Feb 13 2018 13:58:10
* <ApplicationData>
* <Seaterm232>
# nquan = 13
# nvalues = 426                                   
# units = specified
# name 0 = prdM: Pressure, Strain Gauge [db]
# name 1 = tv290C: Temperature [ITS-90, deg C]
# name 2 = c0S/m: Conductivity [S/m]
# name 3 = sal00: Salinity, Practical [PSU]
# name 4 = sbeox0ML/L: Oxygen, SBE 43 [ml/l]
# name 5 = flECO-AFL: Fluorescence, WET Labs ECO-AFL/FL [mg/m^3]
# name 6 = nbf: Bottles Fired
# name 7 = timeS: Time, Elapsed [seconds]
# name 8 = timeJ: Julian Days
# name 9 = density00: Density [density, kg/m^3]
# name 10 = depSM: Depth [salt water, m], lat = 0.00
# name 11 = dz/dtM: Descent Rate [m/s]
# name 12 = flag:  0.000e+00
# span 0 =      0.092,      5.001                 
# span 1 =    30.1689,    30.5761                 
# span 2 =   0.537693,   3.426191                 
# span 3 =     2.5859,    19.1165                 
# span 4 =     1.0768,     5.3434                 
# span 5 =     0.8074,     2.3905                 
# span 6 =          0,          0                 
# span 7 =      0.000,    106.250                 
# span 8 =  33.729190,  33.730420                 
# span 9 =   997.4472,  1009.6988                 
# span 10 =      0.092,      4.973                
# span 11 =     -0.527,      0.500                
# span 12 = 0.0000e+00, 0.0000e+00                
# interval = seconds: 0.25
# start_time = Feb 02 2018 17:30:02 [Instrument's time stamp, header]
# bad_flag = -9.990e-29
*END*
      0.689    30.2172   2.844295    15.6883     3.0307     1.5261          0      0.000  33.729190  1007.2519      0.685 -2.105e-16  0.000e+00
      0.743    30.2263   2.868974    15.8348     3.0385     1.5291          0      0.250  33.729193  1007.3580      0.739      0.014  0.000e+00
      0.753    30.2425   2.889552    15.9542     3.0399     1.5184          0      0.500  33.729196  1007.4416      0.749      0.028  0.000e+00
      0.775    30.2635   2.923111    16.1508     3.0493     1.5215          0      0.750  33.729198  1007.5810      0.771      0.043  0.000e+00
      0.808    30.2842   2.946760    16.2876     3.0549     1.5780          0      1.000  33.729201  1007.6761      0.803      0.061  0.000e+00
      0.829    30.3026   2.960799    16.3667     3.0689     1.5642          0      1.250  33.729204  1007.7290      0.825      0.077  0.000e+00
      0.872    30.3197   2.969831    16.4158     3.0934     1.5635          0      1.500  33.729207  1007.7602      0.868      0.095  0.000e+00
      0.862    30.3339   2.974711    16.4407     3.1019     1.5726          0      1.750  33.729210  1007.7741      0.857      0.098  0.000e+00
      0.862    30.3454   2.979757    16.4675     3.0967     1.5337          0      2.000  33.729213  1007.7902      0.857      0.089  0.000e+00
      0.851    30.3546   2.980378    16.4682     3.1087     1.5444          0      2.250  33.729216  1007.7878      0.846      0.066  0.000e+00
      0.905    30.3608   2.985897    16.4996     3.1104     1.5329          0      2.500  33.729219  1007.8093      0.900      0.065  0.000e+00
      0.927    30.3655   2.988623    16.5146     3.1218     1.5406          0      2.750  33.729222  1007.8190      0.922      0.062  0.000e+00
      1.024    30.3687   2.989901    16.5213     3.1231     1.5383          0      3.000  33.729225  1007.8233      1.018      0.081  0.000e+00
      1.132    30.3736   2.991878    16.5316     3.1378     1.5345          0      3.250  33.729227  1007.8299      1.126      0.123  0.000e+00
      1.219    30.3797   2.992552    16.5337     3.1433     1.5368          0      3.500  33.729230  1007.8298      1.212      0.173  0.000e+00
      1.327    30.3863   2.994242    16.5417     3.1652     1.5535          0      3.750  33.729233  1007.8341      1.320      0.241  0.000e+00
      1.446    30.3904   2.994588    16.5424     3.2677     1.5352          0      4.000  33.729236  1007.8338      1.438      0.307  0.000e+00
      1.468    30.3928   2.981338    16.4612     3.1913     1.5429          0      4.250  33.729239  1007.7728      1.460      0.339  0.000e+00
      1.457    30.3937   2.986729    16.4936     3.1825     1.5375          0      4.500  33.729242  1007.7966      1.449      0.325  0.000e+00
      1.435    30.3943   2.990406    16.5157     3.1856     1.5375          0      4.750  33.729245  1007.8127      1.427      0.282  0.000e+00
      1.457    30.3947   2.993268    16.5329     3.1814     1.5360          0      5.000  33.729248  1007.8255      1.449      0.217  0.000e+00
      1.479    30.3941   2.994377    16.5399     3.1936     1.5360          0      5.250  33.729251  1007.8309      1.470      0.155  0.000e+00
      1.511    30.3925   2.992206    16.5272     3.2053     1.5360          0      5.500  33.729253  1007.8222      1.503      0.108  0.000e+00
      1.511    30.3890   2.990558    16.5184     3.2113     1.5398          0      5.750  33.729256  1007.8167      1.503      0.064  0.000e+00
      1.500    30.3861   2.991004    16.5221     3.2180     1.5314          0      6.000  33.729259  1007.8204      1.492      0.033  0.000e+00
      1.489    30.3842   2.991180    16.5238     3.2543     1.5268          0      6.250  33.729262  1007.8222      1.481      0.028  0.000e+00
      1.479    30.3832   2.992071    16.5295     3.2674     1.5276          0      6.500  33.729265  1007.8268      1.471      0.025  0.000e+00
      1.511    30.3809   2.993503    16.5390     3.2756     1.5230          0      6.750  33.729268  1007.8347      1.503      0.025  0.000e+00
      1.522    30.3804   2.993603    16.5397     3.2837     1.5261          0      7.000  33.729271  1007.8355      1.514      0.018  0.000e+00
      1.522    30.3793   2.992148    16.5313     3.2839     1.5200          0      7.250  33.729274  1007.8296      1.514      0.012  0.000e+00
      1.511    30.3736   2.993075    16.5388     3.2813     1.5131          0      7.500  33.729277  1007.8369      1.503      0.007  0.000e+00
      1.479    30.3689   2.994395    16.5484     3.2829     1.5184          0      7.750  33.729280  1007.8455      1.471      0.001  0.000e+00
      1.468    30.3657   2.999848    16.5826     3.2693     1.5139          0      8.000  33.729282  1007.8718      1.460     -0.006  0.000e+00
      1.457    30.3652   3.001926    16.5954     3.2705     1.5131          0      8.250  33.729285  1007.8815      1.449     -0.016  0.000e+00
      1.500    30.3662   3.002743    16.6000     3.2653     1.5657          0      8.500  33.729288  1007.8847      1.492     -0.015  0.000e+00
      1.565    30.3686   3.002179    16.5958     3.2802     1.5657          0      8.750  33.729291  1007.8811      1.557     -0.001  0.000e+00
      1.576    30.3716   3.002202    16.5949     3.2788     1.5535          0      9.000  33.729294  1007.8795      1.567      0.020  0.000e+00
      1.533    30.3754   3.001750    16.5909     3.2624     1.5665          0      9.250  33.729297  1007.8751      1.524      0.030  0.000e+00
      1.511    30.3781   3.002649    16.5954     3.2113     1.5268          0      9.500  33.729300  1007.8775      1.503      0.032  0.000e+00
      1.468    30.3798   3.004282    16.6048     3.1149     1.5299          0      9.750  33.729303  1007.8838      1.460      0.021  0.000e+00
      1.446    30.3824   3.006597    16.6180     3.0521     1.5299          0     10.000  33.729306  1007.8926      1.438     -0.004  0.000e+00
      1.468    30.3837   3.008019    16.6262     2.9417     1.5299          0     10.250  33.729308  1007.8984      1.460     -0.025  0.000e+00
      1.511    30.3850   3.006949    16.6192     2.8623     1.5512          0     10.500  33.729311  1007.8930      1.503     -0.038  0.000e+00
      1.533    30.3861   3.005839    16.6121     2.7756     1.5574          0     10.750  33.729314  1007.8874      1.524     -0.035  0.000e+00
      1.489    30.3870   3.004922    16.6062     2.7160     1.5581          0     11.000  33.729317  1007.8826      1.481     -0.023  0.000e+00
      1.522    30.3879   3.003735    16.5988     2.6647     1.5512          0     11.250  33.729320  1007.8769      1.513      0.006  0.000e+00
      1.467    30.3889   3.002854    16.5931     2.6431     1.5352          0     11.500  33.729323  1007.8721      1.459      0.009  0.000e+00
      1.457    30.3884   3.002396    16.5905     2.6176     1.5383          0     11.750  33.729326  1007.8703      1.449      0.007  0.000e+00
      1.489    30.3884   3.001556    16.5854     2.5960     1.5436          0     12.000  33.729329  1007.8666      1.481      0.003  0.000e+00
      1.511    30.3882   3.000975    16.5819     2.5860     1.5429          0     12.250  33.729332  1007.8642      1.502     -0.005  0.000e+00
      1.532    30.3865   3.000024    16.5767     2.5584     1.5360          0     12.500  33.729334  1007.8610      1.524     -0.003  0.000e+00
      1.587    30.3850   2.999460    16.5737     2.6076     1.5444          0     12.750  33.729337  1007.8595      1.578      0.023  0.000e+00
      1.576    30.3837   2.998955    16.5711     2.7391     1.5421          0     13.000  33.729340  1007.8580      1.567      0.048  0.000e+00
      1.565    30.3830   2.998761    16.5702     2.8037     1.5345          0     13.250  33.729343  1007.8574      1.556      0.053  0.000e+00
      1.554    30.3829   2.998779    16.5703     2.8462     1.5390          0     13.500  33.729346  1007.8575      1.546      0.061  0.000e+00
      1.511    30.3842   2.999014    16.5713     2.8225     1.5474          0     13.750  33.729349  1007.8576      1.503      0.038  0.000e+00
      1.468    30.3854   2.998838    16.5699     2.8038     1.5512          0     14.000  33.729352  1007.8560      1.460     -0.004  0.000e+00
      1.457    30.3846   2.998996    16.5711     2.7127     1.5467          0     14.250  33.729355  1007.8571      1.449     -0.039  0.000e+00
      1.435    30.3824   2.998973    16.5717     2.5832     1.5467          0     14.500  33.729358  1007.8582      1.427     -0.070  0.000e+00
      1.435    30.3816   2.998409    16.5685     2.4437     1.5383          0     14.750  33.729361  1007.8561      1.427     -0.089  0.000e+00
      1.457    30.3808   2.997904    16.5657     2.2220     1.5390          0     15.000  33.729363  1007.8543      1.449     -0.077  0.000e+00
      1.500    30.3804   2.996783    16.5591     2.1437     1.5398          0     15.250  33.729366  1007.8497      1.492     -0.049  0.000e+00
      1.511    30.3792   2.996372    16.5570     2.1148     1.5337          0     15.500  33.729369  1007.8486      1.503     -0.017  0.000e+00
      1.554    30.3782   2.996278    16.5567     2.1935     1.5451          0     15.750  33.729372  1007.8489      1.546      0.027  0.000e+00
      1.587    30.3781   2.996061    16.5554     2.3864     1.5581          0     16.000  33.729375  1007.8481      1.578      0.066  0.000e+00
      1.619    30.3792   2.996179    16.5558     2.5469     1.5612          0     16.250  33.729378  1007.8482      1.610      0.093  0.000e+00
      1.608    30.3800   2.996237    16.5559     2.6289     1.5665          0     16.500  33.729381  1007.8479      1.599      0.104  0.000e+00
      1.565    30.3808   2.997170    16.5613     2.6856     1.5627          0     16.750  33.729384  1007.8515      1.556      0.086  0.000e+00
      1.446    30.3819   2.999049    16.5723     2.6932     1.5604          0     17.000  33.729387  1007.8588      1.438      0.027  0.000e+00
      1.370    30.3834   2.999149    16.5724     2.6496     1.5612          0     17.250  33.729389  1007.8581      1.363     -0.045  0.000e+00
      1.338    30.3838   2.997634    16.5631     2.4432     1.5627          0     17.500  33.729392  1007.8509      1.330     -0.105  0.000e+00
      1.316    30.3847   2.994025    16.5409     2.1891     1.5596          0     17.750  33.729395  1007.8340      1.309     -0.157  0.000e+00
      1.392    30.3868   2.990717    16.5201     2.0131     1.5474          0     18.000  33.729398  1007.8182      1.384     -0.162  0.000e+00
      1.457    30.3896   2.990077    16.5153     1.9538     1.5505          0     18.250  33.729401  1007.8140      1.449     -0.127  0.000e+00
      1.521    30.3833   2.991156    16.5239     1.9361     1.5558          0     18.500  33.729404  1007.8228      1.513     -0.055  0.000e+00
      1.554    30.3735   2.993697    16.5426     1.9536     1.5512          0     18.750  33.729407  1007.8400      1.545      0.027  0.000e+00
      1.543    30.3712   2.996760    16.5620     2.0699     1.5276          0     19.000  33.729410  1007.8551      1.535      0.097  0.000e+00
      1.500    30.3730   2.998039    16.5692     2.3785     1.5223          0     19.250  33.729413  1007.8596      1.492      0.116  0.000e+00
      1.446    30.3769   2.998198    16.5688     2.5798     1.5329          0     19.500  33.729416  1007.8578      1.438      0.092  0.000e+00
      1.478    30.3804   2.997534    16.5636     2.6653     1.5306          0     19.750  33.729418  1007.8530      1.470      0.061  0.000e+00
      1.500    30.3826   2.996977    16.5595     2.7347     1.5215          0     20.000  33.729421  1007.8493      1.492      0.019  0.000e+00
      1.522    30.3829   2.996584    16.5570     2.7201     1.5619          0     20.250  33.729424  1007.8474      1.513     -0.004  0.000e+00
      1.532    30.3834   2.996701    16.5576     2.6512     1.5627          0     20.500  33.729427  1007.8478      1.524     -0.011  0.000e+00
      1.500    30.3857   2.996683    16.5567     2.5620     1.5574          0     20.750  33.729430  1007.8462      1.492     -0.010  0.000e+00
      1.478    30.3883   2.996448    16.5544     2.4388     1.5589          0     21.000  33.729433  1007.8436      1.470     -0.003  0.000e+00
      1.467    30.3899   2.996137    16.5520     2.3392     1.5497          0     21.250  33.729436  1007.8412      1.459      0.003  0.000e+00
      1.489    30.3908   2.996583    16.5544     2.2848     1.5512          0     21.500  33.729439  1007.8428      1.481      0.005  0.000e+00
      1.489    30.3914   2.997012    16.5568     2.2623     1.5497          0     21.750  33.729442  1007.8444      1.481     -0.010  0.000e+00
      1.521    30.3931   2.997845    16.5612     2.2782     1.5482          0     22.000  33.729444  1007.8473      1.513     -0.009  0.000e+00
      1.565    30.3949   2.998544    16.5649     2.3024     1.5459          0     22.250  33.729447  1007.8496      1.556      0.009  0.000e+00
      1.576    30.3960   2.998685    16.5654     2.3341     1.5451          0     22.500  33.729450  1007.8497      1.567      0.032  0.000e+00
      1.597    30.3967   2.998333    16.5630     2.3309     1.5497          0     22.750  33.729453  1007.8478      1.588      0.061  0.000e+00
      1.608    30.3966   2.998080    16.5615     2.3157     1.5459          0     23.000  33.729456  1007.8467      1.599      0.077  0.000e+00
      1.576    30.3959   2.997652    16.5591     2.3329     1.5512          0     23.250  33.729459  1007.8451      1.567      0.071  0.000e+00
      1.522    30.3961   2.996936    16.5547     2.3174     1.5490          0     23.500  33.729462  1007.8415      1.513      0.040  0.000e+00
      1.500    30.3962   2.995363    16.5451     2.3150     1.5543          0     23.750  33.729465  1007.8343      1.492      0.007  0.000e+00
      1.468    30.3951   2.993679    16.5353     2.2923     1.5528          0     24.000  33.729468  1007.8271      1.459     -0.036  0.000e+00
      1.467    30.3949   2.991567    16.5225     2.2359     1.5497          0     24.250  33.729470  1007.8177      1.459     -0.066  0.000e+00
      1.457    30.3943   2.990734    16.5177     2.1506     1.5345          0     24.500  33.729473  1007.8143      1.449     -0.082  0.000e+00
      1.511    30.3923   2.989995    16.5139     2.1317     1.5383          0     24.750  33.729476  1007.8123      1.502     -0.071  0.000e+00
      1.489    30.3877   2.989591    16.5130     2.1072     1.5368          0     25.000  33.729479  1007.8131      1.481     -0.056  0.000e+00
      1.533    30.3788   2.989860    16.5176     2.0484     1.5360          0     25.250  33.729482  1007.8195      1.524     -0.017  0.000e+00
      1.543    30.3684   2.990054    16.5222     2.0674     1.5551          0     25.500  33.729485  1007.8264      1.535      0.018  0.000e+00
      1.576    30.3642   2.989743    16.5217     2.1115     1.5512          0     25.750  33.729488  1007.8275      1.567      0.046  0.000e+00
      1.565    30.3631   2.989691    16.5218     2.1721     1.5497          0     26.000  33.729491  1007.8279      1.556      0.061  0.000e+00
      1.576    30.3618   2.990828    16.5291     2.2429     1.5528          0     26.250  33.729494  1007.8338      1.567      0.063  0.000e+00
      1.522    30.3596   2.992746    16.5415     2.2409     1.5512          0     26.500  33.729497  1007.8435      1.513      0.043  0.000e+00
      1.489    30.3586   2.994606    16.5532     2.2332     1.5581          0     26.750  33.729499  1007.8524      1.481      0.008  0.000e+00
      1.468    30.3627   2.994606    16.5518     2.2143     1.5520          0     27.000  33.729502  1007.8499      1.460     -0.017  0.000e+00
      1.457    30.3709   2.992130    16.5340     2.2329     1.5459          0     27.250  33.729505  1007.8340      1.449     -0.050  0.000e+00
      1.435    30.3787   2.989145    16.5133     2.1639     1.5398          0     27.500  33.729508  1007.8159      1.427     -0.071  0.000e+00
