content/post/ctd_rufiji/SBE19plus_01906740_2018_02_13_0910.cnv
* Sea-Bird SBE19plus  Data File:
* FileName = C:\Users\all user\Desktop\CTD tafiri 2018\SBE19plus_01906740_2018_02_13_0910.hex
* Software version 2.6.3.104
* Temperature SN = 6740
* Conductivity SN = 6740
* System UpLoad Time = Feb 13 2018 14:02:14
* <ApplicationData>
* <Seaterm232>
# nquan = 13
# nvalues = 331                                   
# units = specified
# name 0 = prdM: Pressure, Strain Gauge [db]
# name 1 = tv290C: Temperature [ITS-90, deg C]
# name 2 = c0S/m: Conductivity [S/m]
# name 3 = sal00: Salinity, Practical [PSU]
# name 4 = sbeox0ML/L: Oxygen, SBE 43 [ml/l]
# name 5 = flECO-AFL: Fluorescence, WET Labs ECO-AFL/FL [mg/m^3]
# name 6 = nbf: Bottles Fired
# name 7 = timeS: Time, Elapsed [seconds]
# name 8 = timeJ: Julian Days
# name 9 = density00: Density [density, kg/m^3]
# name 10 = depSM: Depth [salt water, m], lat = 0.00
# name 11 = dz/dtM: Descent Rate [m/s]
# name 12 = flag:  0.000e+00
# span 0 =      0.122,      2.846                 
# span 1 =    28.2157,    30.3061                 
# span 2 =   0.000542,   0.018532                 
# span 3 =     0.0137,     0.0835                 
# span 4 =     0.6727,     6.9000                 
# span 5 =    -0.1097,     2.1357                 
# span 6 =          0,          0                 
# span 7 =      0.000,     82.500                 
# span 8 =  34.275243,  34.276198                 
# span 9 =   995.6228,   996.1855                 
# span 10 =      0.121,      2.831                
# span 11 =     -0.521,      0.243                
# span 12 = 0.0000e+00, 0.0000e+00                
# interval = seconds: 0.25
# start_time = Feb 03 2018 06:36:21 [Instrument's time stamp, header]
# bad_flag = -9.990e-29
*END*
      0.240    28.2274   0.000622     0.0138     3.6068    -0.0944          0      0.000  34.275243   996.1819      0.239      0.000  0.000e+00
      0.251    28.2255   0.000604     0.0138     3.6302    -0.1097          0      0.250  34.275246   996.1824      0.250      0.003  0.000e+00
      0.273    28.2191   0.000584     0.0137     3.6490    -0.0952          0      0.500  34.275249   996.1843      0.271      0.011  0.000e+00
      0.327    28.2157   0.000575     0.0137     3.6679    -0.0960          0      0.750  34.275252   996.1855      0.325      0.031  0.000e+00
      0.381    28.4470   0.000542     0.0137     4.1533    -0.0883          0      1.000  34.275255   996.1193      0.379      0.060  0.000e+00
      0.467    28.9296   0.000548     0.0138     6.4033    -0.0937          0      1.250  34.275258   995.9797      0.465      0.102  0.000e+00
      0.543    29.3056   0.000625     0.0141     5.4099    -0.0914          0      1.500  34.275260   995.8696      0.540      0.150  0.000e+00
      0.597    29.5442   0.003968     0.0253     4.0777    -0.0929          0      1.750  34.275263   995.8074      0.594      0.192  0.000e+00
      0.662    29.7086   0.009295     0.0459     3.7210     1.1080          0      2.000  34.275266   995.7740      0.658      0.227  0.000e+00
      0.694    29.8297   0.008299     0.0419     3.3862     1.0950          0      2.250  34.275269   995.7348      0.690      0.243  0.000e+00
      0.716    29.9088   0.011145     0.0532     4.8063     1.0965          0      2.500  34.275272   995.7197      0.712      0.238  0.000e+00
      0.759    29.9611   0.018532     0.0835     3.4581     1.0973          0      2.750  34.275275   995.7268      0.755      0.221  0.000e+00
      0.781    30.0024   0.018520     0.0834     2.8086     1.6039          0      3.000  34.275278   995.7144      0.776      0.195  0.000e+00
      0.781    30.0390   0.018523     0.0833     2.5715     1.6016          0      3.250  34.275281   995.7033      0.776      0.156  0.000e+00
      0.813    30.0657   0.018493     0.0832     2.9956     1.6108          0      3.500  34.275284   995.6952      0.809      0.129  0.000e+00
      0.845    30.0918   0.018511     0.0832     3.2433     1.6123          0      3.750  34.275286   995.6875      0.841      0.112  0.000e+00
      0.878    30.1228   0.018502     0.0831     3.3105     1.6123          0      4.000  34.275289   995.6782      0.873      0.102  0.000e+00
      0.921    30.1620   0.018499     0.0831     3.2080     1.6016          0      4.250  34.275292   995.6665      0.916      0.107  0.000e+00
      0.943    30.1953   0.018499     0.0830     3.1914     1.6016          0      4.500  34.275295   995.6564      0.938      0.110  0.000e+00
      0.954    30.2207   0.018490     0.0830     3.6887     1.6130          0      4.750  34.275298   995.6487      0.948      0.107  0.000e+00
      0.975    30.2356   0.018490     0.0830     3.8491     1.6008          0      5.000  34.275301   995.6443      0.970      0.109  0.000e+00
      1.008    30.2448   0.018499     0.0830     3.8793     1.5841          0      5.250  34.275304   995.6416      1.002      0.112  0.000e+00
      0.997    30.2558   0.018493     0.0829     3.8994     1.5818          0      5.500  34.275307   995.6382      0.992      0.097  0.000e+00
      0.997    30.2646   0.018475     0.0829     3.8808     1.5802          0      5.750  34.275310   995.6355      0.992      0.078  0.000e+00
      1.008    30.2705   0.018490     0.0829     3.8529     1.5841          0      6.000  34.275312   995.6337      1.002      0.061  0.000e+00
      1.008    30.2751   0.018484     0.0829     3.8539     1.5909          0      6.250  34.275315   995.6323      1.002      0.043  0.000e+00
      1.029    30.2783   0.018484     0.0829     3.8247     1.5879          0      6.500  34.275318   995.6314      1.024      0.038  0.000e+00
      1.029    30.2801   0.018484     0.0829     3.7583     1.5810          0      6.750  34.275321   995.6309      1.024      0.032  0.000e+00
      1.051    30.2806   0.018466     0.0828     3.7460     1.5871          0      7.000  34.275324   995.6308      1.045      0.030  0.000e+00
      1.051    30.2834   0.018440     0.0827     3.7434     1.5886          0      7.250  34.275327   995.6298      1.045      0.028  0.000e+00
      1.040    30.2879   0.018440     0.0827     3.7383     1.5848          0      7.500  34.275330   995.6284      1.035      0.030  0.000e+00
      1.030    30.2905   0.018457     0.0827     3.7434     1.5886          0      7.750  34.275333   995.6276      1.024      0.022  0.000e+00
      1.040    30.2920   0.018472     0.0828     3.7451     1.5856          0      8.000  34.275336   995.6272      1.035      0.016  0.000e+00
      1.030    30.2919   0.018419     0.0826     3.7539     1.5787          0      8.250  34.275339   995.6271      1.024      0.007  0.000e+00
      1.040    30.2889   0.018452     0.0827     3.7584     1.6123          0      8.500  34.275341   995.6281      1.035      0.000  0.000e+00
      1.040    30.2840   0.018422     0.0826     3.7787     1.6268          0      8.750  34.275344   995.6295      1.035     -0.002  0.000e+00
      1.040    30.2826   0.018413     0.0826     3.7876     1.6130          0      9.000  34.275347   995.6299      1.035     -0.005  0.000e+00
      1.030    30.2818   0.018425     0.0826     3.7863     1.6230          0      9.250  34.275350   995.6302      1.024     -0.004  0.000e+00
      1.040    30.2821   0.018425     0.0826     3.8057     1.5986          0      9.500  34.275353   995.6301      1.035      0.001  0.000e+00
      1.019    30.2829   0.018434     0.0827     3.8611     1.6031          0      9.750  34.275356   995.6298      1.013     -0.003  0.000e+00
      1.030    30.2844   0.018434     0.0827     3.8765     1.6001          0     10.000  34.275359   995.6294      1.024     -0.006  0.000e+00
      1.051    30.2857   0.018425     0.0826     3.8857     1.6054          0     10.250  34.275362   995.6291      1.045      0.001  0.000e+00
      1.030    30.2852   0.018431     0.0826     3.9083     1.6451          0     10.500  34.275365   995.6292      1.024     -0.003  0.000e+00
      1.040    30.2847   0.018422     0.0826     4.0534     1.6230          0     10.750  34.275367   995.6293      1.035     -0.000  0.000e+00
      1.051    30.2855   0.018425     0.0826     5.3686     1.6329          0     11.000  34.275370   995.6291      1.045      0.006  0.000e+00
      1.040    30.2866   0.018425     0.0826     5.5530     1.6283          0     11.250  34.275373   995.6288      1.035      0.008  0.000e+00
      1.029    30.2880   0.018425     0.0826     6.9000     1.6283          0     11.500  34.275376   995.6283      1.024      0.004  0.000e+00
      1.019    30.2901   0.018463     0.0828     6.5938     1.6275          0     11.750  34.275379   995.6277      1.013     -0.000  0.000e+00
      1.040    30.2917   0.018431     0.0826     6.3702     1.6359          0     12.000  34.275382   995.6272      1.035     -0.004  0.000e+00
      1.040    30.2905   0.018431     0.0826     5.8468     1.6314          0     12.250  34.275385   995.6276      1.035     -0.005  0.000e+00
      1.040    30.2909   0.018469     0.0828     5.2123     1.6214          0     12.500  34.275388   995.6276      1.035     -0.000  0.000e+00
      1.040    30.2931   0.018431     0.0826     4.8100     1.5818          0     12.750  34.275391   995.6268      1.035     -0.001  0.000e+00
      1.040    30.2961   0.018440     0.0827     4.0703     1.5886          0     13.000  34.275394   995.6259      1.035      0.000  0.000e+00
      1.040    30.2989   0.018434     0.0826     3.8617     1.5886          0     13.250  34.275396   995.6250      1.035      0.005  0.000e+00
      1.030    30.3023   0.018446     0.0827     3.0088     1.5848          0     13.500  34.275399   995.6240      1.024      0.004  0.000e+00
      1.051    30.3049   0.018440     0.0827     3.2381     1.6230          0     13.750  34.275402   995.6233      1.046      0.007  0.000e+00
      1.041    30.3061   0.018440     0.0826     1.6521     1.6123          0     14.000  34.275405   995.6229      1.035      0.001  0.000e+00
      1.041    30.3061   0.018419     0.0826     1.6120     1.6130          0     14.250  34.275408   995.6228      1.035      0.001  0.000e+00
      1.051    30.3038   0.018410     0.0825     1.5887     1.6298          0     14.500  34.275411   995.6235      1.046      0.004  0.000e+00
      1.030    30.2999   0.018407     0.0825     1.6018     1.6130          0     14.750  34.275414   995.6246      1.024      0.000  0.000e+00
      1.041    30.2983   0.018398     0.0825     1.7453     1.6253          0     15.000  34.275417   995.6251      1.035      0.000  0.000e+00
      1.030    30.2998   0.018401     0.0825     1.9233     1.6169          0     15.250  34.275420   995.6246      1.024     -0.003  0.000e+00
      1.041    30.3013   0.018410     0.0825     2.2051     1.6237          0     15.500  34.275422   995.6242      1.035     -0.002  0.000e+00
      1.041    30.3020   0.018401     0.0825     2.4113     1.5932          0     15.750  34.275425   995.6240      1.035     -0.005  0.000e+00
      1.062    30.3012   0.018407     0.0825     2.7257     1.5963          0     16.000  34.275428   995.6243      1.056      0.004  0.000e+00
      1.051    30.3000   0.018407     0.0825     2.6642     1.6031          0     16.250  34.275431   995.6247      1.046      0.007  0.000e+00
      1.062    30.2990   0.018410     0.0825     2.6278     1.5986          0     16.500  34.275434   995.6250      1.056      0.011  0.000e+00
      1.019    30.2990   0.018413     0.0825     2.5973     1.5986          0     16.750  34.275437   995.6248      1.013      0.006  0.000e+00
      1.030    30.3001   0.018419     0.0826     2.5757     1.6275          0     17.000  34.275440   995.6246      1.024     -0.001  0.000e+00
      1.030    30.3006   0.018425     0.0826     2.5573     1.6413          0     17.250  34.275443   995.6244      1.024     -0.005  0.000e+00
      1.041    30.3005   0.018428     0.0826     2.5522     1.6314          0     17.500  34.275446   995.6245      1.035     -0.009  0.000e+00
      1.041    30.2998   0.018434     0.0826     2.5428     1.6344          0     17.750  34.275448   995.6248      1.035     -0.009  0.000e+00
      1.041    30.2981   0.018440     0.0827     2.5422     1.6115          0     18.000  34.275451   995.6253      1.035     -0.010  0.000e+00
      1.041    30.2977   0.018440     0.0827     2.5441     1.6092          0     18.250  34.275454   995.6254      1.035     -0.004  0.000e+00
      1.051    30.2976   0.018434     0.0826     2.5460     1.6092          0     18.500  34.275457   995.6255      1.046      0.004  0.000e+00
      1.062    30.2979   0.018434     0.0826     2.5579     1.6031          0     18.750  34.275460   995.6254      1.056      0.017  0.000e+00
      1.051    30.2986   0.018434     0.0826     2.5559     1.5841          0     19.000  34.275463   995.6252      1.046      0.014  0.000e+00
      1.051    30.2995   0.018434     0.0826     2.5644     1.5924          0     19.250  34.275466   995.6249      1.046      0.012  0.000e+00
      1.030    30.3006   0.018434     0.0826     2.6027     1.5802          0     19.500  34.275469   995.6245      1.024      0.002  0.000e+00
      1.051    30.3015   0.018440     0.0827     2.6150     1.5787          0     19.750  34.275472   995.6243      1.046      0.002  0.000e+00
      1.051    30.3023   0.018440     0.0827     2.6137     1.5764          0     20.000  34.275475   995.6241      1.046      0.001  0.000e+00
      1.041    30.3028   0.018434     0.0826     2.6049     1.5848          0     20.250  34.275477   995.6238      1.035     -0.003  0.000e+00
      1.051    30.3030   0.018434     0.0826     2.6397     1.5856          0     20.500  34.275480   995.6238      1.046     -0.004  0.000e+00
      1.041    30.3037   0.018452     0.0827     5.9875     1.5871          0     20.750  34.275483   995.6236      1.035     -0.006  0.000e+00
      1.040    30.3035   0.018431     0.0826     4.4111     1.5917          0     21.000  34.275486   995.6236      1.035     -0.003  0.000e+00
      1.040    30.3030   0.018428     0.0826     3.2459     1.5986          0     21.250  34.275489   995.6237      1.035     -0.002  0.000e+00
      1.040    30.3019   0.018431     0.0826     2.8491     1.5902          0     21.500  34.275492   995.6241      1.035     -0.001  0.000e+00
      1.040    30.3008   0.018431     0.0826     2.7485     1.5940          0     21.750  34.275495   995.6244      1.035     -0.006  0.000e+00
      1.040    30.3005   0.018425     0.0826     2.5005     1.5886          0     22.000  34.275498   995.6245      1.035     -0.004  0.000e+00
      1.041    30.3008   0.018422     0.0826     2.8569     1.6169          0     22.250  34.275501   995.6244      1.035     -0.002  0.000e+00
      1.062    30.3012   0.018425     0.0826     2.7378     1.6230          0     22.500  34.275503   995.6244      1.056      0.003  0.000e+00
      1.051    30.3018   0.018425     0.0826     2.7932     1.6230          0     22.750  34.275506   995.6242      1.046      0.007  0.000e+00
      1.041    30.3018   0.018425     0.0826     3.3705     1.6245          0     23.000  34.275509   995.6241      1.035      0.005  0.000e+00
      1.051    30.3020   0.018428     0.0826     3.8668     1.6390          0     23.250  34.275512   995.6241      1.046      0.006  0.000e+00
      1.051    30.3025   0.018434     0.0826     3.4660     1.6298          0     23.500  34.275515   995.6240      1.046      0.006  0.000e+00
      1.041    30.3027   0.018425     0.0826     3.0030     1.6344          0     23.750  34.275518   995.6238      1.035      0.002  0.000e+00
      1.041    30.3027   0.018425     0.0826     2.7332     1.6375          0     24.000  34.275521   995.6238      1.035     -0.001  0.000e+00
      1.041    30.3028   0.018416     0.0826     2.5606     1.6428          0     24.250  34.275524   995.6238      1.035     -0.005  0.000e+00
      1.041    30.3025   0.018425     0.0826     2.6039     1.5955          0     24.500  34.275527   995.6239      1.035     -0.009  0.000e+00
      1.051    30.3025   0.018419     0.0826     2.5716     1.5970          0     24.750  34.275530   995.6239      1.046     -0.002  0.000e+00
      1.051    30.3027   0.018419     0.0826     3.5237     1.5986          0     25.000  34.275532   995.6239      1.046      0.001  0.000e+00
      1.041    30.3027   0.018416     0.0826     3.3175     1.5963          0     25.250  34.275535   995.6238      1.035     -0.001  0.000e+00
      1.051    30.3025   0.018413     0.0825     1.4496     1.5902          0     25.500  34.275538   995.6239      1.046      0.002  0.000e+00
      1.062    30.3022   0.018413     0.0825     1.4777     1.5978          0     25.750  34.275541   995.6241      1.056      0.009  0.000e+00
      1.041    30.3021   0.018404     0.0825     1.3983     1.6016          0     26.000  34.275544   995.6240      1.035      0.005  0.000e+00
      1.019    30.3004   0.018398     0.0825     1.3381     1.5955          0     26.250  34.275547   995.6244      1.013     -0.004  0.000e+00
      1.041    30.2975   0.018398     0.0825     1.3519     1.6008          0     26.500  34.275550   995.6254      1.035     -0.006  0.000e+00
      1.062    30.2935   0.018380     0.0824     1.4336     1.5917          0     26.750  34.275553   995.6266      1.056     -0.003  0.000e+00
      1.041    30.2889   0.018374     0.0824     1.5707     1.5932          0     27.000  34.275556   995.6279      1.035     -0.003  0.000e+00
      1.041    30.2837   0.018365     0.0824     1.9873     1.5963          0     27.250  34.275558   995.6294      1.035     -0.002  0.000e+00
      1.051    30.2793   0.018365     0.0824     2.3876     1.5917          0     27.500  34.275561   995.6308      1.046     -0.001  0.000e+00
