content/post/ctd_rufiji/SBE19plus_01906740_2018_02_13_0911.cnv
* Sea-Bird SBE19plus  Data File:
* FileName = C:\Users\all user\Desktop\CTD tafiri 2018\SBE19plus_01906740_2018_02_13_0911.hex
* Software version 2.6.3.104
* Temperature SN = 6740
* Conductivity SN = 6740
* System UpLoad Time = Feb 13 2018 14:02:24
* <ApplicationData>
* <Seaterm232>
# nquan = 13
# nvalues = 368                                   
# units = specified
# name 0 = prdM: Pressure, Strain Gauge [db]
# name 1 = tv290C: Temperature [ITS-90, deg C]
# name 2 = c0S/m: Conductivity [S/m]
# name 3 = sal00: Salinity, Practical [PSU]
# name 4 = sbeox0ML/L: Oxygen, SBE 43 [ml/l]
# name 5 = flECO-AFL: Fluorescence, WET Labs ECO-AFL/FL [mg/m^3]
# name 6 = nbf: Bottles Fired
# name 7 = timeS: Time, Elapsed [seconds]
# name 8 = timeJ: Julian Days
# name 9 = density00: Density [density, kg/m^3]
# name 10 = depSM: Depth [salt water, m], lat = 0.00
# name 11 = dz/dtM: Descent Rate [m/s]
# name 12 = flag:  0.000e+00
# span 0 =      0.114,      5.141                 
# span 1 =    29.1128,    30.3168                 
# span 2 =   0.000566,   0.019485                 
# span 3 =     0.0140,     0.0871                 
# span 4 =     0.1948,    11.4461                 
# span 5 =    -0.0784,     2.0990                 
# span 6 =          0,          0                 
# span 7 =      0.000,     91.750                 
# span 8 =  34.277512,  34.278573                 
# span 9 =   995.5886,   995.9251                 
# span 10 =      0.114,      5.113                
# span 11 =     -0.657,      0.319                
# span 12 = 0.0000e+00, 0.0000e+00                
# interval = seconds: 0.25
# start_time = Feb 03 2018 06:39:37 [Instrument's time stamp, header]
# bad_flag = -9.990e-29
*END*
[from data line 223]
      1.509    30.2079   0.019103     0.0855     2.0349     1.5459          0     55.750  34.278157   995.6570      1.500      0.241  0.000e+00
      1.584    30.2151   0.019100     0.0855     2.0405     1.5512          0     56.000  34.278160   995.6551      1.576      0.238  0.000e+00
      1.628    30.2219   0.019088     0.0854     2.0057     1.5955          0     56.250  34.278163   995.6532      1.619      0.235  0.000e+00
      1.671    30.2270   0.019079     0.0854     1.9921     1.5810          0     56.500  34.278166   995.6518      1.662      0.231  0.000e+00
      1.714    30.2294   0.019085     0.0854     1.9851     1.5894          0     56.750  34.278168   995.6513      1.705      0.236  0.000e+00
      1.746    30.2311   0.019079     0.0854     2.0125     1.5856          0     57.000  34.278171   995.6509      1.737      0.233  0.000e+00
      1.746    30.2336   0.019079     0.0854     2.0266     1.5833          0     57.250  34.278174   995.6501      1.737      0.209  0.000e+00
      1.757    30.2366   0.019079     0.0854     2.0417     1.5802          0     57.500  34.278177   995.6492      1.748      0.170  0.000e+00
      1.768    30.2386   0.019079     0.0854     2.0711     1.5841          0     57.750  34.278180   995.6487      1.758      0.125  0.000e+00
      1.822    30.2392   0.019079     0.0854     2.0894     1.5871          0     58.000  34.278183   995.6487      1.812      0.105  0.000e+00
      1.887    30.2389   0.019079     0.0854     2.1102     1.5886          0     58.250  34.278186   995.6491      1.877      0.107  0.000e+00
      1.973    30.2385   0.019079     0.0854     2.1154     1.6214          0     58.500  34.278189   995.6496      1.963      0.127  0.000e+00
      2.038    30.2381   0.019079     0.0854     2.1221     1.6207          0     58.750  34.278192   995.6501      2.027      0.155  0.000e+00
      2.114    30.2386   0.019079     0.0854     2.1230     1.6237          0     59.000  34.278194   995.6502      2.102      0.193  0.000e+00
      2.168    30.2422   0.019073     0.0854     2.1092     1.6214          0     59.250  34.278197   995.6494      2.156      0.230  0.000e+00
      2.233    30.2509   0.019070     0.0853     2.1128     1.6375          0     59.500  34.278200   995.6470      2.221      0.256  0.000e+00
      2.341    30.2575   0.019055     0.0853     2.1138     1.6367          0     59.750  34.278203   995.6454      2.328      0.282  0.000e+00
      2.406    30.2642   0.019040     0.0852     2.1130     1.6375          0     60.000  34.278206   995.6436      2.393      0.290  0.000e+00
      2.471    30.2723   0.019028     0.0851     2.1233     1.6298          0     60.250  34.278209   995.6414      2.457      0.290  0.000e+00
      2.525    30.2786   0.019016     0.0851     2.1336     1.5856          0     60.500  34.278212   995.6397      2.511      0.284  0.000e+00
      2.590    30.2844   0.019001     0.0850     2.1456     1.5886          0     60.750  34.278215   995.6381      2.576      0.281  0.000e+00
      2.622    30.2895   0.018986     0.0849     2.1423     1.5848          0     61.000  34.278218   995.6367      2.608      0.268  0.000e+00
      2.655    30.2932   0.018968     0.0849     2.1581     1.5825          0     61.250  34.278220   995.6356      2.640      0.249  0.000e+00
      2.763    30.2962   0.018953     0.0848     2.1694     1.5810          0     61.500  34.278223   995.6351      2.748      0.241  0.000e+00
      2.849    30.2979   0.018956     0.0848     2.1569     1.5741          0     61.750  34.278226   995.6350      2.834      0.238  0.000e+00
      2.914    30.2986   0.018941     0.0847     2.1748     1.5726          0     62.000  34.278229   995.6350      2.898      0.247  0.000e+00
      2.990    30.3009   0.018935     0.0847     2.1840     1.5688          0     62.250  34.278232   995.6346      2.974      0.260  0.000e+00
      3.066    30.3028   0.018935     0.0847     2.1984     1.5673          0     62.500  34.278235   995.6344      3.049      0.276  0.000e+00
      3.131    30.3041   0.018929     0.0847     2.1991     1.5360          0     62.750  34.278238   995.6343      3.113      0.288  0.000e+00
      3.185    30.3052   0.018941     0.0847     2.2326     1.5398          0     63.000  34.278241   995.6342      3.167      0.295  0.000e+00
      3.282    30.3061   0.018935     0.0847     2.2649     1.5345          0     63.250  34.278244   995.6344      3.264      0.299  0.000e+00
      3.358    30.3064   0.018935     0.0847     2.2948     1.5345          0     63.500  34.278247   995.6346      3.339      0.291  0.000e+00
      3.379    30.3074   0.018935     0.0847     2.3107     1.5490          0     63.750  34.278249   995.6344      3.361      0.277  0.000e+00
      3.390    30.3082   0.018935     0.0847     2.3297     1.5497          0     64.000  34.278252   995.6342      3.371      0.254  0.000e+00
      3.444    30.3084   0.018941     0.0847     2.3312     1.5520          0     64.250  34.278255   995.6344      3.425      0.231  0.000e+00
      3.509    30.3082   0.018935     0.0847     2.3436     1.5444          0     64.500  34.278258   995.6347      3.490      0.215  0.000e+00
      3.617    30.3083   0.018929     0.0847     2.3514     1.5589          0     64.750  34.278261   995.6352      3.597      0.218  0.000e+00
      3.682    30.3082   0.018929     0.0847     2.3306     1.5612          0     65.000  34.278264   995.6355      3.662      0.224  0.000e+00
      3.715    30.3086   0.018935     0.0847     2.3405     1.5589          0     65.250  34.278267   995.6355      3.694      0.220  0.000e+00
      3.725    30.3096   0.018935     0.0847     2.3275     1.5596          0     65.500  34.278270   995.6353      3.705      0.216  0.000e+00
      3.779    30.3107   0.018929     0.0847     2.3323     1.5612          0     65.750  34.278273   995.6352      3.759      0.221  0.000e+00
      3.833    30.3118   0.018929     0.0847     2.3410     1.5398          0     66.000  34.278275   995.6350      3.812      0.221  0.000e+00
      3.920    30.3120   0.018929     0.0847     2.3428     1.5322          0     66.250  34.278278   995.6354      3.898      0.216  0.000e+00
      4.006    30.3124   0.018929     0.0847     2.3371     1.5383          0     66.500  34.278281   995.6357      3.984      0.218  0.000e+00
      4.060    30.3120   0.018920     0.0846     2.3309     1.5291          0     66.750  34.278284   995.6360      4.038      0.218  0.000e+00
      4.147    30.3121   0.018929     0.0847     2.3240     1.5978          0     67.000  34.278287   995.6364      4.124      0.240  0.000e+00
      4.201    30.3123   0.018929     0.0847     2.3168     1.5963          0     67.250  34.278290   995.6366      4.178      0.263  0.000e+00
      4.266    30.3120   0.018923     0.0846     2.3063     1.5978          0     67.500  34.278293   995.6369      4.242      0.280  0.000e+00
      4.341    30.3117   0.018923     0.0846     2.2979     1.6008          0     67.750  34.278296   995.6373      4.318      0.283  0.000e+00
      4.385    30.3115   0.018923     0.0846     2.2917     1.6474          0     68.000  34.278299   995.6376      4.361      0.275  0.000e+00
      4.536    30.3115   0.018917     0.0846     2.2772     1.6459          0     68.250  34.278302   995.6382      4.511      0.285  0.000e+00
      4.579    30.3112   0.018914     0.0846     2.2724     1.6451          0     68.500  34.278304   995.6385      4.554      0.289  0.000e+00
      4.687    30.3109   0.018920     0.0846     2.2547     1.6466          0     68.750  34.278307   995.6391      4.662      0.306  0.000e+00
      4.741    30.3109   0.018920     0.0846     2.2257     1.6291          0     69.000  34.278310   995.6394      4.715      0.311  0.000e+00
      4.817    30.3113   0.018917     0.0846     2.2175     1.6382          0     69.250  34.278313   995.6396      4.791      0.319  0.000e+00
      4.871    30.3118   0.018920     0.0846     2.2057     1.6367          0     69.500  34.278316   995.6396      4.844      0.314  0.000e+00
      4.947    30.3124   0.018920     0.0846     2.2016     1.6375          0     69.750  34.278319   995.6398      4.920      0.307  0.000e+00
      5.012    30.3125   0.018914     0.0846     2.1788     1.6428          0     70.000  34.278322   995.6401      4.984      0.297  0.000e+00
      5.044    30.3129   0.018923     0.0846     2.1741     1.6108          0     70.250  34.278325   995.6401      5.016      0.265  0.000e+00
      5.066    30.3144   0.018920     0.0846     2.1831     1.6115          0     70.500  34.278328   995.6397      5.038      0.246  0.000e+00
      5.066    30.3146   0.018908     0.0846     2.1945     1.6100          0     70.750  34.278330   995.6396      5.038      0.205  0.000e+00
      5.098    30.3140   0.018894     0.0845     2.2105     1.6161          0     71.000  34.278333   995.6399      5.070      0.177  0.000e+00
      5.098    30.3136   0.018888     0.0845     2.2083     1.5276          0     71.250  34.278336   995.6400      5.070      0.140  0.000e+00
      5.120    30.3138   0.018876     0.0844     2.2253     1.5184          0     71.500  34.278339   995.6400      5.092      0.110  0.000e+00
      5.109    30.3133   0.018876     0.0844     2.2458     1.5284          0     71.750  34.278342   995.6401      5.081      0.074  0.000e+00
      5.120    30.3134   0.018876     0.0844     2.2210     1.5215          0     72.000  34.278345   995.6401      5.092      0.051  0.000e+00
      5.120    30.3139   0.018870     0.0844     2.2171     1.5055          0     72.250  34.278348   995.6400      5.092      0.038  0.000e+00
      5.141    30.3146   0.018870     0.0844     2.2317     1.5039          0     72.500  34.278351   995.6399      5.113      0.035  0.000e+00
      5.131    30.3144   0.018876     0.0844     2.2551     1.4971          0     72.750  34.278354   995.6399      5.102      0.029  0.000e+00
      5.141    30.3132   0.018894     0.0845     2.2625     1.4971          0     73.000  34.278356   995.6403      5.113      0.022  0.000e+00
      5.131    30.3128   0.018888     0.0845     2.2615     1.4986          0     73.250  34.278359   995.6404      5.102      0.017  0.000e+00
      5.120    30.3129   0.018888     0.0845     2.2548     1.4986          0     73.500  34.278362   995.6403      5.092      0.008  0.000e+00
      5.120    30.3126   0.018888     0.0845     2.2529     1.4994          0     73.750  34.278365   995.6404      5.092      0.004  0.000e+00
      5.131    30.3118   0.018882     0.0845     2.2625     1.4971          0     74.000  34.278368   995.6407      5.102     -0.000  0.000e+00
      5.120    30.3101   0.018876     0.0844     2.2523     1.5001          0     74.250  34.278371   995.6412      5.092     -0.005  0.000e+00
      5.131    30.3078   0.018888     0.0845     2.2172     1.5100          0     74.500  34.278374   995.6419      5.102     -0.007  0.000e+00
      5.131    30.3061   0.018888     0.0845     2.1915     1.5093          0     74.750  34.278377   995.6425      5.102     -0.003  0.000e+00
      5.141    30.3044   0.018888     0.0845     2.1856     1.5169          0     75.000  34.278380   995.6430      5.113      0.001  0.000e+00
      5.141    30.3033   0.018882     0.0845     2.1936     1.5139          0     75.250  34.278383   995.6433      5.113      0.009  0.000e+00
      5.120    30.3027   0.018882     0.0845     2.1832     1.5154          0     75.500  34.278385   995.6434      5.092      0.006  0.000e+00
      5.109    30.3020   0.018876     0.0845     2.1819     1.5184          0     75.750  34.278388   995.6436      5.081     -0.001  0.000e+00
      5.131    30.3012   0.018882     0.0845     2.1630     1.5062          0     76.000  34.278391   995.6439      5.102     -0.003  0.000e+00
      5.120    30.3005   0.018882     0.0845     2.1589     1.5116          0     76.250  34.278394   995.6441      5.092     -0.004  0.000e+00
      5.131    30.2999   0.018882     0.0845     2.1539     1.5329          0     76.500  34.278397   995.6443      5.102     -0.006  0.000e+00
      5.141    30.2994   0.018894     0.0845     2.1508     1.5368          0     76.750  34.278400   995.6446      5.113     -0.001  0.000e+00
      5.044    30.2939   0.018911     0.0846     2.0911     1.5383          0     77.000  34.278403   995.6459      5.016     -0.024  0.000e+00
      4.915    30.2520   0.018902     0.0846     2.0759     1.5390          0     77.250  34.278406   995.6581      4.887     -0.071  0.000e+00
      4.687    30.2146   0.018888     0.0846     2.0879     1.5352          0     77.500  34.278409   995.6684      4.662     -0.164  0.000e+00
      4.515    30.2071   0.018888     0.0846     2.1255     1.5062          0     77.750  34.278411   995.6699      4.490     -0.280  0.000e+00
      4.374    30.2169   0.018888     0.0846     2.1729     1.4956          0     78.000  34.278414   995.6663      4.350     -0.397  0.000e+00
      4.374    30.2301   0.018882     0.0846     2.2122     1.4986          0     78.250  34.278417   995.6623      4.350     -0.458  0.000e+00
      4.395    30.2445   0.018864     0.0845     2.2628     1.5017          0     78.500  34.278420   995.6579      4.371     -0.466  0.000e+00
      4.396    30.2584   0.018855     0.0844     2.3193     1.5207          0     78.750  34.278423   995.6537      4.371     -0.422  0.000e+00
      4.417    30.2707   0.018852     0.0844     2.3579     1.5230          0     79.000  34.278426   995.6500      4.393     -0.319  0.000e+00
      4.406    30.2817   0.018837     0.0843     2.3650     1.5200          0     79.250  34.278429   995.6465      4.382     -0.204  0.000e+00
      4.395    30.2910   0.018831     0.0843     2.3738     1.5230          0     79.500  34.278432   995.6436      4.371     -0.092  0.000e+00
      4.320    30.2984   0.018828     0.0843     2.3475     1.5108          0     79.750  34.278435   995.6410      4.296     -0.042  0.000e+00
      4.115    30.3044   0.018819     0.0842     2.3150     1.5093          0     80.000  34.278438   995.6382      4.092     -0.079  0.000e+00
      3.887    30.3089   0.018816     0.0842     2.2973     1.5139          0     80.250  34.278440   995.6358      3.866     -0.197  0.000e+00
      3.650    30.3111   0.018828     0.0842     2.2910     1.5116          0     80.500  34.278443   995.6341      3.630     -0.347  0.000e+00
      3.488    30.3128   0.018843     0.0843     2.2891     1.4849          0     80.750  34.278446   995.6330      3.468     -0.484  0.000e+00
      3.379    30.3142   0.018858     0.0844     2.3045     1.4811          0     81.000  34.278449   995.6321      3.361     -0.589  0.000e+00
      3.271    30.3157   0.018849     0.0843     2.3226     1.4818          0     81.250  34.278452   995.6311      3.253     -0.648  0.000e+00
      3.185    30.3168   0.018855     0.0844     2.3545     1.4841          0     81.500  34.278455   995.6304      3.167     -0.657  0.000e+00
      3.131    30.3163   0.018843     0.0843     2.3708     1.4826          0     81.750  34.278458   995.6303      3.113     -0.603  0.000e+00
      3.120    30.3116   0.018864     0.0844     2.3705     1.5230          0     82.000  34.278461   995.6317      3.103     -0.493  0.000e+00
      3.044    30.3042   0.018864     0.0844     2.3824     1.5261          0     82.250  34.278464   995.6337      3.027     -0.391  0.000e+00
      2.904    30.2932   0.018864     0.0844     2.3839     1.5284          0     82.500  34.278466   995.6364      2.888     -0.332  0.000e+00
      2.709    30.2727   0.018861     0.0844     2.3873     1.5245          0     82.750  34.278469   995.6418      2.694     -0.337  0.000e+00
      2.504    30.2504   0.018864     0.0845     2.3716     1.4894          0     83.000  34.278472   995.6477      2.490     -0.389  0.000e+00
