content/post/ctd_rufiji/SBE19plus_01906740_2018_02_13_0912.cnv
* Sea-Bird SBE19plus  Data File:
* FileName = C:\Users\all user\Desktop\CTD tafiri 2018\SBE19plus_01906740_2018_02_13_0912.hex
* Software version 2.6.3.104
* Temperature SN = 6740
* Conductivity SN = 6740
* System UpLoad Time = Feb 13 2018 14:02:35
* <ApplicationData>
* <Seaterm232>
# nquan = 13
# nvalues = 429                                   
# units = specified
# name 0 = prdM: Pressure, Strain Gauge [db]
# name 1 = tv290C: Temperature [ITS-90, deg C]
# name 2 = c0S/m: Conductivity [S/m]
# name 3 = sal00: Salinity, Practical [PSU]
# name 4 = sbeox0ML/L: Oxygen, SBE 43 [ml/l]
# name 5 = flECO-AFL: Fluorescence, WET Labs ECO-AFL/FL [mg/m^3]
# name 6 = nbf: Bottles Fired
# name 7 = timeS: Time, Elapsed [seconds]
# name 8 = timeJ: Julian Days
# name 9 = density00: Density [density, kg/m^3]
# name 10 = depSM: Depth [salt water, m], lat = 0.00
# name 11 = dz/dtM: Descent Rate [m/s]
# name 12 = flag:  0.000e+00
# span 0 =      0.093,      7.574                 
# span 1 =    26.3285,    30.9255                 
# span 2 =   0.000557,   0.014996                 
# span 3 =     0.0133,     0.0685                 
# span 4 =     0.8256,     8.6442                 
# span 5 =    -0.0609,     1.6291                 
# span 6 =          0,          0                 
# span 7 =      0.000,    107.000                 
# span 8 =  34.282269,  34.283507                 
# span 9 =   995.3880,   996.7089                 
# span 10 =      0.092,      7.533                
# span 11 =     -0.590,      0.373                
# span 12 = 0.0000e+00, 0.0000e+00                
# interval = seconds: 0.25
# start_time = Feb 03 2018 06:46:28 [Instrument's time stamp, header]
# bad_flag = -9.990e-29
*END*
[from data line 112]
      1.002    30.7212   0.014343     0.0654     3.6938     1.4353          0     28.000  34.282593   995.4825      0.997     -0.002  0.000e+00
      1.002    30.7126   0.014337     0.0654     2.2375     1.4452          0     28.250  34.282595   995.4852      0.997     -0.003  0.000e+00
      1.002    30.7058   0.014331     0.0654     1.8791     1.4444          0     28.500  34.282598   995.4873      0.997     -0.001  0.000e+00
      0.980    30.6999   0.014326     0.0654     1.5432     1.4536          0     28.750  34.282601   995.4889      0.975     -0.001  0.000e+00
      0.991    30.6953   0.014317     0.0654     1.2914     1.4650          0     29.000  34.282604   995.4904      0.986      0.001  0.000e+00
      0.991    30.6913   0.014308     0.0653     1.3126     1.4719          0     29.250  34.282607   995.4916      0.986     -0.001  0.000e+00
      1.013    30.6884   0.014308     0.0653     1.4667     1.4589          0     29.500  34.282610   995.4926      1.007     -0.000  0.000e+00
      1.002    30.6867   0.014308     0.0653     1.7095     1.4612          0     29.750  34.282613   995.4931      0.997      0.003  0.000e+00
      1.024    30.6846   0.014305     0.0653     1.9955     1.4605          0     30.000  34.282616   995.4938      1.018      0.008  0.000e+00
      1.002    30.6811   0.014308     0.0653     2.2981     1.4612          0     30.250  34.282619   995.4948      0.997      0.009  0.000e+00
      1.013    30.6758   0.014308     0.0653     2.3132     1.4597          0     30.500  34.282622   995.4965      1.007      0.012  0.000e+00
      1.013    30.6698   0.014311     0.0654     2.3148     1.4650          0     30.750  34.282624   995.4984      1.007      0.015  0.000e+00
      1.013    30.6640   0.014299     0.0653     2.3127     1.4696          0     31.000  34.282627   995.5001      1.007      0.010  0.000e+00
      1.002    30.6590   0.014299     0.0653     2.3022     1.4605          0     31.250  34.282630   995.5016      0.997      0.004  0.000e+00
      1.002    30.6537   0.014299     0.0653     2.2890     1.4681          0     31.500  34.282633   995.5032      0.997     -0.004  0.000e+00
      1.002    30.6486   0.014293     0.0653     2.2834     1.4750          0     31.750  34.282636   995.5048      0.996     -0.004  0.000e+00
      0.991    30.6432   0.014287     0.0653     2.2530     1.4666          0     32.000  34.282639   995.5064      0.986     -0.011  0.000e+00
      1.002    30.6379   0.014287     0.0653     2.2593     1.4597          0     32.250  34.282642   995.5081      0.997     -0.006  0.000e+00
      1.013    30.6320   0.014281     0.0653     2.5585     1.4650          0     32.500  34.282645   995.5099      1.007     -0.005  0.000e+00
      1.013    30.6268   0.014281     0.0653     3.6888     1.4612          0     32.750  34.282648   995.5115      1.007     -0.001  0.000e+00
      1.002    30.6219   0.014272     0.0652     5.4363     1.4704          0     33.000  34.282650   995.5129      0.996      0.001  0.000e+00
      0.991    30.6182   0.014254     0.0652     5.9046     1.4917          0     33.250  34.282653   995.5140      0.986     -0.000  0.000e+00
      1.013    30.6153   0.014263     0.0652     2.4505     1.4734          0     33.500  34.282656   995.5150      1.007      0.003  0.000e+00
      1.013    30.6119   0.014266     0.0652     2.2050     1.4757          0     33.750  34.282659   995.5160      1.007      0.005  0.000e+00
      1.013    30.6070   0.014272     0.0653     1.8403     1.4704          0     34.000  34.282662   995.5176      1.007      0.006  0.000e+00
      1.002    30.6012   0.014275     0.0653     1.4583     1.4757          0     34.250  34.282665   995.5193      0.996      0.001  0.000e+00
      1.002    30.5951   0.014260     0.0652     1.0923     1.4780          0     34.500  34.282668   995.5212      0.996     -0.002  0.000e+00
      1.013    30.5898   0.014266     0.0653     0.8256     1.4818          0     34.750  34.282671   995.5229      1.007      0.001  0.000e+00
      1.013    30.5848   0.014248     0.0652     0.8741     1.4582          0     35.000  34.282674   995.5243      1.007      0.005  0.000e+00
      1.002    30.5810   0.014251     0.0652     1.4079     1.4399          0     35.250  34.282677   995.5255      0.996      0.002  0.000e+00
      1.023    30.5783   0.014245     0.0652     2.1283     1.4444          0     35.500  34.282679   995.5264      1.018      0.001  0.000e+00
      1.034    30.5749   0.014245     0.0652     2.0381     1.4498          0     35.750  34.282682   995.5275      1.029      0.009  0.000e+00
      1.023    30.5706   0.014254     0.0652     2.0348     1.4780          0     36.000  34.282685   995.5288      1.018      0.011  0.000e+00
      1.023    30.5661   0.014245     0.0652     3.2760     1.4757          0     36.250  34.282688   995.5302      1.018      0.014  0.000e+00
      1.023    30.5611   0.014248     0.0652     3.3607     1.4757          0     36.500  34.282691   995.5317      1.018      0.011  0.000e+00
      1.034    30.5563   0.014248     0.0652     3.1532     1.4734          0     36.750  34.282694   995.5332      1.029      0.011  0.000e+00
      1.023    30.5515   0.014251     0.0652     2.9915     1.4734          0     37.000  34.282697   995.5347      1.018      0.009  0.000e+00
      1.023    30.5467   0.014245     0.0652     2.8351     1.4582          0     37.250  34.282700   995.5361      1.018      0.006  0.000e+00
      1.034    30.5413   0.014254     0.0652     2.6976     1.4597          0     37.500  34.282703   995.5378      1.029      0.001  0.000e+00
      1.023    30.5358   0.014248     0.0652     2.5280     1.4620          0     37.750  34.282705   995.5395      1.018     -0.001  0.000e+00
      1.013    30.5302   0.014257     0.0653     2.3570     1.4566          0     38.000  34.282708   995.5412      1.007     -0.002  0.000e+00
      1.023    30.5256   0.014248     0.0652     2.4320     1.4330          0     38.250  34.282711   995.5426      1.018     -0.003  0.000e+00
      1.013    30.5211   0.014239     0.0652     2.4592     1.4277          0     38.500  34.282714   995.5439      1.007     -0.007  0.000e+00
      1.023    30.5175   0.014233     0.0652     2.1445     1.4368          0     38.750  34.282717   995.5450      1.018     -0.007  0.000e+00
      1.002    30.5149   0.014233     0.0652     2.0585     1.4368          0     39.000  34.282720   995.5458      0.996     -0.009  0.000e+00
      1.013    30.5127   0.014227     0.0652     1.9880     1.4513          0     39.250  34.282723   995.5465      1.007     -0.009  0.000e+00
      1.013    30.5109   0.014227     0.0652     1.8720     1.4429          0     39.500  34.282726   995.5470      1.007     -0.009  0.000e+00
      1.013    30.5084   0.014227     0.0652     1.7656     1.4544          0     39.750  34.282729   995.5478      1.007     -0.005  0.000e+00
      1.012    30.5050   0.014227     0.0652     1.8191     1.4467          0     40.000  34.282731   995.5488      1.007     -0.003  0.000e+00
      1.012    30.5009   0.014233     0.0652     1.8593     1.4597          0     40.250  34.282734   995.5501      1.007     -0.004  0.000e+00
      1.023    30.4961   0.014233     0.0652     2.0600     1.4483          0     40.500  34.282737   995.5516      1.018      0.002  0.000e+00
      1.013    30.4918   0.014227     0.0652     2.2248     1.4559          0     40.750  34.282740   995.5529      1.007      0.001  0.000e+00
      1.013    30.4875   0.014227     0.0652     2.2812     1.4429          0     41.000  34.282743   995.5542      1.007      0.004  0.000e+00
      1.045    30.4839   0.014227     0.0652     2.3058     1.4475          0     41.250  34.282746   995.5555      1.039      0.009  0.000e+00
      1.023    30.4807   0.014227     0.0652     2.2965     1.4772          0     41.500  34.282749   995.5563      1.018      0.009  0.000e+00
      1.013    30.4782   0.014218     0.0652     2.2699     1.4689          0     41.750  34.282752   995.5570      1.007      0.006  0.000e+00
      1.023    30.4751   0.014218     0.0652     2.2166     1.4727          0     42.000  34.282755   995.5580      1.018      0.005  0.000e+00
      1.012    30.4723   0.014218     0.0652     2.1443     1.4696          0     42.250  34.282758   995.5588      1.007      0.001  0.000e+00
      1.002    30.4699   0.014209     0.0651     2.1978     1.4612          0     42.500  34.282760   995.5595      0.996     -0.007  0.000e+00
      1.002    30.4679   0.014218     0.0652     2.0880     1.4490          0     42.750  34.282763   995.5601      0.996     -0.009  0.000e+00
      1.012    30.4651   0.014218     0.0652     2.2101     1.4528          0     43.000  34.282766   995.5610      1.007     -0.012  0.000e+00
      1.002    30.4612   0.014221     0.0652     2.1650     1.4566          0     43.250  34.282769   995.5622      0.996     -0.017  0.000e+00
      1.023    30.4565   0.014227     0.0652     2.1538     1.4612          0     43.500  34.282772   995.5637      1.018     -0.004  0.000e+00
      1.002    30.4519   0.014233     0.0652     2.2673     1.4612          0     43.750  34.282775   995.5651      0.996     -0.004  0.000e+00
      1.012    30.4477   0.014239     0.0653     2.1790     1.4582          0     44.000  34.282778   995.5664      1.007     -0.002  0.000e+00
      1.002    30.4434   0.014233     0.0653     2.2866     1.4627          0     44.250  34.282781   995.5677      0.996 -5.709e-11  0.000e+00
      1.034    30.4398   0.014227     0.0652     2.1316     1.4544          0     44.500  34.282784   995.5689      1.028      0.009  0.000e+00
      0.991    30.4363   0.014218     0.0652     2.1279     1.4681          0     44.750  34.282786   995.5698      0.985      0.001  0.000e+00
      0.980    30.4340   0.014221     0.0652     2.1143     1.4643          0     45.000  34.282789   995.5704      0.975     -0.009  0.000e+00
      1.002    30.4323   0.014212     0.0652     2.0773     1.4704          0     45.250  34.282792   995.5710      0.996     -0.009  0.000e+00
      1.002    30.4307   0.014212     0.0652     2.0754     1.4574          0     45.500  34.282795   995.5715      0.996     -0.011  0.000e+00
      1.023    30.4283   0.014221     0.0652     2.0912     1.4467          0     45.750  34.282798   995.5724      1.018     -0.000  0.000e+00
      1.012    30.4256   0.014227     0.0652     2.1108     1.4521          0     46.000  34.282801   995.5732      1.007      0.001  0.000e+00
      1.012    30.4217   0.014218     0.0652     2.1502     1.4589          0     46.250  34.282804   995.5744      1.007      0.004  0.000e+00
      1.023    30.4183   0.014227     0.0653     2.1380     1.4498          0     46.500  34.282807   995.5755      1.018      0.007  0.000e+00
      1.012    30.4150   0.014221     0.0652     2.1743     1.4368          0     46.750  34.282810   995.5764      1.007      0.017  0.000e+00
      1.002    30.4124   0.014218     0.0652     2.0472     1.4406          0     47.000  34.282812   995.5771      0.996      0.010  0.000e+00
      1.002    30.4104   0.014218     0.0652     2.0531     1.4460          0     47.250  34.282815   995.5778      0.996     -0.001  0.000e+00
      0.980    30.4090   0.014212     0.0652     2.0561     1.4414          0     47.500  34.282818   995.5781      0.975     -0.011  0.000e+00
      1.013    30.4082   0.014209     0.0652     2.1923     1.4498          0     47.750  34.282821   995.5785      1.007     -0.012  0.000e+00
      1.013    30.4069   0.014212     0.0652     2.1223     1.4498          0     48.000  34.282824   995.5789      1.007     -0.006  0.000e+00
      1.013    30.4050   0.014212     0.0652     2.0988     1.4612          0     48.250  34.282827   995.5794      1.007     -0.004  0.000e+00
      1.013    30.4023   0.014227     0.0653     2.1780     1.4444          0     48.500  34.282830   995.5803      1.007     -0.001  0.000e+00
      1.023    30.3988   0.014227     0.0653     2.1236     1.4483          0     48.750  34.282833   995.5814      1.018      0.009  0.000e+00
      1.034    30.3957   0.014233     0.0653     2.0705     1.4353          0     49.000  34.282836   995.5825      1.029      0.017  0.000e+00
      1.067    30.3925   0.014218     0.0652     2.0715     1.4383          0     49.250  34.282839   995.5835      1.061      0.030  0.000e+00
      1.077    30.3913   0.014197     0.0652     2.0424     1.4269          0     49.500  34.282841   995.5839      1.071      0.040  0.000e+00
      1.077    30.3948   0.014233     0.0653     2.0245     1.4414          0     49.750  34.282844   995.5829      1.071      0.039  0.000e+00
      1.034    30.4072   0.014254     0.0654     2.0983     1.4566          0     50.000  34.282847   995.5790      1.028      0.030  0.000e+00
      1.045    30.4235   0.014260     0.0654     2.1068     1.4490          0     50.250  34.282850   995.5741      1.039      0.023  0.000e+00
      1.099    30.4421   0.014269     0.0654     2.0769     1.4620          0     50.500  34.282853   995.5686      1.093      0.028  0.000e+00
      1.142    30.4695   0.014266     0.0654     2.1321     1.4429          0     50.750  34.282856   995.5604      1.136      0.039  0.000e+00
      1.175    30.4829   0.014272     0.0654     2.1250     1.5100          0     51.000  34.282859   995.5565      1.168      0.053  0.000e+00
      1.207    30.4786   0.014275     0.0654     2.1304     1.5131          0     51.250  34.282862   995.5579      1.200      0.070  0.000e+00
      1.229    30.4705   0.014260     0.0653     2.0514     1.5024          0     51.500  34.282865   995.5605      1.222      0.091  0.000e+00
      1.250    30.4632   0.014266     0.0654     1.9355     1.5093          0     51.750  34.282867   995.5628      1.243      0.112  0.000e+00
      1.304    30.4609   0.014272     0.0654     1.9974     1.5245          0     52.000  34.282870   995.5638      1.297      0.135  0.000e+00
      1.358    30.4667   0.014263     0.0654     2.0145     1.5268          0     52.250  34.282873   995.5622      1.351      0.143  0.000e+00
      1.434    30.4792   0.014266     0.0654     1.9772     1.5169          0     52.500  34.282876   995.5587      1.426      0.153  0.000e+00
      1.466    30.4876   0.014266     0.0653     2.0463     1.5276          0     52.750  34.282879   995.5563      1.458      0.164  0.000e+00
      1.531    30.4851   0.014263     0.0653     2.0929     1.5169          0     53.000  34.282882   995.5573      1.523      0.182  0.000e+00
      1.607    30.4850   0.014272     0.0654     2.0116     1.5970          0     53.250  34.282885   995.5577      1.598      0.205  0.000e+00
      1.715    30.4935   0.014299     0.0655     2.0886     1.6024          0     53.500  34.282888   995.5557      1.706      0.239  0.000e+00
      1.834    30.5271   0.014346     0.0656     2.1620     1.5886          0     53.750  34.282891   995.5461      1.824      0.277  0.000e+00
      1.920    30.5652   0.014343     0.0656     2.1358     1.6031          0     54.000  34.282894   995.5347      1.910      0.306  0.000e+00
      2.007    30.5911   0.014314     0.0654     2.1124     1.5627          0     54.250  34.282896   995.5270      1.996      0.331  0.000e+00
      2.072    30.6306   0.014320     0.0654     2.1667     1.5612          0     54.500  34.282899   995.5152      2.060      0.345  0.000e+00
      2.147    30.6705   0.014337     0.0655     2.0860     1.5520          0     54.750  34.282902   995.5033      2.136      0.357  0.000e+00
      2.212    30.6948   0.014308     0.0653     2.0668     1.5574          0     55.000  34.282905   995.4959      2.200      0.349  0.000e+00
      2.256    30.7079   0.014326     0.0654     2.0185     1.5200          0     55.250  34.282908   995.4922      2.243      0.324  0.000e+00
