content/post/ctd_rufiji/SBE19plus_01906740_2018_02_13_0898.cnv
* Sea-Bird SBE19plus  Data File:
* FileName = C:\Users\all user\Desktop\CTD tafiri 2018\SBE19plus_01906740_2018_02_13_0898.hex
* Software version 2.6.3.104
* Temperature SN = 6740
* Conductivity SN = 6740
* System UpLoad Time = Feb 13 2018 14:00:11
* <ApplicationData>
* <Seaterm232>
# nquan = 13
# nvalues = 471                                   
# units = specified
# name 0 = prdM: Pressure, Strain Gauge [db]
# name 1 = tv290C: Temperature [ITS-90, deg C]
# name 2 = c0S/m: Conductivity [S/m]
# name 3 = sal00: Salinity, Practical [PSU]
# name 4 = sbeox0ML/L: Oxygen, SBE 43 [ml/l]
# name 5 = flECO-AFL: Fluorescence, WET Labs ECO-AFL/FL [mg/m^3]
# name 6 = nbf: Bottles Fired
# name 7 = timeS: Time, Elapsed [seconds]
# name 8 = timeJ: Julian Days
# name 9 = density00: Density [density, kg/m^3]
# name 10 = depSM: Depth [salt water, m], lat = 0.00
# name 11 = dz/dtM: Descent Rate [m/s]
# name 12 = flag:  0.000e+00
# span 0 =      0.095,      3.155                 
# span 1 =    28.5509,    31.1276                 
# span 2 =   0.069688,   1.599292                 
# span 3 =     0.3038,     8.2484                 
# span 4 =     0.2249,     6.1602                 
# span 5 =    -0.0616,     1.2110                 
# span 6 =          0,          0                 
# span 7 =      0.000,    117.500                 
# span 8 =  33.778102,  33.779462                 
# span 9 =   995.6887,  1001.4989                 
# span 10 =      0.094,      3.137                
# span 11 =     -0.443,      0.238                
# span 12 = 0.0000e+00, 0.0000e+00                
# interval = seconds: 0.25
# start_time = Feb 02 2018 18:40:28 [Instrument's time stamp, header]
# bad_flag = -9.990e-29
*END*
      0.333    28.5509   0.147065     0.6845     3.3357    -0.0357          0      0.000  33.778102   996.5931      0.331 -2.105e-16  0.000e+00
      0.452    29.2596   0.248027     1.1671     3.2274    -0.0456          0      0.250  33.778105   996.7470      0.450      0.032  0.000e+00
      0.485    29.7465   0.268187     1.2549     3.1917    -0.0403          0      0.500  33.778108   996.6672      0.482      0.064  0.000e+00
      0.528    30.0204   0.260556     1.2106     3.1879    -0.0418          0      0.750  33.778111   996.5515      0.525      0.098  0.000e+00
      0.560    30.1562   0.528258     2.5519     3.1584     0.5396          0      1.000  33.778113   997.5108      0.557      0.128  0.000e+00
      0.625    30.2430   0.569635     2.7606     3.1635     0.5495          0      1.250  33.778116   997.6398      0.622      0.159  0.000e+00
      0.658    30.3039   0.614485     2.9893     3.1735     0.5380          0      1.500  33.778119   997.7916      0.654      0.180  0.000e+00
      0.690    30.3407   0.626363     3.0488     3.2029     0.5480          0      1.750  33.778122   997.8246      0.686      0.188  0.000e+00
      0.733    30.3720   0.640340     3.1195     3.2105     1.1965          0      2.000  33.778125   997.8678      0.729      0.184  0.000e+00
      0.755    30.4237   0.641697     3.1233     3.2346     1.2033          0      2.250  33.778128   997.8548      0.751      0.159  0.000e+00
      0.777    30.4791   0.641648     3.1196     3.2436     1.1965          0      2.500  33.778131   997.8350      0.772      0.151  0.000e+00
      0.809    30.5240   0.642289     3.1201     3.2512     1.2110          0      2.750  33.778134   997.8216      0.805      0.141  0.000e+00
      0.809    30.5562   0.648794     3.1519     3.2558     1.1721          0      3.000  33.778137   997.8352      0.805      0.123  0.000e+00
      0.798    30.5798   0.657095     3.1934     3.2564     1.1606          0      3.250  33.778139   997.8588      0.794      0.095  0.000e+00
      0.831    30.6017   0.671453     3.2666     3.2604     1.1766          0      3.500  33.778142   997.9066      0.826      0.082  0.000e+00
      0.852    30.6182   0.682485     3.3229     3.2600     1.1660          0      3.750  33.778145   997.9434      0.848      0.071  0.000e+00
      0.874    30.6347   0.687152     3.3461     3.2710     1.1736          0      4.000  33.778148   997.9556      0.869      0.064  0.000e+00
      0.950    30.6518   0.687844     3.3485     3.2763     1.1873          0      4.250  33.778151   997.9524      0.945      0.079  0.000e+00
      0.982    30.6680   0.691378     3.3658     3.2881     1.1751          0      4.500  33.778154   997.9604      0.977      0.095  0.000e+00
      0.971    30.6792   0.691783     3.3672     3.3006     1.1934          0      4.750  33.778157   997.9579      0.966      0.101  0.000e+00
      0.971    30.6887   0.692044     3.3679     3.2963     1.1751          0      5.000  33.778160   997.9555      0.966      0.105  0.000e+00
      0.961    30.6989   0.694080     3.3778     3.2950     1.1805          0      5.250  33.778163   997.9596      0.955      0.095  0.000e+00
      0.982    30.7076   0.697356     3.3943     3.2918     1.1805          0      5.500  33.778166   997.9692      0.977      0.076  0.000e+00
      1.004    30.7148   0.698123     3.3978     3.2913     1.1827          0      5.750  33.778168   997.9697      0.999      0.063  0.000e+00
      1.004    30.7190   0.697813     3.3959     3.2958     1.1721          0      6.000  33.778171   997.9670      0.999      0.045  0.000e+00
      0.972    30.7195   0.698177     3.3977     3.3039     1.1843          0      6.250  33.778174   997.9680      0.966      0.015  0.000e+00
      0.972    30.7205   0.699170     3.4029     3.3110     1.1881          0      6.500  33.778177   997.9715      0.966      0.004  0.000e+00
      0.982    30.7212   0.700985     3.4122     3.3141     1.1866          0      6.750  33.778180   997.9783      0.977      0.006  0.000e+00
      0.982    30.7232   0.704279     3.4292     3.3207     1.1782          0      7.000  33.778183   997.9904      0.977      0.004  0.000e+00
      0.982    30.7286   0.706911     3.4426     3.3251     1.1538          0      7.250  33.778186   997.9986      0.977      0.001  0.000e+00
      0.982    30.7316   0.709637     3.4566     3.3134     1.1606          0      7.500  33.778189   998.0081      0.977     -0.006  0.000e+00
      0.993    30.7327   0.711931     3.4684     3.2986     1.1492          0      7.750  33.778192   998.0166      0.988     -0.005  0.000e+00
      1.015    30.7357   0.713775     3.4779     3.2933     1.1515          0      8.000  33.778194   998.0228      1.009      0.009  0.000e+00
      0.993    30.7383   0.714049     3.4791     3.2940     1.1621          0      8.250  33.778197   998.0228      0.988      0.016  0.000e+00
      1.026    30.7394   0.714773     3.4828     3.3000     1.1660          0      8.500  33.778200   998.0253      1.020      0.022  0.000e+00
      1.015    30.7408   0.716048     3.4893     3.3255     1.1621          0      8.750  33.778203   998.0297      1.009      0.021  0.000e+00
      0.983    30.7392   0.715956     3.4890     3.3409     1.1614          0      9.000  33.778206   998.0298      0.977      0.012  0.000e+00
      1.015    30.7370   0.715405     3.4863     3.3632     1.1667          0      9.250  33.778209   998.0286      1.009      0.012  0.000e+00
      0.983    30.7347   0.715143     3.4850     3.3815     1.1789          0      9.500  33.778212   998.0283      0.977      0.002  0.000e+00
      1.004    30.7309   0.714757     3.4833     3.3941     1.1805          0      9.750  33.778215   998.0283      0.999     -0.004  0.000e+00
      1.026    30.7278   0.714056     3.4799     3.4046     1.1873          0     10.000  33.778218   998.0268      1.020     -0.001  0.000e+00
      1.004    30.7276   0.713563     3.4773     3.3888     1.1827          0     10.250  33.778220   998.0248      0.999      0.002  0.000e+00
      1.004    30.7293   0.713513     3.4769     3.3802     1.1911          0     10.500  33.778223   998.0240      0.999     -0.003  0.000e+00
      0.983    30.7277   0.713232     3.4756     3.3422     1.1919          0     10.750  33.778226   998.0234      0.977     -0.003  0.000e+00
      1.015    30.7240   0.713459     3.4770     3.3004     1.1965          0     11.000  33.778229   998.0258      1.010      0.005  0.000e+00
      1.037    30.7215   0.713706     3.4785     3.2600     1.1919          0     11.250  33.778232   998.0277      1.031      0.008  0.000e+00
      1.037    30.7249   0.715405     3.4871     3.1981     1.1675          0     11.500  33.778235   998.0331      1.031      0.018  0.000e+00
      1.015    30.7331   0.717359     3.4967     3.1215     1.1621          0     11.750  33.778238   998.0376      1.009      0.010  0.000e+00
      0.993    30.7369   0.719171     3.5059     3.0443     1.1667          0     12.000  33.778241   998.0431      0.988      0.001  0.000e+00
      1.004    30.7389   0.720182     3.5110     2.9699     1.1690          0     12.250  33.778244   998.0464      0.999      0.004  0.000e+00
      1.004    30.7432   0.721008     3.5150     2.9017     1.1728          0     12.500  33.778247   998.0480      0.999     -0.000  0.000e+00
      1.047    30.7488   0.721668     3.5181     2.8324     1.1850          0     12.750  33.778249   998.0487      1.042      0.008  0.000e+00
      1.047    30.7539   0.721599     3.5174     2.7831     1.1904          0     13.000  33.778252   998.0466      1.042      0.006  0.000e+00
      1.037    30.7559   0.720815     3.5131     2.7313     1.1766          0     13.250  33.778255   998.0428      1.031      0.007  0.000e+00
      1.015    30.7570   0.720109     3.5094     2.6947     1.1820          0     13.500  33.778258   998.0395      1.009      0.009  0.000e+00
      1.004    30.7588   0.718211     3.4994     2.6591     1.1950          0     13.750  33.778261   998.0315      0.999      0.009  0.000e+00
      1.015    30.7573   0.716642     3.4913     2.6278     1.1927          0     14.000  33.778264   998.0260      1.009      0.006  0.000e+00
      1.047    30.7558   0.718088     3.4989     2.6101     1.1934          0     14.250  33.778267   998.0323      1.041      0.006  0.000e+00
      1.047    30.7566   0.718203     3.4995     2.5803     1.1972          0     14.500  33.778270   998.0325      1.042      0.005  0.000e+00
      1.047    30.7600   0.719125     3.5040     2.5648     1.1690          0     14.750  33.778273   998.0348      1.041      0.001  0.000e+00
      1.026    30.7626   0.720375     3.5104     2.5398     1.1736          0     15.000  33.778275   998.0386      1.020      0.003  0.000e+00
      1.036    30.7644   0.720533     3.5111     2.5215     1.1705          0     15.250  33.778278   998.0386      1.031      0.010  0.000e+00
      1.004    30.7654   0.720761     3.5122     2.5216     1.1705          0     15.500  33.778281   998.0390      0.999      0.005  0.000e+00
      1.015    30.7644   0.721120     3.5141     2.5042     1.1812          0     15.750  33.778284   998.0407      1.009     -0.002  0.000e+00
      1.015    30.7640   0.721915     3.5183     2.4885     1.1782          0     16.000  33.778287   998.0440      1.009     -0.013  0.000e+00
      1.037    30.7652   0.723873     3.5284     2.4669     1.1751          0     16.250  33.778290   998.0512      1.031     -0.015  0.000e+00
      1.026    30.7666   0.725658     3.5376     2.4554     1.1827          0     16.500  33.778293   998.0576      1.020     -0.011  0.000e+00
      1.026    30.7660   0.726010     3.5395     2.4347     1.1774          0     16.750  33.778296   998.0592      1.020     -0.005  0.000e+00
      1.037    30.7621   0.724758     3.5333     2.4298     1.1721          0     17.000  33.778299   998.0558      1.031      0.005  0.000e+00
      1.015    30.7563   0.722683     3.5228     2.4084     1.1621          0     17.250  33.778302   998.0498      1.009      0.003  0.000e+00
      1.026    30.7513   0.720402     3.5113     2.3833     1.1621          0     17.500  33.778304   998.0428      1.020      0.008  0.000e+00
      1.004    30.7472   0.718558     3.5020     2.3631     1.1652          0     17.750  33.778307   998.0371      0.999     -0.003  0.000e+00
      1.026    30.7451   0.717675     3.4975     2.3411     1.1621          0     18.000  33.778310   998.0345      1.020     -0.004  0.000e+00
      1.048    30.7434   0.716815     3.4932     2.3230     1.1713          0     18.250  33.778313   998.0319      1.042     -0.001  0.000e+00
      1.058    30.7428   0.716141     3.4897     2.3014     1.1721          0     18.500  33.778316   998.0295      1.053      0.011  0.000e+00
      1.069    30.7431   0.715378     3.4857     2.2432     1.1652          0     18.750  33.778319   998.0265      1.063      0.020  0.000e+00
      1.069    30.7452   0.714565     3.4813     2.2107     1.1934          0     19.000  33.778322   998.0226      1.063      0.027  0.000e+00
      1.069    30.7462   0.714091     3.4788     2.2018     1.1896          0     19.250  33.778325   998.0204      1.063      0.034  0.000e+00
      1.069    30.7461   0.713582     3.4761     2.1912     1.1896          0     19.500  33.778328   998.0185      1.063      0.032  0.000e+00
      1.048    30.7447   0.713417     3.4754     2.1947     1.1919          0     19.750  33.778330   998.0182      1.042      0.024  0.000e+00
      1.037    30.7442   0.712866     3.4725     2.1991     1.1934          0     20.000  33.778333   998.0162      1.031      0.004  0.000e+00
      1.048    30.7449   0.712323     3.4696     2.1951     1.1652          0     20.250  33.778336   998.0139      1.042     -0.007  0.000e+00
      1.037    30.7456   0.711896     3.4674     2.2017     1.1667          0     20.500  33.778339   998.0120      1.031     -0.016  0.000e+00
      1.048    30.7464   0.711600     3.4658     2.2047     1.1721          0     20.750  33.778342   998.0106      1.042     -0.017  0.000e+00
      1.048    30.7472   0.711230     3.4638     2.1987     1.1682          0     21.000  33.778345   998.0089      1.042     -0.014  0.000e+00
      1.080    30.7484   0.711092     3.4630     2.1803     1.1591          0     21.250  33.778348   998.0080      1.074     -0.001  0.000e+00
      1.080    30.7501   0.711353     3.4642     2.1708     1.1538          0     21.500  33.778351   998.0084      1.074      0.011  0.000e+00
      1.059    30.7525   0.711496     3.4648     2.1630     1.1515          0     21.750  33.778354   998.0080      1.053      0.017  0.000e+00
      1.037    30.7528   0.711434     3.4645     2.1402     1.1576          0     22.000  33.778356   998.0075      1.031      0.010  0.000e+00
      1.048    30.7517   0.711380     3.4643     2.1335     1.1766          0     22.250  33.778359   998.0078      1.042      0.004  0.000e+00
      1.037    30.7484   0.710114     3.4579     2.1146     1.1812          0     22.500  33.778362   998.0041      1.031     -0.003  0.000e+00
      1.069    30.7411   0.709514     3.4553     2.1037     1.1789          0     22.750  33.778365   998.0045      1.063     -0.004  0.000e+00
      1.058    30.7349   0.709768     3.4570     2.0886     1.1812          0     23.000  33.778368   998.0077      1.052     -0.006  0.000e+00
      1.058    30.7336   0.710518     3.4610     2.0756     1.1713          0     23.250  33.778371   998.0111      1.052     -0.009  0.000e+00
      1.069    30.7353   0.710926     3.4630     2.0703     1.1843          0     23.500  33.778374   998.0121      1.063      0.001  0.000e+00
      1.047    30.7386   0.711057     3.4635     2.0543     1.1827          0     23.750  33.778377   998.0113      1.042      0.006  0.000e+00
      1.080    30.7406   0.710507     3.4605     2.0513     1.1797          0     24.000  33.778380   998.0086      1.074      0.015  0.000e+00
      1.080    30.7403   0.710560     3.4608     2.0407     1.1789          0     24.250  33.778383   998.0089      1.074      0.015  0.000e+00
      1.080    30.7385   0.710788     3.4621     2.0436     1.1545          0     24.500  33.778385   998.0105      1.074      0.016  0.000e+00
      1.058    30.7364   0.710726     3.4619     2.0246     1.1560          0     24.750  33.778388   998.0109      1.052      0.005  0.000e+00
      1.080    30.7352   0.710541     3.4610     2.0231     1.1522          0     25.000  33.778391   998.0107      1.074      0.009  0.000e+00
      1.069    30.7336   0.710499     3.4609     2.0165     1.1606          0     25.250  33.778394   998.0111      1.063      0.006  0.000e+00
      1.069    30.7317   0.710476     3.4609     2.0029     1.1736          0     25.500  33.778397   998.0116      1.063      0.003  0.000e+00
      1.080    30.7297   0.710168     3.4595     1.9815     1.1766          0     25.750  33.778400   998.0112      1.074      0.005  0.000e+00
      1.069    30.7274   0.709803     3.4577     1.9721     1.1835          0     26.000  33.778403   998.0106      1.063     -0.004  0.000e+00
      1.058    30.7244   0.709568     3.4567     1.9646     1.1751          0     26.250  33.778406   998.0107      1.052     -0.006  0.000e+00
      1.101    30.7211   0.709887     3.4586     1.9462     1.1850          0     26.500  33.778409   998.0134      1.095      0.005  0.000e+00
      1.080    30.7182   0.710376     3.4613     1.9323     1.1805          0     26.750  33.778411   998.0162      1.074      0.009  0.000e+00
      1.090    30.7168   0.710772     3.4635     1.9175     1.1812          0     27.000  33.778414   998.0183      1.084      0.008  0.000e+00
      1.090    30.7163   0.710961     3.4645     1.9093     1.1812          0     27.250  33.778417   998.0192      1.084      0.012  0.000e+00
      1.091    30.7156   0.711042     3.4650     1.9007     1.1538          0     27.500  33.778420   998.0198      1.085      0.012  0.000e+00
