content/post/ctd_rufiji/SBE19plus_01906740_2018_02_13_0913.cnv
* Sea-Bird SBE19plus  Data File:
* FileName = C:\Users\all user\Desktop\CTD tafiri 2018\SBE19plus_01906740_2018_02_13_0913.hex
* Software version 2.6.3.104
* Temperature SN = 6740
* Conductivity SN = 6740
* System UpLoad Time = Feb 13 2018 14:02:45
* <ApplicationData>
* <Seaterm232>
# nquan = 13
# nvalues = 358                                   
# units = specified
# name 0 = prdM: Pressure, Strain Gauge [db]
# name 1 = tv290C: Temperature [ITS-90, deg C]
# name 2 = c0S/m: Conductivity [S/m]
# name 3 = sal00: Salinity, Practical [PSU]
# name 4 = sbeox0ML/L: Oxygen, SBE 43 [ml/l]
# name 5 = flECO-AFL: Fluorescence, WET Labs ECO-AFL/FL [mg/m^3]
# name 6 = nbf: Bottles Fired
# name 7 = timeS: Time, Elapsed [seconds]
# name 8 = timeJ: Julian Days
# name 9 = density00: Density [density, kg/m^3]
# name 10 = depSM: Depth [salt water, m], lat = 0.00
# name 11 = dz/dtM: Descent Rate [m/s]
# name 12 = flag:  0.000e+00
# span 0 =      0.138,      4.626                 
# span 1 =    29.4474,    30.8219                 
# span 2 =   0.000542,   0.013965                 
# span 3 =     0.0140,     0.0643                 
# span 4 =     1.2453,    11.8535                 
# span 5 =    -0.1074,     1.5650                 
# span 6 =          0,          0                 
# span 7 =      0.000,     89.250                 
# span 8 =  34.284838,  34.285871                 
# span 9 =   995.4218,   995.8260                 
# span 10 =      0.137,      4.601                
# span 11 =     -0.664,      0.436                
# span 12 = 0.0000e+00, 0.0000e+00                
# interval = seconds: 0.25
# start_time = Feb 03 2018 06:50:10 [Instrument's time stamp, header]
# bad_flag = -9.990e-29
*END*
[from data line 223]
      2.983    30.7922   0.013881     0.0635     2.0481     1.5383          0     55.750  34.285483   995.4680      2.967      0.299  0.000e+00
      3.091    30.7964   0.013870     0.0635     1.9405     1.5329          0     56.000  34.285486   995.4671      3.074      0.302  0.000e+00
      3.221    30.8005   0.013873     0.0635     1.9697     1.5482          0     56.250  34.285489   995.4665      3.203      0.326  0.000e+00
      3.329    30.8057   0.013855     0.0634     2.0662     1.5520          0     56.500  34.285492   995.4653      3.311      0.356  0.000e+00
      3.405    30.8102   0.013837     0.0633     2.0963     1.5497          0     56.750  34.285495   995.4642      3.386      0.386  0.000e+00
      3.513    30.8126   0.013828     0.0633     2.5059     1.5474          0     57.000  34.285498   995.4639      3.494      0.401  0.000e+00
      3.578    30.8148   0.013813     0.0632     2.6107     1.5429          0     57.250  34.285501   995.4634      3.558      0.402  0.000e+00
      3.610    30.8165   0.013807     0.0632     2.6912     1.5200          0     57.500  34.285503   995.4630      3.591      0.381  0.000e+00
      3.664    30.8178   0.013789     0.0631     2.9132     1.5223          0     57.750  34.285506   995.4628      3.644      0.345  0.000e+00
      3.762    30.8184   0.013777     0.0631     3.0514     1.5261          0     58.000  34.285509   995.4630      3.741      0.316  0.000e+00
      3.902    30.8179   0.013780     0.0631     2.8702     1.5200          0     58.250  34.285512   995.4638      3.881      0.309  0.000e+00
      4.032    30.8181   0.013762     0.0630     3.0227     1.5566          0     58.500  34.285515   995.4643      4.010      0.326  0.000e+00
      4.151    30.8196   0.013750     0.0630     2.9237     1.5589          0     58.750  34.285518   995.4643      4.128      0.356  0.000e+00
      4.270    30.8209   0.013750     0.0630     2.6276     1.5627          0     59.000  34.285521   995.4644      4.246      0.388  0.000e+00
      4.356    30.8210   0.013756     0.0630     2.7492     1.5589          0     59.250  34.285524   995.4648      4.332      0.422  0.000e+00
      4.410    30.8206   0.013756     0.0630     2.5294     1.5299          0     59.500  34.285527   995.4652      4.386      0.436  0.000e+00
      4.443    30.8208   0.013756     0.0630     2.5393     1.5223          0     59.750  34.285530   995.4653      4.418      0.414  0.000e+00
      4.486    30.8213   0.013750     0.0630     2.5539     1.5245          0     60.000  34.285532   995.4653      4.461      0.365  0.000e+00
      4.508    30.8219   0.013750     0.0630     2.6962     1.5184          0     60.250  34.285535   995.4652      4.483      0.301  0.000e+00
      4.529    30.8219   0.013756     0.0630     2.6384     1.5322          0     60.500  34.285538   995.4653      4.504      0.239  0.000e+00
      4.529    30.8217   0.013750     0.0630     2.5633     1.5390          0     60.750  34.285541   995.4653      4.504      0.178  0.000e+00
      4.551    30.8213   0.013747     0.0630     2.8503     1.5360          0     61.000  34.285544   995.4656      4.526      0.130  0.000e+00
      4.562    30.8196   0.013741     0.0629     2.8449     1.5345          0     61.250  34.285547   995.4661      4.537      0.097  0.000e+00
      4.572    30.8177   0.013735     0.0629     2.8375     1.5390          0     61.500  34.285550   995.4667      4.547      0.077  0.000e+00
      4.562    30.8176   0.013738     0.0629     2.8499     1.4574          0     61.750  34.285553   995.4667      4.537      0.058  0.000e+00
      4.572    30.8174   0.013741     0.0629     2.8417     1.4597          0     62.000  34.285556   995.4668      4.547      0.042  0.000e+00
      4.572    30.8171   0.013735     0.0629     2.7141     1.4658          0     62.250  34.285558   995.4669      4.547      0.032  0.000e+00
      4.594    30.8167   0.013733     0.0629     2.6786     1.4612          0     62.500  34.285561   995.4671      4.569      0.029  0.000e+00
      4.562    30.8162   0.013735     0.0629     2.6228     1.4254          0     62.750  34.285564   995.4672      4.536      0.019  0.000e+00
      4.583    30.8153   0.013730     0.0629     2.5640     1.4170          0     63.000  34.285567   995.4675      4.558      0.012  0.000e+00
      4.594    30.8148   0.013735     0.0629     2.4956     1.4254          0     63.250  34.285570   995.4677      4.569      0.012  0.000e+00
      4.594    30.8146   0.013738     0.0629     2.4522     1.4261          0     63.500  34.285573   995.4678      4.569      0.013  0.000e+00
      4.594    30.8145   0.013735     0.0629     2.3681     1.4513          0     63.750  34.285576   995.4678      4.568      0.015  0.000e+00
      4.583    30.8146   0.013741     0.0629     2.3354     1.4498          0     64.000  34.285579   995.4678      4.558      0.009  0.000e+00
      4.572    30.8145   0.013738     0.0629     2.3372     1.4505          0     64.250  34.285582   995.4677      4.547      0.003  0.000e+00
      4.583    30.8142   0.013747     0.0630     2.2829     1.4460          0     64.500  34.285584   995.4679      4.558     -0.001  0.000e+00
      4.561    30.8146   0.013747     0.0630     2.2637     1.4597          0     64.750  34.285587   995.4677      4.536     -0.004  0.000e+00
      4.561    30.8149   0.013741     0.0629     2.2625     1.4582          0     65.000  34.285590   995.4676      4.536     -0.015  0.000e+00
      4.583    30.8143   0.013744     0.0630     2.2738     1.4650          0     65.250  34.285593   995.4678      4.558     -0.014  0.000e+00
      4.583    30.8141   0.013750     0.0630     2.4325     1.4612          0     65.500  34.285596   995.4679      4.558     -0.009  0.000e+00
      4.583    30.8146   0.013756     0.0630     2.3361     1.4612          0     65.750  34.285599   995.4678      4.558     -0.003  0.000e+00
      4.594    30.8143   0.013756     0.0630     2.2105     1.4544          0     66.000  34.285602   995.4679      4.568      0.006  0.000e+00
      4.583    30.8119   0.013747     0.0630     2.0451     1.4513          0     66.250  34.285605   995.4686      4.558      0.009  0.000e+00
      4.561    30.8092   0.013730     0.0629     2.0271     1.4475          0     66.500  34.285608   995.4693      4.536      0.003  0.000e+00
      4.583    30.8099   0.013730     0.0629     2.0417     1.4544          0     66.750  34.285611   995.4692      4.558      0.007  0.000e+00
      4.583    30.7996   0.013721     0.0629     2.1507     1.4589          0     67.000  34.285613   995.4723      4.558      0.003  0.000e+00
      4.583    30.7780   0.013721     0.0629     2.2206     1.4627          0     67.250  34.285616   995.4790      4.558     -0.002  0.000e+00
      4.605    30.7484   0.013724     0.0629     2.3131     1.4566          0     67.500  34.285619   995.4883      4.579      0.004  0.000e+00
      4.605    30.7223   0.013721     0.0629     2.3934     1.4582          0     67.750  34.285622   995.4963      4.579      0.010  0.000e+00
      4.583    30.7015   0.013721     0.0630     2.5722     1.4582          0     68.000  34.285625   995.5027      4.558      0.007  0.000e+00
      4.594    30.6876   0.013721     0.0630     2.6415     1.4673          0     68.250  34.285628   995.5070      4.569      0.012  0.000e+00
      4.583    30.6767   0.013721     0.0630     2.7785     1.4727          0     68.500  34.285631   995.5103      4.558      0.009  0.000e+00
      4.605    30.6723   0.013721     0.0630     2.7852     1.4658          0     68.750  34.285634   995.5118      4.579      0.006  0.000e+00
      4.583    30.6766   0.013724     0.0630     2.6906     1.4841          0     69.000  34.285637   995.5104      4.558      0.001  0.000e+00
      4.605    30.6763   0.013715     0.0630     2.6411     1.4879          0     69.250  34.285639   995.5105      4.579      0.001  0.000e+00
      4.616    30.6784   0.013715     0.0629     2.5313     1.4872          0     69.500  34.285642   995.5099      4.590      0.004  0.000e+00
      4.594    30.6810   0.013715     0.0629     2.4507     1.4887          0     69.750  34.285645   995.5090      4.569      0.005  0.000e+00
      4.572    30.6833   0.013715     0.0629     2.4399     1.4864          0     70.000  34.285648   995.5082      4.547      0.001  0.000e+00
      4.594    30.6829   0.013715     0.0629     2.3508     1.4452          0     70.250  34.285651   995.5084      4.568     -0.002  0.000e+00
      4.615    30.6801   0.013721     0.0630     2.3202     1.4490          0     70.500  34.285654   995.5094      4.590      0.004  0.000e+00
      4.605    30.6786   0.013730     0.0630     2.2371     1.4490          0     70.750  34.285657   995.5099      4.579      0.002  0.000e+00
      4.615    30.6814   0.013735     0.0630     2.1702     1.4475          0     71.000  34.285660   995.5090      4.590      0.009  0.000e+00
      4.626    30.6899   0.013727     0.0630     2.0245     1.4727          0     71.250  34.285663   995.5064      4.601      0.010  0.000e+00
      4.583    30.6982   0.013724     0.0630     2.3780     1.4589          0     71.500  34.285666   995.5037      4.558      0.004  0.000e+00
      4.540    30.6986   0.013724     0.0630     1.9280     1.4627          0     71.750  34.285668   995.5034      4.515     -0.008  0.000e+00
      4.421    30.6898   0.013724     0.0630     2.6464     1.4612          0     72.000  34.285671   995.5056      4.397     -0.054  0.000e+00
      4.291    30.6792   0.013738     0.0630     2.9305     1.4322          0     72.250  34.285674   995.5083      4.268     -0.130  0.000e+00
      4.205    30.6762   0.013735     0.0630     3.2253     1.4399          0     72.500  34.285677   995.5088      4.181     -0.204  0.000e+00
      4.215    30.6953   0.013747     0.0631     2.2585     1.4406          0     72.750  34.285680   995.5030      4.192     -0.241  0.000e+00
      4.280    30.7201   0.013741     0.0630     2.0104     1.4383          0     73.000  34.285683   995.4956      4.257     -0.239  0.000e+00
      4.399    30.7410   0.013733     0.0630     1.9245     1.4391          0     73.250  34.285686   995.4897      4.375     -0.179  0.000e+00
      4.464    30.7557   0.013730     0.0629     1.8405     1.4521          0     73.500  34.285689   995.4854      4.439     -0.084  0.000e+00
      4.507    30.7626   0.013730     0.0629     1.8712     1.4475          0     73.750  34.285692   995.4835      4.482      0.019  0.000e+00
      4.507    30.7451   0.013721     0.0629     1.7897     1.4566          0     74.000  34.285694   995.4889      4.483      0.113  0.000e+00
      4.475    30.7122   0.013724     0.0630     1.9136     1.4467          0     74.250  34.285697   995.4989      4.450      0.161  0.000e+00
      4.291    30.6825   0.013730     0.0630     2.1370     1.4582          0     74.500  34.285700   995.5073      4.268      0.112  0.000e+00
      4.010    30.6634   0.013735     0.0630     2.4643     1.4643          0     74.750  34.285703   995.5119      3.988     -0.040  0.000e+00
      3.805    30.6529   0.013733     0.0630     2.6726     1.4620          0     75.000  34.285706   995.5142      3.784     -0.230  0.000e+00
      3.729    30.6492   0.013736     0.0631     2.6773     1.4658          0     75.250  34.285709   995.5151      3.708     -0.391  0.000e+00
      3.729    30.6530   0.013730     0.0630     2.4660     1.4643          0     75.500  34.285712   995.5139      3.708     -0.476  0.000e+00
      3.761    30.6681   0.013733     0.0630     2.4670     1.4566          0     75.750  34.285715   995.5094      3.741     -0.486  0.000e+00
      3.805    30.6877   0.013741     0.0630     2.4026     1.4658          0     76.000  34.285718   995.5035      3.784     -0.424  0.000e+00
      3.794    30.7047   0.013735     0.0630     2.3801     1.4673          0     76.250  34.285720   995.4982      3.773     -0.317  0.000e+00
      3.729    30.7177   0.013730     0.0630     2.3526     1.4742          0     76.500  34.285723   995.4939      3.708     -0.191  0.000e+00
      3.621    30.7265   0.013721     0.0629     2.3388     1.4689          0     76.750  34.285726   995.4907      3.601     -0.105  0.000e+00
      3.437    30.7201   0.013730     0.0630     2.3357     1.4765          0     77.000  34.285729   995.4918      3.418     -0.118  0.000e+00
      3.167    30.7110   0.013730     0.0630     2.3735     1.4742          0     77.250  34.285732   995.4935      3.149     -0.232  0.000e+00
      2.961    30.7064   0.013727     0.0630     2.4127     1.4704          0     77.500  34.285735   995.4939      2.945     -0.384  0.000e+00
      2.778    30.7031   0.013730     0.0630     2.6691     1.4200          0     77.750  34.285738   995.4942      2.762     -0.534  0.000e+00
      2.659    30.6999   0.013724     0.0630     3.6779     1.4284          0     78.000  34.285741   995.4946      2.644     -0.641  0.000e+00
      2.648    30.6982   0.013724     0.0630     4.6832     1.4284          0     78.250  34.285744   995.4951      2.634     -0.664  0.000e+00
      2.681    30.6972   0.013721     0.0630     4.1944     1.4299          0     78.500  34.285747   995.4955      2.666     -0.604  0.000e+00
      2.691    30.6962   0.013730     0.0630     3.9862     1.4856          0     78.750  34.285749   995.4959      2.676     -0.489  0.000e+00
      2.659    30.6955   0.013724     0.0630     2.6559     1.4841          0     79.000  34.285752   995.4960      2.644     -0.349  0.000e+00
      2.507    30.6948   0.013721     0.0630     2.8360     1.4887          0     79.250  34.285755   995.4955      2.494     -0.246  0.000e+00
      2.248    30.6945   0.013724     0.0630     2.6825     1.4948          0     79.500  34.285758   995.4944      2.236     -0.241  0.000e+00
      1.978    30.6953   0.013730     0.0630     2.4737     1.4444          0     79.750  34.285761   995.4930      1.967     -0.316  0.000e+00
      1.805    30.6979   0.013730     0.0630     2.8186     1.4368          0     80.000  34.285764   995.4914      1.795     -0.432  0.000e+00
      1.740    30.7028   0.013733     0.0630     2.0377     1.4368          0     80.250  34.285767   995.4896      1.730     -0.540  0.000e+00
      1.708    30.7072   0.013747     0.0631     2.2270     1.4376          0     80.500  34.285770   995.4882      1.698     -0.599  0.000e+00
      1.729    30.7163   0.013747     0.0630     2.2781     1.4841          0     80.750  34.285773   995.4855      1.720     -0.579  0.000e+00
      1.762    30.7333   0.013750     0.0630     2.5158     1.4894          0     81.000  34.285775   995.4804      1.752     -0.483  0.000e+00
      1.772    30.7508   0.013783     0.0632     1.7920     1.4833          0     81.250  34.285778   995.4751      1.763     -0.333  0.000e+00
      1.697    30.7660   0.013807     0.0632     1.6820     1.4887          0     81.500  34.285781   995.4701      1.687     -0.195  0.000e+00
      1.502    30.7777   0.013816     0.0633     2.3868     1.4841          0     81.750  34.285784   995.4657      1.494     -0.141  0.000e+00
      1.253    30.7870   0.013825     0.0633     2.4420     1.4483          0     82.000  34.285787   995.4617      1.246     -0.193  0.000e+00
      1.037    30.7930   0.013834     0.0633     3.2313     1.4444          0     82.250  34.285790   995.4589      1.031     -0.313  0.000e+00
      0.929    30.7976   0.013828     0.0633     1.9425     1.4505          0     82.500  34.285793   995.4570      0.924     -0.432  0.000e+00
      0.918    30.8003   0.013861     0.0634     1.8353     1.4528          0     82.750  34.285796   995.4562      0.913     -0.511  0.000e+00
      0.940    30.8029   0.013881     0.0635     1.7652     1.4627          0     83.000  34.285799   995.4556      0.934     -0.523  0.000e+00
