content/post/ctd_rufiji/SBE19plus_01906740_2018_02_13_0889.cnv
* Sea-Bird SBE19plus  Data File:
* FileName = C:\Users\all user\Desktop\CTD tafiri 2018\SBE19plus_01906740_2018_02_13_0889.hex
* Software version 2.6.3.104
* Temperature SN = 6740
* Conductivity SN = 6740
* System UpLoad Time = Feb 13 2018 13:58:32
* <ApplicationData>
* <Seaterm232>
# nquan = 13
# nvalues = 478                                   
# units = specified
# name 0 = prdM: Pressure, Strain Gauge [db]
# name 1 = tv290C: Temperature [ITS-90, deg C]
# name 2 = c0S/m: Conductivity [S/m]
# name 3 = sal00: Salinity, Practical [PSU]
# name 4 = sbeox0ML/L: Oxygen, SBE 43 [ml/l]
# name 5 = flECO-AFL: Fluorescence, WET Labs ECO-AFL/FL [mg/m^3]
# name 6 = nbf: Bottles Fired
# name 7 = timeS: Time, Elapsed [seconds]
# name 8 = timeJ: Julian Days
# name 9 = density00: Density [density, kg/m^3]
# name 10 = depSM: Depth [salt water, m], lat = 0.00
# name 11 = dz/dtM: Descent Rate [m/s]
# name 12 = flag:  0.000e+00
# span 0 =      0.051,      8.538                 
# span 1 =    30.3340,    30.9295                 
# span 2 =   0.096586,   3.433542                 
# span 3 =     0.4238,    19.2079                 
# span 4 =     1.6527,     3.3055                 
# span 5 =     0.0231,     2.7155                 
# span 6 =          0,          0                 
# span 7 =      0.000,    119.250                 
# span 8 =  33.739641,  33.741021                 
# span 9 =   995.7237,  1009.8137                 
# span 10 =      0.050,      8.490                
# span 11 =     -0.754,      0.411                
# span 12 = 0.0000e+00, 0.0000e+00                
# interval = seconds: 0.25
# start_time = Feb 02 2018 17:45:05 [Instrument's time stamp, header]
# bad_flag = -9.990e-29
*END*
      0.558    30.3374   0.142680     0.6401     3.1969     1.5268          0      0.000  33.739641   996.0287      0.555      0.000  0.000e+00
      0.579    30.3415   0.362507     1.7048     3.2376     1.5291          0      0.250  33.739644   996.8226      0.576      0.006  0.000e+00
      0.590    30.3502   0.217436     0.9944     3.2811     1.5261          0      0.500  33.739647   996.2897      0.587      0.013  0.000e+00
      0.590    30.3547   0.264040     1.2196     3.2969     1.5314          0      0.750  33.739650   996.4565      0.587      0.018  0.000e+00
      0.623    30.3379   0.360305     1.6939     3.2979     1.5139          0      1.000  33.739653   996.8158      0.619      0.030  0.000e+00
      0.666    30.3340   0.358521     1.6852     3.2865     1.5108          0      1.250  33.739656   996.8107      0.662      0.048  0.000e+00
      0.742    30.3396   0.358446     1.6846     3.3010     1.5085          0      1.500  33.739659   996.8088      0.738      0.080  0.000e+00
      0.753    30.3560   0.659586     3.2208     3.2529     1.5001          0      1.750  33.739661   997.9482      0.748      0.102  0.000e+00
      0.774    30.4011   0.439390     2.0879     3.2727     1.5100          0      2.000  33.739664   997.0907      0.770      0.118  0.000e+00
      0.818    30.4433   0.725825     3.5614     3.1895     1.5116          0      2.250  33.739667   998.1750      0.813      0.130  0.000e+00
      0.872    30.4772   0.736136     3.6131     3.1117     1.5055          0      2.500  33.739670   998.2032      0.867      0.146  0.000e+00
      0.926    30.5102   0.749336     3.6801     3.0473     1.5055          0      2.750  33.739673   998.2430      0.921      0.162  0.000e+00
      0.915    30.5520   0.770529     3.7884     3.0441     1.5169          0      3.000  33.739676   998.3105      0.910      0.152  0.000e+00
      0.969    30.6025   0.783197     3.8513     3.0314     1.5215          0      3.250  33.739679   998.3417      0.964      0.145  0.000e+00
      0.980    30.6477   0.795799     3.9142     3.0637     1.5177          0      3.500  33.739682   998.3745      0.974      0.133  0.000e+00
      0.969    30.6824   0.822559     4.0525     3.0880     1.5131          0      3.750  33.739685   998.4664      0.964      0.122  0.000e+00
      1.023    30.7141   0.857854     4.2366     3.1544     1.5268          0      4.000  33.739688   998.5936      1.017      0.114  0.000e+00
      1.077    30.7464   0.893920     4.4251     3.2113     1.4925          0      4.250  33.739690   998.7238      1.071      0.110  0.000e+00
      1.131    30.7771   0.912508     4.5212     3.1985     1.4956          0      4.500  33.739693   998.7858      1.125      0.114  0.000e+00
      1.196    30.7995   0.920062     4.5593     3.2460     1.5009          0      4.750  33.739696   998.8074      1.190      0.133  0.000e+00
      1.196    30.8133   0.927478     4.5975     3.2957     1.5039          0      5.000  33.739699   998.8314      1.190      0.148  0.000e+00
      1.196    30.8217   0.965125     4.7975     3.3055     1.4994          0      5.250  33.739702   998.9773      1.190      0.141  0.000e+00
      1.229    30.8282   1.036110     5.1772     3.2919     1.4887          0      5.500  33.739705   999.2574      1.222      0.143  0.000e+00
      1.207    30.8324   1.156514     5.8272     3.2901     1.4948          0      5.750  33.739708   999.7386      1.200      0.125  0.000e+00
      1.218    30.8342   1.256731     6.3734     3.2824     1.4994          0      6.000  33.739711  1000.1435      1.211      0.091  0.000e+00
      1.196    30.8372   1.327075     6.7590     3.2647     1.5154          0      6.250  33.739714  1000.4286      1.190      0.053  0.000e+00
      1.229    30.8399   1.395443     7.1357     3.2454     1.5223          0      6.500  33.739716  1000.7075      1.222      0.030  0.000e+00
      1.218    30.8419   1.448836     7.4311     3.2127     1.5177          0      6.750  33.739719  1000.9260      1.211      0.012  0.000e+00
      1.239    30.8417   1.482102     7.6159     3.1996     1.5108          0      7.000  33.739722  1001.0633      1.233      0.015  0.000e+00
      1.239    30.8402   1.487179     7.6444     3.2063     1.5123          0      7.250  33.739725  1001.0849      1.233      0.016  0.000e+00
      1.229    30.8384   1.492192     7.6726     3.2314     1.5024          0      7.500  33.739728  1001.1063      1.222      0.011  0.000e+00
      1.218    30.8381   1.506676     7.7533     3.2519     1.5024          0      7.750  33.739731  1001.1662      1.211      0.012  0.000e+00
      1.218    30.8384   1.512076     7.7833     3.2674     1.5078          0      8.000  33.739734  1001.1884      1.211      0.006  0.000e+00
      1.196    30.8389   1.458758     7.4866     3.2766     1.5070          0      8.250  33.739737  1000.9680      1.190     -0.003  0.000e+00
      1.229    30.8373   1.373277     7.0136     3.2866     1.4879          0      8.500  33.739740  1000.6177      1.222     -0.009  0.000e+00
      1.229    30.8360   1.372892     7.0116     3.2897     1.4887          0      8.750  33.739742  1000.6166      1.222     -0.006  0.000e+00
      1.250    30.8349   1.474844     7.5766     3.2701     1.4956          0      9.000  33.739745  1001.0363      1.243     -0.001  0.000e+00
      1.250    30.8325   1.519858     7.8276     3.2488     1.4902          0      9.250  33.739748  1001.2233      1.243      0.009  0.000e+00
      1.229    30.8295   1.562502     8.0662     3.2532     1.5017          0      9.500  33.739751  1001.4012      1.222      0.013  0.000e+00
      1.229    30.8279   1.585957     8.1978     3.2347     1.5024          0      9.750  33.739754  1001.4993      1.222      0.014  0.000e+00
      1.229    30.8259   1.597892     8.2650     3.2434     1.5039          0     10.000  33.739757  1001.5498      1.222      0.011  0.000e+00
      1.218    30.8242   1.604251     8.3009     3.2514     1.5062          0     10.250  33.739760  1001.5769      1.211      0.004  0.000e+00
      1.240    30.8235   1.617581     8.3758     3.2569     1.4727          0     10.500  33.739763  1001.6328      1.233     -0.003  0.000e+00
      1.229    30.8222   1.636115     8.4801     3.2496     1.4566          0     10.750  33.739766  1001.7106      1.222     -0.006  0.000e+00
      1.251    30.8219   1.660390     8.6167     3.2591     1.4627          0     11.000  33.739769  1001.8121      1.244     -0.004  0.000e+00
      1.229    30.8235   1.675307     8.7004     3.2660     1.4643          0     11.250  33.739771  1001.8736      1.222     -0.001  0.000e+00
      1.218    30.8245   1.690965     8.7885     3.2696     1.4994          0     11.500  33.739774  1001.9386      1.212      0.001  0.000e+00
      1.218    30.8257   1.701695     8.8488     3.2679     1.5024          0     11.750  33.739777  1001.9829      1.211     -0.003  0.000e+00
      1.218    30.8268   1.710712     8.8995     3.2834     1.5055          0     12.000  33.739780  1002.0201      1.211     -0.006  0.000e+00
      1.229    30.8282   1.718460     8.9430     3.2626     1.5032          0     12.250  33.739783  1002.0520      1.222     -0.005  0.000e+00
      1.229    30.8280   1.725052     8.9803     3.2692     1.5070          0     12.500  33.739786  1002.0797      1.222     -0.008  0.000e+00
      1.229    30.8267   1.734568     9.0343     3.2263     1.4933          0     12.750  33.739789  1002.1202      1.222     -0.004  0.000e+00
      1.240    30.8243   1.739706     9.0638     3.1439     1.4887          0     13.000  33.739792  1002.1429      1.233     -0.001  0.000e+00
      1.229    30.8243   1.747360     9.1071     3.0434     1.4933          0     13.250  33.739795  1002.1750      1.222      0.007  0.000e+00
      1.207    30.8257   1.751088     9.1279     2.9423     1.4910          0     13.500  33.739797  1002.1899      1.201      0.002  0.000e+00
      1.186    30.8273   1.756217     9.1567     2.8303     1.4772          0     13.750  33.739800  1002.2106      1.179     -0.010  0.000e+00
      1.229    30.8276   1.760571     9.1813     2.7253     1.4856          0     14.000  33.739803  1002.2289      1.222     -0.009  0.000e+00
      1.207    30.8263   1.754112     9.1449     2.6394     1.4780          0     14.250  33.739806  1002.2023      1.201     -0.014  0.000e+00
      1.207    30.8247   1.742734     9.0808     2.5782     1.4795          0     14.500  33.739809  1002.1553      1.201     -0.015  0.000e+00
      1.229    30.8229   1.757504     9.1648     2.5435     1.5085          0     14.750  33.739812  1002.2182      1.222     -0.008  0.000e+00
      1.240    30.8235   1.762162     9.1910     2.5049     1.5131          0     15.000  33.739815  1002.2375      1.233      0.001  0.000e+00
      1.240    30.8246   1.769866     9.2345     2.4873     1.5078          0     15.250  33.739818  1002.2694      1.233      0.014  0.000e+00
      1.218    30.8240   1.766764     9.2170     2.4680     1.5055          0     15.500  33.739821  1002.2566      1.211      0.017  0.000e+00
      1.218    30.8186   1.759654     9.1777     2.4527     1.5017          0     15.750  33.739823  1002.2291      1.211      0.013  0.000e+00
      1.218    30.8122   1.732418     9.0248     2.4303     1.4887          0     16.000  33.739826  1002.1177      1.211      0.001  0.000e+00
      1.240    30.8108   1.718862     8.9484     2.3926     1.4933          0     16.250  33.739829  1002.0616      1.233      0.008  0.000e+00
      1.218    30.8139   1.730210     9.0120     2.3689     1.4956          0     16.500  33.739832  1002.1077      1.211      0.001  0.000e+00
      1.207    30.8150   1.743561     9.0873     2.3423     1.4940          0     16.750  33.739835  1002.1632      1.201     -0.010  0.000e+00
      1.207    30.8134   1.750358     9.1260     2.3364     1.4879          0     17.000  33.739838  1002.1924      1.201     -0.014  0.000e+00
      1.207    30.8119   1.754488     9.1497     2.3284     1.4971          0     17.250  33.739841  1002.2105      1.201     -0.012  0.000e+00
      1.250    30.8097   1.740843     9.0729     2.3095     1.4940          0     17.500  33.739844  1002.1544      1.244      0.003  0.000e+00
      1.251    30.8073   1.723230     8.9737     2.2853     1.4894          0     17.750  33.739847  1002.0816      1.244      0.010  0.000e+00
      1.240    30.8047   1.724218     8.9798     2.2744     1.5001          0     18.000  33.739850  1002.0868      1.233      0.012  0.000e+00
      1.229    30.8019   1.752379     9.1396     2.2540     1.4872          0     18.250  33.739852  1002.2063      1.222      0.010  0.000e+00
      1.208    30.7970   1.759737     9.1822     2.2307     1.4956          0     18.500  33.739855  1002.2393      1.201      0.009  0.000e+00
      1.207    30.7933   1.755077     9.1564     2.2069     1.4956          0     18.750  33.739858  1002.2214      1.201      0.002  0.000e+00
      1.229    30.7849   1.739706     9.0710     2.1862     1.4780          0     19.000  33.739861  1002.1607      1.222     -0.001  0.000e+00
      1.207    30.7785   1.734699     9.0438     2.1665     1.4818          0     19.250  33.739864  1002.1425      1.201     -0.012  0.000e+00
      1.218    30.7770   1.760006     9.1874     2.1637     1.4780          0     19.500  33.739867  1002.2496      1.212     -0.020  0.000e+00
      1.218    30.7773   1.769104     9.2389     2.1744     1.4719          0     19.750  33.739870  1002.2877      1.212     -0.014  0.000e+00
      1.186    30.7797   1.773829     9.2653     2.1408     1.4742          0     20.000  33.739873  1002.3064      1.179     -0.015  0.000e+00
      1.208    30.7802   1.770951     9.2488     2.1421     1.4635          0     20.250  33.739876  1002.2941      1.201     -0.009  0.000e+00
      1.197    30.7779   1.755901     9.1640     2.1375     1.4612          0     20.500  33.739878  1002.2318      1.190     -0.008  0.000e+00
      1.218    30.7761   1.745832     9.1073     2.1005     1.4635          0     20.750  33.739881  1002.1904      1.212     -0.006  0.000e+00
      1.240    30.7778   1.759411     9.1839     2.0899     1.4681          0     21.000  33.739884  1002.2468      1.233      0.002  0.000e+00
      1.208    30.7809   1.779841     9.2991     2.0742     1.4658          0     21.250  33.739887  1002.3312      1.201      0.005  0.000e+00
      1.218    30.7839   1.787232     9.3405     2.0698     1.4681          0     21.500  33.739890  1002.3610      1.212      0.006  0.000e+00
      1.208    30.7869   1.788952     9.3497     2.0609     1.4666          0     21.750  33.739893  1002.3668      1.201      0.006  0.000e+00
      1.186    30.7866   1.790987     9.3613     2.0678     1.4582          0     22.000  33.739896  1002.3754      1.179      0.002  0.000e+00
      1.218    30.7849   1.793165     9.3740     2.0670     1.4627          0     22.250  33.739899  1002.3855      1.211     -0.002  0.000e+00
      1.240    30.7847   1.796531     9.3932     2.0831     1.4643          0     22.500  33.739902  1002.3999      1.233      0.004  0.000e+00
      1.218    30.7847   1.802784     9.4287     2.1006     1.4711          0     22.750  33.739905  1002.4261      1.211     -0.001  0.000e+00
      1.196    30.7846   1.813739     9.4910     2.1028     1.4666          0     23.000  33.739907  1002.4723      1.190     -0.006  0.000e+00
      1.229    30.7887   1.820341     9.5277     2.1048     1.4689          0     23.250  33.739910  1002.4983      1.222      0.006  0.000e+00
      1.196    30.7937   1.821371     9.5326     2.0717     1.4704          0     23.500  33.739913  1002.5003      1.190     -0.000  0.000e+00
      1.229    30.7973   1.822096     9.5360     2.0414     1.4643          0     23.750  33.739916  1002.5018      1.222      0.006  0.000e+00
      1.218    30.7985   1.819848     9.5230     2.0231     1.4689          0     24.000  33.739919  1002.4917      1.211      0.006  0.000e+00
      1.196    30.7980   1.812035     9.4787     2.0193     1.4658          0     24.250  33.739922  1002.4589      1.190     -0.009  0.000e+00
      1.218    30.7958   1.798102     9.4000     2.0123     1.4429          0     24.500  33.739925  1002.4013      1.211     -0.007  0.000e+00
      1.229    30.7960   1.788952     9.3480     1.9969     1.4460          0     24.750  33.739928  1002.3627      1.222      0.004  0.000e+00
      1.196    30.7973   1.788874     9.3473     2.0021     1.4368          0     25.000  33.739931  1002.3617      1.190      0.001  0.000e+00
      1.218    30.7974   1.810859     9.4722     2.0163     1.4376          0     25.250  33.739933  1002.4543      1.211     -0.003  0.000e+00
      1.196    30.7972   1.820247     9.5256     2.0373     1.4460          0     25.500  33.739936  1002.4939      1.190     -0.003  0.000e+00
      1.229    30.7977   1.825727     9.5566     2.0405     1.4414          0     25.750  33.739939  1002.5169      1.222     -0.003  0.000e+00
      1.218    30.7974   1.831137     9.5874     2.0392     1.4376          0     26.000  33.739942  1002.5398      1.211      0.003  0.000e+00
      1.229    30.7971   1.835224     9.6108     2.0120     1.4414          0     26.250  33.739945  1002.5573      1.222      0.009  0.000e+00
      1.218    30.7945   1.839708     9.6368     1.9814     1.4322          0     26.500  33.739948  1002.5774      1.211      0.004  0.000e+00
      1.229    30.7925   1.843726     9.6600     1.9610     1.4292          0     26.750  33.739951  1002.5953      1.222      0.007  0.000e+00
      1.218    30.7929   1.845385     9.6694     1.9562     1.4292          0     27.000  33.739954  1002.6021      1.211      0.011  0.000e+00
      1.218    30.7911   1.837231     9.6233     1.9430     1.4269          0     27.250  33.739957  1002.5685      1.211      0.004  0.000e+00
      1.240    30.7905   1.815423     9.4994     1.9346     1.4399          0     27.500  33.739959  1002.4769      1.233      0.010  0.000e+00
