content/post/ctd_rufiji/SBE19plus_01906740_2018_02_13_0923.cnv
* Sea-Bird SBE19plus  Data File:
* FileName = C:\Users\all user\Desktop\CTD tafiri 2018\SBE19plus_01906740_2018_02_13_0923.hex
* Software version 2.6.3.104
* Temperature SN = 6740
* Conductivity SN = 6740
* System UpLoad Time = Feb 13 2018 14:04:17
* <ApplicationData>
* <Seaterm232>
# nquan = 13
# nvalues = 255                                   
# units = specified
# name 0 = prdM: Pressure, Strain Gauge [db]
# name 1 = tv290C: Temperature [ITS-90, deg C]
# name 2 = c0S/m: Conductivity [S/m]
# name 3 = sal00: Salinity, Practical [PSU]
# name 4 = sbeox0ML/L: Oxygen, SBE 43 [ml/l]
# name 5 = flECO-AFL: Fluorescence, WET Labs ECO-AFL/FL [mg/m^3]
# name 6 = nbf: Bottles Fired
# name 7 = timeS: Time, Elapsed [seconds]
# name 8 = timeJ: Julian Days
# name 9 = density00: Density [density, kg/m^3]
# name 10 = depSM: Depth [salt water, m], lat = 0.00
# name 11 = dz/dtM: Descent Rate [m/s]
# name 12 = flag:  0.000e+00
# span 0 =      0.136,      1.066                 
# span 1 =    29.7692,    30.2529                 
# span 2 =   0.005958,   0.054249                 
# span 3 =     0.0327,     0.2370                 
# span 4 =     0.6167,     8.0411                 
# span 5 =    -0.0288,     2.0617                 
# span 6 =          0,          0                 
# span 7 =      0.000,     63.500                 
# span 8 =  34.405741,  34.406476                 
# span 9 =   995.6423,   995.8714                 
# span 10 =      0.136,      1.060                
# span 11 =     -0.358,      0.200                
# span 12 = 0.0000e+00, 0.0000e+00                
# interval = seconds: 0.25
# start_time = Feb 03 2018 09:44:16 [Instrument's time stamp, header]
# bad_flag = -9.990e-29
*END*
[from data line 112]
      0.925    30.2051   0.053709     0.2348     2.0945     1.9976          0     28.000  34.406065   995.7672      0.920     -0.014  0.000e+00
      0.925    30.2022   0.053697     0.2348     2.0905     1.9953          0     28.250  34.406068   995.7681      0.920     -0.009  0.000e+00
      0.947    30.1992   0.053666     0.2347     2.0875     1.9892          0     28.500  34.406071   995.7690      0.942      0.003  0.000e+00
      0.947    30.1952   0.053645     0.2346     2.0775     1.9579          0     28.750  34.406073   995.7702      0.942      0.015  0.000e+00
      0.936    30.1927   0.053639     0.2346     2.0742     1.9571          0     29.000  34.406076   995.7709      0.931      0.014  0.000e+00
      0.936    30.1910   0.053633     0.2346     2.0618     1.9564          0     29.250  34.406079   995.7713      0.931      0.011  0.000e+00
      0.925    30.1894   0.053715     0.2349     2.0576     1.9617          0     29.500  34.406082   995.7721      0.920      0.007  0.000e+00
      0.925    30.1898   0.053645     0.2346     2.0476     2.0075          0     29.750  34.406085   995.7717      0.920      0.004  0.000e+00
      0.915    30.1897   0.053594     0.2344     2.0455     2.0166          0     30.000  34.406088   995.7715      0.909     -0.006  0.000e+00
      0.925    30.1894   0.053618     0.2345     2.0401     2.0075          0     30.250  34.406091   995.7718      0.920     -0.010  0.000e+00
      0.925    30.1899   0.053657     0.2347     2.0402     2.0090          0     30.500  34.406094   995.7717      0.920     -0.014  0.000e+00
      0.915    30.1900   0.053651     0.2347     2.0362     2.0083          0     30.750  34.406097   995.7716      0.910     -0.013  0.000e+00
      0.915    30.1883   0.053600     0.2344     2.0319     2.0151          0     31.000  34.406100   995.7720      0.910     -0.010  0.000e+00
      0.925    30.1834   0.053569     0.2343     2.0245     2.0090          0     31.250  34.406102   995.7734      0.920     -0.006  0.000e+00
      0.936    30.1788   0.053600     0.2345     2.0228     2.0029          0     31.500  34.406105   995.7750      0.931      0.002  0.000e+00
      0.958    30.1733   0.053621     0.2346     2.0117     2.0029          0     31.750  34.406108   995.7769      0.953      0.012  0.000e+00
      0.936    30.1671   0.053594     0.2345     2.0097     2.0060          0     32.000  34.406111   995.7786      0.931      0.014  0.000e+00
      0.958    30.1611   0.053548     0.2343     2.0025     1.9960          0     32.250  34.406114   995.7804      0.953      0.018  0.000e+00
      0.947    30.1553   0.053548     0.2343     1.9938     1.9953          0     32.500  34.406117   995.7821      0.942      0.019  0.000e+00
      0.915    30.1495   0.053569     0.2345     1.9885     1.9953          0     32.750  34.406120   995.7838      0.910      0.011  0.000e+00
      0.915    30.1436   0.053575     0.2345     1.9829     1.9838          0     33.000  34.406123   995.7856      0.910     -0.001  0.000e+00
      0.936    30.1388   0.053588     0.2346     1.9734     1.9899          0     33.250  34.406126   995.7872      0.931     -0.006  0.000e+00
      0.925    30.1354   0.053621     0.2348     1.9675     1.9846          0     33.500  34.406128   995.7883      0.920     -0.013  0.000e+00
      0.936    30.1333   0.053633     0.2348     1.9611     1.9915          0     33.750  34.406131   995.7891      0.931     -0.013  0.000e+00
      0.947    30.1324   0.053594     0.2347     1.9556     2.0144          0     34.000  34.406134   995.7893      0.942     -0.003  0.000e+00
      0.958    30.1317   0.053542     0.2344     1.9590     1.9991          0     34.250  34.406137   995.7893      0.952      0.003  0.000e+00
      0.958    30.1315   0.053542     0.2344     1.9543     2.0083          0     34.500  34.406140   995.7894      0.952      0.016  0.000e+00
      0.958    30.1316   0.053581     0.2346     1.9461     2.0105          0     34.750  34.406143   995.7895      0.952      0.024  0.000e+00
      0.936    30.1300   0.053612     0.2347     1.9416     2.0006          0     35.000  34.406146   995.7900      0.931      0.016  0.000e+00
      0.925    30.1282   0.053566     0.2345     1.9445     1.9907          0     35.250  34.406149   995.7904      0.920      0.003  0.000e+00
      0.925    30.1247   0.053503     0.2343     1.9343     1.9938          0     35.500  34.406152   995.7912      0.920     -0.004  0.000e+00
      0.904    30.1214   0.053515     0.2344     1.9303     1.9922          0     35.750  34.406155   995.7922      0.899     -0.019  0.000e+00
      0.914    30.1150   0.053588     0.2347     1.9290     1.9709          0     36.000  34.406157   995.7944      0.909     -0.026  0.000e+00
      0.925    30.1049   0.053621     0.2349     1.9209     1.9579          0     36.250  34.406160   995.7977      0.920     -0.025  0.000e+00
      0.947    30.0990   0.053548     0.2346     1.9217     1.9709          0     36.500  34.406163   995.7993      0.942     -0.014  0.000e+00
      0.947    30.0992   0.053457     0.2342     1.9192     1.9716          0     36.750  34.406166   995.7990      0.942     -0.001  0.000e+00
      0.936    30.0806   0.053463     0.2343     1.9150     1.9663          0     37.000  34.406169   995.8047      0.931      0.009  0.000e+00
      0.947    30.0126   0.053484     0.2347     1.9156     1.9419          0     37.250  34.406172   995.8256      0.942      0.016  0.000e+00
      0.958    29.9573   0.053463     0.2348     1.9191     1.9518          0     37.500  34.406175   995.8424      0.952      0.022  0.000e+00
      0.936    29.9339   0.053399     0.2347     1.9339     1.9465          0     37.750  34.406178   995.8493      0.931      0.020  0.000e+00
      0.915    29.9148   0.053387     0.2347     2.0060     1.9480          0     38.000  34.406181   995.8550      0.909      0.004  0.000e+00
      0.904    29.8928   0.053411     0.2349     1.9659     1.9228          0     38.250  34.406183   995.8617      0.899     -0.012  0.000e+00
      0.936    29.8761   0.053421     0.2350     2.1224     1.9190          0     38.500  34.406186   995.8670      0.931     -0.015  0.000e+00
      0.958    29.8665   0.053433     0.2351     1.9479     1.9137          0     38.750  34.406189   995.8700      0.952     -0.006  0.000e+00
      0.947    29.8637   0.053439     0.2352     1.9385     1.9266          0     39.000  34.406192   995.8708      0.942     -0.000  0.000e+00
      0.947    29.8620   0.053457     0.2352     1.9337     1.9518          0     39.250  34.406195   995.8714      0.942      0.002  0.000e+00
      0.947    29.8685   0.053457     0.2352     1.9411     1.9480          0     39.500  34.406198   995.8694      0.942      0.007  0.000e+00
      0.979    29.8983   0.053530     0.2354     1.9509     1.9487          0     39.750  34.406201   995.8607      0.974      0.024  0.000e+00
      0.958    29.9490   0.053703     0.2360     1.9604     1.9587          0     40.000  34.406204   995.8458      0.952      0.027  0.000e+00
      0.979    30.0099   0.053846     0.2363     1.9909     1.9922          0     40.250  34.406207   995.8277      0.974      0.027  0.000e+00
      0.968    30.0698   0.053943     0.2365     2.0099     1.9747          0     40.500  34.406209   995.8097      0.963      0.017  0.000e+00
      0.947    30.1155   0.053994     0.2365     2.0719     1.9793          0     40.750  34.406212   995.7958      0.942      0.006  0.000e+00
      0.958    30.1500   0.054016     0.2364     2.0930     1.9808          0     41.000  34.406215   995.7853      0.952      0.006  0.000e+00
      0.968    30.1765   0.054028     0.2364     2.1120     1.9747          0     41.250  34.406218   995.7773      0.963      0.004  0.000e+00
      0.979    30.1917   0.053994     0.2362     2.1270     2.0434          0     41.500  34.406221   995.7725      0.974      0.004  0.000e+00
      0.979    30.1996   0.053925     0.2358     2.1422     2.0464          0     41.750  34.406224   995.7699      0.974      0.002  0.000e+00
      0.979    30.2072   0.053964     0.2360     2.4446     2.0388          0     42.000  34.406227   995.7677      0.974      0.009  0.000e+00
      0.990    30.2137   0.054013     0.2361     4.1053     2.0456          0     42.250  34.406230   995.7659      0.985      0.011  0.000e+00
      1.023    30.2188   0.054092     0.2365     4.4450     2.0235          0     42.500  34.406233   995.7647      1.017      0.027  0.000e+00
      1.001    30.2231   0.054113     0.2365     4.2259     2.0327          0     42.750  34.406236   995.7634      0.995      0.030  0.000e+00
      1.023    30.2268   0.054110     0.2365     2.5337     2.0151          0     43.000  34.406238   995.7623      1.017      0.030  0.000e+00
      1.012    30.2299   0.054128     0.2366     3.6229     2.0220          0     43.250  34.406241   995.7614      1.006      0.026  0.000e+00
      1.033    30.2360   0.054155     0.2367     4.7911     2.0281          0     43.500  34.406244   995.7597      1.028      0.027  0.000e+00
      1.055    30.2411   0.054170     0.2367     2.7556     2.0357          0     43.750  34.406247   995.7583      1.049      0.034  0.000e+00
      1.044    30.2428   0.054195     0.2368     1.4331     2.0311          0     44.000  34.406250   995.7578      1.039      0.032  0.000e+00
      1.023    30.2439   0.054201     0.2368     1.0338     2.0281          0     44.250  34.406253   995.7573      1.017      0.021  0.000e+00
      1.044    30.2451   0.054207     0.2369     3.0060     2.0403          0     44.500  34.406256   995.7571      1.039      0.016  0.000e+00
      1.044    30.2463   0.054228     0.2370     2.7167     2.0235          0     44.750  34.406259   995.7568      1.039      0.018  0.000e+00
      1.066    30.2471   0.054222     0.2369     2.6919     2.0250          0     45.000  34.406262   995.7566      1.060      0.017  0.000e+00
      1.055    30.2476   0.054240     0.2370     2.3615     2.0166          0     45.250  34.406264   995.7565      1.049      0.017  0.000e+00
      1.066    30.2481   0.054228     0.2369     1.6195     2.0197          0     45.500  34.406267   995.7563      1.060      0.013  0.000e+00
      1.055    30.2489   0.054222     0.2369     1.7214     1.9976          0     45.750  34.406270   995.7560      1.049      0.010  0.000e+00
      1.066    30.2500   0.054228     0.2369     3.9044     1.9976          0     46.000  34.406273   995.7558      1.060      0.016  0.000e+00
      1.055    30.2504   0.054240     0.2370     1.5266     1.9976          0     46.250  34.406276   995.7556      1.049      0.014  0.000e+00
      1.033    30.2507   0.054249     0.2370     1.7068     2.0090          0     46.500  34.406279   995.7555      1.028     -0.001  0.000e+00
      1.044    30.2512   0.054246     0.2370     1.5426     2.0090          0     46.750  34.406282   995.7554      1.038     -0.007  0.000e+00
      1.044    30.2517   0.054240     0.2370     1.4462     2.0083          0     47.000  34.406285   995.7552      1.038     -0.012  0.000e+00
      1.033    30.2517   0.054240     0.2370     1.4681     1.9991          0     47.250  34.406288   995.7551      1.028     -0.014  0.000e+00
      1.066    30.2517   0.054246     0.2370     1.5677     2.0105          0     47.500  34.406291   995.7553      1.060     -0.008  0.000e+00
      1.066    30.2521   0.054246     0.2370     1.5085     2.0510          0     47.750  34.406293   995.7552      1.060      0.001  0.000e+00
      1.066    30.2525   0.054240     0.2370     1.4043     2.0395          0     48.000  34.406296   995.7550      1.060      0.006  0.000e+00
      1.066    30.2529   0.054222     0.2369     1.9249     2.0449          0     48.250  34.406299   995.7548      1.060      0.014  0.000e+00
      1.055    30.2520   0.054213     0.2369     1.9005     2.0456          0     48.500  34.406302   995.7551      1.049      0.015  0.000e+00
      1.066    30.2512   0.054201     0.2368     2.0410     2.0380          0     48.750  34.406305   995.7553      1.060      0.012  0.000e+00
      1.033    30.2504   0.054177     0.2367     2.0997     2.0601          0     49.000  34.406308   995.7553      1.028      0.002  0.000e+00
      1.023    30.2485   0.054170     0.2367     2.1225     2.0617          0     49.250  34.406311   995.7558      1.017     -0.010  0.000e+00
      0.990    30.2359   0.054177     0.2368     2.1256     2.0601          0     49.500  34.406314   995.7596      0.985     -0.033  0.000e+00
      1.023    30.2225   0.054186     0.2369     8.0411     2.0517          0     49.750  34.406317   995.7639      1.017     -0.034  0.000e+00
      1.044    30.2158   0.054216     0.2370     3.0367     1.9693          0     50.000  34.406319   995.7662      1.039     -0.026  0.000e+00
      1.023    30.2212   0.054216     0.2370     3.6116     1.9617          0     50.250  34.406322   995.7644      1.017     -0.022  0.000e+00
      1.023    30.2308   0.054213     0.2370     2.5035     1.9571          0     50.500  34.406325   995.7614      1.017     -0.016  0.000e+00
      1.044    30.2383   0.054207     0.2369     5.0030     1.9617          0     50.750  34.406328   995.7592      1.039     -0.004  0.000e+00
      1.044    30.2423   0.054195     0.2368     3.2631     1.9678          0     51.000  34.406331   995.7579      1.039      0.012  0.000e+00
      1.055    30.2449   0.054195     0.2368     3.1364     1.9587          0     51.250  34.406334   995.7572      1.049      0.021  0.000e+00
      1.023    30.2467   0.054170     0.2367     1.9480     1.9625          0     51.500  34.406337   995.7564      1.017      0.017  0.000e+00
      0.990    30.2476   0.054164     0.2367     0.6167     1.9617          0     51.750  34.406340   995.7560      0.985     -0.007  0.000e+00
      0.979    30.2477   0.054161     0.2367     2.1935     1.9610          0     52.000  34.406343   995.7559      0.974     -0.023  0.000e+00
      0.979    30.2411   0.054161     0.2367     1.4541     1.9754          0     52.250  34.406345   995.7579      0.974     -0.029  0.000e+00
      1.023    30.2322   0.054155     0.2367     2.0014     1.9762          0     52.500  34.406348   995.7608      1.017     -0.026  0.000e+00
      1.044    30.2245   0.054155     0.2367     0.8428     1.9709          0     52.750  34.406351   995.7633      1.039     -0.017  0.000e+00
      1.012    30.2183   0.054152     0.2367     2.1326     1.9625          0     53.000  34.406354   995.7650      1.006     -0.012  0.000e+00
      1.023    30.2115   0.054143     0.2367     1.4601     1.9648          0     53.250  34.406357   995.7671      1.017     -0.001  0.000e+00
      0.990    30.2019   0.054137     0.2367     1.9735     1.9754          0     53.500  34.406360   995.7699      0.985      0.007  0.000e+00
      0.969    30.1932   0.054119     0.2367     1.6915     1.9701          0     53.750  34.406363   995.7724      0.963      0.001  0.000e+00
      0.969    30.1808   0.054113     0.2367     1.5447     1.9693          0     54.000  34.406366   995.7762      0.963     -0.011  0.000e+00
      0.979    30.1721   0.054110     0.2368     1.5903     1.9587          0     54.250  34.406369   995.7789      0.974     -0.022  0.000e+00
      1.001    30.1682   0.054104     0.2368     1.6070     1.9625          0     54.500  34.406372   995.7802      0.995     -0.028  0.000e+00
      0.936    30.1664   0.054098     0.2367     1.7420     1.9701          0     54.750  34.406374   995.7805      0.931     -0.038  0.000e+00
      0.936    30.1654   0.054098     0.2367     1.6946     1.9663          0     55.000  34.406377   995.7807      0.931     -0.035  0.000e+00
      0.925    30.1650   0.054058     0.2366     1.8918     1.9579          0     55.250  34.406380   995.7807      0.920     -0.039  0.000e+00
