content/post/ctd_rufiji/SBE19plus_01906740_2018_02_13_0890.cnv
* Sea-Bird SBE19plus  Data File:
* FileName = C:\Users\all user\Desktop\CTD tafiri 2018\SBE19plus_01906740_2018_02_13_0890.hex
* Software version 2.6.3.104
* Temperature SN = 6740
* Conductivity SN = 6740
* System UpLoad Time = Feb 13 2018 13:58:43
* <ApplicationData>
* <Seaterm232>
# nquan = 13
# nvalues = 470                                   
# units = specified
# name 0 = prdM: Pressure, Strain Gauge [db]
# name 1 = tv290C: Temperature [ITS-90, deg C]
# name 2 = c0S/m: Conductivity [S/m]
# name 3 = sal00: Salinity, Practical [PSU]
# name 4 = sbeox0ML/L: Oxygen, SBE 43 [ml/l]
# name 5 = flECO-AFL: Fluorescence, WET Labs ECO-AFL/FL [mg/m^3]
# name 6 = nbf: Bottles Fired
# name 7 = timeS: Time, Elapsed [seconds]
# name 8 = timeJ: Julian Days
# name 9 = density00: Density [density, kg/m^3]
# name 10 = depSM: Depth [salt water, m], lat = 0.00
# name 11 = dz/dtM: Descent Rate [m/s]
# name 12 = flag:  0.000e+00
# span 0 =      0.085,      9.988                 
# span 1 =    29.3521,    30.7822                 
# span 2 =   0.002127,   3.229172                 
# span 3 =     0.0188,    17.8926                 
# span 4 =     1.4642,     3.3838                 
# span 5 =    -0.0433,     2.2425                 
# span 6 =          0,          0                 
# span 7 =      0.000,    117.250                 
# span 8 =  33.742894,  33.744251                 
# span 9 =   995.6690,  1008.8024                 
# span 10 =      0.084,      9.933                
# span 11 =     -0.543,      0.714                
# span 12 = 0.0000e+00, 0.0000e+00                
# interval = seconds: 0.25
# start_time = Feb 02 2018 17:49:46 [Instrument's time stamp, header]
# bad_flag = -9.990e-29
*END*
[from data line 223]
      1.479    30.5967   2.600393    14.1111     1.9603     1.3567          0     55.750  33.743539  1005.9619      1.471      0.357  0.000e+00
      1.501    30.5922   2.608066    14.1580     1.9724     1.3529          0     56.000  33.743542  1005.9982      1.493      0.308  0.000e+00
      1.523    30.5803   2.607732    14.1594     1.9924     1.3369          0     56.250  33.743545  1006.0032      1.514      0.249  0.000e+00
      1.598    30.5705   2.604605    14.1436     2.0232     1.3361          0     56.500  33.743547  1005.9949      1.590      0.202  0.000e+00
      1.620    30.5640   2.591404    14.0670     2.0312     1.3376          0     56.750  33.743550  1005.9403      1.611      0.161  0.000e+00
      1.706    30.5591   2.572577    13.9565     2.0357     1.3453          0     57.000  33.743553  1005.8602      1.697      0.148  0.000e+00
      1.793    30.5574   2.554038    13.8470     2.0708     1.3376          0     57.250  33.743556  1005.7798      1.783      0.166  0.000e+00
      1.858    30.5671   2.535647    13.7352     2.0743     1.3880          0     57.500  33.743559  1005.6940      1.848      0.197  0.000e+00
      1.944    30.5897   2.526821    13.6766     2.0922     1.3933          0     57.750  33.743562  1005.6437      1.934      0.239  0.000e+00
      1.988    30.6066   2.525730    13.6655     2.1005     1.3941          0     58.000  33.743565  1005.6301      1.977      0.260  0.000e+00
      2.063    30.6191   2.525041    13.6580     2.0496     1.3903          0     58.250  33.743568  1005.6208      2.052      0.275  0.000e+00
      2.128    30.6295   2.524732    13.6533     2.0300     1.3735          0     58.500  33.743571  1005.6143      2.116      0.278  0.000e+00
      2.171    30.6392   2.527008    13.6641     2.0407     1.3727          0     58.750  33.743573  1005.6194      2.159      0.276  0.000e+00
      2.269    30.6470   2.527422    13.6643     2.0462     1.3666          0     59.000  33.743576  1005.6175      2.256      0.270  0.000e+00
      2.366    30.6556   2.526534    13.6567     2.0890     1.3628          0     59.250  33.743579  1005.6095      2.353      0.275  0.000e+00
      2.431    30.6682   2.529340    13.6698     2.0285     1.3666          0     59.500  33.743582  1005.6154      2.417      0.282  0.000e+00
      2.474    30.6823   2.535696    13.7035     2.0106     1.3651          0     59.750  33.743585  1005.6361      2.460      0.280  0.000e+00
      2.582    30.6960   2.545841    13.7597     1.9869     1.3674          0     60.000  33.743588  1005.6738      2.568      0.294  0.000e+00
      2.658    30.7091   2.558100    13.8286     2.0294     1.3666          0     60.250  33.743591  1005.7210      2.643      0.301  0.000e+00
      2.744    30.7204   2.573425    13.9161     2.0021     1.3552          0     60.500  33.743594  1005.7827      2.729      0.311  0.000e+00
      2.852    30.7322   2.595943    14.0461     2.0273     1.3521          0     60.750  33.743597  1005.8758      2.837      0.326  0.000e+00
      2.939    30.7434   2.608913    14.1197     1.9966     1.3483          0     61.000  33.743600  1005.9272      2.923      0.330  0.000e+00
      3.015    30.7508   2.610000    14.1240     2.0251     1.3514          0     61.250  33.743602  1005.9283      2.998      0.336  0.000e+00
      3.123    30.7539   2.615323    14.1547     2.0160     1.3559          0     61.500  33.743605  1005.9505      3.106      0.353  0.000e+00
      3.242    30.7575   2.632846    14.2575     2.0278     1.3803          0     61.750  33.743608  1006.0262      3.224      0.373  0.000e+00
      3.371    30.7654   2.728188    14.8217     2.0221     1.3697          0     62.000  33.743611  1006.4429      3.353      0.388  0.000e+00
      3.512    30.7757   2.784802    15.1561     2.0381     1.3796          0     62.250  33.743614  1006.6883      3.493      0.417  0.000e+00
      3.631    30.7822   2.798572    15.2362     2.0409     1.3758          0     62.500  33.743617  1006.7463      3.611      0.441  0.000e+00
      3.761    30.7822   2.804164    15.2696     2.0217     1.3765          0     62.750  33.743620  1006.7716      3.740      0.464  0.000e+00
      3.901    30.7797   2.807589    15.2908     2.0416     1.3803          0     63.000  33.743623  1006.7888      3.880      0.492  0.000e+00
      4.031    30.7769   2.810098    15.3067     2.0689     1.3781          0     63.250  33.743626  1006.8020      4.009      0.513  0.000e+00
      4.161    30.7726   2.817287    15.3509     2.1139     1.3819          0     63.500  33.743628  1006.8368      4.138      0.522  0.000e+00
      4.236    30.7592   2.868763    15.6632     2.2067     1.3880          0     63.750  33.743631  1007.0733      4.213      0.510  0.000e+00
      4.269    30.7343   2.922800    15.9953     2.2267     1.3910          0     64.000  33.743634  1007.3281      4.245      0.473  0.000e+00
      4.323    30.7123   2.932912    16.0632     2.2681     1.3903          0     64.250  33.743637  1007.3860      4.299      0.425  0.000e+00
      4.334    30.6985   2.934583    16.0778     2.2861     1.3880          0     64.500  33.743640  1007.4013      4.310      0.363  0.000e+00
      4.355    30.6896   2.942361    16.1274     2.3559     1.3407          0     64.750  33.743643  1007.4412      4.331      0.291  0.000e+00
      4.334    30.6828   2.952825    16.1927     2.3436     1.3391          0     65.000  33.743646  1007.4917      4.310      0.209  0.000e+00
      4.356    30.6767   2.968518    16.2892     2.3628     1.3399          0     65.250  33.743649  1007.5655      4.332      0.141  0.000e+00
      4.345    30.6708   2.984407    16.3869     2.3358     1.3384          0     65.500  33.743652  1007.6399      4.321      0.084  0.000e+00
      4.345    30.6648   2.991565    16.4321     2.3510     1.3399          0     65.750  33.743655  1007.6755      4.321      0.048  0.000e+00
      4.345    30.6600   3.002177    16.4978     2.3647     1.3765          0     66.000  33.743657  1007.7258      4.321      0.026  0.000e+00
      4.355    30.6550   3.014514    16.5740     2.3151     1.3842          0     66.250  33.743660  1007.7840      4.331      0.010  0.000e+00
      4.355    30.6507   3.019204    16.6038     2.2853     1.3781          0     66.500  33.743663  1007.8076      4.331      0.007  0.000e+00
      4.355    30.6478   3.019363    16.6057     2.3218     1.3727          0     66.750  33.743666  1007.8099      4.331      0.004  0.000e+00
      4.355    30.6459   3.019716    16.6085     2.2782     1.3742          0     67.000  33.743669  1007.8126      4.331      0.008  0.000e+00
      4.366    30.6445   3.019775    16.6093     2.2823     1.3727          0     67.250  33.743672  1007.8137      4.342      0.007  0.000e+00
      4.345    30.6436   3.021146    16.6179     2.3095     1.3819          0     67.500  33.743675  1007.8203      4.321      0.006  0.000e+00
      4.366    30.6432   3.021947    16.6228     2.3466     1.3773          0     67.750  33.743678  1007.8242      4.342      0.007  0.000e+00
      4.366    30.6428   3.020752    16.6157     2.4074     1.3788          0     68.000  33.743681  1007.8191      4.342      0.007  0.000e+00
      4.377    30.6429   3.017232    16.5944     2.3907     1.3788          0     68.250  33.743683  1007.8033      4.353      0.009  0.000e+00
      4.366    30.6432   3.014085    16.5753     2.3338     1.3735          0     68.500  33.743686  1007.7889      4.342      0.009  0.000e+00
      4.366    30.6439   3.010610    16.5541     2.3198     1.3842          0     68.750  33.743689  1007.7729      4.342      0.008  0.000e+00
      4.355    30.6444   3.008117    16.5389     2.3877     1.3819          0     69.000  33.743692  1007.7614      4.331      0.004  0.000e+00
      4.345    30.6452   3.004744    16.5182     2.3515     1.4170          0     69.250  33.743695  1007.7458      4.321     -0.004  0.000e+00
      4.366    30.6462   3.001167    16.4963     2.3222     1.4185          0     69.500  33.743698  1007.7293      4.342     -0.001  0.000e+00
      4.398    30.6473   2.995267    16.4603     2.3232     1.4154          0     69.750  33.743701  1007.7023      4.374      0.004  0.000e+00
      4.377    30.6496   2.985972    16.4034     2.3127     1.4170          0     70.000  33.743704  1007.6592      4.353      0.006  0.000e+00
      4.377    30.6518   2.983194    16.3859     2.3042     1.4620          0     70.250  33.743707  1007.6455      4.353      0.007  0.000e+00
      4.334    30.6534   2.978098    16.3547     2.2936     1.4627          0     70.500  33.743709  1007.6216      4.310     -0.000  0.000e+00
      4.355    30.6550   2.969788    16.3040     2.2827     1.4635          0     70.750  33.743712  1007.5835      4.331     -0.002  0.000e+00
      4.377    30.6569   2.968980    16.2985     2.2885     1.4673          0     71.000  33.743715  1007.5789      4.353      0.002  0.000e+00
      4.377    30.6578   2.964011    16.2683     2.3862     1.4750          0     71.250  33.743718  1007.5562      4.353      0.002  0.000e+00
      4.388    30.6589   2.956795    16.2244     2.3912     1.4803          0     71.500  33.743721  1007.5233      4.364     -0.000  0.000e+00
      4.474    30.6598   2.960066    16.2438     2.3932     1.4811          0     71.750  33.743724  1007.5378      4.450      0.025  0.000e+00
      4.582    30.6602   2.974632    16.3315     2.3389     1.4727          0     72.000  33.743727  1007.6032      4.557      0.083  0.000e+00
      4.669    30.6586   2.993929    16.4484     2.3303     1.5032          0     72.250  33.743730  1007.6910      4.643      0.144  0.000e+00
      4.777    30.6545   3.007923    16.5343     2.3275     1.5039          0     72.500  33.743733  1007.7566      4.751      0.215  0.000e+00
      4.885    30.6501   3.006360    16.5263     2.3055     1.5001          0     72.750  33.743736  1007.7525      4.858      0.273  0.000e+00
      4.982    30.6465   3.008975    16.5433     2.2973     1.5001          0     73.000  33.743738  1007.7667      4.955      0.328  0.000e+00
      5.112    30.6442   3.025316    16.6428     2.3098     1.5017          0     73.250  33.743741  1007.8419      5.084      0.383  0.000e+00
      5.242    30.6423   3.045297    16.7642     2.3399     1.5154          0     73.500  33.743744  1007.9333      5.213      0.423  0.000e+00
      5.382    30.6400   3.046401    16.7717     2.3088     1.5123          0     73.750  33.743747  1007.9402      5.353      0.447  0.000e+00
      5.512    30.6403   3.046661    16.7731     2.3608     1.5131          0     74.000  33.743750  1007.9418      5.482      0.468  0.000e+00
      5.609    30.6491   3.078130    16.9607     2.3874     1.5131          0     74.250  33.743753  1008.0786      5.578      0.481  0.000e+00
      5.728    30.6702   3.106312    17.1242     2.3619     1.4353          0     74.500  33.743756  1008.1937      5.697      0.487  0.000e+00
      5.836    30.6881   3.113901    17.1639     2.4178     1.4437          0     74.750  33.743759  1008.2178      5.804      0.487  0.000e+00
      5.998    30.6983   3.116462    17.1759     2.3669     1.4452          0     75.000  33.743762  1008.2241      5.965      0.496  0.000e+00
      6.139    30.7069   3.117022    17.1763     2.3829     1.4353          0     75.250  33.743764  1008.2222      6.105      0.500  0.000e+00
      6.301    30.7146   3.125533    17.2252     2.4003     1.4612          0     75.500  33.743767  1008.2567      6.267      0.514  0.000e+00
      6.442    30.7150   3.140067    17.3131     2.4180     1.4704          0     75.750  33.743770  1008.3225      6.406      0.529  0.000e+00
      6.582    30.7080   3.165820    17.4719     2.4079     1.4666          0     76.000  33.743773  1008.4433      6.546      0.549  0.000e+00
      6.777    30.6932   3.192723    17.6406     2.4156     1.4582          0     76.250  33.743776  1008.5742      6.740      0.583  0.000e+00
      6.950    30.6750   3.193908    17.6543     2.4130     1.5398          0     76.500  33.743779  1008.5912      6.912      0.612  0.000e+00
      7.101    30.6641   3.199129    17.6899     2.4112     1.5421          0     76.750  33.743782  1008.6218      7.062      0.631  0.000e+00
      7.220    30.6559   3.208647    17.7508     2.4564     1.5345          0     77.000  33.743785  1008.6703      7.180      0.627  0.000e+00
      7.393    30.6480   3.206063    17.7378     2.4248     1.5360          0     77.250  33.743788  1008.6640      7.353      0.631  0.000e+00
      7.566    30.6443   3.210822    17.7681     2.4718     1.5398          0     77.500  33.743791  1008.6885      7.525      0.634  0.000e+00
      7.739    30.6400   3.217784    17.8120     2.4630     1.7061          0     77.750  33.743793  1008.7232      7.697      0.643  0.000e+00
      7.923    30.6346   3.214191    17.7921     2.4954     1.7061          0     78.000  33.743796  1008.7110      7.879      0.652  0.000e+00
      8.107    30.6320   3.222151    17.8415     2.4792     1.7016          0     78.250  33.743799  1008.7494      8.062      0.657  0.000e+00
      8.280    30.6267   3.225145    17.8616     2.5414     1.7016          0     78.500  33.743802  1008.7668      8.234      0.672  0.000e+00
      8.453    30.6213   3.226388    17.8711     2.5406     1.8488          0     78.750  33.743805  1008.7764      8.406      0.691  0.000e+00
      8.637    30.6175   3.227487    17.8792     2.5367     1.8526          0     79.000  33.743808  1008.7844      8.589      0.709  0.000e+00
      8.820    30.6144   3.228411    17.8859     2.5530     1.8549          0     79.250  33.743811  1008.7912      8.772      0.714  0.000e+00
      8.972    30.6124   3.228350    17.8863     2.5874     1.8511          0     79.500  33.743814  1008.7928      8.922      0.709  0.000e+00
      9.123    30.6117   3.228187    17.8855     2.5942     2.0754          0     79.750  33.743817  1008.7931      9.073      0.698  0.000e+00
      9.285    30.6116   3.227970    17.8842     2.5761     2.0685          0     80.000  33.743819  1008.7928      9.234      0.683  0.000e+00
      9.404    30.6113   3.228031    17.8846     2.6438     2.0792          0     80.250  33.743822  1008.7938      9.352      0.659  0.000e+00
      9.545    30.6110   3.228550    17.8879     2.6357     2.0754          0     80.500  33.743825  1008.7970      9.492      0.634  0.000e+00
      9.696    30.6102   3.228924    17.8904     2.5496     2.1738          0     80.750  33.743828  1008.7997      9.643      0.612  0.000e+00
      9.772    30.6098   3.228852    17.8901     2.5157     2.1738          0     81.000  33.743831  1008.8000      9.718      0.573  0.000e+00
      9.750    30.6093   3.229136    17.8920     2.4918     2.1753          0     81.250  33.743834  1008.8015      9.696      0.502  0.000e+00
      9.772    30.6089   3.229009    17.8914     2.4604     2.1784          0     81.500  33.743837  1008.8013      9.718      0.423  0.000e+00
      9.783    30.6082   3.229172    17.8926     2.4626     2.1746          0     81.750  33.743840  1008.8024      9.729      0.334  0.000e+00
      9.804    30.6076   3.228713    17.8901     2.4290     2.1586          0     82.000  33.743843  1008.8008      9.750      0.248  0.000e+00
      9.793    30.6072   3.228091    17.8864     2.4153     2.1692          0     82.250  33.743845  1008.7982      9.739      0.167  0.000e+00
      9.815    30.6067   3.226558    17.8772     2.5001     2.1616          0     82.500  33.743848  1008.7916      9.761      0.098  0.000e+00
      9.815    30.6065   3.224681    17.8659     2.4939     2.1616          0     82.750  33.743851  1008.7832      9.761      0.048  0.000e+00
      9.837    30.6065   3.222864    17.8548     2.5127     2.1135          0     83.000  33.743854  1008.7751      9.782      0.037  0.000e+00
