content/post/ctd_rufiji/SBE19plus_01906740_2018_02_13_0912.cnv
* Sea-Bird SBE19plus  Data File:
* FileName = C:\Users\all user\Desktop\CTD tafiri 2018\SBE19plus_01906740_2018_02_13_0912.hex
* Software version 2.6.3.104
* Temperature SN = 6740
* Conductivity SN = 6740
* System UpLoad Time = Feb 13 2018 14:02:35
* <ApplicationData>
* <Seaterm232>
# nquan = 13
# nvalues = 429                                   
# units = specified
# name 0 = prdM: Pressure, Strain Gauge [db]
# name 1 = tv290C: Temperature [ITS-90, deg C]
# name 2 = c0S/m: Conductivity [S/m]
# name 3 = sal00: Salinity, Practical [PSU]
# name 4 = sbeox0ML/L: Oxygen, SBE 43 [ml/l]
# name 5 = flECO-AFL: Fluorescence, WET Labs ECO-AFL/FL [mg/m^3]
# name 6 = nbf: Bottles Fired
# name 7 = timeS: Time, Elapsed [seconds]
# name 8 = timeJ: Julian Days
# name 9 = density00: Density [density, kg/m^3]
# name 10 = depSM: Depth [salt water, m], lat = 0.00
# name 11 = dz/dtM: Descent Rate [m/s]
# name 12 = flag:  0.000e+00
# span 0 =      0.093,      7.574                 
# span 1 =    26.3285,    30.9255                 
# span 2 =   0.000557,   0.014996                 
# span 3 =     0.0133,     0.0685                 
# span 4 =     0.8256,     8.6442                 
# span 5 =    -0.0609,     1.6291                 
# span 6 =          0,          0                 
# span 7 =      0.000,    107.000                 
# span 8 =  34.282269,  34.283507                 
# span 9 =   995.3880,   996.7089                 
# span 10 =      0.092,      7.533                
# span 11 =     -0.590,      0.373                
# span 12 = 0.0000e+00, 0.0000e+00                
# interval = seconds: 0.25
# start_time = Feb 03 2018 06:46:28 [Instrument's time stamp, header]
# bad_flag = -9.990e-29
*END*
      0.310    26.3285   0.000607     0.0133     3.6878    -0.0609          0      0.000  34.282269   996.7089      0.308 1.0527e-16  0.000e+00
      0.375    27.0448   0.000557     0.0133     3.5802    -0.0502          0      0.250  34.282271   996.5143      0.373      0.017  0.000e+00
      0.396    28.3544   0.002017     0.0182     3.4105    -0.0517          0      0.500  34.282274   996.1495      0.394      0.036  0.000e+00
      0.450    29.2116   0.007651     0.0396     3.4005    -0.0494          0      0.750  34.282277   995.9161      0.448      0.063  0.000e+00
      0.483    29.7380   0.008011     0.0408     8.6442     0.6258          0      1.000  34.282280   995.7606      0.480      0.090  0.000e+00
      0.515    30.0361   0.007948     0.0404     4.3845     0.6136          0      1.250  34.282283   995.6707      0.512      0.114  0.000e+00
      0.569    30.2163   0.014987     0.0685     3.9012     0.6182          0      1.500  34.282286   995.6375      0.566      0.138  0.000e+00
      0.634    30.3456   0.014949     0.0683     3.6416     0.6182          0      1.750  34.282289   995.5982      0.631      0.163  0.000e+00
      0.667    30.4619   0.014928     0.0681     3.2532     1.4261          0      2.000  34.282292   995.5626      0.663      0.174  0.000e+00
      0.710    30.5442   0.014910     0.0679     2.9653     1.4315          0      2.250  34.282295   995.5375      0.706      0.174  0.000e+00
      0.742    30.6019   0.014898     0.0678     2.7077     1.4246          0      2.500  34.282297   995.5199      0.738      0.177  0.000e+00
      0.796    30.6481   0.014922     0.0679     2.4504     1.4330          0      2.750  34.282300   995.5059      0.792      0.177  0.000e+00
      0.807    30.6876   0.014898     0.0677     2.2188     1.4559          0      3.000  34.282303   995.4937      0.803      0.171  0.000e+00
      0.861    30.7133   0.014868     0.0676     3.3607     1.4475          0      3.250  34.282306   995.4859      0.857      0.167  0.000e+00
      0.861    30.7321   0.014877     0.0676     3.4547     1.4460          0      3.500  34.282309   995.4802      0.857      0.148  0.000e+00
      0.872    30.7405   0.014904     0.0677     3.5098     1.4505          0      3.750  34.282312   995.4777      0.867      0.127  0.000e+00
      0.905    30.7357   0.014898     0.0677     3.5581     1.4536          0      4.000  34.282315   995.4793      0.900      0.116  0.000e+00
      0.905    30.7393   0.014877     0.0676     4.1390     1.4261          0      4.250  34.282318   995.4781      0.900      0.098  0.000e+00
      0.905    30.7442   0.014856     0.0675     4.0694     1.4277          0      4.500  34.282321   995.4765      0.900      0.079  0.000e+00
      0.927    30.7480   0.014835     0.0674     4.3826     1.4284          0      4.750  34.282323   995.4754      0.922      0.063  0.000e+00
      0.937    30.7583   0.014850     0.0675     7.1155     1.4238          0      5.000  34.282326   995.4723      0.932      0.056  0.000e+00
      0.959    30.7685   0.014850     0.0674     5.7037     1.4483          0      5.250  34.282329   995.4692      0.954      0.049  0.000e+00
      0.948    30.7740   0.014817     0.0673     4.0175     1.4444          0      5.500  34.282332   995.4674      0.943      0.046  0.000e+00
      0.970    30.7707   0.014805     0.0673     3.6347     1.4566          0      5.750  34.282335   995.4685      0.965      0.044  0.000e+00
      0.948    30.7641   0.014779     0.0672     3.2285     1.4513          0      6.000  34.282338   995.4703      0.943      0.033  0.000e+00
      0.948    30.7588   0.014796     0.0672     2.8716     1.4734          0      6.250  34.282341   995.4720      0.943      0.027  0.000e+00
      0.970    30.7575   0.014805     0.0673     2.6930     1.4795          0      6.500  34.282344   995.4726      0.965      0.024  0.000e+00
      0.981    30.7557   0.014808     0.0673     2.8937     1.4757          0      6.750  34.282347   995.4732      0.975      0.020  0.000e+00
      0.959    30.7598   0.014802     0.0673     2.7203     1.4742          0      7.000  34.282350   995.4718      0.954      0.012  0.000e+00
      0.981    30.7622   0.014796     0.0672     3.4029     1.4521          0      7.250  34.282352   995.4711      0.975      0.011  0.000e+00
      0.992    30.7586   0.014776     0.0672     3.8005     1.4505          0      7.500  34.282355   995.4722      0.986      0.017  0.000e+00
      0.981    30.7566   0.014791     0.0672     3.8238     1.4536          0      7.750  34.282358   995.4729      0.975      0.015  0.000e+00
      0.981    30.7603   0.014779     0.0672     4.7928     1.4544          0      8.000  34.282361   995.4717      0.975      0.018  0.000e+00
      0.970    30.7604   0.014764     0.0671     4.8348     1.4452          0      8.250  34.282364   995.4715      0.965      0.010  0.000e+00
      0.992    30.7600   0.014782     0.0672     6.3914     1.4597          0      8.500  34.282367   995.4718      0.986      0.006  0.000e+00
      0.981    30.7650   0.014779     0.0672     5.0897     1.4605          0      8.750  34.282370   995.4702      0.975      0.004  0.000e+00
      0.992    30.7716   0.014808     0.0673     4.2417     1.4681          0      9.000  34.282373   995.4683      0.986      0.008  0.000e+00
      0.970    30.7777   0.014794     0.0672     4.5558     1.4742          0      9.250  34.282376   995.4663      0.965     -0.002  0.000e+00
      0.992    30.7821   0.014802     0.0672     4.5735     1.4742          0      9.500  34.282378   995.4650      0.986     -0.000  0.000e+00
      0.970    30.7832   0.014770     0.0671     4.1973     1.4826          0      9.750  34.282381   995.4645      0.965     -0.001  0.000e+00
      0.948    30.7860   0.014770     0.0671     3.7065     1.4772          0     10.000  34.282384   995.4635      0.943     -0.009  0.000e+00
      0.981    30.7896   0.014749     0.0670     3.7694     1.4841          0     10.250  34.282387   995.4625      0.975     -0.007  0.000e+00
      0.981    30.7906   0.014749     0.0670     3.7947     1.4872          0     10.500  34.282390   995.4622      0.975     -0.009  0.000e+00
      0.992    30.7908   0.014731     0.0669     4.1397     1.4795          0     10.750  34.282393   995.4621      0.986     -0.001  0.000e+00
      0.970    30.7919   0.014707     0.0668     4.3640     1.4803          0     11.000  34.282396   995.4616      0.965     -0.002  0.000e+00
      0.981    30.7923   0.014716     0.0669     4.0598     1.4689          0     11.250  34.282399   995.4616      0.975      0.004  0.000e+00
      0.992    30.7951   0.014710     0.0669     3.6006     1.4544          0     11.500  34.282402   995.4607      0.986      0.006  0.000e+00
      0.981    30.7978   0.014671     0.0667     3.7132     1.4643          0     11.750  34.282405   995.4597      0.975      0.011  0.000e+00
      0.991    30.7986   0.014695     0.0668     3.6484     1.4711          0     12.000  34.282407   995.4596      0.986      0.012  0.000e+00
      0.959    30.7971   0.014665     0.0667     3.5619     1.4627          0     12.250  34.282410   995.4598      0.954     -0.004  0.000e+00
      0.991    30.7949   0.014656     0.0666     3.3600     1.4681          0     12.500  34.282413   995.4606      0.986     -0.001  0.000e+00
      0.970    30.7945   0.014659     0.0667     3.3968     1.4307          0     12.750  34.282416   995.4607      0.965     -0.004  0.000e+00
      0.970    30.7921   0.014641     0.0666     3.6553     1.4330          0     13.000  34.282419   995.4614      0.965     -0.004  0.000e+00
      1.002    30.7860   0.014633     0.0666     3.7510     1.4299          0     13.250  34.282422   995.4634      0.997     -0.000  0.000e+00
      0.970    30.7800   0.014633     0.0666     3.4723     1.4383          0     13.500  34.282425   995.4651      0.965     -0.004  0.000e+00
      0.981    30.7794   0.014609     0.0665     3.1341     1.4292          0     13.750  34.282428   995.4652      0.975     -0.000  0.000e+00
      0.991    30.7814   0.014606     0.0664     3.1320     1.4383          0     14.000  34.282431   995.4647      0.986      0.004  0.000e+00
      0.981    30.7844   0.014591     0.0664     2.7519     1.4368          0     14.250  34.282433   995.4636      0.975      0.007  0.000e+00
      0.970    30.7852   0.014579     0.0663     2.4867     1.4399          0     14.500  34.282436   995.4633      0.964     -0.002  0.000e+00
      0.991    30.7849   0.014561     0.0663     2.6532     1.4490          0     14.750  34.282439   995.4634      0.986      0.004  0.000e+00
      1.002    30.7828   0.014552     0.0662     2.5205     1.4597          0     15.000  34.282442   995.4641      0.997      0.006  0.000e+00
      0.970    30.7790   0.014546     0.0662     2.4557     1.4582          0     15.250  34.282445   995.4651      0.964     -0.002  0.000e+00
      0.981    30.7747   0.014543     0.0662     2.6569     1.4521          0     15.500  34.282448   995.4665      0.975      0.003  0.000e+00
      0.991    30.7699   0.014537     0.0662     2.6245     1.4429          0     15.750  34.282451   995.4680      0.986      0.001  0.000e+00
      0.970    30.7665   0.014537     0.0662     2.7626     1.4116          0     16.000  34.282454   995.4690      0.964     -0.004  0.000e+00
      0.981    30.7665   0.014519     0.0661     2.8450     1.4338          0     16.250  34.282457   995.4690      0.975     -0.001  0.000e+00
      0.981    30.7704   0.014525     0.0661     2.7513     1.4277          0     16.500  34.282459   995.4678      0.975     -0.002  0.000e+00
      0.970    30.7769   0.014519     0.0661     2.5915     1.4261          0     16.750  34.282462   995.4657      0.964     -0.009  0.000e+00
      0.991    30.7818   0.014513     0.0661     2.5142     1.4399          0     17.000  34.282465   995.4642      0.986     -0.004  0.000e+00
      0.991    30.7841   0.014519     0.0661     2.5130     1.4383          0     17.250  34.282468   995.4636      0.986      0.006  0.000e+00
      0.981    30.7829   0.014510     0.0661     2.4772     1.4414          0     17.500  34.282471   995.4639      0.975      0.002  0.000e+00
      0.991    30.7818   0.014504     0.0660     2.6991     1.4353          0     17.750  34.282474   995.4642      0.986      0.004  0.000e+00
      0.991    30.7818   0.014492     0.0660     2.8212     1.4544          0     18.000  34.282477   995.4642      0.986      0.009  0.000e+00
      0.981    30.7825   0.014483     0.0660     3.2412     1.4551          0     18.250  34.282480   995.4639      0.975      0.004  0.000e+00
      1.002    30.7825   0.014460     0.0659     3.6913     1.4452          0     18.500  34.282483   995.4639      0.997      0.008  0.000e+00
      0.991    30.7835   0.014451     0.0658     3.7026     1.4467          0     18.750  34.282486   995.4635      0.986      0.007  0.000e+00
      0.991    30.7836   0.014427     0.0657     3.5798     1.4315          0     19.000  34.282488   995.4634      0.986      0.002  0.000e+00
      0.991    30.7843   0.014403     0.0656     3.2876     1.4467          0     19.250  34.282491   995.4632      0.986      0.003  0.000e+00
      0.970    30.7855   0.014394     0.0656     3.2209     1.4292          0     19.500  34.282494   995.4626      0.965     -0.002  0.000e+00
      0.981    30.7882   0.014394     0.0656     3.2591     1.4338          0     19.750  34.282497   995.4619      0.975     -0.006  0.000e+00
      0.981    30.7907   0.014391     0.0656     2.9411     1.4376          0     20.000  34.282500   995.4611      0.975     -0.007  0.000e+00
      0.970    30.7927   0.014391     0.0656     2.9071     1.4582          0     20.250  34.282503   995.4604      0.965     -0.010  0.000e+00
      0.981    30.7945   0.014391     0.0656     2.4547     1.4467          0     20.500  34.282506   995.4599      0.975     -0.012  0.000e+00
      0.981    30.7955   0.014379     0.0655     2.6444     1.4597          0     20.750  34.282509   995.4596      0.975     -0.007  0.000e+00
      1.002    30.7965   0.014385     0.0655     2.5302     1.4429          0     21.000  34.282512   995.4594      0.997      0.001  0.000e+00
      0.991    30.7975   0.014391     0.0656     2.7417     1.4574          0     21.250  34.282514   995.4590      0.986      0.007  0.000e+00
      1.013    30.7979   0.014385     0.0655     2.6662     1.4650          0     21.500  34.282517   995.4590      1.008      0.017  0.000e+00
      1.013    30.7982   0.014385     0.0655     2.5548     1.4612          0     21.750  34.282520   995.4589      1.007      0.019  0.000e+00
      0.991    30.7962   0.014385     0.0655     2.8755     1.4704          0     22.000  34.282523   995.4594      0.986      0.017  0.000e+00
      0.991    30.7957   0.014391     0.0656     2.8614     1.4391          0     22.250  34.282526   995.4596      0.986      0.013  0.000e+00
      0.981    30.7971   0.014394     0.0656     3.0954     1.4315          0     22.500  34.282529   995.4591      0.975      0.002  0.000e+00
      0.991    30.7977   0.014397     0.0656     2.8826     1.4353          0     22.750  34.282532   995.4590      0.986     -0.003  0.000e+00
      1.002    30.7970   0.014394     0.0656     2.5464     1.4383          0     23.000  34.282535   995.4592      0.997     -0.006  0.000e+00
      1.013    30.7945   0.014385     0.0655     2.6403     1.4421          0     23.250  34.282538   995.4600      1.007     -0.000  0.000e+00
      1.013    30.7917   0.014385     0.0655     2.2745     1.4353          0     23.500  34.282541   995.4609      1.007      0.001  0.000e+00
      1.013    30.7889   0.014391     0.0656     1.7708     1.4399          0     23.750  34.282543   995.4618      1.007      0.009  0.000e+00
      1.002    30.7861   0.014385     0.0656     1.6846     1.4437          0     24.000  34.282546   995.4626      0.997      0.013  0.000e+00
      1.013    30.7836   0.014385     0.0656     1.7134     1.4338          0     24.250  34.282549   995.4634      1.007      0.014  0.000e+00
      0.991    30.7802   0.014385     0.0656     1.7758     1.4338          0     24.500  34.282552   995.4644      0.986      0.007  0.000e+00
      1.002    30.7760   0.014385     0.0656     1.9270     1.4315          0     24.750  34.282555   995.4657      0.997     -0.000  0.000e+00
      0.991    30.7729   0.014385     0.0656     2.0785     1.4200          0     25.000  34.282558   995.4666      0.986     -0.008  0.000e+00
      1.002    30.7715   0.014385     0.0656     2.1848     1.4353          0     25.250  34.282561   995.4671      0.997     -0.009  0.000e+00
      0.991    30.7712   0.014385     0.0656     2.3500     1.4353          0     25.500  34.282564   995.4672      0.986     -0.010  0.000e+00
      1.002    30.7714   0.014379     0.0655     2.4546     1.4368          0     25.750  34.282567   995.4671      0.997     -0.006  0.000e+00
      0.991    30.7717   0.014379     0.0655     2.4689     1.4292          0     26.000  34.282569   995.4670      0.986     -0.005  0.000e+00
      1.002    30.7705   0.014373     0.0655     2.4596     1.4353          0     26.250  34.282572   995.4674      0.997     -0.003  0.000e+00
      1.013    30.7672   0.014367     0.0655     2.4537     1.4460          0     26.500  34.282575   995.4684      1.007      0.006  0.000e+00
      1.002    30.7621   0.014358     0.0655     2.6428     1.4383          0     26.750  34.282578   995.4699      0.997      0.004  0.000e+00
      0.991    30.7553   0.014358     0.0655     3.5267     1.4467          0     27.000  34.282581   995.4720      0.986      0.003  0.000e+00
      0.980    30.7474   0.014349     0.0654     3.8667     1.4368          0     27.250  34.282584   995.4744      0.975     -0.004  0.000e+00
      1.002    30.7394   0.014346     0.0654     4.0392     1.4322          0     27.500  34.282587   995.4769      0.997     -0.001  0.000e+00
