content/post/ctd_rufiji/SBE19plus_01906740_2018_02_13_0910.cnv
* Sea-Bird SBE19plus  Data File:
* FileName = C:\Users\all user\Desktop\CTD tafiri 2018\SBE19plus_01906740_2018_02_13_0910.hex
* Software version 2.6.3.104
* Temperature SN = 6740
* Conductivity SN = 6740
* System UpLoad Time = Feb 13 2018 14:02:14
* <ApplicationData>
* <Seaterm232>
# nquan = 13
# nvalues = 331                                   
# units = specified
# name 0 = prdM: Pressure, Strain Gauge [db]
# name 1 = tv290C: Temperature [ITS-90, deg C]
# name 2 = c0S/m: Conductivity [S/m]
# name 3 = sal00: Salinity, Practical [PSU]
# name 4 = sbeox0ML/L: Oxygen, SBE 43 [ml/l]
# name 5 = flECO-AFL: Fluorescence, WET Labs ECO-AFL/FL [mg/m^3]
# name 6 = nbf: Bottles Fired
# name 7 = timeS: Time, Elapsed [seconds]
# name 8 = timeJ: Julian Days
# name 9 = density00: Density [density, kg/m^3]
# name 10 = depSM: Depth [salt water, m], lat = 0.00
# name 11 = dz/dtM: Descent Rate [m/s]
# name 12 = flag:  0.000e+00
# span 0 =      0.122,      2.846                 
# span 1 =    28.2157,    30.3061                 
# span 2 =   0.000542,   0.018532                 
# span 3 =     0.0137,     0.0835                 
# span 4 =     0.6727,     6.9000                 
# span 5 =    -0.1097,     2.1357                 
# span 6 =          0,          0                 
# span 7 =      0.000,     82.500                 
# span 8 =  34.275243,  34.276198                 
# span 9 =   995.6228,   996.1855                 
# span 10 =      0.121,      2.831                
# span 11 =     -0.521,      0.243                
# span 12 = 0.0000e+00, 0.0000e+00                
# interval = seconds: 0.25
# start_time = Feb 03 2018 06:36:21 [Instrument's time stamp, header]
# bad_flag = -9.990e-29
*END*
[from data line 223]
      2.738    29.9946   0.018308     0.0825     1.9868     1.6390          0     55.750  34.275888   995.7248      2.723     -0.006  0.000e+00
      2.727    29.9940   0.018323     0.0826     1.9873     1.6413          0     56.000  34.275891   995.7250      2.712     -0.006  0.000e+00
      2.727    30.0009   0.018326     0.0826     1.9854     1.6535          0     56.250  34.275894   995.7229      2.712     -0.004  0.000e+00
      2.706    30.0074   0.018308     0.0825     1.9881     1.6489          0     56.500  34.275897   995.7208      2.691     -0.011  0.000e+00
      2.727    30.0066   0.018305     0.0825     1.9889     1.6596          0     56.750  34.275900   995.7211      2.712     -0.009  0.000e+00
      2.738    30.0042   0.018305     0.0825     1.9914     1.6703          0     57.000  34.275903   995.7219      2.723     -0.004  0.000e+00
      2.727    30.0021   0.018293     0.0824     1.9907     1.6527          0     57.250  34.275906   995.7224      2.712     -0.006  0.000e+00
      2.738    29.9982   0.018287     0.0824     1.9858     1.6230          0     57.500  34.275909   995.7236      2.723     -0.001  0.000e+00
      2.738    29.9939   0.018281     0.0824     1.9823     1.6184          0     57.750  34.275911   995.7249      2.723      0.004  0.000e+00
      2.705    29.9921   0.018281     0.0824     1.9781     1.6291          0     58.000  34.275914   995.7253      2.691      0.001  0.000e+00
      2.716    29.9758   0.018281     0.0824     1.9753     1.6123          0     58.250  34.275917   995.7303      2.701     -0.002  0.000e+00
      2.749    29.9365   0.018281     0.0825     1.9678     1.6542          0     58.500  34.275920   995.7424      2.734      0.006  0.000e+00
      2.738    29.9101   0.018308     0.0826     1.9698     1.6558          0     58.750  34.275923   995.7504      2.723      0.001  0.000e+00
      2.716    29.9012   0.018293     0.0826     1.9643     1.6550          0     59.000  34.275926   995.7529      2.701     -0.004  0.000e+00
      2.749    29.8936   0.018281     0.0825     1.9603     1.6527          0     59.250  34.275929   995.7553      2.734      0.004  0.000e+00
      2.749    29.8942   0.018275     0.0825     1.9570     1.6848          0     59.500  34.275932   995.7551      2.734      0.008  0.000e+00
      2.749    29.8954   0.018287     0.0825     1.9559     1.6832          0     59.750  34.275935   995.7548      2.734      0.014  0.000e+00
      2.759    29.8923   0.018308     0.0826     1.9540     1.6802          0     60.000  34.275937   995.7558      2.744      0.022  0.000e+00
      2.759    29.8934   0.018326     0.0827     1.9501     1.6863          0     60.250  34.275940   995.7556      2.744      0.017  0.000e+00
      2.759    29.8944   0.018338     0.0828     1.9447     1.6604          0     60.500  34.275943   995.7553      2.744      0.013  0.000e+00
      2.738    29.9064   0.018347     0.0828     1.9413     1.6550          0     60.750  34.275946   995.7516      2.723      0.011  0.000e+00
      2.759    29.9421   0.018347     0.0827     1.9397     1.6604          0     61.000  34.275949   995.7409      2.744      0.011  0.000e+00
      2.770    29.9855   0.018341     0.0827     1.9411     1.6558          0     61.250  34.275952   995.7278      2.755      0.006  0.000e+00
      2.781    30.0266   0.018353     0.0826     1.9443     1.6611          0     61.500  34.275955   995.7154      2.766      0.011  0.000e+00
      2.760    30.0691   0.018362     0.0826     1.9458     1.7305          0     61.750  34.275958   995.7025      2.744      0.009  0.000e+00
      2.781    30.1078   0.018365     0.0826     1.9526     1.7191          0     62.000  34.275961   995.6908      2.766      0.011  0.000e+00
      2.792    30.1428   0.018365     0.0825     2.3735     1.7283          0     62.250  34.275964   995.6802      2.777      0.017  0.000e+00
      2.781    30.1755   0.018368     0.0825     2.0183     1.7275          0     62.500  34.275966   995.6702      2.766      0.019  0.000e+00
      2.803    30.2002   0.018374     0.0825     2.0026     1.7557          0     62.750  34.275969   995.6628      2.787      0.025  0.000e+00
      2.792    30.2148   0.018374     0.0825     1.9886     1.7511          0     63.000  34.275972   995.6583      2.776      0.017  0.000e+00
      2.813    30.2276   0.018368     0.0825     1.9854     1.7565          0     63.250  34.275975   995.6545      2.798      0.019  0.000e+00
      2.814    30.2405   0.018365     0.0824     1.9935     1.7595          0     63.500  34.275978   995.6505      2.798      0.022  0.000e+00
      2.824    30.2528   0.018368     0.0824     1.9922     1.7534          0     63.750  34.275981   995.6468      2.809      0.027  0.000e+00
      2.792    30.2631   0.018368     0.0824     2.0265     1.7550          0     64.000  34.275984   995.6436      2.776      0.014  0.000e+00
      2.803    30.2714   0.018368     0.0824     2.0511     1.7504          0     64.250  34.275987   995.6411      2.787      0.009  0.000e+00
      2.824    30.2773   0.018368     0.0824     2.2308     1.7511          0     64.500  34.275990   995.6394      2.809      0.012  0.000e+00
      2.824    30.2825   0.018368     0.0824     2.5172     1.6832          0     64.750  34.275992   995.6378      2.809      0.009  0.000e+00
      2.824    30.2870   0.018368     0.0824     2.6777     1.6848          0     65.000  34.275995   995.6364      2.809      0.011  0.000e+00
      2.824    30.2911   0.018365     0.0824     2.7586     1.6817          0     65.250  34.275998   995.6351      2.809      0.007  0.000e+00
      2.824    30.2943   0.018359     0.0823     2.9878     1.6871          0     65.500  34.276001   995.6341      2.809      0.009  0.000e+00
      2.824    30.2966   0.018362     0.0823     2.9615     1.6787          0     65.750  34.276004   995.6334      2.809      0.009  0.000e+00
      2.824    30.2985   0.018365     0.0823     3.1088     1.7160          0     66.000  34.276007   995.6329      2.809      0.013  0.000e+00
      2.803    30.2997   0.018359     0.0823     3.0618     1.7168          0     66.250  34.276010   995.6324      2.787      0.000  0.000e+00
      2.814    30.3006   0.018353     0.0823     3.0652     1.7160          0     66.500  34.276013   995.6321      2.798     -0.007  0.000e+00
      2.825    30.3009   0.018353     0.0823     2.9385     1.7160          0     66.750  34.276016   995.6321      2.809     -0.005  0.000e+00
      2.835    30.3009   0.018347     0.0823     2.8774     1.7519          0     67.000  34.276019   995.6321      2.820      0.000  0.000e+00
      2.825    30.2990   0.018341     0.0822     2.8504     1.7489          0     67.250  34.276021   995.6326      2.809      0.002  0.000e+00
      2.825    30.2960   0.018347     0.0823     2.6484     1.7466          0     67.500  34.276024   995.6336      2.809      0.003  0.000e+00
      2.825    30.2939   0.018338     0.0822     2.4985     1.7473          0     67.750  34.276027   995.6342      2.809      0.004  0.000e+00
      2.825    30.2922   0.018332     0.0822     2.4517     1.7321          0     68.000  34.276030   995.6347      2.809      0.006  0.000e+00
      2.846    30.2786   0.018326     0.0822     2.2674     1.7221          0     68.250  34.276033   995.6389      2.831      0.013  0.000e+00
      2.825    30.2496   0.018317     0.0822     2.4826     1.7344          0     68.500  34.276036   995.6477      2.809      0.006  0.000e+00
      2.814    30.2198   0.018314     0.0822     2.3671     1.7336          0     68.750  34.276039   995.6567      2.799     -0.002  0.000e+00
      2.814    30.2008   0.018320     0.0823     2.4127     1.6687          0     69.000  34.276042   995.6625      2.799     -0.006  0.000e+00
      2.793    30.1956   0.018326     0.0823     2.0960     1.6619          0     69.250  34.276045   995.6640      2.777     -0.012  0.000e+00
      2.771    30.1988   0.018311     0.0823     1.8228     1.6596          0     69.500  34.276047   995.6629      2.756     -0.024  0.000e+00
      2.717    30.1968   0.018320     0.0823     1.7034     1.6657          0     69.750  34.276050   995.6633      2.702     -0.047  0.000e+00
      2.695    30.1941   0.018326     0.0823     1.6945     1.6489          0     70.000  34.276053   995.6641      2.680     -0.069  0.000e+00
      2.717    30.1945   0.018341     0.0824     1.5875     1.6390          0     70.250  34.276056   995.6641      2.702     -0.076  0.000e+00
      2.706    30.2027   0.018347     0.0824     1.6062     1.6321          0     70.500  34.276059   995.6615      2.691     -0.072  0.000e+00
      2.695    30.2087   0.018347     0.0824     1.6372     1.6352          0     70.750  34.276062   995.6597      2.680     -0.068  0.000e+00
      2.717    30.2180   0.018341     0.0824     2.7159     1.6314          0     71.000  34.276065   995.6569      2.702     -0.054  0.000e+00
      2.728    30.2318   0.018365     0.0824     2.4606     1.6108          0     71.250  34.276068   995.6528      2.713     -0.030  0.000e+00
      2.738    30.2453   0.018362     0.0824     2.9210     1.6092          0     71.500  34.276071   995.6487      2.723     -0.005  0.000e+00
      2.749    30.2545   0.018359     0.0824     2.5832     1.6115          0     71.750  34.276073   995.6460      2.734      0.019  0.000e+00
      2.717    30.2634   0.018341     0.0823     1.9244     1.6153          0     72.000  34.276076   995.6430      2.702      0.019  0.000e+00
      2.684    30.2718   0.018353     0.0823     1.5888     1.6230          0     72.250  34.276079   995.6404      2.670      0.002  0.000e+00
      2.565    30.2792   0.018368     0.0824     1.4388     1.6237          0     72.500  34.276082   995.6376      2.551     -0.038  0.000e+00
      2.436    30.2859   0.018365     0.0824     1.3226     1.6184          0     72.750  34.276085   995.6350      2.422     -0.107  0.000e+00
      2.317    30.2893   0.018365     0.0824     1.2214     1.6184          0     73.000  34.276088   995.6334      2.304     -0.193  0.000e+00
      2.219    30.2912   0.018347     0.0823     1.4134     1.6161          0     73.250  34.276091   995.6324      2.207     -0.272  0.000e+00
      2.111    30.2934   0.018341     0.0823     1.5309     1.6237          0     73.500  34.276094   995.6312      2.099     -0.343  0.000e+00
      1.927    30.2961   0.018338     0.0822     1.7834     1.6253          0     73.750  34.276097   995.6295      1.917     -0.419  0.000e+00
      1.765    30.2985   0.018341     0.0823     1.9826     1.6130          0     74.000  34.276100   995.6281      1.756     -0.480  0.000e+00
      1.636    30.2996   0.018347     0.0823     2.0376     1.6192          0     74.250  34.276102   995.6272      1.627     -0.521  0.000e+00
      1.592    30.2976   0.018347     0.0823     2.0471     1.6130          0     74.500  34.276105   995.6276      1.584     -0.512  0.000e+00
      1.517    30.2947   0.018359     0.0823     2.0465     1.6100          0     74.750  34.276108   995.6282      1.508     -0.491  0.000e+00
      1.441    30.2943   0.018365     0.0824     2.0436     1.6161          0     75.000  34.276111   995.6280      1.433     -0.463  0.000e+00
      1.333    30.2951   0.018368     0.0824     2.0406     1.6069          0     75.250  34.276114   995.6273      1.326     -0.437  0.000e+00
      1.214    30.2981   0.018359     0.0823     2.0401     1.5986          0     75.500  34.276117   995.6258      1.207     -0.409  0.000e+00
      1.063    30.3002   0.018338     0.0822     6.7855     1.5955          0     75.750  34.276120   995.6244      1.057     -0.391  0.000e+00
      0.879    30.3022   0.018341     0.0822     3.4631     1.5932          0     76.000  34.276123   995.6230      0.874     -0.414  0.000e+00
      0.771    30.2973   0.018329     0.0822     2.6148     1.6016          0     76.250  34.276126   995.6240      0.767     -0.449  0.000e+00
      0.728    30.2782   0.018314     0.0822     2.2318     1.5909          0     76.500  34.276128   995.6296      0.724     -0.473  0.000e+00
      0.717    30.2429   0.018308     0.0822     1.9073     1.5909          0     76.750  34.276131   995.6403      0.713     -0.453  0.000e+00
      0.728    30.1884   0.018308     0.0823     1.6075     1.5833          0     77.000  34.276134   995.6570      0.724     -0.398  0.000e+00
      0.749    30.1347   0.018305     0.0823     1.3151     1.5772          0     77.250  34.276137   995.6734      0.745     -0.309  0.000e+00
      0.771    30.0850   0.018308     0.0824     1.0284     1.5757          0     77.500  34.276140   995.6886      0.767     -0.205  0.000e+00
      0.771    30.0451   0.018314     0.0825     0.7511     1.6344          0     77.750  34.276143   995.7007      0.767     -0.102  0.000e+00
      0.771    30.0216   0.018305     0.0825     2.1466     1.6336          0     78.000  34.276146   995.7079      0.767     -0.021  0.000e+00
      0.803    30.0055   0.018311     0.0825     2.2396     1.6398          0     78.250  34.276149   995.7129      0.799      0.027  0.000e+00
      0.792    29.9873   0.018305     0.0825     2.2290     1.6382          0     78.500  34.276152   995.7183      0.788      0.042  0.000e+00
      0.728    29.9713   0.018326     0.0826     2.1921     1.6413          0     78.750  34.276155   995.7229      0.724      0.023  0.000e+00
      0.598    29.9620   0.018320     0.0826     2.1449     1.6535          0     79.000  34.276157   995.7252      0.595     -0.034  0.000e+00
      0.447    29.9568   0.018323     0.0826     2.0805     1.6428          0     79.250  34.276160   995.7261      0.444     -0.120  0.000e+00
      0.317    29.9562   0.018314     0.0826     2.0180     1.6451          0     79.500  34.276163   995.7257      0.315     -0.214  0.000e+00
      0.187    29.9492   0.018308     0.0826     6.6323     2.1311          0     79.750  34.276166   995.7272      0.186     -0.307  0.000e+00
      0.144    29.9307   0.018317     0.0826     2.6100     2.1357          0     80.000  34.276169   995.7326      0.143     -0.373  0.000e+00
      0.133    29.9203   0.016661     0.0758     3.0265     2.1280          0     80.250  34.276172   995.7305      0.132     -0.399  0.000e+00
      0.122    29.9186   0.003259     0.0227     2.7142     2.1273          0     80.500  34.276175   995.6912      0.121     -0.376  0.000e+00
      0.144    29.8937   0.002364     0.0196     1.9642     0.5426          0     80.750  34.276178   995.6964      0.143     -0.304  0.000e+00
      0.133    29.8315   0.003395     0.0232     1.7043     0.5396          0     81.000  34.276181   995.7178      0.132     -0.214  0.000e+00
      0.144    29.7508   0.002284     0.0193     3.6913     0.5419          0     81.250  34.276183   995.7391      0.143     -0.125  0.000e+00
      0.144    29.6842   0.001748     0.0175     1.4920     0.5426          0     81.500  34.276186   995.7577      0.143     -0.055  0.000e+00
      0.155    29.6330   0.001395     0.0164     1.1440     0.5396          0     81.750  34.276189   995.7722      0.154     -0.006  0.000e+00
      0.144    29.5764   0.001916     0.0181     2.1078    -0.0189          0     82.000  34.276192   995.7903      0.143      0.007  0.000e+00
      0.155    29.5164   0.002968     0.0217     2.0245    -0.0159          0     82.250  34.276195   995.8110      0.154      0.012  0.000e+00
      0.144    29.4720   0.002924     0.0215     2.1231    -0.0181          0     82.500  34.276198   995.8240      0.143      0.010  0.000e+00
