content/post/ctd_rufiji/SBE19plus_01906740_2018_02_13_0897.cnv
* Sea-Bird SBE19plus  Data File:
* FileName = C:\Users\all user\Desktop\CTD tafiri 2018\SBE19plus_01906740_2018_02_13_0897.hex
* Software version 2.6.3.104
* Temperature SN = 6740
* Conductivity SN = 6740
* System UpLoad Time = Feb 13 2018 13:59:59
* <ApplicationData>
* <Seaterm232>
# nquan = 13
# nvalues = 403                                   
# units = specified
# name 0 = prdM: Pressure, Strain Gauge [db]
# name 1 = tv290C: Temperature [ITS-90, deg C]
# name 2 = c0S/m: Conductivity [S/m]
# name 3 = sal00: Salinity, Practical [PSU]
# name 4 = sbeox0ML/L: Oxygen, SBE 43 [ml/l]
# name 5 = flECO-AFL: Fluorescence, WET Labs ECO-AFL/FL [mg/m^3]
# name 6 = nbf: Bottles Fired
# name 7 = timeS: Time, Elapsed [seconds]
# name 8 = timeJ: Julian Days
# name 9 = density00: Density [density, kg/m^3]
# name 10 = depSM: Depth [salt water, m], lat = 0.00
# name 11 = dz/dtM: Descent Rate [m/s]
# name 12 = flag:  0.000e+00
# span 0 =      0.063,      5.652                 
# span 1 =    30.1658,    31.0139                 
# span 2 =   0.153093,   1.642640                 
# span 3 =     0.6836,     8.4985                 
# span 4 =     0.9225,     4.5826                 
# span 5 =    -0.0983,     2.2875                 
# span 6 =          0,          0                 
# span 7 =      0.000,    100.500                 
# span 8 =  33.774363,  33.775527                 
# span 9 =   995.9390,  1001.7082                 
# span 10 =      0.062,      5.621                
# span 11 =     -0.626,      0.631                
# span 12 = 0.0000e+00, 0.0000e+00                
# interval = seconds: 0.25
# start_time = Feb 02 2018 18:35:05 [Instrument's time stamp, header]
# bad_flag = -9.990e-29
*END*
[from data line 223]
      1.252    30.5869   1.008852     5.0552     1.4830     1.1705          0     55.750  33.775009   999.2426      1.245      0.015  0.000e+00
      1.241    30.5857   1.008752     5.0548     1.4723     1.1667          0     56.000  33.775012   999.2426      1.235      0.014  0.000e+00
      1.231    30.5846   1.008852     5.0554     1.4730     1.1690          0     56.250  33.775014   999.2434      1.224      0.006  0.000e+00
      1.220    30.5835   1.008781     5.0551     1.4719     1.1667          0     56.500  33.775017   999.2435      1.213     -0.002  0.000e+00
      1.241    30.5823   1.008457     5.0535     1.4755     1.1698          0     56.750  33.775020   999.2428      1.235     -0.007  0.000e+00
      1.252    30.5810   1.008332     5.0530     1.4832     1.1682          0     57.000  33.775023   999.2428      1.245     -0.003  0.000e+00
      1.241    30.5797   1.008107     5.0519     1.4694     1.1698          0     57.250  33.775026   999.2423      1.234     -0.003  0.000e+00
      1.241    30.5788   1.007936     5.0511     1.4692     1.1759          0     57.500  33.775029   999.2420      1.234     -0.003  0.000e+00
      1.252    30.5780   1.007844     5.0506     1.4679     1.1835          0     57.750  33.775032   999.2420      1.245      0.003  0.000e+00
      1.241    30.5771   1.008161     5.0524     1.4543     1.1721          0     58.000  33.775035   999.2436      1.234      0.007  0.000e+00
      1.230    30.5762   1.008615     5.0550     1.4581     1.1797          0     58.250  33.775038   999.2457      1.224      0.005  0.000e+00
      1.241    30.5758   1.008852     5.0563     1.4472     1.1667          0     58.500  33.775041   999.2468      1.234      0.003  0.000e+00
      1.252    30.5749   1.008394     5.0539     1.4591     1.1721          0     58.750  33.775043   999.2454      1.245     -0.001  0.000e+00
      1.252    30.5742   1.007844     5.0510     1.4394     1.1690          0     59.000  33.775046   999.2435      1.245      0.001  0.000e+00
      1.241    30.5734   1.007753     5.0506     1.4520     1.1652          0     59.250  33.775049   999.2434      1.234      0.002  0.000e+00
      1.241    30.5729   1.007957     5.0518     1.4619     1.1896          0     59.500  33.775052   999.2444      1.234      0.001  0.000e+00
      1.252    30.5722   1.008140     5.0528     1.4713     1.1965          0     59.750  33.775055   999.2454      1.245      0.002  0.000e+00
      1.230    30.5719   1.008219     5.0533     1.4806     1.1942          0     60.000  33.775058   999.2458      1.223      0.001  0.000e+00
      1.219    30.5712   1.008273     5.0536     1.4833     1.1942          0     60.250  33.775061   999.2462      1.213     -0.006  0.000e+00
      1.230    30.5704   1.008569     5.0553     1.4887     1.2064          0     60.500  33.775064   999.2478      1.223     -0.012  0.000e+00
      1.241    30.5697   1.009802     5.0620     1.4884     1.2033          0     60.750  33.775067   999.2530      1.234     -0.011  0.000e+00
      1.230    30.5717   1.023308     5.1347     1.5143     1.2011          0     61.000  33.775069   999.3063      1.224     -0.009  0.000e+00
      1.241    30.6316   1.052170     5.2843     1.5044     1.2049          0     61.250  33.775072   999.3988      1.234     -0.004  0.000e+00
      1.220    30.7502   1.058164     5.3041     1.4942     1.2003          0     61.500  33.775075   999.3762      1.213     -0.006  0.000e+00
      1.241    30.8461   1.059011     5.2985     1.5171     1.1805          0     61.750  33.775078   999.3419      1.234     -0.002  0.000e+00
      1.241    30.9036   1.061664     5.3067     1.5648     1.1774          0     62.000  33.775081   999.3299      1.234      0.006  0.000e+00
      1.252    30.9346   1.061188     5.3008     1.6215     1.1789          0     62.250  33.775084   999.3158      1.245      0.010  0.000e+00
      1.252    30.9503   1.063905     5.3138     1.6880     1.1766          0     62.500  33.775087   999.3204      1.245      0.009  0.000e+00
      1.252    30.9582   1.066224     5.3254     1.7509     1.1621          0     62.750  33.775090   999.3266      1.245      0.010  0.000e+00
      1.252    30.9622   1.064543     5.3160     1.7904     1.1690          0     63.000  33.775093   999.3183      1.245      0.013  0.000e+00
      1.252    30.9642   1.069093     5.3402     1.8431     1.1652          0     63.250  33.775095   999.3357      1.245      0.012  0.000e+00
      1.230    30.9649   1.074977     5.3718     1.8665     1.1644          0     63.500  33.775098   999.3588      1.224      0.007  0.000e+00
      1.209    30.9653   1.077280     5.3841     1.8921     1.1644          0     63.750  33.775101   999.3677      1.202     -0.011  0.000e+00
      1.198    30.9658   1.072023     5.3558     1.8929     1.1599          0     64.000  33.775104   999.3465      1.191     -0.023  0.000e+00
      1.220    30.9663   1.063880     5.3120     1.9050     1.1660          0     64.250  33.775107   999.3139      1.213     -0.027  0.000e+00
      1.209    30.9672   1.059420     5.2879     1.9139     1.1652          0     64.500  33.775110   999.2957      1.202     -0.028  0.000e+00
      1.133    30.9676   1.056326     5.2713     1.9232     1.1400          0     64.750  33.775113   999.2829      1.127     -0.047  0.000e+00
      1.025    30.9684   1.047696     5.2249     1.9296     1.1484          0     65.000  33.775116   999.2477      1.019     -0.087  0.000e+00
      0.884    30.9689   1.035037     5.1569     1.8927     1.1476          0     65.250  33.775119   999.1965      0.880     -0.149  0.000e+00
      0.798    30.9686   1.036294     5.1637     1.8326     1.1446          0     65.500  33.775122   999.2012      0.793     -0.209  0.000e+00
      0.722    30.9673   1.028451     5.1218     1.9593     1.1408          0     65.750  33.775124   999.1702      0.718     -0.267  0.000e+00
      0.657    30.9689   1.002699     4.9839     2.5086     1.1187          0     66.000  33.775127   999.0670      0.654     -0.315  0.000e+00
      0.603    30.9748   0.993604     4.9347     4.5826     1.1209          0     66.250  33.775130   999.0284      0.600     -0.345  0.000e+00
      0.560    30.9809   0.961266     4.7617     2.3879     1.1217          0     66.500  33.775133   998.8978      0.557     -0.339  0.000e+00
      0.527    30.9884   0.931655     4.6037     3.7175     1.1209          0     66.750  33.775136   998.7779      0.524     -0.301  0.000e+00
      0.517    30.9966   0.903472     4.4536     3.5963     1.1080          0     67.000  33.775139   998.6638      0.514     -0.247  0.000e+00
      0.506    31.0038   0.890781     4.3859     3.3667     1.1080          0     67.250  33.775142   998.6112      0.503     -0.190  0.000e+00
      0.538    31.0082   0.885884     4.3596     3.1696     1.1049          0     67.500  33.775145   998.5905      0.535     -0.136  0.000e+00
      0.646    31.0109   0.877668     4.3160     2.1904     1.1049          0     67.750  33.775148   998.5577      0.643     -0.060  0.000e+00
      0.776    31.0139   0.910479     4.4891     2.2031     1.1721          0     68.000  33.775150   998.6859      0.772      0.036  0.000e+00
      0.917    31.0139   0.975373     4.8337     1.8446     1.1644          0     68.250  33.775153   998.9424      0.912      0.144  0.000e+00
      1.025    31.0057   1.017671     5.0602     2.5126     1.1652          0     68.500  33.775156   999.1136      1.019      0.246  0.000e+00
      1.111    30.9933   1.023231     5.0912     2.2120     1.1705          0     68.750  33.775159   999.1410      1.105      0.328  0.000e+00
      1.241    30.9845   1.039571     5.1796     1.7398     1.1667          0     69.000  33.775162   999.2100      1.234      0.397  0.000e+00
      1.317    30.9781   1.117942     5.6018     1.9866     1.1217          0     69.250  33.775165   999.5257      1.310      0.435  0.000e+00
      1.360    30.9726   1.137473     5.7079     2.4444     1.1194          0     69.500  33.775168   999.6064      1.353      0.428  0.000e+00
      1.457    30.9687   1.146016     5.7546     2.4278     1.1232          0     69.750  33.775171   999.6427      1.449      0.401  0.000e+00
      1.544    30.9660   1.183567     5.9584     1.2678     1.1240          0     70.000  33.775174   999.7952      1.535      0.371  0.000e+00
      1.641    30.9635   1.243556     6.2850     2.1248     1.2545          0     70.250  33.775177  1000.0389      1.632      0.351  0.000e+00
      1.717    30.9615   1.261861     6.3852     2.2430     1.2560          0     70.500  33.775179  1000.1142      1.707      0.340  0.000e+00
      1.803    30.9604   1.276737     6.4666     2.5711     1.2514          0     70.750  33.775182  1000.1753      1.794      0.335  0.000e+00
      1.858    30.9600   1.285730     6.5158     3.0676     1.2560          0     71.000  33.775185  1000.2122      1.847      0.322  0.000e+00
      1.922    30.9598   1.334271     6.7819     3.2057     1.4681          0     71.250  33.775188  1000.4100      1.912      0.319  0.000e+00
      2.030    30.9596   1.406978     7.1822     2.4269     1.4681          0     71.500  33.775191  1000.7075      2.019      0.324  0.000e+00
      2.139    30.9598   1.395629     7.1196     3.1631     1.4711          0     71.750  33.775194  1000.6614      2.127      0.326  0.000e+00
      2.257    30.9598   1.415090     7.2270     2.7220     1.4704          0     72.000  33.775197  1000.7416      2.245      0.340  0.000e+00
      2.366    30.9599   1.441507     7.3730     2.4506     1.9175          0     72.250  33.775200  1000.8504      2.353      0.358  0.000e+00
      2.441    30.9600   1.463590     7.4952     2.6311     1.9236          0     72.500  33.775203  1000.9414      2.428      0.373  0.000e+00
      2.485    30.9598   1.479183     7.5817     2.2761     1.9182          0     72.750  33.775205  1001.0058      2.471      0.373  0.000e+00
      2.495    30.9597   1.483443     7.6053     2.4194     1.9152          0     73.000  33.775208  1001.0234      2.482      0.352  0.000e+00
      2.506    30.9596   1.486216     7.6207     2.5164     1.9190          0     73.250  33.775211  1001.0349      2.493      0.307  0.000e+00
      2.506    30.9594   1.478605     7.5785     2.5452     2.0113          0     73.500  33.775214  1001.0037      2.493      0.240  0.000e+00
      2.506    30.9592   1.468229     7.5210     2.4862     2.0037          0     73.750  33.775217  1000.9611      2.493      0.170  0.000e+00
      2.495    30.9585   1.473140     7.5484     2.6248     2.0022          0     74.000  33.775220  1000.9815      2.482      0.102  0.000e+00
      2.549    30.9582   1.466882     7.5137     2.2897     2.0067          0     74.250  33.775223  1000.9562      2.535      0.063  0.000e+00
      2.636    30.9579   1.469557     7.5286     1.5501     1.9632          0     74.500  33.775226  1000.9677      2.621      0.065  0.000e+00
      2.722    30.9579   1.488768     7.6351     1.9023     1.9579          0     74.750  33.775229  1001.0471      2.707      0.097  0.000e+00
      2.852    30.9586   1.524022     7.8310     1.8278     1.9526          0     75.000  33.775231  1001.1927      2.837      0.159  0.000e+00
      2.982    30.9589   1.536240     7.8989     1.7995     1.9579          0     75.250  33.775234  1001.2436      2.966      0.234  0.000e+00
      3.112    30.9593   1.540075     7.9202     1.7990     1.9411          0     75.500  33.775237  1001.2598      3.095      0.316  0.000e+00
      3.241    30.9593   1.537820     7.9076     2.0505     1.9472          0     75.750  33.775240  1001.2510      3.224      0.391  0.000e+00
      3.393    30.9593   1.537208     7.9042     1.9340     1.9510          0     76.000  33.775243  1001.2492      3.374      0.458  0.000e+00
      3.512    30.9593   1.536787     7.9018     1.9935     1.9465          0     76.250  33.775246  1001.2479      3.492      0.494  0.000e+00
      3.674    30.9597   1.535571     7.8950     2.1626     1.8152          0     76.500  33.775249  1001.2435      3.654      0.524  0.000e+00
      3.836    30.9607   1.533486     7.8832     2.0112     1.8129          0     76.750  33.775252  1001.2351      3.815      0.551  0.000e+00
      3.987    30.9615   1.532879     7.8797     1.9947     1.8122          0     77.000  33.775255  1001.2329      3.965      0.566  0.000e+00
      4.182    30.9620   1.531557     7.8723     2.1715     1.8145          0     77.250  33.775258  1001.2281      4.159      0.593  0.000e+00
      4.333    30.9601   1.523369     7.8270     2.4609     1.8114          0     77.500  33.775260  1001.1958      4.309      0.615  0.000e+00
      4.474    30.9567   1.518572     7.8008     2.6552     1.8549          0     77.750  33.775263  1001.1781      4.449      0.627  0.000e+00
      4.614    30.9518   1.501723     7.7079     2.4017     1.8686          0     78.000  33.775266  1001.1113      4.589      0.629  0.000e+00
      4.766    30.9445   1.506322     7.7346     2.4759     1.8618          0     78.250  33.775269  1001.1341      4.739      0.631  0.000e+00
      4.917    30.9371   1.525193     7.8407     2.0972     1.8580          0     78.500  33.775272  1001.2159      4.890      0.621  0.000e+00
      5.068    30.9318   1.588710     8.1959     2.4762     2.1288          0     78.750  33.775275  1001.4817      5.040      0.611  0.000e+00
      5.252    30.9279   1.642640     8.4985     2.5686     2.1326          0     79.000  33.775278  1001.7082      5.223      0.612  0.000e+00
      5.414    30.9251   1.621316     8.3794     2.2939     2.1265          0     79.250  33.775281  1001.6215      5.384      0.612  0.000e+00
      5.587    30.9239   1.524466     7.8387     2.6303     2.1303          0     79.500  33.775284  1001.2215      5.556      0.628  0.000e+00
      5.641    30.9269   1.018486     5.0723     2.8482     1.9800          0     79.750  33.775286   999.1680      5.610      0.615  0.000e+00
      5.652    30.9066   0.439492     2.0674     2.8464     1.9854          0     80.000  33.775289   996.9405      5.621      0.564  0.000e+00
      5.652    30.8651   0.519855     2.4734     3.2370     1.9838          0     80.250  33.775292   997.2557      5.621      0.482  0.000e+00
      5.630    30.8467   0.364410     1.6971     3.1533     1.9877          0     80.500  33.775295   996.6831      5.599      0.376  0.000e+00
      5.641    30.8123   0.326529     1.5121     2.9038     1.9243          0     80.750  33.775298   996.5560      5.610      0.265  0.000e+00
      5.609    30.7973   0.379974     1.7756     3.1170     1.9335          0     81.000  33.775301   996.7570      5.578      0.147  0.000e+00
      5.576    30.7931   0.410496     1.9273     3.0691     1.9350          0     81.250  33.775304   996.8711      5.546      0.046  0.000e+00
      5.468    30.7925   0.439754     2.0734     2.5847     1.9312          0     81.500  33.775307   996.9797      5.438     -0.051  0.000e+00
      5.317    30.7947   0.457165     2.1606     2.6920     1.9320          0     81.750  33.775310   997.0432      5.288     -0.135  0.000e+00
      5.187    30.7923   0.464515     2.1976     2.3892     2.0395          0     82.000  33.775312   997.0710      5.159     -0.217  0.000e+00
      5.111    30.7879   0.465235     2.2014     2.2553     2.0350          0     82.250  33.775315   997.0749      5.083     -0.285  0.000e+00
      5.111    30.7854   0.464219     2.1964     2.2980     2.0380          0     82.500  33.775318   997.0719      5.083     -0.318  0.000e+00
      5.090    30.7843   0.461286     2.1817     2.3099     2.0434          0     82.750  33.775321   997.0612      5.062     -0.327  0.000e+00
      5.101    30.7835   0.457172     2.1611     2.1494     2.1212          0     83.000  33.775324   997.0462      5.073     -0.294  0.000e+00
