content/post/ctd_rufiji/SBE19plus_01906740_2018_02_13_0920.cnv
* Sea-Bird SBE19plus  Data File:
* FileName = C:\Users\all user\Desktop\CTD tafiri 2018\SBE19plus_01906740_2018_02_13_0920.hex
* Software version 2.6.3.104
* Temperature SN = 6740
* Conductivity SN = 6740
* System UpLoad Time = Feb 13 2018 14:03:50
* <ApplicationData>
* <Seaterm232>
# nquan = 13
# nvalues = 293                                   
# units = specified
# name 0 = prdM: Pressure, Strain Gauge [db]
# name 1 = tv290C: Temperature [ITS-90, deg C]
# name 2 = c0S/m: Conductivity [S/m]
# name 3 = sal00: Salinity, Practical [PSU]
# name 4 = sbeox0ML/L: Oxygen, SBE 43 [ml/l]
# name 5 = flECO-AFL: Fluorescence, WET Labs ECO-AFL/FL [mg/m^3]
# name 6 = nbf: Bottles Fired
# name 7 = timeS: Time, Elapsed [seconds]
# name 8 = timeJ: Julian Days
# name 9 = density00: Density [density, kg/m^3]
# name 10 = depSM: Depth [salt water, m], lat = 0.00
# name 11 = dz/dtM: Descent Rate [m/s]
# name 12 = flag:  0.000e+00
# span 0 =      0.186,      4.369                 
# span 1 =    29.7190,    30.1874                 
# span 2 =   0.005015,   0.033547                 
# span 3 =     0.0292,     0.1479                 
# span 4 =     1.9238,     3.5342                 
# span 5 =    -0.0357,     1.9541                 
# span 6 =          0,          0                 
# span 7 =      0.000,     73.000                 
# span 8 =  34.394352,  34.395197                 
# span 9 =   995.6670,   995.8313                 
# span 10 =      0.185,      4.345                
# span 11 =     -0.505,      0.515                
# span 12 = 0.0000e+00, 0.0000e+00                
# interval = seconds: 0.25
# start_time = Feb 03 2018 09:27:52 [Instrument's time stamp, header]
# bad_flag = -9.990e-29
*END*
[from data line 223]
      4.337    29.8741   0.030289     0.1335     2.1564     1.7229          0     55.750  34.394997   995.8066      4.313      0.175  0.000e+00
      4.348    29.8691   0.030434     0.1342     2.1021     1.7290          0     56.000  34.395000   995.8086      4.324      0.092  0.000e+00
      4.315    29.8639   0.030662     0.1352     2.0775     1.7138          0     56.250  34.395003   995.8108      4.292      0.024  0.000e+00
      4.326    29.8554   0.030893     0.1362     2.1006     1.7138          0     56.500  34.395006   995.8141      4.302     -0.007  0.000e+00
      4.326    29.8466   0.031152     0.1373     2.0598     1.7130          0     56.750  34.395009   995.8177      4.302     -0.017  0.000e+00
      4.337    29.8379   0.031548     0.1391     1.9958     1.7145          0     57.000  34.395012   995.8216      4.313     -0.008  0.000e+00
      4.326    29.8291   0.031620     0.1394     1.9986     1.7130          0     57.250  34.395014   995.8245      4.302     -0.010  0.000e+00
      4.272    29.8227   0.031792     0.1402     2.0305     1.7244          0     57.500  34.395017   995.8267      4.249     -0.026  0.000e+00
      4.186    29.8183   0.032035     0.1412     2.0528     1.7107          0     57.750  34.395020   995.8285      4.163     -0.053  0.000e+00
      4.067    29.8150   0.032101     0.1415     2.1223     1.7176          0     58.000  34.395023   995.8291      4.044     -0.108  0.000e+00
      3.948    29.8123   0.032074     0.1414     2.1112     1.7176          0     58.250  34.395026   995.8293      3.926     -0.173  0.000e+00
      3.840    29.8103   0.032140     0.1417     2.1423     1.7191          0     58.500  34.395029   995.8297      3.819     -0.251  0.000e+00
      3.775    29.8088   0.032182     0.1419     2.2123     1.7153          0     58.750  34.395032   995.8300      3.754     -0.311  0.000e+00
      3.742    29.8079   0.032212     0.1420     2.2405     1.7183          0     59.000  34.395035   995.8302      3.722     -0.342  0.000e+00
      3.678    29.8070   0.032236     0.1421     2.2419     1.7115          0     59.250  34.395038   995.8303      3.657     -0.349  0.000e+00
      3.634    29.8061   0.032236     0.1421     2.2188     1.7168          0     59.500  34.395041   995.8303      3.614     -0.326  0.000e+00
      3.580    29.8048   0.032197     0.1420     2.1992     1.7122          0     59.750  34.395043   995.8304      3.561     -0.290  0.000e+00
      3.515    29.8038   0.032041     0.1413     2.1615     1.7153          0     60.000  34.395046   995.8299      3.496     -0.254  0.000e+00
      3.418    29.8031   0.031945     0.1409     2.1581     1.7160          0     60.250  34.395049   995.8293      3.399     -0.239  0.000e+00
      3.321    29.8026   0.032017     0.1412     2.2142     1.7046          0     60.500  34.395052   995.8293      3.302     -0.246  0.000e+00
      3.213    29.8026   0.032251     0.1422     2.2492     1.7008          0     60.750  34.395055   995.8296      3.195     -0.277  0.000e+00
      3.115    29.8020   0.032257     0.1422     2.2358     1.7115          0     61.000  34.395058   995.8293      3.098     -0.313  0.000e+00
      3.061    29.8015   0.032284     0.1423     2.2237     1.7069          0     61.250  34.395061   995.8293      3.044     -0.330  0.000e+00
      3.029    29.8009   0.032315     0.1425     2.2486     1.7038          0     61.500  34.395064   995.8295      3.012     -0.332  0.000e+00
      2.953    29.7999   0.032357     0.1427     2.2822     1.6886          0     61.750  34.395067   995.8296      2.937     -0.326  0.000e+00
      2.878    29.7989   0.032417     0.1429     2.2871     1.6932          0     62.000  34.395069   995.8297      2.862     -0.312  0.000e+00
      2.813    29.7977   0.032456     0.1431     2.2529     1.6878          0     62.250  34.395072   995.8299      2.797     -0.291  0.000e+00
      2.780    29.7962   0.032468     0.1432     2.2324     1.6886          0     62.500  34.395075   995.8303      2.765     -0.263  0.000e+00
      2.769    29.7951   0.032477     0.1432     2.2250     1.7122          0     62.750  34.395078   995.8306      2.754     -0.228  0.000e+00
      2.748    29.7940   0.032462     0.1431     2.1912     1.7130          0     63.000  34.395081   995.8308      2.733     -0.199  0.000e+00
      2.715    29.7929   0.032363     0.1427     2.2077     1.7115          0     63.250  34.395084   995.8306      2.700     -0.179  0.000e+00
      2.651    29.7924   0.032272     0.1423     2.1449     1.7153          0     63.500  34.395087   995.8302      2.636     -0.169  0.000e+00
      2.575    29.7922   0.032257     0.1423     2.1088     1.7252          0     63.750  34.395090   995.8299      2.561     -0.161  0.000e+00
      2.488    29.7921   0.032417     0.1429     2.1353     1.7237          0     64.000  34.395093   995.8301      2.475     -0.172  0.000e+00
      2.434    29.7914   0.032501     0.1433     2.1063     1.7260          0     64.250  34.395095   995.8303      2.421     -0.192  0.000e+00
      2.369    29.7900   0.032552     0.1435     2.0840     1.7221          0     64.500  34.395098   995.8306      2.356     -0.221  0.000e+00
      2.294    29.7884   0.032591     0.1437     2.1129     1.7130          0     64.750  34.395101   995.8309      2.281     -0.251  0.000e+00
      2.218    29.7869   0.032612     0.1438     2.0735     1.7138          0     65.000  34.395104   995.8310      2.206     -0.272  0.000e+00
      2.132    29.7860   0.032630     0.1439     2.0848     1.7145          0     65.250  34.395107   995.8310      2.120     -0.287  0.000e+00
      2.056    29.7851   0.032696     0.1442     2.0789     1.7130          0     65.500  34.395110   995.8312      2.045     -0.293  0.000e+00
      1.970    29.7844   0.032796     0.1446     2.0916     1.7115          0     65.750  34.395113   995.8313      1.959     -0.298  0.000e+00
      1.883    29.7840   0.032774     0.1445     2.0891     1.7054          0     66.000  34.395116   995.8310      1.873     -0.307  0.000e+00
      1.775    29.7836   0.032672     0.1441     2.1062     1.7000          0     66.250  34.395119   995.8303      1.765     -0.327  0.000e+00
      1.656    29.7834   0.032756     0.1444     2.1292     1.7054          0     66.500  34.395122   995.8301      1.647     -0.349  0.000e+00
      1.591    29.7834   0.032796     0.1446     2.1116     1.7016          0     66.750  34.395124   995.8299      1.583     -0.359  0.000e+00
      1.526    29.7833   0.032783     0.1446     2.1214     1.7305          0     67.000  34.395127   995.8296      1.518     -0.359  0.000e+00
      1.451    29.7831   0.032802     0.1446     2.0995     1.7336          0     67.250  34.395130   995.8294      1.443     -0.353  0.000e+00
      1.364    29.7829   0.032847     0.1448     2.1006     1.7221          0     67.500  34.395133   995.8292      1.357     -0.348  0.000e+00
      1.278    29.7829   0.032901     0.1451     2.0794     1.7244          0     67.750  34.395136   995.8290      1.271     -0.340  0.000e+00
      1.191    29.7828   0.032946     0.1453     2.0435     1.7206          0     68.000  34.395139   995.8288      1.185     -0.332  0.000e+00
      1.094    29.7823   0.032964     0.1453     2.0941     1.7160          0     68.250  34.395142   995.8286      1.088     -0.327  0.000e+00
      1.040    29.7818   0.032964     0.1453     2.0670     1.7107          0     68.500  34.395145   995.8285      1.034     -0.320  0.000e+00
      0.986    29.7813   0.032973     0.1454     2.0701     1.7176          0     68.750  34.395148   995.8284      0.980     -0.318  0.000e+00
      0.997    29.7802   0.032973     0.1454     2.0623     1.7359          0     69.000  34.395150   995.8288      0.991     -0.290  0.000e+00
      1.018    29.7791   0.032991     0.1455     2.0656     1.7450          0     69.250  34.395153   995.8293      1.013     -0.238  0.000e+00
      1.040    29.7779   0.032970     0.1454     2.0738     1.7305          0     69.500  34.395156   995.8297      1.034     -0.172  0.000e+00
      1.018    29.7774   0.032790     0.1446     2.0738     1.7389          0     69.750  34.395159   995.8292      1.013     -0.113  0.000e+00
      0.943    29.7771   0.032762     0.1445     2.0778     1.7412          0     70.000  34.395162   995.8288      0.937     -0.079  0.000e+00
      0.791    29.7766   0.033012     0.1456     2.0995     1.7191          0     70.250  34.395165   995.8291      0.787     -0.093  0.000e+00
      0.575    29.7757   0.033123     0.1461     2.1189     1.7168          0     70.500  34.395168   995.8288      0.572     -0.170  0.000e+00
      0.413    29.7742   0.033180     0.1463     2.1256     1.7199          0     70.750  34.395171   995.8287      0.410     -0.274  0.000e+00
      0.272    29.7721   0.033222     0.1465     2.0708     1.7160          0     71.000  34.395174   995.8288      0.271     -0.392  0.000e+00
      0.207    29.7700   0.033222     0.1465     2.2228     0.4358          0     71.250  34.395177   995.8292      0.206     -0.475  0.000e+00
      0.186    29.7679   0.033547     0.1479     2.0240     0.4328          0     71.500  34.395179   995.8308      0.185     -0.505  0.000e+00
      0.196    29.7642   0.027957     0.1238     1.9507     0.4251          0     71.750  34.395182   995.8138      0.195     -0.469  0.000e+00
      0.196    29.7577   0.006045     0.0331     1.9301     0.4335          0     72.000  34.395185   995.7477      0.195     -0.384  0.000e+00
      0.229    29.7504   0.005798     0.0322     1.9238    -0.0258          0     72.250  34.395188   995.7493      0.228     -0.260  0.000e+00
      0.207    29.7402   0.005495     0.0310     1.9675    -0.0326          0     72.500  34.395191   995.7514      0.206     -0.146  0.000e+00
      0.197    29.7295   0.005279     0.0302     2.0158    -0.0288          0     72.750  34.395194   995.7539      0.195     -0.067  0.000e+00
      0.218    29.7190   0.005270     0.0302     2.0742    -0.0242          0     73.000  34.395197   995.7571      0.217     -0.011  0.000e+00
