content/post/ctd_rufiji/SBE19plus_01906740_2018_02_13_0938.cnv
* Sea-Bird SBE19plus  Data File:
* FileName = C:\Users\all user\Desktop\CTD tafiri 2018\SBE19plus_01906740_2018_02_13_0938.hex
* Software version 2.6.3.104
* Temperature SN = 6740
* Conductivity SN = 6740
* System UpLoad Time = Feb 13 2018 14:06:36
* <ApplicationData>
* <Seaterm232>
# nquan = 13
# nvalues = 283                                   
# units = specified
# name 0 = prdM: Pressure, Strain Gauge [db]
# name 1 = tv290C: Temperature [ITS-90, deg C]
# name 2 = c0S/m: Conductivity [S/m]
# name 3 = sal00: Salinity, Practical [PSU]
# name 4 = sbeox0ML/L: Oxygen, SBE 43 [ml/l]
# name 5 = flECO-AFL: Fluorescence, WET Labs ECO-AFL/FL [mg/m^3]
# name 6 = nbf: Bottles Fired
# name 7 = timeS: Time, Elapsed [seconds]
# name 8 = timeJ: Julian Days
# name 9 = density00: Density [density, kg/m^3]
# name 10 = depSM: Depth [salt water, m], lat = 0.00
# name 11 = dz/dtM: Descent Rate [m/s]
# name 12 = flag:  0.000e+00
# span 0 =      0.190,      1.476                 
# span 1 =    28.3606,    29.6612                 
# span 2 =   0.023403,   1.153909                 
# span 3 =     0.1055,     5.9530                 
# span 4 =     1.7666,     3.6988                 
# span 5 =    -0.4431,     1.9381                 
# span 6 =          0,          0                 
# span 7 =      0.000,     70.500                 
# span 8 =  34.448924,  34.449740                 
# span 9 =   996.0095,  1000.2005                 
# span 10 =      0.188,      1.468                
# span 11 =     -0.457,      0.359                
# span 12 = 0.0000e+00, 0.0000e+00                
# interval = seconds: 0.25
# start_time = Feb 03 2018 10:46:27 [Instrument's time stamp, header]
# bad_flag = -9.990e-29
*END*
[from data line 223]
      1.368    29.5590   1.103732     5.6853     2.1444     1.8778          0     55.750  34.449569  1000.0289      1.360     -0.006  0.000e+00
      1.400    29.5567   1.105062     5.6930     2.3294     1.8808          0     56.000  34.449572  1000.0354      1.393      0.002  0.000e+00
      1.400    29.5587   1.105791     5.6968     2.5837     1.9129          0     56.250  34.449575  1000.0376      1.393      0.011  0.000e+00
      1.400    29.5717   1.106567     5.6996     2.6237     1.9121          0     56.500  34.449578  1000.0358      1.393      0.019  0.000e+00
      1.422    29.5926   1.110189     5.7173     2.6082     1.9075          0     56.750  34.449580  1000.0426      1.414      0.032  0.000e+00
      1.433    29.6106   1.115455     5.7444     2.5448     1.9129          0     57.000  34.449583  1000.0574      1.425      0.037  0.000e+00
      1.433    29.6234   1.118123     5.7577     2.5240     1.9144          0     57.250  34.449586  1000.0633      1.425      0.040  0.000e+00
      1.444    29.6320   1.122221     5.7794     2.4491     1.9075          0     57.500  34.449589  1000.0769      1.436      0.039  0.000e+00
      1.444    29.6383   1.126007     5.7997     2.4025     1.9037          0     57.750  34.449592  1000.0900      1.436      0.035  0.000e+00
      1.454    29.6435   1.131048     5.8270     2.3395     1.9037          0     58.000  34.449595  1000.1089      1.446      0.030  0.000e+00
      1.465    29.6475   1.141328     5.8837     2.2927     1.9037          0     58.250  34.449598  1000.1498      1.457      0.032  0.000e+00
      1.444    29.6507   1.147166     5.9157     2.2786     1.9251          0     58.500  34.449601  1000.1725      1.436      0.024  0.000e+00
      1.454    29.6536   1.149668     5.9293     2.3008     1.9243          0     58.750  34.449604  1000.1818      1.446      0.016  0.000e+00
      1.476    29.6556   1.150789     5.9353     2.3055     1.9137          0     59.000  34.449606  1000.1858      1.468      0.017  0.000e+00
      1.433    29.6569   1.151301     5.9379     2.3166     1.9175          0     59.250  34.449609  1000.1872      1.425      0.007  0.000e+00
      1.444    29.6579   1.151082     5.9366     2.3254     1.9335          0     59.500  34.449612  1000.1859      1.436      0.000  0.000e+00
      1.422    29.6583   1.148359     5.9214     2.3327     1.9381          0     59.750  34.449615  1000.1744      1.414     -0.010  0.000e+00
      1.411    29.6584   1.141926     5.8857     2.2407     1.9312          0     60.000  34.449618  1000.1477      1.404     -0.021  0.000e+00
      1.368    29.6577   1.142881     5.8911     2.0923     1.9365          0     60.250  34.449621  1000.1517      1.361     -0.039  0.000e+00
      1.346    29.6496   1.144614     5.9017     2.0212     1.9266          0     60.500  34.449624  1000.1620      1.339     -0.053  0.000e+00
      1.325    29.6359   1.140524     5.8806     2.0205     1.9251          0     60.750  34.449627  1000.1504      1.318     -0.071  0.000e+00
      1.336    29.6276   1.136232     5.8577     1.9982     1.9213          0     61.000  34.449630  1000.1360      1.328     -0.076  0.000e+00
      1.357    29.6239   1.138350     5.8699     2.0155     1.9198          0     61.250  34.449633  1000.1463      1.350     -0.059  0.000e+00
      1.368    29.6218   1.142184     5.8915     2.0569     1.9198          0     61.500  34.449635  1000.1630      1.361     -0.046  0.000e+00
      1.379    29.6208   1.144726     5.9057     2.1256     1.9198          0     61.750  34.449638  1000.1740      1.371     -0.022  0.000e+00
      1.401    29.6232   1.146232     5.9138     2.1925     1.9167          0     62.000  34.449641  1000.1794      1.393      0.004  0.000e+00
      1.411    29.6292   1.150586     5.9373     2.2591     1.9220          0     62.250  34.449644  1000.1950      1.404      0.032  0.000e+00
      1.390    29.6375   1.152426     5.9465     2.4214     1.9220          0     62.500  34.449647  1000.1993      1.382      0.039  0.000e+00
      1.390    29.6460   1.153538     5.9517     2.2779     1.9243          0     62.750  34.449650  1000.2005      1.382      0.038  0.000e+00
      1.357    29.6520   1.153909     5.9530     2.1132     1.9175          0     63.000  34.449653  1000.1996      1.350      0.017  0.000e+00
      1.357    29.6555   1.153797     5.9520     2.0509     1.9175          0     63.250  34.449656  1000.1977      1.350     -0.001  0.000e+00
      1.357    29.6573   1.153801     5.9518     2.0391     1.9220          0     63.500  34.449659  1000.1970      1.350     -0.014  0.000e+00
      1.314    29.6586   1.153310     5.9489     2.0326     1.8908          0     63.750  34.449661  1000.1942      1.307     -0.035  0.000e+00
      1.238    29.6594   1.150957     5.9357     2.0380     1.8946          0     64.000  34.449664  1000.1839      1.231     -0.069  0.000e+00
      1.184    29.6599   1.147959     5.9190     2.0518     1.8984          0     64.250  34.449667  1000.1711      1.178     -0.101  0.000e+00
      1.152    29.6601   1.147739     5.9178     2.0951     1.9007          0     64.500  34.449670  1000.1699      1.145     -0.123  0.000e+00
      1.109    29.6601   1.147799     5.9181     2.1818     1.9175          0     64.750  34.449673  1000.1700      1.102     -0.147  0.000e+00
      1.065    29.6599   1.147403     5.9159     2.2321     1.9220          0     65.000  34.449676  1000.1683      1.059     -0.164  0.000e+00
      1.022    29.6600   1.146267     5.9096     2.2566     1.9236          0     65.250  34.449679  1000.1633      1.016     -0.181  0.000e+00
      0.968    29.6599   1.144184     5.8981     2.2651     1.9213          0     65.500  34.449682  1000.1545      0.963     -0.190  0.000e+00
      0.892    29.6598   1.140726     5.8789     2.2700     1.9266          0     65.750  34.449685  1000.1400      0.887     -0.194  0.000e+00
      0.849    29.6598   1.135721     5.8511     2.2648     1.8763          0     66.000  34.449688  1000.1191      0.844     -0.192  0.000e+00
      0.795    29.6599   1.130336     5.8212     2.2729     1.8679          0     66.250  34.449690  1000.0966      0.791     -0.200  0.000e+00
      0.730    29.6598   1.122427     5.7773     2.2716     1.8717          0     66.500  34.449693  1000.0637      0.726     -0.213  0.000e+00
      0.654    29.6601   1.114331     5.7324     2.2818     1.8663          0     66.750  34.449696  1000.0299      0.651     -0.226  0.000e+00
      0.579    29.6600   1.107825     5.6964     2.3176     1.8641          0     67.000  34.449699  1000.0028      0.576     -0.241  0.000e+00
      0.417    29.6599   1.100426     5.6554     2.3058     1.8625          0     67.250  34.449702   999.9716      0.414     -0.279  0.000e+00
      0.254    29.6600   1.096765     5.6352     2.3881     1.8580          0     67.500  34.449705   999.9558      0.253     -0.331  0.000e+00
      0.190    29.6602   1.085025     5.5702     2.4387     1.8557          0     67.750  34.449708   999.9072      0.188     -0.367  0.000e+00
      0.200    29.6612   0.545749     2.6685     2.4607    -0.0242          0     68.000  34.449711   997.7466      0.199     -0.373  0.000e+00
      0.211    29.6585   0.211519     0.9794     2.4927    -0.0281          0     68.250  34.449714   996.4865      0.210     -0.345  0.000e+00
      0.200    29.6435   0.173146     0.7943     2.4339    -0.0258          0     68.500  34.449716   996.3525      0.199     -0.296  0.000e+00
      0.200    29.6238   0.194925     0.8995     2.4274    -0.0273          0     68.750  34.449719   996.4371      0.199     -0.228  0.000e+00
      0.190    29.6058   0.167714     0.7688     2.4263    -0.0326          0     69.000  34.449722   996.3447      0.188     -0.153  0.000e+00
      0.200    29.5933   0.179206     0.8242     2.4358    -0.0242          0     69.250  34.449725   996.3899      0.199     -0.069  0.000e+00
      0.200    29.5824   0.175309     0.8056     2.4273    -0.0265          0     69.500  34.449728   996.3793      0.199     -0.014  0.000e+00
      0.211    29.5721   0.154623     0.7067     2.4137    -0.0296          0     69.750  34.449731   996.3083      0.210      0.004  0.000e+00
      0.211    29.5617   0.171215     0.7863     2.4415    -0.0258          0     70.000  34.449734   996.3710      0.210      0.003  0.000e+00
      0.211    29.5498   0.148397     0.6773     2.5261    -0.0273          0     70.250  34.449737   996.2930      0.210      0.004  0.000e+00
      0.190    29.5368   0.211009     0.9793     2.6632    -0.0258          0     70.500  34.449740   996.5228      0.188      0.003  0.000e+00
