content/post/ctd_rufiji/SBE19plus_01906740_2018_02_13_0932.cnv
* Sea-Bird SBE19plus  Data File:
* FileName = C:\Users\all user\Desktop\CTD tafiri 2018\SBE19plus_01906740_2018_02_13_0932.hex
* Software version 2.6.3.104
* Temperature SN = 6740
* Conductivity SN = 6740
* System UpLoad Time = Feb 13 2018 14:05:39
* <ApplicationData>
* <Seaterm232>
# nquan = 13
# nvalues = 280                                   
# units = specified
# name 0 = prdM: Pressure, Strain Gauge [db]
# name 1 = tv290C: Temperature [ITS-90, deg C]
# name 2 = c0S/m: Conductivity [S/m]
# name 3 = sal00: Salinity, Practical [PSU]
# name 4 = sbeox0ML/L: Oxygen, SBE 43 [ml/l]
# name 5 = flECO-AFL: Fluorescence, WET Labs ECO-AFL/FL [mg/m^3]
# name 6 = nbf: Bottles Fired
# name 7 = timeS: Time, Elapsed [seconds]
# name 8 = timeJ: Julian Days
# name 9 = density00: Density [density, kg/m^3]
# name 10 = depSM: Depth [salt water, m], lat = 0.00
# name 11 = dz/dtM: Descent Rate [m/s]
# name 12 = flag:  0.000e+00
# span 0 =      0.179,      4.006                 
# span 1 =    29.5047,    29.9763                 
# span 2 =   0.051003,   0.952204                 
# span 3 =     0.2251,     4.8550                 
# span 4 =     1.6712,     4.1462                 
# span 5 =    -0.0326,     2.3173                 
# span 6 =          0,          0                 
# span 7 =      0.000,     69.750                 
# span 8 =  34.432847,  34.433655                 
# span 9 =   995.9165,   999.4382                 
# span 10 =      0.178,      3.984                
# span 11 =     -0.495,      0.672                
# span 12 = 0.0000e+00, 0.0000e+00                
# interval = seconds: 0.25
# start_time = Feb 03 2018 10:23:18 [Instrument's time stamp, header]
# bad_flag = -9.990e-29
*END*
[from data line 112]
      1.152    29.8836   0.392629     1.8722     2.1802     2.1525          0     28.000  34.433171   997.0897      1.146     -0.001  0.000e+00
      1.055    29.8808   0.396210     1.8904     2.1784     2.1555          0     28.250  34.433174   997.1037      1.049     -0.028  0.000e+00
      0.979    29.8789   0.408171     1.9511     2.1822     2.1509          0     28.500  34.433177   997.1492      0.974     -0.070  0.000e+00
      0.882    29.8756   0.425904     2.0413     2.1612     2.1769          0     28.750  34.433180   997.2170      0.877     -0.128  0.000e+00
      0.838    29.8670   0.444111     2.1344     2.1605     2.1769          0     29.000  34.433183   997.2889      0.834     -0.183  0.000e+00
      0.860    29.8556   0.455108     2.1911     2.1426     2.1753          0     29.250  34.433186   997.3347      0.855     -0.208  0.000e+00
      0.914    29.8469   0.420216     2.0135     2.1338     2.1860          0     29.500  34.433189   997.2052      0.909     -0.190  0.000e+00
      0.957    29.8399   0.413789     1.9811     2.1260     2.1204          0     29.750  34.433192   997.1833      0.952     -0.143  0.000e+00
      1.033    29.8357   0.408048     1.9522     2.1347     2.1082          0     30.000  34.433194   997.1633      1.027     -0.061  0.000e+00
      1.076    29.8353   0.408251     1.9532     2.1514     2.1212          0     30.250  34.433197   997.1644      1.070      0.032  0.000e+00
      1.130    29.8358   0.422145     2.0238     2.1448     2.1082          0     30.500  34.433200   997.2171      1.124      0.112  0.000e+00
      1.228    29.8355   0.433765     2.0829     2.1391     2.1036          0     30.750  34.433203   997.2618      1.221      0.187  0.000e+00
      1.325    29.8355   0.441913     2.1245     2.0754     2.1052          0     31.000  34.433206   997.2932      1.318      0.240  0.000e+00
      1.433    29.8347   0.462741     2.2310     2.2022     2.0975          0     31.250  34.433209   997.3734      1.425      0.278  0.000e+00
      1.574    29.8294   0.489278     2.3675     2.2957     2.0968          0     31.500  34.433212   997.4774      1.565      0.320  0.000e+00
      1.693    29.8222   0.509153     2.4703     2.3189     2.0510          0     31.750  34.433215   997.5568      1.683      0.365  0.000e+00
      1.790    29.8142   0.524416     2.5496     2.2843     2.0571          0     32.000  34.433218   997.6187      1.780      0.398  0.000e+00
      1.876    29.8056   0.527789     2.5675     2.2749     2.0578          0     32.250  34.433220   997.6351      1.866      0.424  0.000e+00
      1.974    29.7968   0.529180     2.5752     2.2324     2.0609          0     32.500  34.433223   997.6439      1.963      0.434  0.000e+00
      2.093    29.7898   0.526388     2.5611     2.1985     2.0578          0     32.750  34.433226   997.6360      2.081      0.434  0.000e+00
      2.201    29.7837   0.527490     2.5671     2.1937     2.0548          0     33.000  34.433229   997.6428      2.189      0.431  0.000e+00
      2.320    29.7789   0.519072     2.5238     2.1760     2.0510          0     33.250  34.433232   997.6125      2.307      0.428  0.000e+00
      2.417    29.7755   0.507761     2.4654     2.1558     2.0578          0     33.500  34.433235   997.5705      2.404      0.420  0.000e+00
      2.536    29.7728   0.491386     2.3811     2.1940     2.0624          0     33.750  34.433238   997.5089      2.522      0.425  0.000e+00
      2.579    29.7698   0.484778     2.3472     2.2502     2.0655          0     34.000  34.433241   997.4847      2.565      0.417  0.000e+00
      2.633    29.7670   0.494697     2.3984     2.2528     2.0548          0     34.250  34.433244   997.5241      2.619      0.396  0.000e+00
      2.633    29.7654   0.521080     2.5348     2.2383     2.0586          0     34.500  34.433247   997.6262      2.619      0.349  0.000e+00
      2.633    29.7643   0.534454     2.6042     2.2229     2.0571          0     34.750  34.433249   997.6783      2.619      0.283  0.000e+00
      2.633    29.7635   0.551664     2.6937     2.1826     2.0762          0     35.000  34.433252   997.7452      2.619      0.213  0.000e+00
      2.612    29.7588   0.573086     2.8056     2.1326     2.0723          0     35.250  34.433255   997.8299      2.597      0.138  0.000e+00
      2.612    29.7458   0.583842     2.8625     2.1271     2.0708          0     35.500  34.433258   997.8763      2.597      0.074  0.000e+00
      2.633    29.7342   0.575805     2.8211     2.1146     2.0777          0     35.750  34.433261   997.8491      2.619      0.030  0.000e+00
      2.720    29.7288   0.578157     2.8337     2.0680     2.0640          0     36.000  34.433264   997.8605      2.705      0.033  0.000e+00
      2.860    29.7237   0.626739     3.0888     2.0895     2.0701          0     36.250  34.433267   998.0527      2.845      0.076  0.000e+00
      3.012    29.7087   0.736991     3.6739     2.1041     2.0701          0     36.500  34.433270   998.4938      2.995      0.159  0.000e+00
      3.195    29.6723   0.834524     4.2002     2.0774     2.0670          0     36.750  34.433273   998.8974      3.178      0.266  0.000e+00
      3.379    29.6214   0.885747     4.4819     2.0156     2.0662          0     37.000  34.433275   999.1234      3.361      0.384  0.000e+00
      3.574    29.5757   0.912532     4.6319     2.0062     2.0189          0     37.250  34.433278   999.2498      3.554      0.505  0.000e+00
      3.747    29.5445   0.930508     4.7329     2.0514     2.0174          0     37.500  34.433281   999.3352      3.726      0.601  0.000e+00
      3.931    29.5226   0.949063     4.8365     2.1058     2.0189          0     37.750  34.433284   999.4198      3.909      0.671  0.000e+00
      3.974    29.5100   0.952204     4.8550     2.1194     2.0182          0     38.000  34.433287   999.4375      3.952      0.672  0.000e+00
      4.006    29.5053   0.951892     4.8537     2.1536     2.0571          0     38.250  34.433290   999.4382      3.984      0.621  0.000e+00
      3.985    29.5047   0.950229     4.8447     2.2067     2.0533          0     38.500  34.433293   999.4315      3.963      0.525  0.000e+00
      3.985    29.5070   0.948821     4.8367     2.2423     2.0548          0     38.750  34.433296   999.4249      3.963      0.404  0.000e+00
      3.952    29.5133   0.948189     4.8327     2.2777     2.0594          0     39.000  34.433299   999.4198      3.931      0.272  0.000e+00
      3.909    29.5202   0.948070     4.8313     2.2532     2.0716          0     39.250  34.433302   999.4166      3.888      0.138  0.000e+00
      3.898    29.5218   0.948197     4.8319     2.2334     2.0655          0     39.500  34.433304   999.4164      3.877      0.032  0.000e+00
      3.866    29.5210   0.946093     4.8204     2.2029     2.0723          0     39.750  34.433307   999.4080      3.845     -0.047  0.000e+00
      3.844    29.5208   0.944486     4.8117     2.1815     2.0662          0     40.000  34.433310   999.4014      3.823     -0.079  0.000e+00
      3.834    29.5212   0.944367     4.8110     2.1461     2.1044          0     40.250  34.433313   999.4007      3.812     -0.094  0.000e+00
      3.833    29.5225   0.944355     4.8108     2.1184     2.0968          0     40.500  34.433316   999.4002      3.812     -0.088  0.000e+00
      3.801    29.5238   0.944486     4.8114     2.0999     2.1067          0     40.750  34.433319   999.4001      3.780     -0.086  0.000e+00
      3.790    29.5251   0.944494     4.8113     2.0769     2.1128          0     41.000  34.433322   999.3996      3.769     -0.076  0.000e+00
      3.779    29.5260   0.944359     4.8105     2.0640     2.1052          0     41.250  34.433325   999.3987      3.759     -0.066  0.000e+00
      3.812    29.5267   0.944810     4.8129     2.0519     2.1174          0     41.500  34.433328   999.4004      3.791     -0.050  0.000e+00
      3.779    29.5274   0.948177     4.8312     2.0357     2.1120          0     41.750  34.433330   999.4137      3.759     -0.040  0.000e+00
      3.801    29.5281   0.947787     4.8290     2.0242     2.1097          0     42.000  34.433333   999.4120      3.780     -0.027  0.000e+00
      3.844    29.5288   0.946179     4.8202     2.0056     2.1135          0     42.250  34.433336   999.4053      3.823     -0.005  0.000e+00
      3.909    29.5297   0.944650     4.8117     1.9984     2.0846          0     42.500  34.433339   999.3990      3.888      0.030  0.000e+00
      3.898    29.5307   0.944969     4.8133     1.9783     2.0846          0     42.750  34.433342   999.3999      3.877      0.058  0.000e+00
      3.898    29.5320   0.944990     4.8133     1.9801     2.0815          0     43.000  34.433345   999.3995      3.877      0.070  0.000e+00
      3.920    29.5336   0.945060     4.8136     1.9746     2.0861          0     43.250  34.433348   999.3993      3.898      0.078  0.000e+00
      3.931    29.5352   0.945220     4.8143     1.9694     2.0586          0     43.500  34.433351   999.3994      3.909      0.076  0.000e+00
      3.963    29.5381   0.950405     4.8424     1.9703     2.0525          0     43.750  34.433354   999.4196      3.941      0.084  0.000e+00
      3.974    29.5434   0.951120     4.8458     1.9644     2.0487          0     44.000  34.433356   999.4205      3.952      0.074  0.000e+00
      3.985    29.5492   0.951070     4.8449     1.9465     2.0571          0     44.250  34.433359   999.4182      3.963      0.061  0.000e+00
      3.952    29.5540   0.951235     4.8453     1.9421     2.0517          0     44.500  34.433362   999.4169      3.931      0.042  0.000e+00
      3.963    29.5572   0.951325     4.8455     1.9408     2.0792          0     44.750  34.433365   999.4161      3.941      0.040  0.000e+00
      3.974    29.5599   0.951694     4.8473     1.9410     2.0777          0     45.000  34.433368   999.4166      3.952      0.033  0.000e+00
      3.963    29.5621   0.951744     4.8473     1.9361     2.0823          0     45.250  34.433371   999.4160      3.941      0.019  0.000e+00
      3.942    29.5638   0.951723     4.8470     1.9380     2.0807          0     45.500  34.433374   999.4151      3.920      0.001  0.000e+00
      3.952    29.5656   0.951744     4.8470     1.9287     2.1280          0     45.750  34.433377   999.4146      3.931     -0.011  0.000e+00
      3.963    29.5672   0.951666     4.8464     1.9239     2.1143          0     46.000  34.433380   999.4137      3.941     -0.011  0.000e+00
      3.952    29.5681   0.951608     4.8460     1.9214     2.1196          0     46.250  34.433383   999.4131      3.930     -0.010  0.000e+00
      3.963    29.5694   0.951497     4.8453     1.9153     2.1151          0     46.500  34.433385   999.4122      3.941     -0.002  0.000e+00
      3.941    29.5702   0.950844     4.8416     1.9095     2.0907          0     46.750  34.433388   999.4092      3.920     -0.008  0.000e+00
      3.909    29.5708   0.949789     4.8358     1.9128     2.0937          0     47.000  34.433391   999.4045      3.888     -0.019  0.000e+00
      3.898    29.5703   0.949272     4.8330     1.8965     2.0907          0     47.250  34.433394   999.4025      3.877     -0.025  0.000e+00
      3.887    29.5694   0.949383     4.8337     1.8861     2.0914          0     47.500  34.433397   999.4033      3.866     -0.033  0.000e+00
      3.855    29.5687   0.949457     4.8342     1.8713     2.0701          0     47.750  34.433400   999.4037      3.834     -0.052  0.000e+00
      3.877    29.5685   0.949457     4.8342     1.8645     2.0678          0     48.000  34.433403   999.4039      3.855     -0.055  0.000e+00
      3.887    29.5685   0.949075     4.8321     1.8532     2.0731          0     48.250  34.433406   999.4023      3.866     -0.048  0.000e+00
      3.909    29.5684   0.948271     4.8277     1.8535     2.0647          0     48.500  34.433409   999.3992      3.888     -0.032  0.000e+00
      3.887    29.5684   0.947922     4.8258     1.8543     2.0655          0     48.750  34.433411   999.3977      3.866     -0.017  0.000e+00
      3.888    29.5676   0.947865     4.8256     1.8549     2.0861          0     49.000  34.433414   999.3978      3.866     -0.003  0.000e+00
      3.866    29.5669   0.947573     4.8240     1.8480     2.0823          0     49.250  34.433417   999.3968      3.845     -0.002  0.000e+00
      3.812    29.5658   0.947573     4.8242     1.8433     2.0823          0     49.500  34.433420   999.3969      3.791     -0.017  0.000e+00
      3.769    29.5647   0.947290     4.8227     1.8321     2.0861          0     49.750  34.433423   999.3960      3.748     -0.040  0.000e+00
      3.769    29.5638   0.946995     4.8212     1.8237     2.1006          0     50.000  34.433426   999.3951      3.748     -0.067  0.000e+00
      3.758    29.5630   0.946363     4.8178     1.8070     2.0968          0     50.250  34.433429   999.3928      3.737     -0.084  0.000e+00
      3.790    29.5621   0.945904     4.8154     1.7878     2.1006          0     50.500  34.433432   999.3914      3.769     -0.080  0.000e+00
      3.790    29.5615   0.946245     4.8173     1.7858     2.1067          0     50.750  34.433435   999.3931      3.769     -0.063  0.000e+00
      3.812    29.5615   0.946540     4.8189     1.7711     2.1540          0     51.000  34.433437   999.3944      3.791     -0.039  0.000e+00
      3.812    29.5621   0.945400     4.8126     1.7793     2.1494          0     51.250  34.433440   999.3895      3.791     -0.010  0.000e+00
      3.779    29.5623   0.944531     4.8079     1.7902     2.1494          0     51.500  34.433443   999.3857      3.759      0.008  0.000e+00
      3.736    29.5629   0.942695     4.7978     1.7799     2.1555          0     51.750  34.433446   999.3778      3.716      0.002  0.000e+00
      3.682    29.5633   0.941978     4.7938     1.7705     2.1074          0     52.000  34.433449   999.3745      3.662     -0.027  0.000e+00
      3.693    29.5642   0.941965     4.7936     1.7687     2.0968          0     52.250  34.433452   999.3742      3.673     -0.048  0.000e+00
      3.660    29.5647   0.942424     4.7961     1.7648     2.1052          0     52.500  34.433455   999.3757      3.640     -0.076  0.000e+00
      3.693    29.5656   0.942191     4.7947     1.7470     2.1021          0     52.750  34.433458   999.3746      3.672     -0.079  0.000e+00
      3.725    29.5663   0.942871     4.7984     1.7371     2.1013          0     53.000  34.433461   999.3772      3.705     -0.066  0.000e+00
      3.693    29.5673   0.941941     4.7932     1.7334     2.1372          0     53.250  34.433464   999.3729      3.672     -0.050  0.000e+00
      3.606    29.5691   0.944084     4.8048     1.7187     2.1387          0     53.500  34.433466   999.3806      3.587     -0.049  0.000e+00
      3.552    29.5707   0.944289     4.8057     1.7048     2.1311          0     53.750  34.433469   999.3806      3.533     -0.060  0.000e+00
      3.498    29.5719   0.943805     4.8030     1.7202     2.1387          0     54.000  34.433472   999.3779      3.479     -0.084  0.000e+00
      3.444    29.5727   0.942703     4.7969     1.7220     2.1494          0     54.250  34.433475   999.3729      3.425     -0.125  0.000e+00
      3.401    29.5739   0.941384     4.7895     1.7044     2.1395          0     54.500  34.433478   999.3669      3.382     -0.159  0.000e+00
      3.401    29.5766   0.941142     4.7880     1.7120     2.1486          0     54.750  34.433481   999.3649      3.382     -0.183  0.000e+00
      3.368    29.5802   0.941007     4.7869     1.7090     2.1494          0     55.000  34.433484   999.3628      3.350     -0.188  0.000e+00
      3.347    29.5846   0.939803     4.7799     1.7008     2.1608          0     55.250  34.433487   999.3562      3.328     -0.167  0.000e+00
