content/post/ctd_rufiji/SBE19plus_01906740_2018_02_13_0887.cnv
* Sea-Bird SBE19plus  Data File:
* FileName = C:\Users\all user\Desktop\CTD tafiri 2018\SBE19plus_01906740_2018_02_13_0887.hex
* Software version 2.6.3.104
* Temperature SN = 6740
* Conductivity SN = 6740
* System UpLoad Time = Feb 13 2018 13:58:10
* <ApplicationData>
* <Seaterm232>
# nquan = 13
# nvalues = 426                                   
# units = specified
# name 0 = prdM: Pressure, Strain Gauge [db]
# name 1 = tv290C: Temperature [ITS-90, deg C]
# name 2 = c0S/m: Conductivity [S/m]
# name 3 = sal00: Salinity, Practical [PSU]
# name 4 = sbeox0ML/L: Oxygen, SBE 43 [ml/l]
# name 5 = flECO-AFL: Fluorescence, WET Labs ECO-AFL/FL [mg/m^3]
# name 6 = nbf: Bottles Fired
# name 7 = timeS: Time, Elapsed [seconds]
# name 8 = timeJ: Julian Days
# name 9 = density00: Density [density, kg/m^3]
# name 10 = depSM: Depth [salt water, m], lat = 0.00
# name 11 = dz/dtM: Descent Rate [m/s]
# name 12 = flag:  0.000e+00
# span 0 =      0.092,      5.001                 
# span 1 =    30.1689,    30.5761                 
# span 2 =   0.537693,   3.426191                 
# span 3 =     2.5859,    19.1165                 
# span 4 =     1.0768,     5.3434                 
# span 5 =     0.8074,     2.3905                 
# span 6 =          0,          0                 
# span 7 =      0.000,    106.250                 
# span 8 =  33.729190,  33.730420                 
# span 9 =   997.4472,  1009.6988                 
# span 10 =      0.092,      4.973                
# span 11 =     -0.527,      0.500                
# span 12 = 0.0000e+00, 0.0000e+00                
# interval = seconds: 0.25
# start_time = Feb 02 2018 17:30:02 [Instrument's time stamp, header]
# bad_flag = -9.990e-29
*END*
[from data line 334]
      4.969    30.5089   2.595617    14.1073     2.8150     2.0998          0     83.500  33.730156  1006.0026      4.941      0.323  0.000e+00
      5.001    30.4786   2.441744    13.2031     2.7815     2.1113          0     83.750  33.730159  1005.3413      4.973      0.352  0.000e+00
      4.968    30.4479   2.426917    13.1236     2.8027     2.3211          0     84.000  33.730162  1005.2920      4.941      0.326  0.000e+00
      4.893    30.4269   2.428569    13.1390     2.7707     2.3195          0     84.250  33.730165  1005.3098      4.866      0.234  0.000e+00
      4.860    30.4131   2.446838    13.2508     2.9599     2.3218          0     84.500  33.730168  1005.3970      4.834      0.132  0.000e+00
      4.741    30.4022   2.478319    13.4403     2.9572     2.3150          0     84.750  33.730171  1005.5407      4.715      0.015  0.000e+00
      4.547    30.3911   2.500019    13.5721     2.9042     2.3813          0     85.000  33.730174  1005.6413      4.522     -0.127  0.000e+00
      4.417    30.3813   2.575582    14.0244     2.7252     2.3905          0     85.250  33.730177  1005.9797      4.393     -0.253  0.000e+00
      4.363    30.3709   2.615996    14.2685     2.5409     2.3821          0     85.500  33.730179  1006.1640      4.339     -0.345  0.000e+00
      4.352    30.3542   2.616616    14.2770     2.4675     2.3882          0     85.750  33.730182  1006.1756      4.328     -0.378  0.000e+00
      4.406    30.3309   2.533751    13.7894     2.4282     2.3783          0     86.000  33.730185  1005.8213      4.382     -0.346  0.000e+00
      4.439    30.3053   2.514367    13.6811     2.3345     1.9678          0     86.250  33.730188  1005.7492      4.414     -0.276  0.000e+00
      4.514    30.2969   2.515941    13.6928     2.2146     1.9663          0     86.500  33.730191  1005.7609      4.490     -0.176  0.000e+00
      4.558    30.3098   2.827122    15.5546     2.1895     1.9709          0     86.750  33.730194  1007.1396      4.533     -0.050  0.000e+00
      4.568    30.3371   3.263899    18.2052     2.1967     1.9747          0     87.000  33.730197  1009.1004      4.543      0.060  0.000e+00
      4.568    30.3938   3.275208    18.2537     2.1588     2.1822          0     87.250  33.730200  1009.1180      4.543      0.116  0.000e+00
      4.536    30.4468   3.304979    18.4167     2.1976     2.1715          0     87.500  33.730203  1009.2218      4.511      0.119  0.000e+00
      4.514    30.4772   3.317417    18.4817     2.4622     2.1769          0     87.750  33.730205  1009.2600      4.490      0.090  0.000e+00
      4.504    30.4927   3.315275    18.4627     2.2100     2.1837          0     88.000  33.730208  1009.2408      4.479      0.045  0.000e+00
      4.525    30.5004   3.320651    18.4928     2.0058     2.2501          0     88.250  33.730211  1009.2608      4.500      0.013  0.000e+00
      4.514    30.5039   3.320217    18.4889     2.0239     2.2440          0     88.500  33.730214  1009.2567      4.489     -0.019  0.000e+00
      4.493    30.5059   3.327905    18.5353     2.0002     2.2471          0     88.750  33.730217  1009.2904      4.468     -0.036  0.000e+00
      4.428    30.5061   3.327245    18.5312     2.0908     2.2516          0     89.000  33.730220  1009.2870      4.404     -0.055  0.000e+00
      4.320    30.5065   3.332329    18.5623     2.1971     2.2585          0     89.250  33.730223  1009.3095      4.296     -0.090  0.000e+00
      4.233    30.5060   3.340786    18.6144     2.2191     2.2699          0     89.500  33.730226  1009.3480      4.210     -0.132  0.000e+00
      4.179    30.5051   3.349491    18.6682     2.3143     2.2783          0     89.750  33.730229  1009.3881      4.156     -0.177  0.000e+00
      4.158    30.5037   3.353534    18.6936     2.5178     2.2669          0     90.000  33.730231  1009.4073      4.135     -0.210  0.000e+00
      4.168    30.5025   3.354287    18.6986     2.6764     2.2600          0     90.250  33.730234  1009.4115      4.145     -0.221  0.000e+00
      4.104    30.5019   3.354496    18.7002     2.8283     1.7572          0     90.500  33.730237  1009.4126      4.081     -0.220  0.000e+00
      4.049    30.5014   3.361441    18.7431     2.7766     1.7550          0     90.750  33.730240  1009.4444      4.027     -0.208  0.000e+00
      4.017    30.5010   3.365263    18.7667     2.7749     1.7534          0     91.000  33.730243  1009.4620      3.995     -0.182  0.000e+00
      3.974    30.5010   3.369786    18.7945     2.9891     1.7443          0     91.250  33.730246  1009.4824      3.952     -0.156  0.000e+00
      3.876    30.5012   3.373789    18.8191     3.0401     1.5398          0     91.500  33.730249  1009.5002      3.855     -0.163  0.000e+00
      3.747    30.5014   3.382447    18.8723     2.8668     1.5329          0     91.750  33.730252  1009.5391      3.726     -0.203  0.000e+00
      3.617    30.5021   3.387594    18.9037     2.9312     1.5398          0     92.000  33.730255  1009.5616      3.597     -0.264  0.000e+00
      3.498    30.5041   3.396677    18.9588     2.9056     1.5360          0     92.250  33.730258  1009.6014      3.479     -0.326  0.000e+00
      3.412    30.5080   3.401654    18.9879     2.8173     1.4719          0     92.500  33.730260  1009.6214      3.393     -0.363  0.000e+00
      3.379    30.5125   3.407596    19.0228     2.5761     1.4597          0     92.750  33.730263  1009.6458      3.360     -0.381  0.000e+00
      3.303    30.5175   3.407811    19.0222     2.1169     1.4643          0     93.000  33.730266  1009.6433      3.285     -0.388  0.000e+00
      3.195    30.5212   3.408705    19.0263     2.0781     1.4673          0     93.250  33.730269  1009.6447      3.178     -0.385  0.000e+00
      3.022    30.5236   3.410882    19.0388     2.0876     1.3895          0     93.500  33.730272  1009.6525      3.006     -0.388  0.000e+00
      2.892    30.5255   3.411184    19.0400     2.1730     1.3414          0     93.750  33.730275  1009.6521      2.877     -0.394  0.000e+00
      2.730    30.5272   3.404186    18.9963     2.6488     1.3430          0     94.000  33.730278  1009.6184      2.715     -0.422  0.000e+00
      2.590    30.5284   3.378899    18.8403     2.6354     1.3430          0     94.250  33.730281  1009.5014      2.575     -0.462  0.000e+00
      2.482    30.5336   3.352546    18.6764     2.7663     1.3384          0     94.500  33.730284  1009.3775      2.468     -0.502  0.000e+00
      2.395    30.5393   3.313804    18.4366     3.0494     1.3453          0     94.750  33.730286  1009.1970      2.382     -0.527  0.000e+00
      2.363    30.5387   3.283455    18.2510     3.0501     1.3414          0     95.000  33.730289  1009.0591      2.350     -0.503  0.000e+00
      2.341    30.5221   3.222151    17.8821     3.0138     1.3483          0     95.250  33.730292  1008.7903      2.328     -0.443  0.000e+00
      2.276    30.5056   3.201825    17.7639     2.9875     1.3315          0     95.500  33.730295  1008.7076      2.264     -0.371  0.000e+00
      2.179    30.5043   3.229050    17.9307     2.8811     1.3536          0     95.750  33.730298  1008.8315      2.167     -0.322  0.000e+00
      2.060    30.5070   3.230843    17.9407     2.7232     1.3597          0     96.000  33.730301  1008.8376      2.049     -0.292  0.000e+00
      1.952    30.5100   3.220377    17.8757     2.9122     1.3575          0     96.250  33.730304  1008.7878      1.941     -0.289  0.000e+00
      1.801    30.5111   3.190259    17.6914     2.9582     1.3514          0     96.500  33.730307  1008.6499      1.791     -0.321  0.000e+00
      1.692    30.5070   3.162753    17.5251     2.9553     1.3903          0     96.750  33.730310  1008.5272      1.683     -0.366  0.000e+00
      1.638    30.4985   3.148125    17.4389     2.9775     1.3910          0     97.000  33.730312  1008.4657      1.629     -0.401  0.000e+00
      1.595    30.4893   3.122887    17.2884     2.9442     1.3865          0     97.250  33.730315  1008.3566      1.586     -0.409  0.000e+00
      1.552    30.4801   3.111806    17.2242     2.9144     1.3865          0     97.500  33.730318  1008.3118      1.543     -0.384  0.000e+00
      1.508    30.4725   3.095563    17.1280     2.8527     1.3880          0     97.750  33.730321  1008.2426      1.500     -0.339  0.000e+00
      1.465    30.4661   3.083095    17.0543     2.8091     1.4925          0     98.000  33.730324  1008.1897      1.457     -0.287  0.000e+00
      1.325    30.4614   3.070486    16.9793     2.6897     1.4894          0     98.250  33.730327  1008.1349      1.317     -0.265  0.000e+00
      1.152    30.4580   3.063357    16.9372     2.4408     1.4872          0     98.500  33.730330  1008.1039      1.145     -0.275  0.000e+00
      1.043    30.4564   3.044253    16.8217     2.2048     1.4940          0     98.750  33.730333  1008.0182      1.038     -0.312  0.000e+00
      0.979    30.4554   3.029836    16.7345     2.1010     1.5635          0     99.000  33.730336  1007.9535      0.973     -0.352  0.000e+00
      0.914    30.4543   3.010240    16.6159     2.1474     1.5574          0     99.250  33.730339  1007.8655      0.909     -0.379  0.000e+00
      0.860    30.4533   3.000081    16.5547     2.1369     1.5604          0     99.500  33.730341  1007.8201      0.855     -0.387  0.000e+00
      0.849    30.4523   2.992593    16.5096     2.2057     1.5574          0     99.750  33.730344  1007.7868      0.844     -0.363  0.000e+00
      0.816    30.4522   2.985375    16.4659     2.2363     1.5589          0    100.000  33.730347  1007.7543      0.812     -0.316  0.000e+00
      0.816    30.4529   2.981472    16.4421     2.2848     1.5657          0    100.250  33.730350  1007.7363      0.812     -0.237  0.000e+00
      0.795    30.4535   2.979891    16.4323     2.0013     1.5642          0    100.500  33.730353  1007.7288      0.790     -0.167  0.000e+00
      0.762    30.4542   2.980049    16.4330     1.9650     1.5589          0    100.750  33.730356  1007.7289      0.758     -0.128  0.000e+00
      0.719    30.4540   2.981338    16.4409     1.9405     1.5444          0    101.000  33.730359  1007.7347      0.715     -0.110  0.000e+00
      0.719    30.4539   2.979258    16.4283     1.9294     1.5490          0    101.250  33.730362  1007.7254      0.715     -0.093  0.000e+00
      0.795    30.4535   2.978140    16.4217     1.9572     1.5505          0    101.500  33.730365  1007.7209      0.790     -0.060  0.000e+00
      0.838    30.4529   2.978140    16.4219     2.0062     1.5467          0    101.750  33.730367  1007.7214      0.833     -0.025  0.000e+00
      0.838    30.4527   2.977695    16.4192     2.0807     1.5459          0    102.000  33.730370  1007.7195      0.833      0.007  0.000e+00
      0.838    30.4535   2.977560    16.4182     2.2665     1.5604          0    102.250  33.730373  1007.7185      0.834      0.030  0.000e+00
      0.784    30.4541   2.977543    16.4179     2.3033     1.5657          0    102.500  33.730376  1007.7178      0.780      0.036  0.000e+00
      0.773    30.4543   2.977502    16.4175     2.2897     1.5642          0    102.750  33.730379  1007.7174      0.769      0.035  0.000e+00
      0.773    30.4541   2.977619    16.4183     2.2882     1.5596          0    103.000  33.730382  1007.7181      0.769      0.024  0.000e+00
      0.773    30.4536   2.977601    16.4184     2.2889     1.5749          0    103.250  33.730385  1007.7183      0.769     -0.002  0.000e+00
      0.806    30.4535   2.977712    16.4191     2.2877     1.5795          0    103.500  33.730388  1007.7190      0.801     -0.023  0.000e+00
      0.795    30.4537   2.978444    16.4235     2.2975     1.5696          0    103.750  33.730391  1007.7221      0.791     -0.027  0.000e+00
      0.665    30.4544   2.978485    16.4235     2.3622     1.5688          0    104.000  33.730394  1007.7214      0.662     -0.052  0.000e+00
      0.557    30.4553   2.978485    16.4232     5.3434     1.5818          0    104.250  33.730396  1007.7204      0.554     -0.094  0.000e+00
      0.395    30.4556   2.978274    16.4218     3.6854     1.5902          0    104.500  33.730399  1007.7186      0.393     -0.160  0.000e+00
      0.287    30.4557   2.978216    16.4215     4.3982     1.5856          0    104.750  33.730402  1007.7178      0.285     -0.244  0.000e+00
      0.189    30.4556   2.978157    16.4212     4.8550     1.5856          0    105.000  33.730405  1007.7172      0.188     -0.324  0.000e+00
      0.135    30.4554   2.977946    16.4200     2.6616     0.8119          0    105.250  33.730408  1007.7161      0.135     -0.379  0.000e+00
      0.092    30.4545   2.966332    16.3499     2.2413     0.8074          0    105.500  33.730411  1007.6642      0.092     -0.404  0.000e+00
      0.114    30.4532   1.285825     6.5830     1.8954     0.8104          0    105.750  33.730414  1000.4141      0.113     -0.366  0.000e+00
      0.103    30.4488   0.604484     2.9290     1.4799     0.8135          0    106.000  33.730417   997.6994      0.102     -0.289  0.000e+00
      0.103    30.4386   0.537693     2.5859     1.0768     0.8097          0    106.250  33.730420   997.4472      0.102     -0.209  0.000e+00
