content/post/ctd_rufiji/SBE19plus_01906740_2018_02_13_0922.cnv
* Sea-Bird SBE19plus  Data File:
* FileName = C:\Users\all user\Desktop\CTD tafiri 2018\SBE19plus_01906740_2018_02_13_0922.hex
* Software version 2.6.3.104
* Temperature SN = 6740
* Conductivity SN = 6740
* System UpLoad Time = Feb 13 2018 14:04:09
* <ApplicationData>
* <Seaterm232>
# nquan = 13
# nvalues = 364                                   
# units = specified
# name 0 = prdM: Pressure, Strain Gauge [db]
# name 1 = tv290C: Temperature [ITS-90, deg C]
# name 2 = c0S/m: Conductivity [S/m]
# name 3 = sal00: Salinity, Practical [PSU]
# name 4 = sbeox0ML/L: Oxygen, SBE 43 [ml/l]
# name 5 = flECO-AFL: Fluorescence, WET Labs ECO-AFL/FL [mg/m^3]
# name 6 = nbf: Bottles Fired
# name 7 = timeS: Time, Elapsed [seconds]
# name 8 = timeJ: Julian Days
# name 9 = density00: Density [density, kg/m^3]
# name 10 = depSM: Depth [salt water, m], lat = 0.00
# name 11 = dz/dtM: Descent Rate [m/s]
# name 12 = flag:  0.000e+00
# span 0 =      0.176,      3.711                 
# span 1 =    29.4810,    30.4276                 
# span 2 =   0.005163,   0.044517                 
# span 3 =     0.0297,     0.1936                 
# span 4 =     0.7553,     8.8713                 
# span 5 =    -0.0326,     2.1036                 
# span 6 =          0,          0                 
# span 7 =      0.000,     90.750                 
# span 8 =  34.402836,  34.403886                 
# span 9 =   995.5581,   995.8395                 
# span 10 =      0.175,      3.691                
# span 11 =     -0.531,      0.435                
# span 12 = 0.0000e+00, 0.0000e+00                
# interval = seconds: 0.25
# start_time = Feb 03 2018 09:40:05 [Instrument's time stamp, header]
# bad_flag = -9.990e-29
*END*
[from data line 112]
      1.452    30.3735   0.042864     0.1866     2.0292     1.9014          0     28.000  34.403160   995.6821      1.444     -0.001  0.000e+00
      1.462    30.3703   0.042840     0.1865     2.0154     1.8892          0     28.250  34.403163   995.6830      1.454     -0.006  0.000e+00
      1.462    30.3687   0.042834     0.1865     2.0112     1.8908          0     28.500  34.403166   995.6835      1.454     -0.012  0.000e+00
      1.473    30.3666   0.042840     0.1865     1.9955     1.9098          0     28.750  34.403168   995.6842      1.465     -0.001  0.000e+00
      1.473    30.3537   0.042867     0.1867     1.9892     1.9106          0     29.000  34.403171   995.6883      1.465      0.002  0.000e+00
      1.473    30.3378   0.042885     0.1868     1.9707     1.9037          0     29.250  34.403174   995.6932      1.465      0.012  0.000e+00
      1.462    30.3307   0.042891     0.1868     2.0007     1.9030          0     29.500  34.403177   995.6954      1.454      0.013  0.000e+00
      1.452    30.3275   0.042879     0.1868     2.0100     1.8969          0     29.750  34.403180   995.6963      1.444      0.007  0.000e+00
      1.473    30.3235   0.042858     0.1867     2.0053     1.8877          0     30.000  34.403183   995.6975      1.465      0.004  0.000e+00
      1.462    30.3166   0.042834     0.1866     2.0070     1.8892          0     30.250  34.403186   995.6996      1.454     -0.001  0.000e+00
      1.473    30.3096   0.042828     0.1866     2.0026     1.8862          0     30.500  34.403189   995.7017      1.465     -0.001  0.000e+00
      1.452    30.3042   0.042825     0.1867     2.0015     1.9243          0     30.750  34.403192   995.7033      1.444     -0.007  0.000e+00
      1.441    30.2999   0.042807     0.1866     1.9970     1.9365          0     31.000  34.403194   995.7045      1.433     -0.011  0.000e+00
      1.462    30.2959   0.042795     0.1865     1.9780     1.9259          0     31.250  34.403197   995.7058      1.454     -0.007  0.000e+00
      1.451    30.2930   0.042783     0.1865     1.9537     1.9304          0     31.500  34.403200   995.7066      1.443     -0.006  0.000e+00
      1.484    30.2910   0.042780     0.1865     1.8935     1.9114          0     31.750  34.403203   995.7073      1.476      0.002  0.000e+00
      1.462    30.2901   0.042789     0.1865     1.8739     1.9114          0     32.000  34.403206   995.7075      1.454     -0.001  0.000e+00
      1.462    30.2889   0.042807     0.1866     1.8664     1.9053          0     32.250  34.403209   995.7080      1.454      0.003  0.000e+00
      1.451    30.2875   0.042819     0.1867     1.8840     1.9060          0     32.500  34.403212   995.7084      1.443      0.001  0.000e+00
      1.452    30.2866   0.042798     0.1866     1.8497     1.9175          0     32.750  34.403215   995.7086      1.444      0.003  0.000e+00
      1.484    30.2858   0.042783     0.1865     1.8465     1.9312          0     33.000  34.403218   995.7089      1.476      0.008  0.000e+00
      1.473    30.2838   0.042768     0.1865     1.8788     1.9251          0     33.250  34.403220   995.7094      1.465      0.004  0.000e+00
      1.462    30.2814   0.042768     0.1865     1.8880     1.9205          0     33.500  34.403223   995.7101      1.454      0.003  0.000e+00
      1.473    30.2787   0.042768     0.1865     1.8954     1.9091          0     33.750  34.403226   995.7110      1.465      0.001  0.000e+00
      1.473    30.2760   0.042768     0.1865     1.9109     1.8900          0     34.000  34.403229   995.7119      1.465      0.008  0.000e+00
      1.441    30.2728   0.042755     0.1865     1.9093     1.8999          0     34.250  34.403232   995.7126      1.433     -0.000  0.000e+00
      1.462    30.2698   0.042755     0.1865     1.8998     1.8969          0     34.500  34.403235   995.7137      1.454     -0.001  0.000e+00
      1.484    30.2672   0.042743     0.1864     1.8929     1.9083          0     34.750  34.403238   995.7145      1.476      0.001  0.000e+00
      1.462    30.2642   0.042743     0.1864     1.8886     1.8892          0     35.000  34.403241   995.7153      1.454     -0.006  0.000e+00
      1.451    30.2617   0.042734     0.1864     1.8577     1.8801          0     35.250  34.403244   995.7160      1.443     -0.005  0.000e+00
      1.473    30.2600   0.042734     0.1864     1.8361     1.8923          0     35.500  34.403247   995.7167      1.465     -0.000  0.000e+00
      1.462    30.2581   0.042737     0.1864     1.8222     1.8862          0     35.750  34.403249   995.7172      1.454     -0.001  0.000e+00
      1.452    30.2560   0.042755     0.1865     1.8203     1.8404          0     36.000  34.403252   995.7179      1.444     -0.002  0.000e+00
      1.441    30.2545   0.042780     0.1866     1.8277     1.8480          0     36.250  34.403255   995.7183      1.433     -0.004  0.000e+00
      1.441    30.2544   0.042780     0.1866     1.8229     1.8503          0     36.500  34.403258   995.7184      1.433     -0.015  0.000e+00
      1.473    30.2557   0.042768     0.1866     1.8181     1.8496          0     36.750  34.403261   995.7181      1.465     -0.010  0.000e+00
      1.473    30.2552   0.042734     0.1864     1.8046     1.8564          0     37.000  34.403264   995.7181      1.465      0.001  0.000e+00
      1.473    30.2535   0.042722     0.1864     1.8094     1.8885          0     37.250  34.403267   995.7186      1.465      0.007  0.000e+00
      1.506    30.2523   0.042728     0.1864     1.8075     1.8869          0     37.500  34.403270   995.7191      1.497      0.016  0.000e+00
      1.462    30.2513   0.042737     0.1865     1.8024     1.8923          0     37.750  34.403273   995.7193      1.454      0.017  0.000e+00
      1.462    30.2497   0.042755     0.1865     1.7884     1.8869          0     38.000  34.403275   995.7198      1.454      0.016  0.000e+00
      1.452    30.2479   0.042774     0.1866     1.7791     1.8763          0     38.250  34.403278   995.7204      1.444      0.008  0.000e+00
      1.430    30.2463   0.042755     0.1865     1.7850     1.8633          0     38.500  34.403281   995.7207      1.422     -0.009  0.000e+00
      1.462    30.2447   0.042734     0.1865     1.7793     1.8839          0     38.750  34.403284   995.7213      1.454     -0.017  0.000e+00
      1.441    30.2422   0.042710     0.1864     1.7798     1.8786          0     39.000  34.403287   995.7219      1.433     -0.022  0.000e+00
      1.462    30.2401   0.042704     0.1863     1.7754     1.8526          0     39.250  34.403290   995.7226      1.454     -0.018  0.000e+00
      1.463    30.2392   0.042716     0.1864     1.7709     1.8450          0     39.500  34.403293   995.7229      1.454     -0.014  0.000e+00
      1.441    30.2379   0.042743     0.1865     1.7742     1.8450          0     39.750  34.403296   995.7233      1.433     -0.004  0.000e+00
      1.452    30.2356   0.042774     0.1867     1.7662     1.8572          0     40.000  34.403299   995.7242      1.444     -0.001  0.000e+00
      1.452    30.2346   0.042780     0.1867     1.7623     1.8747          0     40.250  34.403302   995.7245      1.444      0.003  0.000e+00
      1.463    30.2357   0.042768     0.1866     1.7569     1.8770          0     40.500  34.403304   995.7242      1.454      0.007  0.000e+00
      1.484    30.2360   0.042743     0.1865     1.7489     1.8778          0     40.750  34.403307   995.7241      1.476      0.008  0.000e+00
      1.463    30.2331   0.042728     0.1865     1.7520     1.8778          0     41.000  34.403310   995.7249      1.455      0.011  0.000e+00
      1.473    30.2286   0.042710     0.1864     1.7497     1.8732          0     41.250  34.403313   995.7262      1.465      0.009  0.000e+00
      1.473    30.2253   0.042710     0.1864     1.7513     1.8572          0     41.500  34.403316   995.7272      1.465      0.013  0.000e+00
      1.484    30.2225   0.042716     0.1865     1.7421     1.8587          0     41.750  34.403319   995.7282      1.476      0.019  0.000e+00
      1.462    30.2206   0.042722     0.1865     1.7454     1.8648          0     42.000  34.403322   995.7287      1.454      0.010  0.000e+00
      1.462    30.2182   0.042737     0.1866     1.7464     1.8663          0     42.250  34.403325   995.7294      1.454      0.004  0.000e+00
      1.463    30.2160   0.042737     0.1866     1.7448     1.8908          0     42.500  34.403328   995.7301      1.454     -0.004  0.000e+00
      1.473    30.2137   0.042749     0.1866     1.7448     1.9030          0     42.750  34.403330   995.7309      1.465     -0.005  0.000e+00
      1.484    30.2116   0.042749     0.1866     1.7428     1.8908          0     43.000  34.403333   995.7316      1.476      0.003  0.000e+00
      1.473    30.2097   0.042749     0.1866     1.7420     1.9022          0     43.250  34.403336   995.7321      1.465      0.001  0.000e+00
      1.484    30.2088   0.042743     0.1866     1.6807     1.8923          0     43.500  34.403339   995.7324      1.476      0.004  0.000e+00
      1.452    30.2070   0.042734     0.1866     1.6746     1.8908          0     43.750  34.403342   995.7328      1.444     -0.001  0.000e+00
      1.452    30.2051   0.042716     0.1865     1.6555     1.8877          0     44.000  34.403345   995.7333      1.444     -0.002  0.000e+00
      1.452    30.2025   0.042704     0.1865     1.6523     1.8923          0     44.250  34.403348   995.7341      1.444     -0.008  0.000e+00
      1.473    30.2005   0.042704     0.1865     1.6490     1.8801          0     44.500  34.403351   995.7348      1.465     -0.007  0.000e+00
      1.484    30.1990   0.042710     0.1865     1.6527     1.8847          0     44.750  34.403354   995.7353      1.476     -0.004  0.000e+00
      1.463    30.1976   0.042728     0.1866     1.6540     1.8831          0     45.000  34.403356   995.7357      1.454     -0.005  0.000e+00
      1.441    30.1959   0.042737     0.1866     1.6660     1.8847          0     45.250  34.403359   995.7362      1.433     -0.007  0.000e+00
      1.463    30.1964   0.042734     0.1866     1.6852     1.8816          0     45.500  34.403362   995.7361      1.455     -0.004  0.000e+00
      1.473    30.1965   0.042728     0.1866     1.6910     1.8564          0     45.750  34.403365   995.7361      1.465      0.006  0.000e+00
      1.463    30.1951   0.042716     0.1866     1.6939     1.8725          0     46.000  34.403368   995.7365      1.455      0.003  0.000e+00
      1.473    30.1925   0.042716     0.1866     1.6953     1.8564          0     46.250  34.403371   995.7373      1.465      0.002  0.000e+00
      1.463    30.1894   0.042716     0.1866     1.6807     1.8564          0     46.500  34.403374   995.7382      1.455     -0.003  0.000e+00
      1.463    30.1864   0.042710     0.1866     1.6773     1.8717          0     46.750  34.403377   995.7391      1.455     -0.001  0.000e+00
      1.452    30.1838   0.042704     0.1865     1.6739     1.8770          0     47.000  34.403380   995.7398      1.444      0.001  0.000e+00
      1.462    30.1812   0.042704     0.1865     1.6655     1.8702          0     47.250  34.403383   995.7407      1.454      0.002  0.000e+00
      1.462    30.1787   0.042704     0.1866     1.6657     1.8747          0     47.500  34.403385   995.7414      1.454     -0.004  0.000e+00
      1.484    30.1763   0.042704     0.1866     1.6672     1.9236          0     47.750  34.403388   995.7423      1.476      0.001  0.000e+00
      1.473    30.1743   0.042710     0.1866     1.6597     1.9167          0     48.000  34.403391   995.7428      1.465      0.005  0.000e+00
      1.462    30.1726   0.042710     0.1866     1.6620     1.9228          0     48.250  34.403394   995.7433      1.454      0.003  0.000e+00
      1.462    30.1714   0.042710     0.1866     1.6599     1.9152          0     48.500  34.403397   995.7437      1.454      0.004  0.000e+00
      1.462    30.1701   0.042695     0.1865     1.6550     1.9289          0     48.750  34.403400   995.7440      1.454      0.003  0.000e+00
      1.495    30.1685   0.042689     0.1865     1.6552     1.8847          0     49.000  34.403403   995.7447      1.486      0.010  0.000e+00
      1.473    30.1674   0.042692     0.1865     1.6562     1.8915          0     49.250  34.403406   995.7449      1.465      0.006  0.000e+00
      1.484    30.1663   0.042695     0.1866     1.6517     1.8831          0     49.500  34.403409   995.7453      1.476      0.006  0.000e+00
      1.462    30.1642   0.042695     0.1866     1.6557     1.8877          0     49.750  34.403411   995.7459      1.454     -0.000  0.000e+00
      1.462    30.1620   0.042710     0.1866     1.6519     1.8831          0     50.000  34.403414   995.7466      1.454      0.001  0.000e+00
      1.473    30.1606   0.042722     0.1867     1.6511     1.8862          0     50.250  34.403417   995.7471      1.465      0.002  0.000e+00
      1.484    30.1607   0.042722     0.1867     1.6460     1.8816          0     50.500  34.403420   995.7471      1.476      0.003  0.000e+00
      1.473    30.1612   0.042710     0.1866     1.6456     1.8892          0     50.750  34.403423   995.7469      1.465     -0.001  0.000e+00
      1.484    30.1605   0.042704     0.1866     1.6492     1.8755          0     51.000  34.403426   995.7471      1.476     -0.002  0.000e+00
      1.452    30.1583   0.042698     0.1866     1.6500     1.8747          0     51.250  34.403429   995.7476      1.444     -0.003  0.000e+00
      1.441    30.1561   0.042695     0.1866     1.6448     1.8793          0     51.500  34.403432   995.7482      1.433     -0.011  0.000e+00
      1.419    30.1538   0.042698     0.1866     1.6396     1.8793          0     51.750  34.403435   995.7489      1.411     -0.019  0.000e+00
      1.430    30.1523   0.042716     0.1867     1.6329     1.8915          0     52.000  34.403438   995.7494      1.422     -0.027  0.000e+00
      1.430    30.1522   0.042734     0.1868     1.6361     1.8824          0     52.250  34.403440   995.7495      1.422     -0.032  0.000e+00
      1.473    30.1553   0.042756     0.1869     1.6205     1.8808          0     52.500  34.403443   995.7488      1.465     -0.021  0.000e+00
      1.484    30.1650   0.042783     0.1869     1.6169     1.8877          0     52.750  34.403446   995.7460      1.476     -0.003  0.000e+00
      1.462    30.1848   0.042813     0.1870     1.6061     1.8862          0     53.000  34.403449   995.7399      1.454      0.006  0.000e+00
      1.441    30.2075   0.042795     0.1869     1.6060     1.8976          0     53.250  34.403452   995.7328      1.433      0.013  0.000e+00
      1.441    30.2203   0.042768     0.1867     1.6222     1.8946          0     53.500  34.403455   995.7288      1.433      0.012  0.000e+00
      1.462    30.2203   0.042734     0.1865     1.6308     1.8999          0     53.750  34.403458   995.7288      1.454      0.014  0.000e+00
      1.495    30.2204   0.042722     0.1865     1.6424     1.8953          0     54.000  34.403461   995.7289      1.487      0.017  0.000e+00
      1.484    30.2229   0.042722     0.1865     1.6615     1.9007          0     54.250  34.403464   995.7280      1.476      0.014  0.000e+00
      1.495    30.2149   0.042734     0.1866     1.6771     1.9007          0     54.500  34.403466   995.7306      1.487      0.011  0.000e+00
      1.473    30.1871   0.042749     0.1867     1.6774     1.8961          0     54.750  34.403469   995.7391      1.465      0.013  0.000e+00
      1.462    30.1653   0.042737     0.1867     1.6800     1.9068          0     55.000  34.403472   995.7456      1.454      0.015  0.000e+00
      1.441    30.1491   0.042728     0.1868     1.6776     1.8732          0     55.250  34.403475   995.7505      1.433      0.006  0.000e+00
