content/post/ctd_rufiji/SBE19plus_01906740_2018_02_13_0929.cnv
* Sea-Bird SBE19plus  Data File:
* FileName = C:\Users\all user\Desktop\CTD tafiri 2018\SBE19plus_01906740_2018_02_13_0929.hex
* Software version 2.6.3.104
* Temperature SN = 6740
* Conductivity SN = 6740
* System UpLoad Time = Feb 13 2018 14:05:13
* <ApplicationData>
* <Seaterm232>
# nquan = 13
# nvalues = 224                                   
# units = specified
# name 0 = prdM: Pressure, Strain Gauge [db]
# name 1 = tv290C: Temperature [ITS-90, deg C]
# name 2 = c0S/m: Conductivity [S/m]
# name 3 = sal00: Salinity, Practical [PSU]
# name 4 = sbeox0ML/L: Oxygen, SBE 43 [ml/l]
# name 5 = flECO-AFL: Fluorescence, WET Labs ECO-AFL/FL [mg/m^3]
# name 6 = nbf: Bottles Fired
# name 7 = timeS: Time, Elapsed [seconds]
# name 8 = timeJ: Julian Days
# name 9 = density00: Density [density, kg/m^3]
# name 10 = depSM: Depth [salt water, m], lat = 0.00
# name 11 = dz/dtM: Descent Rate [m/s]
# name 12 = flag:  0.000e+00
# span 0 =      0.170,      1.208                 
# span 1 =    29.1664,    29.6978                 
# span 2 =   0.006086,   0.392730                 
# span 3 =     0.0333,     1.8849                 
# span 4 =     1.8521,     3.9521                 
# span 5 =    -0.0311,     2.3279                 
# span 6 =          0,          0                 
# span 7 =      0.000,     55.750                 
# span 8 =  34.425023,  34.425668                 
# span 9 =   995.7968,   997.1959                 
# span 10 =      0.169,      1.201                
# span 11 =     -0.303,      0.192                
# span 12 = 0.0000e+00, 0.0000e+00                
# interval = seconds: 0.25
# start_time = Feb 03 2018 10:12:02 [Instrument's time stamp, header]
# bad_flag = -9.990e-29
*END*
      0.267    29.5658   0.009351     0.0462     3.5494    -0.0288          0      0.000  34.425023   995.8152      0.266 1.0527e-16  0.000e+00
      0.332    29.5814   0.007773     0.0399     3.5130    -0.0273          0      0.250  34.425026   995.8061      0.330      0.017  0.000e+00
      0.343    29.6018   0.007500     0.0388     3.5271    -0.0296          0      0.500  34.425029   995.7993      0.341      0.033  0.000e+00
      0.343    29.6005   0.007238     0.0378     3.5954    -0.0303          0      0.750  34.425032   995.7988      0.341      0.044  0.000e+00
      0.418    29.5929   0.006784     0.0360     3.5776     0.9157          0      1.000  34.425035   995.8001      0.416      0.070  0.000e+00
      0.450    29.5978   0.006086     0.0333     3.6979     0.9142          0      1.250  34.425038   995.7968      0.448      0.094  0.000e+00
      0.515    29.6193   0.090074     0.4029     3.6883     0.9165          0      1.500  34.425041   996.0681      0.513      0.124  0.000e+00
      0.559    29.6441   0.110798     0.4989     3.7774     0.9119          0      1.750  34.425043   996.1327      0.556      0.148  0.000e+00
      0.613    29.6661   0.215792     1.0000     3.8136     2.2524          0      2.000  34.425046   996.5014      0.609      0.168  0.000e+00
      0.645    29.6821   0.228401     1.0611     3.8621     2.2539          0      2.250  34.425049   996.5425      0.641      0.173  0.000e+00
      0.667    29.6909   0.241702     1.1260     3.8709     2.2471          0      2.500  34.425052   996.5884      0.663      0.180  0.000e+00
      0.753    29.6909   0.247177     1.1528     3.8845     2.2539          0      2.750  34.425055   996.6089      0.749      0.192  0.000e+00
      0.775    29.6923   0.252102     1.1770     3.8852     2.2104          0      3.000  34.425058   996.6266      0.770      0.182  0.000e+00
      0.807    29.6948   0.257010     1.2011     3.8488     2.2097          0      3.250  34.425061   996.6440      0.803      0.176  0.000e+00
      0.839    29.6962   0.256742     1.1997     3.8540     2.2097          0      3.500  34.425064   996.6427      0.835      0.165  0.000e+00
      0.904    29.6971   0.258165     1.2067     3.8310     2.2135          0      3.750  34.425067   996.6479      0.899      0.166  0.000e+00
      0.969    29.6978   0.260562     1.2185     3.8604     2.2158          0      4.000  34.425069   996.6569      0.964      0.174  0.000e+00
      0.980    29.6976   0.265895     1.2448     3.8519     2.1998          0      4.250  34.425072   996.6766      0.975      0.174  0.000e+00
      1.023    29.6943   0.269895     1.2646     3.8821     2.2005          0      4.500  34.425075   996.6926      1.018      0.173  0.000e+00
      1.034    29.6873   0.272124     1.2758     3.9056     2.2059          0      4.750  34.425078   996.7031      1.029      0.156  0.000e+00
      1.067    29.6790   0.276717     1.2987     3.9353     2.1998          0      5.000  34.425081   996.7229      1.061      0.153  0.000e+00
      1.121    29.6715   0.287627     1.3530     3.9496     2.2242          0      5.250  34.425084   996.7659      1.115      0.150  0.000e+00
      1.175    29.6639   0.295623     1.3929     3.9220     2.2257          0      5.500  34.425087   996.7983      1.168      0.149  0.000e+00
      1.186    29.6543   0.303505     1.4324     3.9201     2.2295          0      5.750  34.425090   996.8307      1.179      0.138  0.000e+00
      1.164    29.6444   0.310684     1.4685     3.9156     2.2196          0      6.000  34.425093   996.8606      1.158      0.119  0.000e+00
      1.186    29.6370   0.316167     1.4961     3.9089     2.2295          0      6.250  34.425095   996.8835      1.179      0.110  0.000e+00
      1.197    29.6311   0.319932     1.5151     3.9056     2.2219          0      6.500  34.425098   996.8995      1.190      0.094  0.000e+00
      1.175    29.6272   0.320325     1.5172     3.8978     2.2310          0      6.750  34.425101   996.9022      1.169      0.071  0.000e+00
      1.186    29.6249   0.319282     1.5121     3.8967     2.2257          0      7.000  34.425104   996.8990      1.179      0.045  0.000e+00
      1.175    29.6235   0.320434     1.5179     3.9161     2.2181          0      7.250  34.425107   996.9038      1.169      0.017  0.000e+00
      1.186    29.6226   0.322054     1.5260     3.9246     2.2150          0      7.500  34.425110   996.9102      1.179      0.003  0.000e+00
      1.164    29.6223   0.323730     1.5344     3.9490     2.2120          0      7.750  34.425113   996.9164      1.158     -0.004  0.000e+00
      1.175    29.6215   0.324989     1.5408     3.9382     2.2135          0      8.000  34.425116   996.9214      1.169     -0.003  0.000e+00
      1.175    29.6207   0.325658     1.5441     3.9521     2.2097          0      8.250  34.425119   996.9242      1.169     -0.009  0.000e+00
      1.197    29.6191   0.327475     1.5533     3.9159     2.2516          0      8.500  34.425122   996.9316      1.190     -0.002  0.000e+00
      1.197    29.6152   0.329834     1.5653     3.9133     2.2471          0      8.750  34.425124   996.9417      1.190      0.007  0.000e+00
      1.197    29.6096   0.333672     1.5847     3.8974     2.2501          0      9.000  34.425127   996.9579      1.190      0.009  0.000e+00
      1.175    29.6049   0.337312     1.6031     3.8859     2.2509          0      9.250  34.425130   996.9730      1.169      0.008  0.000e+00
      1.186    29.6012   0.340297     1.6183     3.8870     2.2234          0      9.500  34.425133   996.9855      1.179      0.006  0.000e+00
      1.197    29.5977   0.341974     1.6268     3.8954     2.2242          0      9.750  34.425136   996.9930      1.190      0.011  0.000e+00
      1.208    29.5954   0.341117     1.6226     3.8947     2.2173          0     10.000  34.425139   996.9905      1.201      0.010  0.000e+00
      1.208    29.5932   0.336889     1.6014     3.9149     2.2257          0     10.250  34.425142   996.9754      1.201      0.010  0.000e+00
      1.186    29.5906   0.337288     1.6035     3.9084     2.1860          0     10.500  34.425145   996.9776      1.180      0.002  0.000e+00
      1.164    29.5889   0.336006     1.5971     3.8996     2.1883          0     10.750  34.425148   996.9733      1.158     -0.005  0.000e+00
      1.164    29.5884   0.332917     1.5816     3.8908     2.1937          0     11.000  34.425150   996.9618      1.158     -0.010  0.000e+00
      1.175    29.5877   0.330980     1.5719     3.8990     2.1868          0     11.250  34.425153   996.9548      1.169     -0.010  0.000e+00
      1.186    29.5873   0.335427     1.5942     3.8913     2.2333          0     11.500  34.425156   996.9717      1.180     -0.013  0.000e+00
      1.197    29.5870   0.341332     1.6239     3.8966     2.2371          0     11.750  34.425159   996.9940      1.190     -0.010  0.000e+00
      1.197    29.5873   0.344168     1.6382     3.8982     2.2341          0     12.000  34.425162   997.0046      1.190     -0.004  0.000e+00
      1.186    29.5872   0.346921     1.6521     3.8941     2.2410          0     12.250  34.425165   997.0149      1.180      0.002  0.000e+00
      1.186    29.5865   0.348266     1.6589     3.8991     2.2326          0     12.500  34.425168   997.0202      1.180      0.010  0.000e+00
      1.164    29.5852   0.349061     1.6629     3.8932     2.2249          0     12.750  34.425171   997.0235      1.158      0.007  0.000e+00
      1.186    29.5841   0.349674     1.6660     3.8964     2.2242          0     13.000  34.425174   997.0263      1.180      0.003  0.000e+00
      1.208    29.5841   0.350393     1.6697     3.8348     2.2219          0     13.250  34.425177   997.0291      1.201      0.004  0.000e+00
      1.197    29.5849   0.350822     1.6718     3.7913     2.2280          0     13.500  34.425179   997.0304      1.190      0.002  0.000e+00
      1.175    29.5851   0.352008     1.6778     3.6530     2.2524          0     13.750  34.425182   997.0347      1.169     -0.003  0.000e+00
      1.154    29.5838   0.353750     1.6866     3.5450     2.2440          0     14.000  34.425185   997.0416      1.147     -0.009  0.000e+00
      1.153    29.5815   0.356956     1.7029     3.4177     2.2471          0     14.250  34.425188   997.0544      1.147     -0.013  0.000e+00
      1.164    29.5797   0.358880     1.7126     3.3013     2.2524          0     14.500  34.425191   997.0623      1.158     -0.015  0.000e+00
      1.175    29.5782   0.360042     1.7186     3.1646     2.1975          0     14.750  34.425194   997.0672      1.169     -0.012  0.000e+00
      1.186    29.5773   0.361273     1.7248     3.0928     2.2028          0     15.000  34.425197   997.0722      1.179     -0.012  0.000e+00
      1.186    29.5774   0.356904     1.7027     3.0319     2.2028          0     15.250  34.425200   997.0557      1.179     -0.007  0.000e+00
      1.153    29.5778   0.351209     1.6740     2.9868     2.2013          0     15.500  34.425203   997.0340      1.147     -0.004  0.000e+00
      1.121    29.5785   0.350325     1.6695     2.9556     2.2333          0     15.750  34.425205   997.0303      1.115     -0.009  0.000e+00
      1.132    29.5780   0.350613     1.6710     2.9613     2.2371          0     16.000  34.425208   997.0316      1.126     -0.013  0.000e+00
      1.132    29.5748   0.354789     1.6922     2.9327     2.2394          0     16.250  34.425211   997.0484      1.126     -0.022  0.000e+00
      1.154    29.5725   0.359932     1.7182     2.8650     2.2371          0     16.500  34.425214   997.0686      1.147     -0.023  0.000e+00
      1.164    29.5708   0.361775     1.7276     2.7992     2.2356          0     16.750  34.425217   997.0762      1.158     -0.018  0.000e+00
      1.164    29.5705   0.363083     1.7342     2.8021     2.2059          0     17.000  34.425220   997.0812      1.158     -0.009  0.000e+00
      1.164    29.5709   0.364722     1.7425     2.8785     2.2127          0     17.250  34.425223   997.0872      1.158      0.004  0.000e+00
      1.164    29.5717   0.366403     1.7510     2.8182     2.2135          0     17.500  34.425226   997.0933      1.158      0.018  0.000e+00
      1.143    29.5739   0.366902     1.7534     2.8361     2.2066          0     17.750  34.425229   997.0944      1.136      0.017  0.000e+00
      1.164    29.5761   0.366241     1.7500     2.8185     2.2104          0     18.000  34.425231   997.0913      1.158      0.012  0.000e+00
      1.154    29.5781   0.365562     1.7465     2.7889     2.2097          0     18.250  34.425234   997.0880      1.147      0.005  0.000e+00
      1.154    29.5797   0.365149     1.7443     2.6499     2.2097          0     18.500  34.425237   997.0859      1.147     -0.004  0.000e+00
      1.153    29.5805   0.364525     1.7412     2.6404     2.2181          0     18.750  34.425240   997.0833      1.147     -0.007  0.000e+00
      1.110    29.5794   0.364666     1.7419     2.6012     2.2509          0     19.000  34.425243   997.0840      1.104     -0.017  0.000e+00
      1.089    29.5780   0.365683     1.7471     2.5742     2.2555          0     19.250  34.425246   997.0882      1.083     -0.030  0.000e+00
      1.121    29.5765   0.367499     1.7563     2.5641     2.2471          0     19.500  34.425249   997.0957      1.115     -0.030  0.000e+00
      1.132    29.5737   0.368009     1.7590     2.5804     2.2463          0     19.750  34.425252   997.0986      1.126     -0.023  0.000e+00
      1.132    29.5714   0.363806     1.7378     2.6269     2.2455          0     20.000  34.425255   997.0835      1.126     -0.022  0.000e+00
      1.121    29.5693   0.364291     1.7404     2.6756     2.2493          0     20.250  34.425258   997.0859      1.115     -0.015  0.000e+00
      1.153    29.5677   0.364901     1.7435     2.6723     2.2524          0     20.500  34.425260   997.0889      1.147     -0.001  0.000e+00
      1.153    29.5668   0.365125     1.7447     2.7041     2.2486          0     20.750  34.425263   997.0901      1.147      0.014  0.000e+00
      1.154    29.5660   0.366323     1.7508     2.6863     2.2509          0     21.000  34.425266   997.0949      1.147      0.028  0.000e+00
      1.132    29.5651   0.367882     1.7587     2.6482     2.2478          0     21.250  34.425269   997.1009      1.126      0.022  0.000e+00
      1.154    29.5641   0.367095     1.7547     2.6904     2.2486          0     21.500  34.425272   997.0984      1.147      0.014  0.000e+00
      1.132    29.5626   0.365924     1.7489     2.6529     2.2471          0     21.750  34.425275   997.0943      1.126      0.006  0.000e+00
      1.143    29.5615   0.365486     1.7467     2.6494     2.2516          0     22.000  34.425278   997.0931      1.136      0.004  0.000e+00
      1.132    29.5604   0.365441     1.7465     2.6229     2.2295          0     22.250  34.425281   997.0932      1.126     -0.002  0.000e+00
      1.110    29.5593   0.363895     1.7387     2.6194     2.2394          0     22.500  34.425284   997.0877      1.104     -0.017  0.000e+00
      1.132    29.5581   0.362226     1.7303     2.5885     2.2379          0     22.750  34.425286   997.0818      1.126     -0.015  0.000e+00
      1.132    29.5568   0.361661     1.7275     2.5835     2.2356          0     23.000  34.425289   997.0802      1.126     -0.012  0.000e+00
      1.110    29.5501   0.363936     1.7392     2.5545     2.2242          0     23.250  34.425292   997.0908      1.104     -0.012  0.000e+00
      1.154    29.5413   0.365066     1.7453     2.5084     2.2211          0     23.500  34.425295   997.0981      1.147     -0.006  0.000e+00
      1.143    29.5365   0.366134     1.7508     2.5336     2.2249          0     23.750  34.425298   997.1037      1.136      0.004  0.000e+00
      1.132    29.5348   0.366268     1.7516     2.6084     2.2226          0     24.000  34.425301   997.1047      1.126      0.004  0.000e+00
      1.121    29.5351   0.366782     1.7542     2.4871     2.2196          0     24.250  34.425304   997.1065      1.115      0.004  0.000e+00
      1.110    29.5353   0.366417     1.7523     2.5527     2.2341          0     24.500  34.425307   997.1050      1.104      0.000  0.000e+00
      1.121    29.5357   0.365683     1.7486     2.4388     2.2341          0     24.750  34.425310   997.1022      1.115     -0.007  0.000e+00
      1.132    29.5345   0.367544     1.7581     2.3924     2.2341          0     25.000  34.425312   997.1096      1.126     -0.005  0.000e+00
      1.132    29.5352   0.368520     1.7630     2.4548     2.2394          0     25.250  34.425315   997.1131      1.126     -0.003  0.000e+00
      1.132    29.5374   0.370351     1.7722     2.3943     2.2242          0     25.500  34.425318   997.1193      1.126     -0.008  0.000e+00
      1.132    29.5408   0.371259     1.7767     2.3864     2.2280          0     25.750  34.425321   997.1216      1.126      0.000  0.000e+00
      1.100    29.5443   0.370182     1.7711     2.3328     2.2204          0     26.000  34.425324   997.1163      1.094     -0.003  0.000e+00
      1.100    29.5463   0.367588     1.7579     2.3658     2.2242          0     26.250  34.425327   997.1058      1.094     -0.006  0.000e+00
      1.132    29.5497   0.366485     1.7522     2.3295     2.2600          0     26.500  34.425330   997.1007      1.126     -0.003  0.000e+00
      1.121    29.5504   0.368378     1.7617     2.2733     2.2570          0     26.750  34.425333   997.1075      1.115     -0.006  0.000e+00
      1.121    29.5427   0.370407     1.7723     2.3511     2.2585          0     27.000  34.425336   997.1178      1.115     -0.007  0.000e+00
      1.132    29.5373   0.371414     1.7776     2.3791     2.2570          0     27.250  34.425339   997.1234      1.126     -0.001  0.000e+00
      1.121    29.5351   0.371490     1.7780     2.4285     2.2219          0     27.500  34.425341   997.1243      1.115      0.001  0.000e+00
