content/post/ctd_rufiji/SBE19plus_01906740_2018_02_13_0922.cnv
* Sea-Bird SBE19plus  Data File:
* FileName = C:\Users\all user\Desktop\CTD tafiri 2018\SBE19plus_01906740_2018_02_13_0922.hex
* Software version 2.6.3.104
* Temperature SN = 6740
* Conductivity SN = 6740
* System UpLoad Time = Feb 13 2018 14:04:09
* <ApplicationData>
* <Seaterm232>
# nquan = 13
# nvalues = 364                                   
# units = specified
# name 0 = prdM: Pressure, Strain Gauge [db]
# name 1 = tv290C: Temperature [ITS-90, deg C]
# name 2 = c0S/m: Conductivity [S/m]
# name 3 = sal00: Salinity, Practical [PSU]
# name 4 = sbeox0ML/L: Oxygen, SBE 43 [ml/l]
# name 5 = flECO-AFL: Fluorescence, WET Labs ECO-AFL/FL [mg/m^3]
# name 6 = nbf: Bottles Fired
# name 7 = timeS: Time, Elapsed [seconds]
# name 8 = timeJ: Julian Days
# name 9 = density00: Density [density, kg/m^3]
# name 10 = depSM: Depth [salt water, m], lat = 0.00
# name 11 = dz/dtM: Descent Rate [m/s]
# name 12 = flag:  0.000e+00
# span 0 =      0.176,      3.711                 
# span 1 =    29.4810,    30.4276                 
# span 2 =   0.005163,   0.044517                 
# span 3 =     0.0297,     0.1936                 
# span 4 =     0.7553,     8.8713                 
# span 5 =    -0.0326,     2.1036                 
# span 6 =          0,          0                 
# span 7 =      0.000,     90.750                 
# span 8 =  34.402836,  34.403886                 
# span 9 =   995.5581,   995.8395                 
# span 10 =      0.175,      3.691                
# span 11 =     -0.531,      0.435                
# span 12 = 0.0000e+00, 0.0000e+00                
# interval = seconds: 0.25
# start_time = Feb 03 2018 09:40:05 [Instrument's time stamp, header]
# bad_flag = -9.990e-29
*END*
[from data line 223]
      1.484    30.1298   0.042704     0.1867     1.6678     1.8656          0     55.750  34.403481   995.7565      1.476     -0.004  0.000e+00
      1.484    30.1239   0.042704     0.1867     1.6545     1.8732          0     56.000  34.403484   995.7583      1.476     -0.006  0.000e+00
      1.484    30.1180   0.042716     0.1868     1.6386     1.8931          0     56.250  34.403487   995.7602      1.476      0.001  0.000e+00
      1.473    30.1176   0.042722     0.1868     1.6367     1.8900          0     56.500  34.403490   995.7603      1.465      0.002  0.000e+00
      1.484    30.1193   0.042722     0.1868     1.6285     1.8961          0     56.750  34.403492   995.7598      1.476      0.011  0.000e+00
      1.484    30.1192   0.042710     0.1868     1.6262     1.8961          0     57.000  34.403495   995.7598      1.476      0.013  0.000e+00
      1.506    30.1150   0.042698     0.1867     1.6402     1.8961          0     57.250  34.403498   995.7611      1.498      0.017  0.000e+00
      1.495    30.1091   0.042698     0.1868     1.6549     1.9037          0     57.500  34.403501   995.7629      1.487      0.007  0.000e+00
      1.495    30.1041   0.042698     0.1868     1.6558     1.9014          0     57.750  34.403504   995.7644      1.487      0.009  0.000e+00
      1.484    30.1010   0.042710     0.1868     1.6625     1.8900          0     58.000  34.403507   995.7653      1.476      0.007  0.000e+00
      1.473    30.0999   0.042704     0.1868     1.6619     1.8992          0     58.250  34.403510   995.7656      1.465      0.002  0.000e+00
      1.484    30.0986   0.042698     0.1868     1.6702     1.8747          0     58.500  34.403513   995.7660      1.476      0.000  0.000e+00
      1.398    30.0964   0.042698     0.1868     1.6721     1.8717          0     58.750  34.403516   995.7663      1.390     -0.028  0.000e+00
      1.290    30.0915   0.042704     0.1869     1.6594     1.8808          0     59.000  34.403519   995.7673      1.283     -0.076  0.000e+00
      1.138    30.0868   0.042698     0.1868     1.6439     1.8679          0     59.250  34.403521   995.7681      1.132     -0.152  0.000e+00
      1.019    30.0799   0.042710     0.1869     1.5392     1.8877          0     59.500  34.403524   995.7697      1.014     -0.229  0.000e+00
      0.933    30.0726   0.042716     0.1870     1.4797     1.8801          0     59.750  34.403527   995.7716      0.928     -0.301  0.000e+00
      0.836    30.0708   0.042689     0.1869     1.4613     1.8801          0     60.000  34.403530   995.7716      0.831     -0.360  0.000e+00
      0.771    30.0702   0.042686     0.1869     1.5176     1.8885          0     60.250  34.403533   995.7715      0.766     -0.397  0.000e+00
      0.684    30.0663   0.042710     0.1870     2.4087     1.8808          0     60.500  34.403536   995.7724      0.680     -0.413  0.000e+00
      0.673    30.0637   0.042716     0.1870     1.5098     1.8831          0     60.750  34.403539   995.7731      0.670     -0.376  0.000e+00
      0.673    30.0630   0.042689     0.1869     1.4944     1.8801          0     61.000  34.403542   995.7732      0.670     -0.313  0.000e+00
      0.695    30.0589   0.042695     0.1869     1.4796     1.8953          0     61.250  34.403545   995.7746      0.691     -0.232  0.000e+00
      0.738    30.0521   0.042695     0.1870     1.7077     1.8908          0     61.500  34.403547   995.7769      0.734     -0.151  0.000e+00
      0.814    30.0463   0.042677     0.1869     1.7187     1.8854          0     61.750  34.403550   995.7789      0.809     -0.062  0.000e+00
      0.857    30.0407   0.042677     0.1869     1.3942     1.8877          0     62.000  34.403553   995.7809      0.852      0.023  0.000e+00
      0.879    30.0306   0.042692     0.1870     1.3853     1.8793          0     62.250  34.403556   995.7841      0.874      0.086  0.000e+00
      0.933    30.0216   0.042698     0.1871     1.3258     1.8869          0     62.500  34.403559   995.7871      0.928      0.140  0.000e+00
      0.954    30.0142   0.042710     0.1871     1.5873     1.9289          0     62.750  34.403562   995.7895      0.949      0.159  0.000e+00
      1.008    30.0100   0.042716     0.1872     1.5974     1.9327          0     63.000  34.403565   995.7910      1.003      0.172  0.000e+00
      1.073    30.0123   0.042722     0.1872     1.6248     1.9327          0     63.250  34.403568   995.7906      1.067      0.179  0.000e+00
      1.149    30.0153   0.042734     0.1873     1.6355     1.9251          0     63.500  34.403571   995.7901      1.143      0.187  0.000e+00
      1.203    30.0180   0.042722     0.1872     1.7092     2.0113          0     63.750  34.403573   995.7894      1.196      0.193  0.000e+00
      1.235    30.0213   0.042728     0.1872     1.7984     2.0022          0     64.000  34.403576   995.7886      1.229      0.202  0.000e+00
      1.289    30.0276   0.042722     0.1872     1.7787     2.0037          0     64.250  34.403579   995.7869      1.282      0.213  0.000e+00
      1.333    30.0343   0.042722     0.1871     1.8059     1.9991          0     64.500  34.403582   995.7851      1.325      0.213  0.000e+00
      1.387    30.0415   0.042722     0.1871     1.7517     1.9442          0     64.750  34.403585   995.7831      1.379      0.215  0.000e+00
      1.495    30.0468   0.042716     0.1871     1.7245     1.9556          0     65.000  34.403588   995.7819      1.486      0.223  0.000e+00
      1.581    30.0474   0.042704     0.1870     1.7640     1.9480          0     65.250  34.403591   995.7821      1.573      0.236  0.000e+00
      1.581    30.0475   0.042704     0.1870     1.7677     1.9388          0     65.500  34.403594   995.7821      1.573      0.232  0.000e+00
      1.624    30.0495   0.042695     0.1870     1.7336     1.9449          0     65.750  34.403597   995.7816      1.616      0.231  0.000e+00
      1.711    30.0446   0.042692     0.1870     1.8321     1.9877          0     66.000  34.403600   995.7835      1.702      0.240  0.000e+00
      1.808    30.0281   0.042695     0.1870     1.7708     1.9877          0     66.250  34.403602   995.7890      1.798      0.252  0.000e+00
      1.949    30.0139   0.042695     0.1871     1.7314     1.9777          0     66.500  34.403605   995.7939      1.938      0.280  0.000e+00
      2.078    30.0047   0.042704     0.1872     2.6502     1.9854          0     66.750  34.403608   995.7973      2.067      0.314  0.000e+00
      2.187    29.9972   0.042722     0.1873     1.8362     2.0487          0     67.000  34.403611   995.8002      2.175      0.345  0.000e+00
      2.273    29.9944   0.042743     0.1874     2.2108     2.0578          0     67.250  34.403614   995.8015      2.261      0.382  0.000e+00
      2.338    29.9967   0.042762     0.1874     2.0683     2.0624          0     67.500  34.403617   995.8011      2.325      0.413  0.000e+00
      2.414    30.0058   0.042780     0.1875     1.6545     2.0472          0     67.750  34.403620   995.7988      2.400      0.414  0.000e+00
      2.511    30.0491   0.042807     0.1874     1.6059     2.0296          0     68.000  34.403623   995.7861      2.497      0.399  0.000e+00
      2.597    30.1186   0.042873     0.1875     1.6703     2.0365          0     68.250  34.403626   995.7654      2.583      0.378  0.000e+00
      2.662    30.1837   0.043166     0.1886     1.5646     2.0319          0     68.500  34.403628   995.7468      2.648      0.347  0.000e+00
      2.770    30.2468   0.043574     0.1901     2.2924     2.0334          0     68.750  34.403631   995.7292      2.755      0.334  0.000e+00
      2.879    30.3021   0.043719     0.1906     2.1277     2.0350          0     69.000  34.403634   995.7132      2.863      0.340  0.000e+00
      2.954    30.3436   0.043783     0.1907     2.1514     2.1036          0     69.250  34.403637   995.7010      2.938      0.348  0.000e+00
      3.008    30.3724   0.043795     0.1906     1.6874     2.1006          0     69.500  34.403640   995.6924      2.992      0.348  0.000e+00
      3.127    30.3916   0.043804     0.1906     1.7101     2.1021          0     69.750  34.403643   995.6870      3.110      0.352  0.000e+00
      3.279    30.4040   0.043783     0.1905     1.6716     2.0990          0     70.000  34.403646   995.6838      3.261      0.369  0.000e+00
      3.430    30.4123   0.043719     0.1902     1.6253     2.0662          0     70.250  34.403649   995.6817      3.411      0.402  0.000e+00
      3.549    30.4185   0.043743     0.1903     1.6448     2.0609          0     70.500  34.403652   995.6804      3.529      0.433  0.000e+00
      3.592    30.4228   0.044037     0.1915     1.6739     2.0708          0     70.750  34.403655   995.6802      3.572      0.435  0.000e+00
      3.603    30.4259   0.044297     0.1926     1.8860     2.0655          0     71.000  34.403657   995.6802      3.583      0.413  0.000e+00
      3.603    30.4272   0.044357     0.1929     2.0000     1.9381          0     71.250  34.403660   995.6800      3.583      0.372  0.000e+00
      3.603    30.4276   0.044360     0.1929     2.1322     1.9533          0     71.500  34.403663   995.6799      3.583      0.308  0.000e+00
      3.636    30.4272   0.044408     0.1931     2.1559     1.9495          0     71.750  34.403666   995.6803      3.616      0.227  0.000e+00
      3.635    30.4265   0.044421     0.1932     2.1957     1.9480          0     72.000  34.403669   995.6805      3.615      0.144  0.000e+00
      3.625    30.4261   0.044436     0.1932     2.1623     2.0449          0     72.250  34.403672   995.6807      3.605      0.075  0.000e+00
      3.657    30.4262   0.044436     0.1932     2.1375     2.0365          0     72.500  34.403675   995.6808      3.637      0.042  0.000e+00
      3.668    30.4258   0.044436     0.1932     2.1188     2.0372          0     72.750  34.403678   995.6810      3.648      0.036  0.000e+00
      3.690    30.4256   0.044381     0.1930     2.1083     2.0510          0     73.000  34.403681   995.6809      3.669      0.043  0.000e+00
      3.668    30.4255   0.044351     0.1929     2.0794     2.0464          0     73.250  34.403683   995.6808      3.648      0.040  0.000e+00
      3.690    30.4254   0.044384     0.1930     2.0830     2.0708          0     73.500  34.403686   995.6810      3.669      0.040  0.000e+00
      3.690    30.4251   0.044408     0.1931     2.0618     2.0723          0     73.750  34.403689   995.6812      3.669      0.033  0.000e+00
      3.700    30.4250   0.044421     0.1932     2.0490     2.0693          0     74.000  34.403692   995.6813      3.680      0.035  0.000e+00
      3.690    30.4242   0.044448     0.1933     2.0476     2.0723          0     74.250  34.403695   995.6816      3.669      0.029  0.000e+00
      3.711    30.4239   0.044487     0.1935     2.0294     2.0166          0     74.500  34.403698   995.6819      3.691      0.022  0.000e+00
      3.690    30.4234   0.044505     0.1936     2.0173     2.0266          0     74.750  34.403701   995.6820      3.669      0.014  0.000e+00
      3.701    30.4229   0.044517     0.1936     2.0106     2.0105          0     75.000  34.403704   995.6822      3.680      0.010  0.000e+00
      3.636    30.4228   0.044505     0.1936     2.0057     2.0220          0     75.250  34.403707   995.6819      3.616     -0.006  0.000e+00
      3.582    30.4231   0.044487     0.1935     1.9991     1.9831          0     75.500  34.403709   995.6816      3.562     -0.040  0.000e+00
      3.506    30.4244   0.044487     0.1935     1.9878     1.9930          0     75.750  34.403712   995.6808      3.487     -0.081  0.000e+00
      3.409    30.4251   0.044454     0.1933     1.9737     2.0006          0     76.000  34.403715   995.6801      3.390     -0.135  0.000e+00
      3.419    30.4255   0.044427     0.1932     1.9613     1.9892          0     76.250  34.403718   995.6799      3.401     -0.165  0.000e+00
      3.409    30.4251   0.044472     0.1934     1.9602     1.8961          0     76.500  34.403721   995.6801      3.390     -0.182  0.000e+00
      3.419    30.4238   0.044499     0.1935     1.9345     1.8915          0     76.750  34.403724   995.6807      3.401     -0.171  0.000e+00
      3.419    30.4212   0.044493     0.1935     1.9229     1.8938          0     77.000  34.403727   995.6814      3.401     -0.147  0.000e+00
      3.409    30.4201   0.044499     0.1935     1.9285     1.8953          0     77.250  34.403730   995.6818      3.390     -0.104  0.000e+00
      3.376    30.4200   0.044487     0.1935     1.9325     1.8999          0     77.500  34.403733   995.6816      3.357     -0.073  0.000e+00
      3.344    30.4201   0.044487     0.1935     1.9382     1.9045          0     77.750  34.403736   995.6814      3.325     -0.051  0.000e+00
      3.354    30.4201   0.044466     0.1934     1.9556     1.8961          0     78.000  34.403738   995.6814      3.336     -0.035  0.000e+00
      3.354    30.4201   0.044481     0.1935     1.9418     1.9022          0     78.250  34.403741   995.6815      3.336     -0.041  0.000e+00
      3.290    30.4203   0.044487     0.1935     1.9476     1.8992          0     78.500  34.403744   995.6811      3.272     -0.058  0.000e+00
      3.235    30.4209   0.044487     0.1935     1.9548     1.9007          0     78.750  34.403747   995.6807      3.218     -0.084  0.000e+00
      3.149    30.4211   0.044487     0.1935     1.9535     1.8946          0     79.000  34.403750   995.6802      3.132     -0.118  0.000e+00
      3.041    30.4224   0.044460     0.1934     1.9460     1.8961          0     79.250  34.403753   995.6793      3.024     -0.162  0.000e+00
      2.944    30.4230   0.044442     0.1933     1.9467     1.9045          0     79.500  34.403756   995.6786      2.927     -0.211  0.000e+00
      2.868    30.4220   0.044433     0.1932     1.9575     1.9083          0     79.750  34.403759   995.6786      2.852     -0.260  0.000e+00
      2.771    30.4221   0.044396     0.1931     1.9565     1.9106          0     80.000  34.403762   995.6780      2.755     -0.312  0.000e+00
      2.673    30.4232   0.044363     0.1929     1.9602     1.9152          0     80.250  34.403764   995.6771      2.659     -0.348  0.000e+00
      2.587    30.4238   0.044336     0.1928     1.9568     1.9083          0     80.500  34.403767   995.6764      2.573     -0.362  0.000e+00
      2.479    30.4240   0.044297     0.1926     1.9643     1.9030          0     80.750  34.403770   995.6758      2.465     -0.375  0.000e+00
      2.414    30.4244   0.044278     0.1926     1.9632     1.9053          0     81.000  34.403773   995.6753      2.401     -0.369  0.000e+00
      2.338    30.4241   0.044260     0.1925     1.9609     1.8969          0     81.250  34.403776   995.6750      2.325     -0.357  0.000e+00
      2.263    30.4235   0.044257     0.1925     1.9616     1.9014          0     81.500  34.403779   995.6748      2.250     -0.348  0.000e+00
      2.176    30.4239   0.044257     0.1925     1.9467     1.9022          0     81.750  34.403782   995.6743      2.164     -0.342  0.000e+00
      2.057    30.4239   0.044245     0.1924     1.9415     1.8908          0     82.000  34.403785   995.6737      2.046     -0.342  0.000e+00
      1.949    30.4243   0.044245     0.1924     1.9400     1.8892          0     82.250  34.403788   995.6731      1.938     -0.350  0.000e+00
      1.830    30.4243   0.044257     0.1925     1.9520     1.8778          0     82.500  34.403791   995.6726      1.820     -0.366  0.000e+00
      1.657    30.4240   0.044239     0.1924     1.9182     1.8786          0     82.750  34.403793   995.6719      1.648     -0.402  0.000e+00
      1.527    30.4237   0.044251     0.1924     1.9136     1.9014          0     83.000  34.403796   995.6715      1.519     -0.446  0.000e+00
