content/post/ctd_rufiji/SBE19plus_01906740_2018_02_13_0925.cnv
* Sea-Bird SBE19plus  Data File:
* FileName = C:\Users\all user\Desktop\CTD tafiri 2018\SBE19plus_01906740_2018_02_13_0925.hex
* Software version 2.6.3.104
* Temperature SN = 6740
* Conductivity SN = 6740
* System UpLoad Time = Feb 13 2018 14:04:36
* <ApplicationData>
* <Seaterm232>
# nquan = 13
# nvalues = 313                                   
# units = specified
# name 0 = prdM: Pressure, Strain Gauge [db]
# name 1 = tv290C: Temperature [ITS-90, deg C]
# name 2 = c0S/m: Conductivity [S/m]
# name 3 = sal00: Salinity, Practical [PSU]
# name 4 = sbeox0ML/L: Oxygen, SBE 43 [ml/l]
# name 5 = flECO-AFL: Fluorescence, WET Labs ECO-AFL/FL [mg/m^3]
# name 6 = nbf: Bottles Fired
# name 7 = timeS: Time, Elapsed [seconds]
# name 8 = timeJ: Julian Days
# name 9 = density00: Density [density, kg/m^3]
# name 10 = depSM: Depth [salt water, m], lat = 0.00
# name 11 = dz/dtM: Descent Rate [m/s]
# name 12 = flag:  0.000e+00
# span 0 =      0.190,      2.224                 
# span 1 =    28.2535,    30.5369                 
# span 2 =   0.004792,   0.100874                 
# span 3 =     0.0285,     0.4453                 
# span 4 =     0.5364,     6.3887                 
# span 5 =    -0.4317,     2.5416                 
# span 6 =          0,          0                 
# span 7 =      0.000,     78.000                 
# span 8 =  34.413449,  34.414352                 
# span 9 =   995.6612,   996.2187                 
# span 10 =      0.189,      2.212                
# span 11 =     -0.479,      0.303                
# span 12 = 0.0000e+00, 0.0000e+00                
# interval = seconds: 0.25
# start_time = Feb 03 2018 09:55:22 [Instrument's time stamp, header]
# bad_flag = -9.990e-29
*END*
      0.190    28.2535   0.015542     0.0729     3.8670    -0.2760          0      0.000  34.413449   996.2187      0.189 1.0527e-16  0.000e+00
      0.255    28.2785   0.008980     0.0453     3.8789    -0.2722          0      0.250  34.413452   996.1910      0.254      0.017  0.000e+00
      0.299    28.3039   0.006059     0.0335     4.1238    -0.2684          0      0.500  34.413455   996.1750      0.297      0.042  0.000e+00
      0.320    28.3241   0.005537     0.0315     3.9405    -0.2768          0      0.750  34.413458   996.1678      0.318      0.065  0.000e+00
      0.363    28.3364   0.005941     0.0330     3.8142    -0.2302          0      1.000  34.413461   996.1656      0.361      0.091  0.000e+00
      0.385    28.3461   0.005825     0.0326     3.7686    -0.2264          0      1.250  34.413464   996.1626      0.383      0.111  0.000e+00
      0.428    28.3549   0.005285     0.0305     3.7362    -0.2257          0      1.500  34.413466   996.1587      0.426      0.130  0.000e+00
      0.439    28.3980   0.004792     0.0285     6.3887    -0.2318          0      1.750  34.413469   996.1449      0.437      0.136  0.000e+00
      0.472    28.7382   0.020824     0.0950     4.2780     0.0215          0      2.000  34.413472   996.0966      0.469      0.133  0.000e+00
      0.504    29.2171   0.043596     0.1939     3.8604     0.0246          0      2.250  34.413475   996.0307      0.501      0.121  0.000e+00
      0.558    29.6155   0.024675     0.1100     3.6717     0.0147          0      2.500  34.413478   995.8496      0.555      0.124  0.000e+00
      0.558    29.8745   0.048112     0.2115     3.6180     0.0139          0      2.750  34.413481   995.8481      0.555      0.121  0.000e+00
      0.580    30.0308   0.067744     0.2984     3.5440     0.7685          0      3.000  34.413484   995.8662      0.577      0.114  0.000e+00
      0.623    30.1208   0.063720     0.2798     3.4187     0.7730          0      3.250  34.413487   995.8252      0.620      0.115  0.000e+00
      0.591    30.1871   0.046066     0.2012     3.2686     0.7669          0      3.500  34.413490   995.7460      0.587      0.098  0.000e+00
      0.602    30.2325   0.084906     0.3746     3.1294     0.7730          0      3.750  34.413492   995.8622      0.598      0.084  0.000e+00
      0.612    30.2681   0.087528     0.3863     3.6877     0.7746          0      4.000  34.413495   995.8601      0.609      0.066  0.000e+00
      0.645    30.3067   0.088518     0.3905     3.7353     2.5362          0      4.250  34.413498   995.8517      0.641      0.055  0.000e+00
      0.677    30.3295   0.088164     0.3887     3.7306     2.5385          0      4.500  34.413501   995.8435      0.674      0.052  0.000e+00
      0.699    30.3323   0.087726     0.3867     3.7223     2.5362          0      4.750  34.413504   995.8412      0.695      0.061  0.000e+00
      0.742    30.3411   0.086169     0.3796     3.7423     2.5416          0      5.000  34.413507   995.8334      0.738      0.073  0.000e+00
      0.764    30.3566   0.088512     0.3901     3.7483     2.2051          0      5.250  34.413510   995.8367      0.760      0.085  0.000e+00
      0.742    30.3706   0.090005     0.3968     3.7636     2.2059          0      5.500  34.413513   995.8373      0.738      0.094  0.000e+00
      0.786    30.3916   0.090080     0.3969     3.7689     2.1998          0      5.750  34.413516   995.8312      0.781      0.095  0.000e+00
      0.786    30.4175   0.089981     0.3963     3.7696     2.2074          0      6.000  34.413519   995.8228      0.781      0.087  0.000e+00
      0.818    30.4417   0.090055     0.3964     3.7687     2.1578          0      6.250  34.413521   995.8156      0.814      0.079  0.000e+00
      0.807    30.4602   0.090348     0.3976     3.7702     2.1677          0      6.500  34.413524   995.8108      0.803      0.066  0.000e+00
      0.807    30.4740   0.090367     0.3976     3.7773     2.1662          0      6.750  34.413527   995.8065      0.803      0.052  0.000e+00
      0.829    30.4857   0.090336     0.3974     3.7744     2.1708          0      7.000  34.413530   995.8029      0.824      0.043  0.000e+00
      0.829    30.4947   0.090240     0.3969     3.7851     2.1547          0      7.250  34.413533   995.7997      0.824      0.039  0.000e+00
      0.872    30.5001   0.090265     0.3970     3.7919     2.1570          0      7.500  34.413536   995.7983      0.867      0.048  0.000e+00
      0.894    30.5077   0.090456     0.3978     3.7907     2.1494          0      7.750  34.413539   995.7967      0.889      0.049  0.000e+00
      0.894    30.5122   0.090404     0.3975     3.7922     2.1494          0      8.000  34.413542   995.7951      0.889      0.054  0.000e+00
      0.916    30.5166   0.090336     0.3971     3.7968     2.1502          0      8.250  34.413545   995.7936      0.911      0.058  0.000e+00
      0.937    30.5221   0.090289     0.3969     3.7995     2.1654          0      8.500  34.413547   995.7918      0.932      0.069  0.000e+00
      0.937    30.5264   0.090314     0.3970     3.8064     2.1654          0      8.750  34.413550   995.7906      0.932      0.069  0.000e+00
      0.948    30.5292   0.090225     0.3965     3.8088     2.1639          0      9.000  34.413553   995.7895      0.943      0.063  0.000e+00
      0.937    30.5303   0.090113     0.3960     3.8119     2.1692          0      9.250  34.413556   995.7887      0.932      0.053  0.000e+00
      0.916    30.5319   0.089897     0.3950     3.8180     2.1380          0      9.500  34.413559   995.7873      0.911      0.029  0.000e+00
      0.905    30.5311   0.089459     0.3931     3.8226     2.1402          0      9.750  34.413562   995.7861      0.900      0.011  0.000e+00
      0.937    30.5266   0.089299     0.3924     3.8235     2.1456          0     10.000  34.413565   995.7871      0.932      0.007  0.000e+00
      0.927    30.5269   0.089459     0.3931     3.8276     2.1410          0     10.250  34.413568   995.7875      0.921     -0.003  0.000e+00
      0.948    30.5257   0.089783     0.3946     3.8261     2.1158          0     10.500  34.413571   995.7890      0.943     -0.003  0.000e+00
      0.926    30.5248   0.089820     0.3947     3.8267     2.1166          0     10.750  34.413573   995.7893      0.921     -0.003  0.000e+00
      0.937    30.5228   0.089808     0.3947     3.8153     2.1143          0     11.000  34.413576   995.7900      0.932      0.001  0.000e+00
      0.916    30.5183   0.089617     0.3939     3.8213     2.1151          0     11.250  34.413579   995.7906      0.911      0.002  0.000e+00
      0.959    30.5137   0.089357     0.3927     3.8261     2.1517          0     11.500  34.413582   995.7914      0.954      0.014  0.000e+00
      0.948    30.5092   0.089237     0.3922     3.8237     2.1639          0     11.750  34.413585   995.7923      0.943      0.014  0.000e+00
      0.959    30.5065   0.089148     0.3918     3.8245     2.1593          0     12.000  34.413588   995.7929      0.954      0.011  0.000e+00
      0.970    30.5039   0.089080     0.3916     3.8239     2.1555          0     12.250  34.413591   995.7936      0.964      0.018  0.000e+00
      0.970    30.5023   0.089098     0.3916     3.8263     2.1540          0     12.500  34.413594   995.7941      0.964      0.019  0.000e+00
      0.959    30.4993   0.089070     0.3915     3.8324     2.1540          0     12.750  34.413597   995.7949      0.953      0.022  0.000e+00
      0.970    30.4940   0.089027     0.3914     3.8317     2.1578          0     13.000  34.413600   995.7965      0.964      0.020  0.000e+00
      0.980    30.4873   0.088996     0.3913     3.8372     2.1547          0     13.250  34.413602   995.7985      0.975      0.021  0.000e+00
      0.980    30.4723   0.088969     0.3913     3.8353     2.1486          0     13.500  34.413605   995.8031      0.975      0.013  0.000e+00
      0.959    30.4386   0.089027     0.3918     3.8419     2.1479          0     13.750  34.413608   995.8137      0.953      0.009  0.000e+00
      0.980    30.4183   0.089283     0.3931     3.8498     2.1418          0     14.000  34.413611   995.8210      0.975      0.006  0.000e+00
      0.969    30.4178   0.089592     0.3945     3.8530     2.1364          0     14.250  34.413614   995.8222      0.964      0.003  0.000e+00
      0.991    30.4303   0.089771     0.3952     3.8493     2.1441          0     14.500  34.413617   995.8190      0.986      0.008  0.000e+00
      0.980    30.4453   0.089783     0.3952     3.8425     2.1593          0     14.750  34.413620   995.8143      0.975      0.009  0.000e+00
      0.980    30.4624   0.089731     0.3948     3.8437     2.1517          0     15.000  34.413623   995.8088      0.975      0.005  0.000e+00
      0.980    30.4796   0.089663     0.3944     3.8434     2.1540          0     15.250  34.413626   995.8032      0.975      0.004  0.000e+00
      0.991    30.4949   0.089617     0.3941     3.8577     2.1525          0     15.500  34.413628   995.7983      0.986      0.008  0.000e+00
      0.980    30.5054   0.089598     0.3939     3.8658     2.1525          0     15.750  34.413631   995.7949      0.975      0.009  0.000e+00
      0.980    30.5132   0.089542     0.3936     3.8774     2.1486          0     16.000  34.413634   995.7923      0.975      0.002  0.000e+00
      0.980    30.5207   0.089472     0.3932     3.8691     2.1540          0     16.250  34.413637   995.7897      0.975      0.002  0.000e+00
      0.970    30.5236   0.089450     0.3931     3.8315     2.1540          0     16.500  34.413640   995.7887      0.964     -0.006  0.000e+00
      0.980    30.5246   0.089428     0.3930     3.7564     2.1479          0     16.750  34.413643   995.7883      0.975     -0.003  0.000e+00
      0.970    30.5275   0.089441     0.3930     3.6427     2.1494          0     17.000  34.413646   995.7874      0.964     -0.006  0.000e+00
      1.002    30.5312   0.089422     0.3929     3.5085     2.1410          0     17.250  34.413649   995.7863      0.997      0.001  0.000e+00
      0.991    30.5349   0.089345     0.3925     3.3647     2.1433          0     17.500  34.413652   995.7849      0.986      0.003  0.000e+00
      0.980    30.5366   0.089243     0.3920     3.2311     2.1441          0     17.750  34.413655   995.7840      0.975      0.005  0.000e+00
      0.980    30.5369   0.089166     0.3917     3.0988     2.1540          0     18.000  34.413657   995.7836      0.975      0.004  0.000e+00
      1.002    30.5368   0.089098     0.3914     2.9997     2.1555          0     18.250  34.413660   995.7835      0.997      0.009  0.000e+00
      0.970    30.5326   0.089027     0.3911     2.9677     2.1494          0     18.500  34.413663   995.7844      0.964      0.004  0.000e+00
      0.970    30.5290   0.089009     0.3910     2.9539     2.1525          0     18.750  34.413666   995.7855      0.964     -0.004  0.000e+00
      0.970    30.5292   0.088990     0.3910     2.9614     2.1525          0     19.000  34.413669   995.7854      0.964     -0.008  0.000e+00
      0.991    30.5313   0.088944     0.3907     2.9170     2.1509          0     19.250  34.413672   995.7846      0.986     -0.009  0.000e+00
      0.991    30.5315   0.088888     0.3905     2.8872     2.1448          0     19.500  34.413675   995.7844      0.986     -0.002  0.000e+00
      0.991    30.5286   0.088854     0.3903     2.9050     2.1540          0     19.750  34.413678   995.7852      0.986      0.004  0.000e+00
      1.002    30.5242   0.088830     0.3903     2.8637     2.1464          0     20.000  34.413681   995.7865      0.997      0.008  0.000e+00
      1.013    30.5215   0.088830     0.3903     2.8123     2.1372          0     20.250  34.413683   995.7874      1.007      0.014  0.000e+00
      0.991    30.5226   0.088805     0.3902     2.7543     2.1425          0     20.500  34.413686   995.7869      0.986      0.019  0.000e+00
      1.002    30.5244   0.088780     0.3900     2.6924     2.1464          0     20.750  34.413689   995.7863      0.997      0.017  0.000e+00
      0.992    30.5240   0.088774     0.3900     2.6482     2.1402          0     21.000  34.413692   995.7863      0.986      0.010  0.000e+00
      1.002    30.5192   0.088750     0.3899     2.6108     2.1517          0     21.250  34.413695   995.7878      0.997      0.004  0.000e+00
      0.992    30.5117   0.088740     0.3900     2.5761     2.1540          0     21.500  34.413698   995.7901      0.986      0.000  0.000e+00
      0.992    30.5073   0.088774     0.3901     2.5395     2.1547          0     21.750  34.413701   995.7916      0.986     -0.003  0.000e+00
      0.981    30.5095   0.088830     0.3904     2.5391     2.1570          0     22.000  34.413704   995.7910      0.975     -0.010  0.000e+00
      0.959    30.5110   0.088842     0.3904     2.5116     2.1525          0     22.250  34.413707   995.7905      0.954     -0.018  0.000e+00
      0.992    30.5104   0.088854     0.3905     2.4919     2.1586          0     22.500  34.413709   995.7909      0.986     -0.011  0.000e+00
      1.002    30.5091   0.088854     0.3905     2.4726     2.1570          0     22.750  34.413712   995.7913      0.997     -0.006  0.000e+00
      0.992    30.5070   0.088870     0.3906     2.4567     2.1525          0     23.000  34.413715   995.7920      0.986     -0.002  0.000e+00
      1.013    30.5080   0.088907     0.3907     2.4467     2.1265          0     23.250  34.413718   995.7919      1.008      0.005  0.000e+00
      1.013    30.5108   0.088901     0.3907     2.4419     2.1387          0     23.500  34.413721   995.7910      1.008      0.014  0.000e+00
      1.013    30.5123   0.088888     0.3906     2.4276     2.1273          0     23.750  34.413724   995.7905      1.008      0.020  0.000e+00
      1.035    30.5108   0.088861     0.3905     2.4303     2.1258          0     24.000  34.413727   995.7910      1.029      0.029  0.000e+00
      0.991    30.5088   0.088811     0.3903     2.4162     2.1235          0     24.250  34.413730   995.7912      0.986      0.020  0.000e+00
      1.002    30.5057   0.088793     0.3902     2.4155     2.1677          0     24.500  34.413733   995.7922      0.997      0.006  0.000e+00
      1.002    30.5051   0.088768     0.3901     2.4021     2.1624          0     24.750  34.413736   995.7923      0.997      0.001  0.000e+00
      0.991    30.5074   0.088762     0.3901     2.3881     2.1685          0     25.000  34.413738   995.7915      0.986     -0.005  0.000e+00
      1.013    30.5104   0.088774     0.3901     2.3789     2.1624          0     25.250  34.413741   995.7907      1.007     -0.008  0.000e+00
      1.024    30.5123   0.088774     0.3901     2.3751     2.1570          0     25.500  34.413744   995.7902      1.018     -0.002  0.000e+00
      1.013    30.5128   0.088787     0.3902     2.3554     2.1593          0     25.750  34.413747   995.7900      1.007     -0.000  0.000e+00
      1.002    30.5129   0.088787     0.3902     2.3374     2.1517          0     26.000  34.413750   995.7899      0.997     -0.001  0.000e+00
      1.013    30.5133   0.088793     0.3902     2.3218     2.1502          0     26.250  34.413753   995.7898      1.007      0.009  0.000e+00
      1.013    30.5138   0.088811     0.3903     2.3071     2.1616          0     26.500  34.413756   995.7897      1.007      0.006  0.000e+00
      1.024    30.5143   0.088836     0.3904     2.2896     2.1608          0     26.750  34.413759   995.7897      1.018      0.009  0.000e+00
      1.034    30.5150   0.088851     0.3904     2.2756     2.1662          0     27.000  34.413762   995.7896      1.029      0.012  0.000e+00
      1.034    30.5142   0.088876     0.3906     2.2409     2.1662          0     27.250  34.413764   995.7900      1.029      0.010  0.000e+00
      1.013    30.5126   0.088907     0.3907     2.2192     2.1456          0     27.500  34.413767   995.7905      1.007      0.006  0.000e+00
