content/post/ctd_rufiji/SBE19plus_01906740_2018_02_13_0933.cnv
* Sea-Bird SBE19plus  Data File:
* FileName = C:\Users\all user\Desktop\CTD tafiri 2018\SBE19plus_01906740_2018_02_13_0933.hex
* Software version 2.6.3.104
* Temperature SN = 6740
* Conductivity SN = 6740
* System UpLoad Time = Feb 13 2018 14:05:50
* <ApplicationData>
* <Seaterm232>
# nquan = 13
# nvalues = 377                                   
# units = specified
# name 0 = prdM: Pressure, Strain Gauge [db]
# name 1 = tv290C: Temperature [ITS-90, deg C]
# name 2 = c0S/m: Conductivity [S/m]
# name 3 = sal00: Salinity, Practical [PSU]
# name 4 = sbeox0ML/L: Oxygen, SBE 43 [ml/l]
# name 5 = flECO-AFL: Fluorescence, WET Labs ECO-AFL/FL [mg/m^3]
# name 6 = nbf: Bottles Fired
# name 7 = timeS: Time, Elapsed [seconds]
# name 8 = timeJ: Julian Days
# name 9 = density00: Density [density, kg/m^3]
# name 10 = depSM: Depth [salt water, m], lat = 0.00
# name 11 = dz/dtM: Descent Rate [m/s]
# name 12 = flag:  0.000e+00
# span 0 =      0.176,      7.096                 
# span 1 =    27.8629,    30.2040                 
# span 2 =   0.000664,   0.304017                 
# span 3 =     0.0139,     1.4253                 
# span 4 =     1.3173,     5.4006                 
# span 5 =    -0.3744,    48.6780                 
# span 6 =          0,          0                 
# span 7 =      0.000,     94.000                 
# span 8 =  34.436100,  34.437188                 
# span 9 =   996.1736,   996.7431                 
# span 10 =      0.175,      7.057                
# span 11 =     -0.721,      0.495                
# span 12 = 0.0000e+00, 0.0000e+00                
# interval = seconds: 0.25
# start_time = Feb 03 2018 10:27:59 [Instrument's time stamp, header]
# bad_flag = -9.990e-29
*END*
      0.177    27.8691   0.000767     0.0141     3.9085    -0.3706          0      0.000  34.436100   996.2838      0.176      0.000  0.000e+00
      0.242    27.8644   0.000702     0.0140     3.7998    -0.3744          0      0.250  34.436102   996.2853      0.241      0.017  0.000e+00
      0.285    27.8629   0.000696     0.0139     3.8986    -0.3668          0      0.500  34.436105   996.2859      0.284      0.042  0.000e+00
      0.307    27.9390   0.000664     0.0139     3.8041    -0.3660          0      0.750  34.436108   996.2644      0.305      0.065  0.000e+00
      0.340    28.3823   0.012833     0.0613     3.8048    48.6780          0      1.000  34.436111   996.1736      0.338      0.088  0.000e+00
      0.372    28.9531   0.115242     0.5268     3.7778    48.6764          0      1.250  34.436114   996.3577      0.370      0.109  0.000e+00
      0.394    29.3535   0.178901     0.8267     3.7420    48.6696          0      1.500  34.436117   996.4641      0.392      0.123  0.000e+00
      0.394    29.6017   0.237975     1.1097     3.6984    48.6681          0      1.750  34.436120   996.6018      0.392      0.122  0.000e+00
      0.426    29.7465   0.243590     1.1340     3.7433    -0.0342          0      2.000  34.436123   996.5766      0.424      0.115  0.000e+00
      0.437    29.8607   0.246274     1.1445     3.7268    -0.0296          0      2.250  34.436126   996.5501      0.435      0.095  0.000e+00
      0.480    29.9709   0.250322     1.1618     3.6988    -0.0242          0      2.500  34.436128   996.5298      0.478      0.091  0.000e+00
      0.491    30.0653   0.252362     1.1695     3.6237    -0.0334          0      2.750  34.436131   996.5070      0.488      0.088  0.000e+00
      0.491    30.1400   0.253175     1.1718     3.6127     1.6077          0      3.000  34.436134   996.4860      0.488      0.079  0.000e+00
      0.524    30.1857   0.253707     1.1733     3.6075     1.6047          0      3.250  34.436137   996.4733      0.521      0.077  0.000e+00
      0.567    30.2040   0.253872     1.1737     3.5509     1.6207          0      3.500  34.436140   996.4682      0.564      0.084  0.000e+00
      0.643    30.2039   0.254206     1.1753     3.5784     1.6108          0      3.750  34.436143   996.4698      0.639      0.107  0.000e+00
      0.718    30.1960   0.253687     1.1729     3.5953     1.6130          0      4.000  34.436146   996.4708      0.714      0.133  0.000e+00
      0.762    30.1885   0.253786     1.1736     3.6132     2.1677          0      4.250  34.436149   996.4738      0.757      0.159  0.000e+00
      0.772    30.1844   0.254037     1.1749     3.6571     2.1654          0      4.500  34.436152   996.4760      0.768      0.170  0.000e+00
      0.827    30.1770   0.253932     1.1746     3.6704     2.1593          0      4.750  34.436155   996.4783      0.822      0.188  0.000e+00
      0.902    30.1678   0.254497     1.1775     3.7157     2.1708          0      5.000  34.436157   996.4836      0.897      0.206  0.000e+00
      0.978    30.1591   0.254176     1.1762     3.7455     2.1525          0      5.250  34.436160   996.4856      0.973      0.216  0.000e+00
      1.000    30.1495   0.253945     1.1753     3.7878     2.1479          0      5.500  34.436163   996.4880      0.994      0.211  0.000e+00
      1.043    30.1449   0.253489     1.1732     3.8242     2.1586          0      5.750  34.436166   996.4880      1.037      0.200  0.000e+00
      1.032    30.1419   0.252699     1.1694     3.8118     2.1540          0      6.000  34.436169   996.4860      1.026      0.180  0.000e+00
      1.043    30.1373   0.251481     1.1636     3.7626     2.1601          0      6.250  34.436172   996.4831      1.037      0.162  0.000e+00
      1.064    30.1329   0.250778     1.1602     3.6704     2.1639          0      6.500  34.436175   996.4821      1.058      0.143  0.000e+00
      1.108    30.1289   0.250969     1.1613     3.5331     2.1654          0      6.750  34.436178   996.4842      1.101      0.118  0.000e+00
      1.086    30.1252   0.251078     1.1619     3.3781     2.1670          0      7.000  34.436181   996.4857      1.080      0.084  0.000e+00
      1.075    30.1058   0.250306     1.1586     3.2077     2.1868          0      7.250  34.436183   996.4891      1.069      0.054  0.000e+00
      1.064    30.0820   0.249940     1.1573     3.0556     2.1898          0      7.500  34.436186   996.4954      1.058      0.035  0.000e+00
      1.118    30.0750   0.250012     1.1579     2.9257     2.1898          0      7.750  34.436189   996.4981      1.112      0.032  0.000e+00
      1.162    30.0753   0.250058     1.1581     2.8272     2.1891          0      8.000  34.436192   996.4984      1.155      0.048  0.000e+00
      1.129    30.0804   0.249900     1.1572     2.7481     2.1868          0      8.250  34.436195   996.4960      1.123      0.043  0.000e+00
      1.097    30.0823   0.249511     1.1552     2.6862     2.2051          0      8.500  34.436198   996.4939      1.091      0.026  0.000e+00
      1.064    30.0825   0.249319     1.1543     2.6430     2.2051          0      8.750  34.436201   996.4930      1.058      0.004  0.000e+00
      1.075    30.0795   0.249537     1.1554     2.6091     2.2028          0      9.000  34.436204   996.4948      1.069      0.000  0.000e+00
      1.075    30.0751   0.249828     1.1570     2.5960     2.2020          0      9.250  34.436207   996.4972      1.069     -0.009  0.000e+00
      1.108    30.0601   0.249801     1.1572     2.5671     2.1677          0      9.500  34.436209   996.5021      1.101     -0.013  0.000e+00
      1.129    30.0179   0.249339     1.1559     2.5441     2.1654          0      9.750  34.436212   996.5141      1.123     -0.017  0.000e+00
      1.151    29.9869   0.249082     1.1553     2.5247     2.1654          0     10.000  34.436215   996.5232      1.145     -0.001  0.000e+00
      1.118    29.9735   0.248963     1.1551     2.5008     2.1685          0     10.250  34.436218   996.5269      1.112      0.019  0.000e+00
      1.065    29.9661   0.248897     1.1549     2.4985     2.1631          0     10.500  34.436221   996.5287      1.059      0.016  0.000e+00
      1.043    29.9619   0.248812     1.1546     2.4823     2.1670          0     10.750  34.436224   996.5297      1.037      0.001  0.000e+00
      1.097    29.9722   0.248855     1.1546     2.4682     2.1670          0     11.000  34.436227   996.5268      1.091     -0.007  0.000e+00
      1.173    29.9957   0.248535     1.1525     2.4349     2.1639          0     11.250  34.436230   996.5184      1.166      0.007  0.000e+00
      1.162    30.0237   0.248429     1.1513     2.4324     2.1670          0     11.500  34.436233   996.5090      1.155      0.011  0.000e+00
      1.162    30.0450   0.248574     1.1515     2.4123     2.1624          0     11.750  34.436236   996.5027      1.155      0.020  0.000e+00
      1.118    30.0562   0.248291     1.1499     2.4048     2.1654          0     12.000  34.436238   996.4979      1.112      0.022  0.000e+00
      1.086    30.0613   0.248080     1.1487     2.3899     2.1692          0     12.250  34.436241   996.4954      1.080      0.022  0.000e+00
      1.075    30.0626   0.248218     1.1494     2.3824     2.1647          0     12.500  34.436244   996.4954      1.069      0.014  0.000e+00
      1.086    30.0630   0.247908     1.1479     2.3754     2.1746          0     12.750  34.436247   996.4942      1.080     -0.007  0.000e+00
      1.075    30.0629   0.247664     1.1467     2.3798     2.1753          0     13.000  34.436250   996.4933      1.069     -0.040  0.000e+00
      1.086    30.0675   0.247559     1.1461     2.3843     2.1753          0     13.250  34.436253   996.4915      1.080     -0.053  0.000e+00
      1.086    30.0766   0.247611     1.1461     2.4133     2.1769          0     13.500  34.436256   996.4887      1.080     -0.041  0.000e+00
      1.108    30.0830   0.247737     1.1466     2.4207     2.1456          0     13.750  34.436259   996.4872      1.102     -0.021  0.000e+00
      1.097    30.0872   0.247829     1.1469     2.4267     2.1425          0     14.000  34.436262   996.4862      1.091      0.000  0.000e+00
      1.097    30.0933   0.247836     1.1468     2.4091     2.1387          0     14.250  34.436264   996.4842      1.091      0.011  0.000e+00
      1.086    30.0998   0.247806     1.1465     2.4092     2.1410          0     14.500  34.436267   996.4820      1.080      0.009  0.000e+00
      1.108    30.1050   0.247928     1.1470     2.3822     2.1464          0     14.750  34.436270   996.4809      1.102      0.010  0.000e+00
      1.108    30.1123   0.247908     1.1467     2.3579     2.1380          0     15.000  34.436273   996.4785      1.102      0.012  0.000e+00
      1.108    30.1128   0.247658     1.1455     2.3322     2.1357          0     15.250  34.436276   996.4774      1.102      0.009  0.000e+00
      1.086    30.1099   0.247565     1.1451     2.2820     2.1456          0     15.500  34.436279   996.4779      1.080      0.002  0.000e+00
      1.097    30.1138   0.247994     1.1471     2.2510     2.1212          0     15.750  34.436282   996.4782      1.091     -0.002  0.000e+00
      1.108    30.1223   0.248436     1.1491     2.2411     2.1174          0     16.000  34.436285   996.4772      1.102      0.003  0.000e+00
      1.151    30.1266   0.248429     1.1490     2.2427     2.1196          0     16.250  34.436288   996.4759      1.145      0.016  0.000e+00
      1.140    30.1272   0.247862     1.1462     2.2356     2.1196          0     16.500  34.436291   996.4737      1.134      0.022  0.000e+00
      1.086    30.1311   0.247783     1.1457     2.2375     2.1151          0     16.750  34.436293   996.4719      1.080      0.008  0.000e+00
      1.053    30.1165   0.247763     1.1459     2.2290     2.1624          0     17.000  34.436296   996.4763      1.048     -0.008  0.000e+00
      1.032    30.0909   0.247954     1.1475     2.2189     2.1670          0     17.250  34.436299   996.4852      1.026     -0.026  0.000e+00
      1.021    30.0872   0.248383     1.1496     2.2060     2.1677          0     17.500  34.436302   996.4879      1.015     -0.042  0.000e+00
      1.097    30.0936   0.248812     1.1516     2.2027     2.1608          0     17.750  34.436305   996.4877      1.091     -0.039  0.000e+00
      1.151    30.1048   0.249016     1.1523     2.2046     2.1670          0     18.000  34.436308   996.4851      1.144     -0.019  0.000e+00
      1.151    30.1116   0.248746     1.1508     2.1973     2.1654          0     18.250  34.436311   996.4819      1.144      0.001  0.000e+00
      1.140    30.1135   0.248475     1.1495     2.2108     2.1670          0     18.500  34.436314   996.4803      1.134      0.030  0.000e+00
      1.097    30.1148   0.247875     1.1465     2.2091     2.1593          0     18.750  34.436317   996.4775      1.090      0.045  0.000e+00
      1.053    30.1183   0.247723     1.1457     2.1992     2.0998          0     19.000  34.436319   996.4756      1.047      0.032  0.000e+00
      1.075    30.1135   0.248033     1.1473     2.1747     2.1059          0     19.250  34.436322   996.4784      1.069      0.017  0.000e+00
      1.086    30.0921   0.248739     1.1513     2.1258     2.1013          0     19.500  34.436325   996.4879      1.080     -0.004  0.000e+00
      1.097    30.0877   0.249346     1.1543     2.0911     2.1021          0     19.750  34.436328   996.4915      1.091     -0.029  0.000e+00
      1.129    30.0910   0.250019     1.1575     2.0621     2.0945          0     20.000  34.436331   996.4931      1.123     -0.025  0.000e+00
      1.172    30.0921   0.249755     1.1562     2.0907     2.1853          0     20.250  34.436334   996.4920      1.166      0.006  0.000e+00
      1.172    30.0886   0.248370     1.1495     2.1158     2.1868          0     20.500  34.436337   996.4880      1.166      0.035  0.000e+00
      1.151    30.0882   0.247895     1.1472     2.1554     2.1937          0     20.750  34.436340   996.4863      1.144      0.054  0.000e+00
      1.108    30.0660   0.248113     1.1488     2.1715     2.1883          0     21.000  34.436343   996.4941      1.101      0.046  0.000e+00
      1.064    30.0475   0.248680     1.1520     2.1782     2.1769          0     21.250  34.436345   996.5019      1.058      0.012  0.000e+00
      1.064    30.0393   0.249382     1.1556     2.1608     2.1738          0     21.500  34.436348   996.5071      1.058     -0.017  0.000e+00
      1.097    30.0393   0.250639     1.1617     2.1282     2.1761          0     21.750  34.436351   996.5118      1.091     -0.032  0.000e+00
      1.129    30.0475   0.251151     1.1640     2.0908     2.1799          0     22.000  34.436354   996.5112      1.123     -0.035  0.000e+00
      1.183    30.0572   0.250804     1.1621     2.0739     2.1433          0     22.250  34.436357   996.5070      1.177     -0.016  0.000e+00
      1.216    30.0632   0.249841     1.1573     2.0692     2.1410          0     22.500  34.436360   996.5017      1.209      0.023  0.000e+00
      1.183    30.0688   0.248858     1.1524     2.0852     2.1464          0     22.750  34.436363   996.4962      1.177      0.050  0.000e+00
      1.129    30.0751   0.248746     1.1517     2.0889     2.1425          0     23.000  34.436366   996.4935      1.123      0.056  0.000e+00
      1.107    30.0753   0.248634     1.1511     2.0969     2.1265          0     23.250  34.436369   996.4930      1.101      0.042  0.000e+00
      1.086    30.0625   0.248693     1.1517     2.1033     2.1319          0     23.500  34.436372   996.4972      1.080      0.008  0.000e+00
      1.107    30.0532   0.250263     1.1596     2.1069     2.1357          0     23.750  34.436374   996.5060      1.101     -0.022  0.000e+00
      1.151    30.0535   0.251937     1.1677     2.0952     2.1303          0     24.000  34.436377   996.5122      1.144     -0.032  0.000e+00
      1.194    30.0609   0.252108     1.1684     2.0702     2.1242          0     24.250  34.436380   996.5106      1.187     -0.023  0.000e+00
      1.172    30.0721   0.251138     1.1634     2.0605     2.1395          0     24.500  34.436383   996.5034      1.166     -0.007  0.000e+00
      1.151    30.0817   0.249907     1.1572     2.0510     2.1418          0     24.750  34.436386   996.4957      1.144      0.016  0.000e+00
      1.150    30.0910   0.249577     1.1554     2.0445     2.1479          0     25.000  34.436389   996.4916      1.144      0.032  0.000e+00
      1.151    30.0895   0.249250     1.1538     2.0549     2.1349          0     25.250  34.436392   996.4909      1.144      0.032  0.000e+00
      1.161    30.0518   0.249293     1.1549     2.0583     2.1731          0     25.500  34.436395   996.5032      1.155      0.026  0.000e+00
      1.140    30.0230   0.249861     1.1583     2.0472     2.1555          0     25.750  34.436398   996.5144      1.133      0.003  0.000e+00
      1.150    30.0163   0.250613     1.1621     2.0382     2.1685          0     26.000  34.436400   996.5193      1.144     -0.012  0.000e+00
      1.129    30.0136   0.251283     1.1655     2.0299     2.1692          0     26.250  34.436403   996.5225      1.123     -0.022  0.000e+00
      1.129    30.0132   0.251256     1.1654     2.0209     2.1525          0     26.500  34.436406   996.5225      1.123     -0.017  0.000e+00
      1.118    30.0163   0.251032     1.1642     2.0084     2.1502          0     26.750  34.436409   996.5207      1.112     -0.017  0.000e+00
      1.129    30.0200   0.251128     1.1646     1.9953     2.1570          0     27.000  34.436412   996.5199      1.123     -0.017  0.000e+00
      1.129    30.0251   0.251243     1.1650     1.9820     2.1464          0     27.250  34.436415   996.5187      1.123     -0.017  0.000e+00
      1.150    30.0346   0.251263     1.1649     1.9682     2.1639          0     27.500  34.436418   996.5158      1.144     -0.009  0.000e+00
