content/post/ctd_rufiji/SBE19plus_01906740_2018_02_13_0933.cnv
* Sea-Bird SBE19plus  Data File:
* FileName = C:\Users\all user\Desktop\CTD tafiri 2018\SBE19plus_01906740_2018_02_13_0933.hex
* Software version 2.6.3.104
* Temperature SN = 6740
* Conductivity SN = 6740
* System UpLoad Time = Feb 13 2018 14:05:50
* <ApplicationData>
* <Seaterm232>
# nquan = 13
# nvalues = 377                                   
# units = specified
# name 0 = prdM: Pressure, Strain Gauge [db]
# name 1 = tv290C: Temperature [ITS-90, deg C]
# name 2 = c0S/m: Conductivity [S/m]
# name 3 = sal00: Salinity, Practical [PSU]
# name 4 = sbeox0ML/L: Oxygen, SBE 43 [ml/l]
# name 5 = flECO-AFL: Fluorescence, WET Labs ECO-AFL/FL [mg/m^3]
# name 6 = nbf: Bottles Fired
# name 7 = timeS: Time, Elapsed [seconds]
# name 8 = timeJ: Julian Days
# name 9 = density00: Density [density, kg/m^3]
# name 10 = depSM: Depth [salt water, m], lat = 0.00
# name 11 = dz/dtM: Descent Rate [m/s]
# name 12 = flag:  0.000e+00
# span 0 =      0.176,      7.096                 
# span 1 =    27.8629,    30.2040                 
# span 2 =   0.000664,   0.304017                 
# span 3 =     0.0139,     1.4253                 
# span 4 =     1.3173,     5.4006                 
# span 5 =    -0.3744,    48.6780                 
# span 6 =          0,          0                 
# span 7 =      0.000,     94.000                 
# span 8 =  34.436100,  34.437188                 
# span 9 =   996.1736,   996.7431                 
# span 10 =      0.175,      7.057                
# span 11 =     -0.721,      0.495                
# span 12 = 0.0000e+00, 0.0000e+00                
# interval = seconds: 0.25
# start_time = Feb 03 2018 10:27:59 [Instrument's time stamp, header]
# bad_flag = -9.990e-29
*END*
[from data line 112]
      1.172    30.0610   0.250949     1.1627     1.9732     2.1647          0     28.000  34.436424   996.5063      1.165      0.016  0.000e+00
      1.161    30.0697   0.250098     1.1584     1.9609     2.1685          0     28.250  34.436427   996.5004      1.155      0.024  0.000e+00
      1.107    30.0723   0.249036     1.1532     1.9582     2.1624          0     28.500  34.436429   996.4954      1.101      0.011  0.000e+00
      1.064    30.0069   0.248871     1.1539     1.9408     2.1853          0     28.750  34.436432   996.5156      1.058     -0.013  0.000e+00
      1.042    29.9061   0.249593     1.1597     1.9180     2.1891          0     29.000  34.436435   996.5504      1.036     -0.042  0.000e+00
      1.031    29.8429   0.250158     1.1639     1.9367     2.1914          0     29.250  34.436438   996.5726      1.025     -0.065  0.000e+00
      1.096    29.8275   0.249953     1.1633     1.9387     2.1898          0     29.500  34.436441   996.5771      1.090     -0.064  0.000e+00
      1.215    29.8679   0.249458     1.1599     1.9705     2.2028          0     29.750  34.436444   996.5629      1.208     -0.022  0.000e+00
      1.226    29.9271   0.249227     1.1574     2.0120     2.1975          0     30.000  34.436447   996.5432      1.219      0.022  0.000e+00
      1.161    29.9719   0.248930     1.1549     2.0199     2.2028          0     30.250  34.436450   996.5274      1.155      0.048  0.000e+00
      1.042    29.9802   0.248858     1.1544     2.0421     2.2043          0     30.500  34.436453   996.5240      1.036      0.039  0.000e+00
      0.988    29.9446   0.248838     1.1551     2.0600     2.1891          0     30.750  34.436455   996.5351      0.983      0.006  0.000e+00
      1.042    29.9042   0.248825     1.1560     2.0453     2.1853          0     31.000  34.436458   996.5482      1.036     -0.019  0.000e+00
      1.118    29.8783   0.248779     1.1564     2.0552     2.1876          0     31.250  34.436461   996.5567      1.112     -0.030  0.000e+00
      1.172    29.8632   0.248759     1.1566     2.0473     2.1883          0     31.500  34.436464   996.5616      1.166     -0.035  0.000e+00
      1.140    29.8559   0.248766     1.1568     2.0573     2.1906          0     31.750  34.436467   996.5638      1.133     -0.037  0.000e+00
      1.107    29.8546   0.248733     1.1567     2.0625     2.1868          0     32.000  34.436470   996.5640      1.101     -0.010  0.000e+00
      1.075    29.8517   0.248693     1.1566     2.0679     2.1814          0     32.250  34.436473   996.5646      1.069      0.019  0.000e+00
      1.129    29.8470   0.248693     1.1567     2.0894     2.1868          0     32.500  34.436476   996.5664      1.123      0.051  0.000e+00
      1.140    29.8437   0.248634     1.1565     2.0876     2.1837          0     32.750  34.436479   996.5673      1.134      0.048  0.000e+00
      1.162    29.8388   0.248647     1.1566     2.0736     2.1837          0     33.000  34.436481   996.5690      1.155      0.026  0.000e+00
      1.129    29.8315   0.248653     1.1568     2.0419     2.1891          0     33.250  34.436484   996.5712      1.123      0.002  0.000e+00
      1.107    29.8066   0.248647     1.1574     2.0267     2.1944          0     33.500  34.436487   996.5790      1.101     -0.008  0.000e+00
      1.107    29.7832   0.248614     1.1578     2.0010     2.1898          0     33.750  34.436490   996.5863      1.101      0.001  0.000e+00
      1.129    29.7705   0.248581     1.1579     1.9817     2.1837          0     34.000  34.436493   996.5904      1.123      0.009  0.000e+00
      1.140    29.7618   0.248538     1.1579     1.9601     2.1883          0     34.250  34.436496   996.5930      1.134      0.009  0.000e+00
      1.151    29.7453   0.248423     1.1577     1.9339     2.1883          0     34.500  34.436499   996.5979      1.144     -0.000  0.000e+00
      1.151    29.6997   0.248113     1.1572     1.9167     2.1868          0     34.750  34.436502   996.6113      1.144      0.003  0.000e+00
      1.129    29.6555   0.247572     1.1556     1.9044     2.1753          0     35.000  34.436505   996.6233      1.123      0.003  0.000e+00
      1.140    29.6272   0.247236     1.1546     1.8985     2.1738          0     35.250  34.436508   996.6311      1.133      0.014  0.000e+00
      1.118    29.6125   0.246939     1.1535     1.8949     2.1753          0     35.500  34.436510   996.6345      1.112      0.010  0.000e+00
      1.129    29.6059   0.245763     1.1479     1.9001     2.1769          0     35.750  34.436513   996.6324      1.123      0.002  0.000e+00
      1.140    29.5980   0.244314     1.1409     1.9199     2.1738          0     36.000  34.436516   996.6296      1.133     -0.004  0.000e+00
      1.118    29.5871   0.243064     1.1350     1.9300     2.1769          0     36.250  34.436519   996.6283      1.112     -0.012  0.000e+00
      1.118    29.5715   0.242031     1.1303     1.9650     2.1814          0     36.500  34.436522   996.6295      1.112     -0.015  0.000e+00
      1.118    29.5546   0.240291     1.1221     2.0127     2.1723          0     36.750  34.436525   996.6284      1.112     -0.012  0.000e+00
      1.150    29.5397   0.237831     1.1104     2.1049     2.1822          0     37.000  34.436528   996.6243      1.144      0.001  0.000e+00
      1.161    29.5274   0.236478     1.1040     2.1825     2.1898          0     37.250  34.436531   996.6232      1.155      0.009  0.000e+00
      1.139    29.5150   0.237624     1.1099     2.2723     2.1937          0     37.500  34.436534   996.6312      1.133      0.014  0.000e+00
      1.118    29.5065   0.240075     1.1222     2.3287     2.1868          0     37.750  34.436536   996.6428      1.112      0.005  0.000e+00
      1.096    29.5036   0.240637     1.1250     2.3872     2.1906          0     38.000  34.436539   996.6457      1.090     -0.006  0.000e+00
      1.129    29.5194   0.241363     1.1282     2.4244     2.2242          0     38.250  34.436542   996.6436      1.122     -0.002  0.000e+00
      1.118    29.5863   0.242402     1.1318     2.4081     2.2242          0     38.500  34.436545   996.6262      1.112     -0.008  0.000e+00
      1.139    29.6700   0.239542     1.1159     2.4057     2.2303          0     38.750  34.436548   996.5892      1.133     -0.008  0.000e+00
      1.150    29.7322   0.237611     1.1050     2.3915     2.2257          0     39.000  34.436551   996.5625      1.144     -0.007  0.000e+00
      1.129    29.7336   0.237512     1.1045     2.3762     2.1746          0     39.250  34.436554   996.5616      1.122     -0.002  0.000e+00
      1.129    29.6573   0.239618     1.1165     2.3660     2.1746          0     39.500  34.436557   996.5935      1.122      0.007  0.000e+00
      1.096    29.6049   0.241442     1.1267     2.3602     2.1822          0     39.750  34.436560   996.6166      1.090      0.003  0.000e+00
      1.118    29.5970   0.241324     1.1263     2.3663     2.1769          0     40.000  34.436563   996.6188      1.112     -0.000  0.000e+00
      1.161    29.6415   0.240988     1.1236     2.3712     2.1883          0     40.250  34.436565   996.6037      1.155      0.001  0.000e+00
      1.183    29.6914   0.239657     1.1160     2.3638     2.1944          0     40.500  34.436568   996.5831      1.176      0.015  0.000e+00
      1.204    29.7262   0.239365     1.1138     2.3487     2.1891          0     40.750  34.436571   996.5710      1.198      0.027  0.000e+00
      1.247    29.7570   0.239325     1.1129     2.3206     2.1883          0     41.000  34.436574   996.5613      1.240      0.053  0.000e+00
      1.312    29.7626   0.239815     1.1151     2.3226     2.1837          0     41.250  34.436577   996.5616      1.305      0.091  0.000e+00
      1.377    29.7516   0.240965     1.1210     2.3120     2.1647          0     41.500  34.436580   996.5696      1.369      0.130  0.000e+00
      1.431    29.7478   0.240794     1.1203     2.2907     2.1677          0     41.750  34.436583   996.5704      1.423      0.166  0.000e+00
      1.507    29.7516   0.242337     1.1277     2.2320     2.1670          0     42.000  34.436586   996.5752      1.499      0.191  0.000e+00
      1.561    29.7720   0.248660     1.1582     2.2471     2.1624          0     42.250  34.436589   996.5921      1.552      0.210  0.000e+00
      1.723    29.8124   0.263469     1.2300     2.2476     2.1998          0     42.500  34.436591   996.6343      1.713      0.258  0.000e+00
      1.928    29.8683   0.279735     1.3087     2.1599     2.1982          0     42.750  34.436594   996.6771      1.918      0.330  0.000e+00
      2.080    29.9243   0.280363     1.3103     2.1857     2.1982          0     43.000  34.436597   996.6620      2.068      0.400  0.000e+00
      2.177    29.9657   0.268998     1.2533     2.2374     2.1952          0     43.250  34.436600   996.6074      2.165      0.452  0.000e+00
      2.231    29.9856   0.263423     1.2255     2.2937     2.1998          0     43.500  34.436603   996.5808      2.219      0.478  0.000e+00
      2.328    29.9751   0.269516     1.2557     2.3044     2.1959          0     43.750  34.436606   996.6069      2.316      0.490  0.000e+00
      2.469    29.9593   0.279809     1.3067     2.3598     2.2005          0     44.000  34.436609   996.6504      2.455      0.494  0.000e+00
      2.620    29.9642   0.282741     1.3210     2.3591     2.2013          0     44.250  34.436612   996.6603      2.606      0.495  0.000e+00
      2.707    29.9831   0.273518     1.2751     2.3853     2.1967          0     44.500  34.436615   996.6207      2.692      0.463  0.000e+00
      2.739    29.9887   0.270796     1.2616     2.4017     2.1898          0     44.750  34.436617   996.6090      2.724      0.417  0.000e+00
      2.750    29.9666   0.274328     1.2795     2.4001     2.1853          0     45.000  34.436620   996.6292      2.735      0.374  0.000e+00
      2.793    29.9491   0.276710     1.2917     2.3993     2.1914          0     45.250  34.436623   996.6437      2.778      0.339  0.000e+00
      2.869    29.9417   0.278621     1.3013     2.3965     2.1906          0     45.500  34.436626   996.6535      2.853      0.308  0.000e+00
      2.912    29.9440   0.277284     1.2946     2.4048     2.1654          0     45.750  34.436629   996.6481      2.896      0.262  0.000e+00
      3.031    29.9485   0.276240     1.2894     2.4109     2.1639          0     46.000  34.436632   996.6433      3.014      0.234  0.000e+00
      3.139    29.9541   0.280480     1.3101     2.4060     2.1639          0     46.250  34.436635   996.6575      3.122      0.234  0.000e+00
      3.226    29.9606   0.284582     1.3301     2.3907     2.1723          0     46.500  34.436638   996.6709      3.208      0.264  0.000e+00
      3.312    29.9724   0.282727     1.3207     2.3755     2.1906          0     46.750  34.436641   996.6607      3.294      0.305  0.000e+00
      3.377    29.9795   0.284773     1.3306     2.3498     2.1937          0     47.000  34.436644   996.6662      3.359      0.334  0.000e+00
      3.420    29.9859   0.288635     1.3494     2.3486     2.2013          0     47.250  34.436646   996.6785      3.402      0.335  0.000e+00
      3.539    29.9940   0.291339     1.3626     2.3140     2.1998          0     47.500  34.436649   996.6864      3.520      0.338  0.000e+00
      3.691    30.0049   0.289532     1.3534     2.2844     2.1723          0     47.750  34.436652   996.6769      3.670      0.357  0.000e+00
      3.831    30.0162   0.286693     1.3391     2.2908     2.1837          0     48.000  34.436655   996.6634      3.810      0.373  0.000e+00
      3.896    30.0268   0.282747     1.3193     2.2872     2.1746          0     48.250  34.436658   996.6457      3.875      0.384  0.000e+00
      3.907    30.0272   0.283489     1.3230     2.2888     2.1784          0     48.500  34.436661   996.6484      3.885      0.377  0.000e+00
      3.950    29.9935   0.283977     1.3263     2.2754     2.1723          0     48.750  34.436664   996.6613      3.929      0.359  0.000e+00
      4.015    29.9689   0.284335     1.3287     2.2893     2.1845          0     49.000  34.436667   996.6708      3.993      0.339  0.000e+00
      4.156    29.9610   0.284532     1.3299     2.2898     2.1837          0     49.250  34.436670   996.6748      4.133      0.331  0.000e+00
      4.286    29.9627   0.285064     1.3324     2.3097     2.1883          0     49.500  34.436672   996.6767      4.262      0.320  0.000e+00
      4.415    29.9737   0.285449     1.3340     2.3264     2.1906          0     49.750  34.436675   996.6752      4.391      0.326  0.000e+00
      4.502    29.9840   0.284335     1.3283     2.3203     2.1715          0     50.000  34.436678   996.6681      4.477      0.347  0.000e+00
      4.577    29.9932   0.284074     1.3268     2.3047     2.1746          0     50.250  34.436681   996.6645      4.552      0.381  0.000e+00
      4.642    29.9920   0.284576     1.3293     2.3168     2.1753          0     50.500  34.436684   996.6671      4.616      0.404  0.000e+00
      4.728    29.9870   0.285027     1.3316     2.3182     2.1738          0     50.750  34.436687   996.6707      4.702      0.403  0.000e+00
      4.858    29.9890   0.286081     1.3368     2.3032     2.1898          0     51.000  34.436690   996.6745      4.831      0.398  0.000e+00
      4.977    29.9946   0.286743     1.3399     2.2917     2.1967          0     51.250  34.436693   996.6757      4.950      0.385  0.000e+00
      5.053    29.9985   0.284693     1.3297     2.2780     2.1952          0     51.500  34.436696   996.6672      5.025      0.375  0.000e+00
      5.107    30.0006   0.283997     1.3262     2.2579     2.1929          0     51.750  34.436698   996.6642      5.079      0.362  0.000e+00
      5.161    29.9837   0.284004     1.3267     2.2489     2.1898          0     52.000  34.436701   996.6699      5.132      0.353  0.000e+00
      5.204    29.9641   0.284018     1.3272     2.2427     2.1860          0     52.250  34.436704   996.6765      5.175      0.334  0.000e+00
      5.280    29.9510   0.284155     1.3283     2.2378     2.1898          0     52.500  34.436707   996.6816      5.251      0.314  0.000e+00
      5.399    29.9434   0.284766     1.3315     2.2430     2.1883          0     52.750  34.436710   996.6868      5.369      0.300  0.000e+00
      5.539    29.9407   0.286723     1.3412     2.2526     2.1853          0     53.000  34.436713   996.6955      5.508      0.303  0.000e+00
      5.669    29.9476   0.288226     1.3484     2.2567     2.2036          0     53.250  34.436716   996.6994      5.637      0.329  0.000e+00
      5.712    29.9615   0.285482     1.3345     2.2548     2.2005          0     53.500  34.436719   996.6850      5.681      0.352  0.000e+00
      5.734    29.9738   0.284409     1.3289     2.2469     2.2013          0     53.750  34.436722   996.6772      5.702      0.357  0.000e+00
      5.755    29.9671   0.284643     1.3302     2.2508     2.1952          0     54.000  34.436725   996.6803      5.724      0.340  0.000e+00
      5.842    29.9508   0.286084     1.3378     2.2391     2.1860          0     54.250  34.436727   996.6912      5.809      0.321  0.000e+00
      5.939    29.9428   0.287048     1.3427     2.2396     2.1906          0     54.500  34.436730   996.6978      5.906      0.298  0.000e+00
      6.036    29.9421   0.286710     1.3411     2.2350     2.1868          0     54.750  34.436733   996.6972      6.003      0.276  0.000e+00
      6.112    29.9449   0.285663     1.3359     2.2203     2.1799          0     55.000  34.436736   996.6928      6.078      0.264  0.000e+00
      6.209    29.9497   0.285656     1.3357     2.2181     2.1830          0     55.250  34.436739   996.6917      6.175      0.277  0.000e+00
