content/post/ctd_rufiji/SBE19plus_01906740_2018_02_13_0895.cnv
* Sea-Bird SBE19plus  Data File:
* FileName = C:\Users\all user\Desktop\CTD tafiri 2018\SBE19plus_01906740_2018_02_13_0895.hex
* Software version 2.6.3.104
* Temperature SN = 6740
* Conductivity SN = 6740
* System UpLoad Time = Feb 13 2018 13:59:38
* <ApplicationData>
* <Seaterm232>
# nquan = 13
# nvalues = 528                                   
# units = specified
# name 0 = prdM: Pressure, Strain Gauge [db]
# name 1 = tv290C: Temperature [ITS-90, deg C]
# name 2 = c0S/m: Conductivity [S/m]
# name 3 = sal00: Salinity, Practical [PSU]
# name 4 = sbeox0ML/L: Oxygen, SBE 43 [ml/l]
# name 5 = flECO-AFL: Fluorescence, WET Labs ECO-AFL/FL [mg/m^3]
# name 6 = nbf: Bottles Fired
# name 7 = timeS: Time, Elapsed [seconds]
# name 8 = timeJ: Julian Days
# name 9 = density00: Density [density, kg/m^3]
# name 10 = depSM: Depth [salt water, m], lat = 0.00
# name 11 = dz/dtM: Descent Rate [m/s]
# name 12 = flag:  0.000e+00
# span 0 =      0.073,      6.408                 
# span 1 =    29.8510,    31.0886                 
# span 2 =   0.003019,   2.527503                 
# span 3 =     0.0219,    13.5960                 
# span 4 =     1.2912,     4.3857                 
# span 5 =    -0.4401,     1.8602                 
# span 6 =          0,          0                 
# span 7 =      0.000,    131.750                 
# span 8 =  33.766065,  33.767590                 
# span 9 =   995.7123,  1005.4935                 
# span 10 =      0.072,      6.373                
# span 11 =     -0.663,      0.270                
# span 12 = 0.0000e+00, 0.0000e+00                
# interval = seconds: 0.25
# start_time = Feb 02 2018 18:23:08 [Instrument's time stamp, header]
# bad_flag = -9.990e-29
*END*
[from data line 334]
      6.170    30.8943   2.518204    13.5418     2.6971     1.7611          0     83.500  33.767031  1005.4636      6.136     -0.119  0.000e+00
      6.213    30.8950   2.518408    13.5428     3.7620     1.7588          0     83.750  33.767034  1005.4643      6.179     -0.076  0.000e+00
      6.235    30.8954   2.518369    13.5425     3.8276     1.7374          0     84.000  33.767037  1005.4640      6.201     -0.016  0.000e+00
      6.246    30.8954   2.518353    13.5424     3.6529     1.7344          0     84.250  33.767040  1005.4640      6.212      0.034  0.000e+00
      6.235    30.8952   2.518259    13.5419     2.5327     1.7351          0     84.500  33.767043  1005.4637      6.201      0.069  0.000e+00
      6.268    30.8952   2.518100    13.5409     2.1569     1.7405          0     84.750  33.767046  1005.4631      6.233      0.081  0.000e+00
      6.257    30.8954   2.518133    13.5411     1.8407     1.7450          0     85.000  33.767049  1005.4631      6.222      0.072  0.000e+00
      6.268    30.8954   2.518050    13.5406     1.5596     1.7450          0     85.250  33.767052  1005.4628      6.233      0.056  0.000e+00
      6.289    30.8953   2.518061    13.5407     1.2912     1.7382          0     85.500  33.767054  1005.4630      6.255      0.047  0.000e+00
      6.279    30.8949   2.517830    13.5394     1.3320     1.7405          0     85.750  33.767057  1005.4621      6.244      0.033  0.000e+00
      6.311    30.8946   2.516982    13.5345     1.6339     1.7389          0     86.000  33.767060  1005.4587      6.276      0.034  0.000e+00
      6.343    30.8944   2.516322    13.5307     1.9347     1.7267          0     86.250  33.767063  1005.4561      6.308      0.045  0.000e+00
      6.343    30.8946   2.516134    13.5295     2.1787     1.7290          0     86.500  33.767066  1005.4551      6.309      0.052  0.000e+00
      6.333    30.8945   2.516256    13.5303     2.2057     1.7275          0     86.750  33.767069  1005.4557      6.298      0.046  0.000e+00
      6.365    30.8943   2.516509    13.5318     2.2209     1.7298          0     87.000  33.767072  1005.4570      6.330      0.053  0.000e+00
      6.343    30.8940   2.516360    13.5310     2.2330     1.7618          0     87.250  33.767075  1005.4565      6.308      0.045  0.000e+00
      6.332    30.8937   2.516322    13.5309     2.2433     1.7687          0     87.500  33.767078  1005.4564      6.298      0.031  0.000e+00
      6.343    30.8934   2.516338    13.5310     2.2489     1.7572          0     87.750  33.767080  1005.4566      6.308      0.023  0.000e+00
      6.343    30.8935   2.516272    13.5306     2.2595     1.7641          0     88.000  33.767083  1005.4563      6.308      0.008  0.000e+00
      6.354    30.8933   2.516234    13.5305     2.3659     1.8076          0     88.250  33.767086  1005.4563      6.319      0.002  0.000e+00
      6.354    30.8939   2.516068    13.5293     2.5289     1.8091          0     88.500  33.767089  1005.4553      6.319      0.004  0.000e+00
      6.354    30.8942   2.516393    13.5312     2.5400     1.8091          0     88.750  33.767092  1005.4565      6.319      0.006  0.000e+00
      6.354    30.8948   2.516679    13.5327     2.5073     1.8198          0     89.000  33.767095  1005.4574      6.319      0.003  0.000e+00
      6.354    30.8950   2.516866    13.5337     2.4181     1.8084          0     89.250  33.767098  1005.4581      6.319      0.009  0.000e+00
      6.365    30.8949   2.517169    13.5355     2.3904     1.8198          0     89.500  33.767101  1005.4596      6.330      0.012  0.000e+00
      6.343    30.8953   2.517103    13.5350     2.3745     1.8084          0     89.750  33.767104  1005.4590      6.308      0.004  0.000e+00
      6.354    30.8953   2.517037    13.5347     2.3666     1.8076          0     90.000  33.767106  1005.4588      6.319      0.002  0.000e+00
      6.375    30.8953   2.517048    13.5347     2.4252     1.8114          0     90.250  33.767109  1005.4589      6.340      0.005  0.000e+00
      6.354    30.8952   2.517070    13.5349     2.4562     1.8602          0     90.500  33.767112  1005.4590      6.319      0.003  0.000e+00
      6.343    30.8950   2.516916    13.5340     2.4090     1.8587          0     90.750  33.767115  1005.4583      6.308     -0.001  0.000e+00
      6.321    30.8952   2.516916    13.5340     2.2366     1.8602          0     91.000  33.767118  1005.4582      6.287     -0.010  0.000e+00
      6.321    30.8952   2.516966    13.5343     2.2549     1.8580          0     91.250  33.767121  1005.4584      6.287     -0.017  0.000e+00
      6.332    30.8950   2.516999    13.5345     2.3628     1.7633          0     91.500  33.767124  1005.4586      6.297     -0.019  0.000e+00
      6.321    30.8948   2.517037    13.5348     2.6112     1.7557          0     91.750  33.767127  1005.4589      6.287     -0.019  0.000e+00
      6.332    30.8944   2.517048    13.5350     3.0281     1.7557          0     92.000  33.767130  1005.4592      6.297     -0.021  0.000e+00
      6.332    30.8945   2.517136    13.5354     3.2188     1.7687          0     92.250  33.767133  1005.4595      6.297     -0.018  0.000e+00
      6.332    30.8947   2.517219    13.5359     3.1663     1.8160          0     92.500  33.767135  1005.4598      6.297     -0.007  0.000e+00
      6.343    30.8945   2.517395    13.5370     3.1455     1.8107          0     92.750  33.767138  1005.4607      6.308      0.004  0.000e+00
      6.321    30.8946   2.517455    13.5373     2.9719     1.8114          0     93.000  33.767141  1005.4608      6.287      0.005  0.000e+00
      6.321    30.8947   2.517472    13.5374     2.7317     1.8129          0     93.250  33.767144  1005.4608      6.287      0.001  0.000e+00
      6.332    30.8946   2.517511    13.5376     2.5762     1.8404          0     93.500  33.767147  1005.4611      6.297     -0.001  0.000e+00
      6.343    30.8947   2.517505    13.5376     2.4272     1.8480          0     93.750  33.767150  1005.4611      6.308      0.004  0.000e+00
      6.343    30.8945   2.517764    13.5391     2.6608     1.8473          0     94.000  33.767153  1005.4623      6.308      0.004  0.000e+00
      6.332    30.8949   2.517879    13.5397     2.6689     1.8480          0     94.250  33.767156  1005.4625      6.297      0.003  0.000e+00
      6.332    30.8950   2.517813    13.5393     2.6670     1.8511          0     94.500  33.767159  1005.4622      6.297      0.002  0.000e+00
      6.343    30.8950   2.517791    13.5392     2.6847     1.8015          0     94.750  33.767161  1005.4621      6.308      0.004  0.000e+00
      6.375    30.8950   2.517813    13.5393     2.9527     1.8000          0     95.000  33.767164  1005.4624      6.340      0.018  0.000e+00
      6.343    30.8950   2.517764    13.5390     3.1424     1.7939          0     95.250  33.767167  1005.4620      6.308      0.014  0.000e+00
      6.343    30.8952   2.517736    13.5388     3.0620     1.8023          0     95.500  33.767170  1005.4618      6.308      0.008  0.000e+00
      6.386    30.8950   2.517764    13.5390     3.0773     1.8061          0     95.750  33.767173  1005.4622      6.351      0.016  0.000e+00
      6.375    30.8950   2.517747    13.5389     3.0873     1.8061          0     96.000  33.767176  1005.4621      6.340      0.021  0.000e+00
      6.365    30.8948   2.517659    13.5384     2.8790     1.8145          0     96.250  33.767179  1005.4618      6.330      0.021  0.000e+00
      6.375    30.8946   2.517345    13.5366     3.1503     1.8053          0     96.500  33.767182  1005.4606      6.340      0.019  0.000e+00
      6.364    30.8946   2.517103    13.5352     3.0422     1.8534          0     96.750  33.767185  1005.4595      6.329      0.011  0.000e+00
      6.364    30.8947   2.517186    13.5357     2.8139     1.8412          0     97.000  33.767187  1005.4598      6.329      0.004  0.000e+00
      6.364    30.8945   2.517268    13.5362     2.6992     1.8496          0     97.250  33.767190  1005.4602      6.329      0.007  0.000e+00
      6.375    30.8946   2.517378    13.5368     2.6963     1.8488          0     97.500  33.767193  1005.4607      6.340      0.003  0.000e+00
      6.386    30.8952   2.517659    13.5383     2.1660     1.8480          0     97.750  33.767196  1005.4617      6.351     -0.001  0.000e+00
      6.375    30.8952   2.517323    13.5364     2.4280     1.8076          0     98.000  33.767199  1005.4602      6.340      0.004  0.000e+00
      6.408    30.8952   2.516988    13.5344     2.3993     1.8137          0     98.250  33.767202  1005.4589      6.373      0.015  0.000e+00
      6.386    30.8950   2.517032    13.5347     2.1024     1.8061          0     98.500  33.767205  1005.4590      6.351      0.014  0.000e+00
      6.397    30.8950   2.516866    13.5337     2.4018     1.8152          0     98.750  33.767208  1005.4583      6.362      0.019  0.000e+00
      6.408    30.8947   2.516795    13.5334     2.2626     1.8236          0     99.000  33.767211  1005.4582      6.373      0.021  0.000e+00
      6.408    30.8944   2.516861    13.5339     2.1327     1.8320          0     99.250  33.767214  1005.4587      6.373      0.020  0.000e+00
      6.408    30.8940   2.516982    13.5347     2.5656     1.8290          0     99.500  33.767216  1005.4594      6.373      0.017  0.000e+00
      6.397    30.8937   2.516949    13.5346     2.5118     1.8236          0     99.750  33.767219  1005.4594      6.362      0.011  0.000e+00
      6.397    30.8933   2.517186    13.5361     2.5971     1.8145          0    100.000  33.767222  1005.4606      6.362      0.007  0.000e+00
      6.408    30.8932   2.517703    13.5391     2.6718     1.8107          0    100.250  33.767225  1005.4630      6.373      0.002  0.000e+00
      6.408    30.8935   2.518083    13.5413     2.5879     1.8107          0    100.500  33.767228  1005.4645      6.373      0.006  0.000e+00
      6.397    30.8940   2.518237    13.5421     2.5781     1.8175          0    100.750  33.767231  1005.4649      6.362     -0.001  0.000e+00
      6.397    30.8944   2.517466    13.5374     2.5943     1.7374          0    101.000  33.767234  1005.4613      6.362     -0.004  0.000e+00
      6.397    30.8944   2.517439    13.5373     2.4755     1.7412          0    101.250  33.767237  1005.4612      6.362     -0.004  0.000e+00
      6.386    30.8944   2.518645    13.5443     2.2367     1.7382          0    101.500  33.767240  1005.4664      6.351     -0.006  0.000e+00
      6.376    30.8949   2.519658    13.5502     2.2841     1.7359          0    101.750  33.767242  1005.4705      6.341     -0.010  0.000e+00
      6.397    30.8959   2.519762    13.5505     2.2882     1.7412          0    102.000  33.767245  1005.4705      6.362     -0.009  0.000e+00
      6.386    30.8965   2.519779    13.5504     2.2574     1.6657          0    102.250  33.767248  1005.4702      6.351     -0.011  0.000e+00
      6.386    30.8965   2.519812    13.5506     2.3589     1.6672          0    102.500  33.767251  1005.4704      6.351     -0.009  0.000e+00
      6.397    30.8968   2.519746    13.5502     2.4728     1.6687          0    102.750  33.767254  1005.4700      6.362     -0.003  0.000e+00
      6.376    30.8968   2.519619    13.5494     2.6401     1.6672          0    103.000  33.767257  1005.4694      6.340     -0.005  0.000e+00
      6.386    30.8969   2.519559    13.5491     2.6906     1.7351          0    103.250  33.767260  1005.4691      6.351     -0.003  0.000e+00
      6.386    30.8964   2.519559    13.5492     2.6626     1.7405          0    103.500  33.767263  1005.4693      6.351     -0.000  0.000e+00
      6.386    30.8964   2.519487    13.5487     2.6230     1.7443          0    103.750  33.767266  1005.4690      6.351      0.000  0.000e+00
      6.397    30.8961   2.519404    13.5483     2.5867     1.7382          0    104.000  33.767269  1005.4688      6.362     -0.001  0.000e+00
      6.376    30.8957   2.519526    13.5492     2.4496     1.6558          0    104.250  33.767271  1005.4695      6.341     -0.001  0.000e+00
      6.365    30.8955   2.519542    13.5493     2.3639     1.6573          0    104.500  33.767274  1005.4696      6.330     -0.007  0.000e+00
      6.386    30.8957   2.519509    13.5491     2.3711     1.6596          0    104.750  33.767277  1005.4695      6.351     -0.006  0.000e+00
      6.397    30.8960   2.519570    13.5493     2.5422     1.6604          0    105.000  33.767280  1005.4696      6.362      0.002  0.000e+00
      6.376    30.8962   2.519592    13.5494     2.3582     1.6069          0    105.250  33.767283  1005.4695      6.340     -0.003  0.000e+00
      6.365    30.8964   2.519437    13.5485     2.3185     1.6100          0    105.500  33.767286  1005.4687      6.330     -0.007  0.000e+00
      6.332    30.8963   2.519261    13.5475     2.3375     1.6085          0    105.750  33.767289  1005.4678      6.297     -0.019  0.000e+00
      6.257    30.8957   2.519289    13.5478     2.0798     1.6108          0    106.000  33.767292  1005.4680      6.222     -0.047  0.000e+00
      6.138    30.8954   2.519289    13.5479     2.0024     1.5986          0    106.250  33.767295  1005.4676      6.104     -0.095  0.000e+00
      6.062    30.8945   2.519118    13.5471     1.9698     1.6031          0    106.500  33.767297  1005.4670      6.029     -0.152  0.000e+00
      6.019    30.8940   2.519355    13.5487     1.9556     1.6047          0    106.750  33.767300  1005.4681      5.986     -0.204  0.000e+00
      6.008    30.8940   2.519746    13.5510     1.9794     1.6054          0    107.000  33.767303  1005.4698      5.975     -0.228  0.000e+00
      5.965    30.8947   2.520098    13.5529     2.0651     1.6085          0    107.250  33.767306  1005.4708      5.932     -0.236  0.000e+00
      5.932    30.8955   2.520390    13.5544     2.1217     1.6344          0    107.500  33.767309  1005.4715      5.900     -0.230  0.000e+00
      5.943    30.8960   2.520842    13.5569     2.1785     1.6314          0    107.750  33.767312  1005.4732      5.910     -0.195  0.000e+00
      5.976    30.8964   2.521200    13.5589     2.2636     1.6321          0    108.000  33.767315  1005.4747      5.943     -0.135  0.000e+00
      5.911    30.8970   2.520996    13.5575     2.2780     1.6298          0    108.250  33.767318  1005.4733      5.878     -0.093  0.000e+00
      5.813    30.8967   2.520897    13.5570     2.2851     1.6871          0    108.500  33.767321  1005.4726      5.781     -0.094  0.000e+00
      5.684    30.8963   2.521216    13.5590     2.2851     1.6771          0    108.750  33.767323  1005.4736      5.652     -0.133  0.000e+00
      5.565    30.8959   2.521200    13.5591     2.2913     1.6817          0    109.000  33.767326  1005.4732      5.534     -0.192  0.000e+00
      5.467    30.8960   2.521387    13.5601     2.2933     1.6764          0    109.250  33.767329  1005.4736      5.437     -0.252  0.000e+00
      5.284    30.8959   2.521679    13.5619     2.2891     1.7145          0    109.500  33.767332  1005.4741      5.255     -0.338  0.000e+00
      5.132    30.8958   2.522532    13.5670     2.2868     1.7176          0    109.750  33.767335  1005.4772      5.104     -0.430  0.000e+00
      5.089    30.8958   2.523441    13.5723     2.2888     1.7183          0    110.000  33.767338  1005.4810      5.061     -0.477  0.000e+00
      5.089    30.8960   2.524411    13.5780     2.2951     1.7229          0    110.250  33.767341  1005.4851      5.061     -0.456  0.000e+00
      5.057    30.8963   2.525343    13.5834     2.2964     1.7145          0    110.500  33.767344  1005.4889      5.029     -0.406  0.000e+00
      4.938    30.8964   2.525243    13.5828     2.2946     1.6161          0    110.750  33.767347  1005.4879      4.911     -0.364  0.000e+00
