content/post/ctd_rufiji/SBE19plus_01906740_2018_02_13_0898.cnv
* Sea-Bird SBE19plus  Data File:
* FileName = C:\Users\all user\Desktop\CTD tafiri 2018\SBE19plus_01906740_2018_02_13_0898.hex
* Software version 2.6.3.104
* Temperature SN = 6740
* Conductivity SN = 6740
* System UpLoad Time = Feb 13 2018 14:00:11
* <ApplicationData>
* <Seaterm232>
# nquan = 13
# nvalues = 471                                   
# units = specified
# name 0 = prdM: Pressure, Strain Gauge [db]
# name 1 = tv290C: Temperature [ITS-90, deg C]
# name 2 = c0S/m: Conductivity [S/m]
# name 3 = sal00: Salinity, Practical [PSU]
# name 4 = sbeox0ML/L: Oxygen, SBE 43 [ml/l]
# name 5 = flECO-AFL: Fluorescence, WET Labs ECO-AFL/FL [mg/m^3]
# name 6 = nbf: Bottles Fired
# name 7 = timeS: Time, Elapsed [seconds]
# name 8 = timeJ: Julian Days
# name 9 = density00: Density [density, kg/m^3]
# name 10 = depSM: Depth [salt water, m], lat = 0.00
# name 11 = dz/dtM: Descent Rate [m/s]
# name 12 = flag:  0.000e+00
# span 0 =      0.095,      3.155                 
# span 1 =    28.5509,    31.1276                 
# span 2 =   0.069688,   1.599292                 
# span 3 =     0.3038,     8.2484                 
# span 4 =     0.2249,     6.1602                 
# span 5 =    -0.0616,     1.2110                 
# span 6 =          0,          0                 
# span 7 =      0.000,    117.500                 
# span 8 =  33.778102,  33.779462                 
# span 9 =   995.6887,  1001.4989                 
# span 10 =      0.094,      3.137                
# span 11 =     -0.443,      0.238                
# span 12 = 0.0000e+00, 0.0000e+00                
# interval = seconds: 0.25
# start_time = Feb 02 2018 18:40:28 [Instrument's time stamp, header]
# bad_flag = -9.990e-29
*END*
[from data line 223]
      1.176    30.5489   0.703004     3.4345     1.5740     1.1950          0     55.750  33.778747   998.0494      1.170      0.014  0.000e+00
      1.155    30.5476   0.702977     3.4345     1.5712     1.1980          0     56.000  33.778750   998.0497      1.148      0.007  0.000e+00
      1.144    30.5462   0.702954     3.4345     1.5705     1.1873          0     56.250  33.778753   998.0501      1.137     -0.005  0.000e+00
      1.176    30.5449   0.702900     3.4343     1.5679     1.1774          0     56.500  33.778756   998.0505      1.170     -0.014  0.000e+00
      1.176    30.5441   0.702874     3.4342     1.5749     1.1766          0     56.750  33.778759   998.0507      1.170     -0.015  0.000e+00
      1.187    30.5433   0.702874     3.4342     1.5782     1.1782          0     57.000  33.778762   998.0510      1.180     -0.013  0.000e+00
      1.165    30.5421   0.702854     3.4342     1.5766     1.1820          0     57.250  33.778764   998.0513      1.159     -0.010  0.000e+00
      1.154    30.5405   0.702820     3.4342     1.5658     1.1919          0     57.500  33.778767   998.0516      1.148     -0.004  0.000e+00
      1.144    30.5393   0.702812     3.4342     1.5729     1.1934          0     57.750  33.778770   998.0520      1.137     -0.005  0.000e+00
      1.144    30.5380   0.702797     3.4342     1.5646     1.1988          0     58.000  33.778773   998.0524      1.137     -0.007  0.000e+00
      1.155    30.5366   0.702804     3.4343     1.5615     1.1980          0     58.250  33.778776   998.0530      1.148     -0.010  0.000e+00
      1.187    30.5350   0.702854     3.4347     1.5582     1.1751          0     58.500  33.778779   998.0539      1.180     -0.009  0.000e+00
      1.198    30.5338   0.703012     3.4356     1.5522     1.1759          0     58.750  33.778782   998.0550      1.191      0.004  0.000e+00
      1.187    30.5338   0.703046     3.4358     1.5580     1.1667          0     59.000  33.778785   998.0551      1.180      0.012  0.000e+00
      1.176    30.5343   0.702970     3.4354     1.5561     1.1644          0     59.250  33.778788   998.0545      1.170      0.019  0.000e+00
      1.165    30.5340   0.702923     3.4351     1.5591     1.1942          0     59.500  33.778791   998.0544      1.159      0.018  0.000e+00
      1.187    30.5336   0.702958     3.4353     1.5560     1.1866          0     59.750  33.778793   998.0548      1.180      0.019  0.000e+00
      1.198    30.5331   0.703000     3.4356     1.5624     1.1950          0     60.000  33.778796   998.0552      1.191      0.017  0.000e+00
      1.219    30.5328   0.702977     3.4355     1.5635     1.1919          0     60.250  33.778799   998.0553      1.213      0.017  0.000e+00
      1.198    30.5321   0.702889     3.4351     1.5629     1.1782          0     60.500  33.778802   998.0551      1.191      0.009  0.000e+00
      1.187    30.5314   0.702831     3.4348     1.5599     1.1805          0     60.750  33.778805   998.0551      1.180      0.007  0.000e+00
      1.209    30.5316   0.702847     3.4349     1.5619     1.1789          0     61.000  33.778808   998.0552      1.202      0.014  0.000e+00
      1.209    30.5372   0.705451     3.4481     1.5811     1.1782          0     61.250  33.778811   998.0633      1.202      0.017  0.000e+00
      1.198    30.5888   0.696674     3.3988     1.5783     1.1774          0     61.500  33.778814   998.0105      1.191      0.012  0.000e+00
      1.241    30.6731   0.690647     3.3617     1.5799     1.1782          0     61.750  33.778817   997.9569      1.234      0.014  0.000e+00
      1.241    30.7331   0.688050     3.3442     1.5898     1.1782          0     62.000  33.778819   997.9251      1.234      0.017  0.000e+00
      1.198    30.7649   0.688211     3.3429     1.6281     1.1690          0     62.250  33.778822   997.9141      1.191      0.009  0.000e+00
      1.208    30.7803   0.686819     3.3347     1.6818     1.1827          0     62.500  33.778825   997.9032      1.202      0.012  0.000e+00
      1.208    30.7864   0.692518     3.3638     1.7421     1.1667          0     62.750  33.778828   997.9230      1.202      0.007  0.000e+00
      1.230    30.7965   0.698288     3.3931     1.8015     1.1690          0     63.000  33.778831   997.9417      1.223      0.004  0.000e+00
      1.273    30.8101   0.701061     3.4066     1.8591     1.1690          0     63.250  33.778834   997.9477      1.266      0.017  0.000e+00
      1.263    30.8230   0.708098     3.4423     1.9102     1.1667          0     63.500  33.778837   997.9701      1.256      0.023  0.000e+00
      1.241    30.8372   0.706684     3.4340     1.9412     1.1751          0     63.750  33.778840   997.9594      1.234      0.016  0.000e+00
      1.165    30.8440   0.701245     3.4053     1.9680     1.1805          0     64.000  33.778843   997.9356      1.159      0.000  0.000e+00
      1.187    30.8410   0.698943     3.3935     1.9844     1.1805          0     64.250  33.778845   997.9279      1.180     -0.005  0.000e+00
      1.252    30.8356   0.695578     3.3764     1.9971     1.1812          0     64.500  33.778848   997.9171      1.245     -0.004  0.000e+00
      1.327    30.8307   0.693927     3.3682     1.9994     1.1820          0     64.750  33.778851   997.9129      1.320      0.018  0.000e+00
      1.414    30.8279   0.703825     3.4197     2.0006     1.1759          0     65.000  33.778854   997.9525      1.406      0.055  0.000e+00
      1.468    30.8387   0.750880     3.6641     1.9945     1.1805          0     65.250  33.778857   998.1310      1.460      0.099  0.000e+00
      1.479    30.8750   0.800014     3.9185     1.9963     1.1827          0     65.500  33.778860   998.3088      1.471      0.146  0.000e+00
      1.500    30.9232   0.817258     4.0053     1.9972     1.1827          0     65.750  33.778863   998.3582      1.492      0.180  0.000e+00
      1.522    30.9586   0.816366     3.9978     1.9936     1.1759          0     66.000  33.778866   998.3416      1.514      0.197  0.000e+00
      1.565    30.9768   0.827052     4.0524     1.9928     1.1820          0     66.250  33.778869   998.3766      1.557      0.182  0.000e+00
      1.598    30.9881   0.844647     4.1440     1.9987     1.1774          0     66.500  33.778872   998.4413      1.589      0.156  0.000e+00
      1.652    30.9934   0.891974     4.3931     1.9967     1.1744          0     66.750  33.778874   998.6249      1.643      0.139  0.000e+00
      1.684    30.9929   0.932207     4.6062     2.0058     1.1461          0     67.000  33.778877   998.7834      1.675      0.129  0.000e+00
      1.727    30.9895   0.976799     4.8436     2.0108     1.1415          0     67.250  33.778880   998.9610      1.718      0.135  0.000e+00
      1.749    30.9850   0.992642     4.9285     2.0153     1.1476          0     67.500  33.778883   999.0256      1.739      0.145  0.000e+00
      1.781    30.9813   1.004396     4.9917     2.0284     1.1415          0     67.750  33.778886   999.0738      1.772      0.148  0.000e+00
      1.825    30.9788   1.005894     4.9999     2.0647     1.1522          0     68.000  33.778889   999.0809      1.815      0.149  0.000e+00
      1.868    30.9772   1.011889     5.0321     2.0680     1.1461          0     68.250  33.778892   999.1055      1.858      0.148  0.000e+00
      1.922    30.9796   1.033653     5.1484     2.0908     1.1568          0     68.500  33.778895   999.1913      1.911      0.152  0.000e+00
      1.987    30.9900   1.046237     5.2147     2.0987     1.1499          0     68.750  33.778898   999.2376      1.976      0.161  0.000e+00
      2.019    31.0046   1.050224     5.2346     2.1383     1.1652          0     69.000  33.778900   999.2478      2.008      0.170  0.000e+00
      2.041    31.0147   1.051958     5.2428     2.1203     1.1789          0     69.250  33.778903   999.2509      2.030      0.172  0.000e+00
      2.106    31.0223   1.062128     5.2966     2.0952     1.1759          0     69.500  33.778906   999.2887      2.094      0.181  0.000e+00
      2.160    31.0367   1.073470     5.3560     2.0985     1.1736          0     69.750  33.778909   999.3284      2.148      0.187  0.000e+00
      2.225    31.0557   1.086709     5.4250     2.0916     1.1782          0     70.000  33.778912   999.3739      2.213      0.193  0.000e+00
      2.290    31.0761   1.108494     5.5400     2.0908     1.1766          0     70.250  33.778915   999.4531      2.277      0.202  0.000e+00
      2.365    31.0985   1.135785     5.6845     2.1057     1.1751          0     70.500  33.778918   999.5536      2.352      0.214  0.000e+00
      2.409    31.1161   1.138336     5.6962     2.1245     1.1782          0     70.750  33.778921   999.5569      2.395      0.223  0.000e+00
      2.463    31.1248   1.144746     5.7298     2.1456     1.1797          0     71.000  33.778924   999.5793      2.449      0.235  0.000e+00
      2.506    31.1276   1.153283     5.7755     2.1672     1.1148          0     71.250  33.778927   999.6125      2.492      0.238  0.000e+00
      2.517    31.1272   1.156492     5.7929     2.1704     1.1156          0     71.500  33.778929   999.6256      2.503      0.218  0.000e+00
      2.571    31.1258   1.156397     5.7925     2.1390     1.1232          0     71.750  33.778932   999.6260      2.557      0.203  0.000e+00
      2.636    31.1235   1.166262     5.8461     2.1384     1.1156          0     72.000  33.778935   999.6667      2.621      0.193  0.000e+00
      2.679    31.1143   1.196687     6.0118     2.1445     1.1103          0     72.250  33.778938   999.7928      2.664      0.183  0.000e+00
      2.733    31.0984   1.224930     6.1669     2.1553     1.1026          0     72.500  33.778941   999.9132      2.718      0.180  0.000e+00
      2.766    31.0866   1.247266     6.2897     2.1709     1.1049          0     72.750  33.778944  1000.0082      2.750      0.180  0.000e+00
      2.820    31.0797   1.271090     6.4204     2.1800     1.0981          0     73.000  33.778947  1000.1076      2.804      0.183  0.000e+00
      2.906    31.0747   1.288039     6.5135     2.1983     1.1049          0     73.250  33.778950  1000.1786      2.890      0.200  0.000e+00
      2.993    31.0659   1.436893     7.3318     2.1872     1.1034          0     73.500  33.778953  1000.7889      2.976      0.224  0.000e+00
      3.003    31.0421   1.515208     7.7689     2.2153     1.1057          0     73.750  33.778955  1001.1207      2.987      0.223  0.000e+00
      3.036    31.0166   1.537886     7.8990     2.2100     1.1080          0     74.000  33.778958  1001.2254      3.019      0.216  0.000e+00
      3.079    31.0001   1.532925     7.8739     2.1974     1.1049          0     74.250  33.778961  1001.2123      3.062      0.210  0.000e+00
      3.122    30.9918   1.531201     7.8657     2.2003     1.0431          0     74.500  33.778964  1001.2091      3.105      0.202  0.000e+00
      3.122    30.9876   1.558320     8.0173     2.1786     1.0477          0     74.750  33.778967  1001.3229      3.105      0.182  0.000e+00
      3.122    30.9849   1.566959     8.0659     2.1694     1.0508          0     75.000  33.778970  1001.3598      3.105      0.146  0.000e+00
      3.133    30.9821   1.579204     8.1347     2.1558     1.0416          0     75.250  33.778973  1001.4117      3.116      0.108  0.000e+00
      3.133    30.9806   1.554931     7.9996     2.1593     1.0935          0     75.500  33.778976  1001.3120      3.116      0.078  0.000e+00
      3.155    30.9814   1.549668     7.9701     2.1572     1.0973          0     75.750  33.778979  1001.2899      3.137      0.067  0.000e+00
      3.133    30.9829   1.559612     8.0253     2.1583     1.0981          0     76.000  33.778981  1001.3303      3.116      0.043  0.000e+00
      3.133    30.9829   1.569980     8.0831     2.1591     1.1011          0     76.250  33.778984  1001.3732      3.116      0.022  0.000e+00
      3.122    30.9825   1.570117     8.0839     2.1676     1.1156          0     76.500  33.778987  1001.3739      3.105      0.005  0.000e+00
      3.133    30.9821   1.560782     8.0319     2.1698     1.1179          0     76.750  33.778990  1001.3355      3.116      0.003  0.000e+00
      3.133    30.9825   1.563047     8.0445     2.1621     1.1187          0     77.000  33.778993  1001.3447      3.116     -0.000  0.000e+00
      3.144    30.9829   1.559015     8.0219     2.1730     1.1164          0     77.250  33.778996  1001.3279      3.126     -0.001  0.000e+00
      3.144    30.9831   1.566936     8.0661     2.1808     1.1171          0     77.500  33.778999  1001.3606      3.126      0.001  0.000e+00
      3.144    30.9824   1.568601     8.0755     2.1788     1.1263          0     77.750  33.779002  1001.3678      3.126      0.001  0.000e+00
      3.155    30.9819   1.570272     8.0849     2.1817     1.1339          0     78.000  33.779005  1001.3750      3.137      0.012  0.000e+00
      3.133    30.9810   1.571981     8.0946     2.1845     1.1278          0     78.250  33.779008  1001.3823      3.116      0.009  0.000e+00
      3.144    30.9803   1.586664     8.1766     2.1511     1.1248          0     78.500  33.779010  1001.4435      3.126      0.009  0.000e+00
      3.133    30.9783   1.588157     8.1853     2.1496     1.1522          0     78.750  33.779013  1001.4505      3.116      0.001  0.000e+00
      3.144    30.9766   1.584271     8.1639     2.1588     1.1393          0     79.000  33.779016  1001.4352      3.126     -0.000  0.000e+00
      3.122    30.9759   1.591403     8.2038     2.1551     1.1438          0     79.250  33.779019  1001.4649      3.105     -0.008  0.000e+00
      3.122    30.9750   1.588587     8.1882     2.1436     1.1461          0     79.500  33.779022  1001.4537      3.105     -0.012  0.000e+00
      3.090    30.9746   1.587462     8.1820     2.1495     1.0904          0     79.750  33.779025  1001.4490      3.073     -0.022  0.000e+00
      3.101    30.9745   1.581152     8.1468     2.1466     1.0904          0     80.000  33.779028  1001.4230      3.083     -0.027  0.000e+00
      3.079    30.9753   1.569340     8.0808     2.3867     1.0935          0     80.250  33.779031  1001.3736      3.062     -0.030  0.000e+00
      3.111    30.9757   1.557104     8.0125     2.8519     1.0935          0     80.500  33.779034  1001.3230      3.094     -0.027  0.000e+00
      3.090    30.9754   1.556269     8.0078     3.1478     1.1095          0     80.750  33.779036  1001.3196      3.073     -0.025  0.000e+00
      3.111    30.9746   1.559457     8.0258     2.9321     1.1072          0     81.000  33.779039  1001.3332      3.094     -0.017  0.000e+00
      3.111    30.9741   1.558283     8.0193     3.4501     1.1110          0     81.250  33.779042  1001.3286      3.094     -0.004  0.000e+00
      3.100    30.9746   1.556625     8.0100     3.4195     1.1049          0     81.500  33.779045  1001.3215      3.083      0.001  0.000e+00
      3.122    30.9750   1.554860     8.0001     3.6107     1.1064          0     81.750  33.779048  1001.3141      3.105      0.013  0.000e+00
      3.122    30.9753   1.553795     7.9941     3.3897     1.0828          0     82.000  33.779051  1001.3095      3.105      0.014  0.000e+00
      3.100    30.9753   1.553138     7.9904     3.1826     1.0752          0     82.250  33.779054  1001.3067      3.083      0.012  0.000e+00
      3.090    30.9750   1.565280     8.0582     3.1156     1.0805          0     82.500  33.779057  1001.3570      3.073     -0.001  0.000e+00
      3.090    30.9747   1.566860     8.0670     2.9988     1.0805          0     82.750  33.779060  1001.3637      3.073     -0.004  0.000e+00
      3.122    30.9747   1.566018     8.0623     3.7104     1.0706          0     83.000  33.779063  1001.3604      3.105     -0.004  0.000e+00
