content/post/ctd_rufiji/SBE19plus_01906740_2018_02_13_0890.cnv
* Sea-Bird SBE19plus  Data File:
* FileName = C:\Users\all user\Desktop\CTD tafiri 2018\SBE19plus_01906740_2018_02_13_0890.hex
* Software version 2.6.3.104
* Temperature SN = 6740
* Conductivity SN = 6740
* System UpLoad Time = Feb 13 2018 13:58:43
* <ApplicationData>
* <Seaterm232>
# nquan = 13
# nvalues = 470                                   
# units = specified
# name 0 = prdM: Pressure, Strain Gauge [db]
# name 1 = tv290C: Temperature [ITS-90, deg C]
# name 2 = c0S/m: Conductivity [S/m]
# name 3 = sal00: Salinity, Practical [PSU]
# name 4 = sbeox0ML/L: Oxygen, SBE 43 [ml/l]
# name 5 = flECO-AFL: Fluorescence, WET Labs ECO-AFL/FL [mg/m^3]
# name 6 = nbf: Bottles Fired
# name 7 = timeS: Time, Elapsed [seconds]
# name 8 = timeJ: Julian Days
# name 9 = density00: Density [density, kg/m^3]
# name 10 = depSM: Depth [salt water, m], lat = 0.00
# name 11 = dz/dtM: Descent Rate [m/s]
# name 12 = flag:  0.000e+00
# span 0 =      0.085,      9.988                 
# span 1 =    29.3521,    30.7822                 
# span 2 =   0.002127,   3.229172                 
# span 3 =     0.0188,    17.8926                 
# span 4 =     1.4642,     3.3838                 
# span 5 =    -0.0433,     2.2425                 
# span 6 =          0,          0                 
# span 7 =      0.000,    117.250                 
# span 8 =  33.742894,  33.744251                 
# span 9 =   995.6690,  1008.8024                 
# span 10 =      0.084,      9.933                
# span 11 =     -0.543,      0.714                
# span 12 = 0.0000e+00, 0.0000e+00                
# interval = seconds: 0.25
# start_time = Feb 02 2018 17:49:46 [Instrument's time stamp, header]
# bad_flag = -9.990e-29
*END*
[from data line 445]
      2.063    30.5588   2.915222    16.0068     1.7602     1.4002          0    111.250  33.744181  1007.3841      2.052     -0.468  0.000e+00
      1.966    30.5589   2.915071    16.0058     1.8888     1.4055          0    111.500  33.744184  1007.3829      1.955     -0.458  0.000e+00
      1.826    30.5588   2.914554    16.0028     1.8419     1.3712          0    111.750  33.744187  1007.3801      1.816     -0.455  0.000e+00
      1.663    30.5588   2.914601    16.0031     1.8375     1.3781          0    112.000  33.744190  1007.3796      1.654     -0.485  0.000e+00
      1.534    30.5587   2.914827    16.0045     1.8703     1.3765          0    112.250  33.744193  1007.3801      1.525     -0.514  0.000e+00
      1.447    30.5587   2.914978    16.0054     1.8016     1.3811          0    112.500  33.744196  1007.3804      1.439     -0.513  0.000e+00
      1.307    30.5587   2.914752    16.0041     1.7555     1.3712          0    112.750  33.744198  1007.3788      1.300     -0.504  0.000e+00
      1.123    30.5588   2.914334    16.0015     1.7768     1.3811          0    113.000  33.744201  1007.3761      1.117     -0.520  0.000e+00
      0.972    30.5590   2.914020    15.9996     1.8185     1.3727          0    113.250  33.744204  1007.3739      0.966     -0.543  0.000e+00
      0.917    30.5590   2.914299    16.0013     1.7407     1.3727          0    113.500  33.744207  1007.3750      0.912     -0.538  0.000e+00
      0.885    30.5590   2.915112    16.0062     1.9048     1.3689          0    113.750  33.744210  1007.3785      0.880     -0.497  0.000e+00
      0.831    30.5589   2.911558    15.9848     1.7847     1.3674          0    114.000  33.744213  1007.3624      0.826     -0.445  0.000e+00
      0.798    30.5592   2.910785    15.9800     1.7985     1.3697          0    114.250  33.744216  1007.3586      0.794     -0.389  0.000e+00
      0.788    30.5592   2.910675    15.9794     1.8799     1.3636          0    114.500  33.744219  1007.3581      0.783     -0.322  0.000e+00
      0.777    30.5592   2.910524    15.9785     1.8823     1.3628          0    114.750  33.744222  1007.3573      0.773     -0.237  0.000e+00
      0.798    30.5593   2.910600    15.9789     1.8485     1.3384          0    115.000  33.744225  1007.3577      0.794     -0.149  0.000e+00
      0.766    30.5594   2.910751    15.9798     1.8260     1.3369          0    115.250  33.744227  1007.3582      0.762     -0.096  0.000e+00
      0.658    30.5594   2.910623    15.9790     2.2890     1.3437          0    115.500  33.744230  1007.3572      0.654     -0.099  0.000e+00
      0.485    30.5596   2.912063    15.9876     1.9383     1.3422          0    115.750  33.744233  1007.3627      0.482     -0.145  0.000e+00
      0.279    30.5595   2.907837    15.9622     2.2441     1.8755          0    116.000  33.744236  1007.3430      0.278     -0.228  0.000e+00
      0.106    30.5595   2.903712    15.9374     1.8331     1.8793          0    116.250  33.744239  1007.3238      0.106     -0.334  0.000e+00
      0.096    30.5596   2.905887    15.9505     1.6195     1.8747          0    116.500  33.744242  1007.3334      0.095     -0.407  0.000e+00
      0.106    30.5595   2.908382    15.9656     1.5464     1.8702          0    116.750  33.744245  1007.3447      0.106     -0.433  0.000e+00
      0.085    30.5596   2.908307    15.9651     1.4950     0.9066          0    117.000  33.744248  1007.3442      0.084     -0.422  0.000e+00
      0.095    30.5598   2.909549    15.9725     1.4642     0.9081          0    117.250  33.744251  1007.3497      0.095     -0.356  0.000e+00
