content/post/ctd_rufiji/SBE19plus_01906740_2018_02_13_0889.cnv
* Sea-Bird SBE19plus  Data File:
* FileName = C:\Users\all user\Desktop\CTD tafiri 2018\SBE19plus_01906740_2018_02_13_0889.hex
* Software version 2.6.3.104
* Temperature SN = 6740
* Conductivity SN = 6740
* System UpLoad Time = Feb 13 2018 13:58:32
* <ApplicationData>
* <Seaterm232>
# nquan = 13
# nvalues = 478                                   
# units = specified
# name 0 = prdM: Pressure, Strain Gauge [db]
# name 1 = tv290C: Temperature [ITS-90, deg C]
# name 2 = c0S/m: Conductivity [S/m]
# name 3 = sal00: Salinity, Practical [PSU]
# name 4 = sbeox0ML/L: Oxygen, SBE 43 [ml/l]
# name 5 = flECO-AFL: Fluorescence, WET Labs ECO-AFL/FL [mg/m^3]
# name 6 = nbf: Bottles Fired
# name 7 = timeS: Time, Elapsed [seconds]
# name 8 = timeJ: Julian Days
# name 9 = density00: Density [density, kg/m^3]
# name 10 = depSM: Depth [salt water, m], lat = 0.00
# name 11 = dz/dtM: Descent Rate [m/s]
# name 12 = flag:  0.000e+00
# span 0 =      0.051,      8.538                 
# span 1 =    30.3340,    30.9295                 
# span 2 =   0.096586,   3.433542                 
# span 3 =     0.4238,    19.2079                 
# span 4 =     1.6527,     3.3055                 
# span 5 =     0.0231,     2.7155                 
# span 6 =          0,          0                 
# span 7 =      0.000,    119.250                 
# span 8 =  33.739641,  33.741021                 
# span 9 =   995.7237,  1009.8137                 
# span 10 =      0.050,      8.490                
# span 11 =     -0.754,      0.411                
# span 12 = 0.0000e+00, 0.0000e+00                
# interval = seconds: 0.25
# start_time = Feb 02 2018 17:45:05 [Instrument's time stamp, header]
# bad_flag = -9.990e-29
*END*
[from data line 445]
      0.850    30.6617   1.848372     9.7120     2.4823     1.4742          0    111.250  33.740929  1002.6739      0.846     -0.422  0.000e+00
      0.796    30.7089   1.890227     9.9419     2.4326     1.4772          0    111.500  33.740932  1002.8292      0.792     -0.419  0.000e+00
      0.742    30.7385   1.644750     8.5431     2.4185     1.5268          0    111.750  33.740935  1001.7817      0.738     -0.388  0.000e+00
      0.742    30.7756   1.255809     6.3758     2.4172     1.5245          0    112.000  33.740938  1000.1617      0.738     -0.313  0.000e+00
      0.775    30.8218   1.026372     5.1255     2.4099     1.5268          0    112.250  33.740940   999.2190      0.771     -0.227  0.000e+00
      0.807    30.8649   0.927331     4.5920     2.3879     1.5329          0    112.500  33.740943   998.8094      0.803     -0.143  0.000e+00
      0.807    30.8956   0.920452     4.5527     2.3888     1.5284          0    112.750  33.740946   998.7705      0.803     -0.081  0.000e+00
      0.807    30.9112   0.937793     4.6434     2.3762     1.5268          0    113.000  33.740949   998.8330      0.803     -0.037  0.000e+00
      0.775    30.9190   0.924329     4.5711     2.3841     1.5322          0    113.250  33.740952   998.7767      0.771     -0.005  0.000e+00
      0.764    30.9227   0.914720     4.5198     2.3551     1.5245          0    113.500  33.740955   998.7374      0.760      0.009  0.000e+00
      0.797    30.9234   0.910858     4.4992     2.3329     1.5657          0    113.750  33.740958   998.7220      0.792      0.019  0.000e+00
      0.829    30.9242   0.915160     4.5220     2.3234     1.5673          0    114.000  33.740961   998.7388      0.824      0.020  0.000e+00
      0.851    30.9265   0.934930     4.6267     2.3262     1.5619          0    114.250  33.740964   998.8160      0.846      0.020  0.000e+00
      0.797    30.9286   0.940458     4.6560     2.3373     1.5635          0    114.500  33.740966   998.8368      0.792      0.010  0.000e+00
      0.764    30.9295   0.911122     4.5001     2.3233     1.5696          0    114.750  33.740969   998.7206      0.760      0.001  0.000e+00
      0.742    30.9270   0.856099     4.2094     2.3105     1.5268          0    115.000  33.740972   998.5053      0.738     -0.011  0.000e+00
      0.732    30.9196   0.847771     4.1661     2.3094     1.5238          0    115.250  33.740975   998.4755      0.728     -0.022  0.000e+00
      0.786    30.9147   0.853652     4.1975     2.2929     1.5238          0    115.500  33.740978   998.5005      0.781     -0.024  0.000e+00
      0.753    30.9164   0.880675     4.3401     2.2842     1.5200          0    115.750  33.740981   998.6058      0.749     -0.040  0.000e+00
      0.710    30.9234   0.898053     4.4314     2.2735     1.5360          0    116.000  33.740984   998.6712      0.706     -0.055  0.000e+00
      0.645    30.9285   0.883547     4.3542     2.2191     1.5314          0    116.250  33.740987   998.6120      0.642     -0.071  0.000e+00
      0.570    30.9277   0.828217     4.0625     2.1619     1.5398          0    116.500  33.740990   998.3952      0.566     -0.087  0.000e+00
      0.548    30.9209   0.823508     4.0383     2.1852     1.5429          0    116.750  33.740992   998.3793      0.545     -0.109  0.000e+00
      0.505    30.9137   0.807807     3.9564     2.2055     1.5528          0    117.000  33.740995   998.3205      0.502     -0.136  0.000e+00
      0.429    30.9076   0.797146     3.9010     2.2138     1.5512          0    117.250  33.740998   998.2809      0.427     -0.174  0.000e+00
      0.310    30.9032   0.797718     3.9043     2.2853     1.5429          0    117.500  33.741001   998.2842      0.308     -0.226  0.000e+00
      0.148    30.8997   0.782717     3.8260     2.1979     1.5543          0    117.750  33.741004   998.2264      0.147     -0.275  0.000e+00
      0.072    30.8942   0.744584     3.6272     2.2349     0.7288          0    118.000  33.741007   998.0800      0.072     -0.312  0.000e+00
      0.061    30.8886   0.143865     0.6387     2.2877     0.6998          0    118.250  33.741010   995.8557      0.061     -0.321  0.000e+00
      0.061    30.8462   0.101392     0.4446     2.3041     0.7006          0    118.500  33.741013   995.7237      0.061     -0.309  0.000e+00
      0.051    30.7231   0.096586     0.4238     2.3154     0.7021          0    118.750  33.741016   995.7462      0.050     -0.286  0.000e+00
      0.061    30.5878   0.103689     0.4573     2.3711     0.7036          0    119.000  33.741019   995.8129      0.061     -0.233  0.000e+00
      0.072    30.4839   0.106333     0.4703     2.3906     0.0231          0    119.250  33.741021   995.8546      0.072     -0.159  0.000e+00
