content/post/ctd_rufiji/SBE19plus_01906740_2018_02_13_0900.cnv
* Sea-Bird SBE19plus  Data File:
* FileName = C:\Users\all user\Desktop\CTD tafiri 2018\SBE19plus_01906740_2018_02_13_0900.hex
* Software version 2.6.3.104
* Temperature SN = 6740
* Conductivity SN = 6740
* System UpLoad Time = Feb 13 2018 14:00:32
* <ApplicationData>
* <Seaterm232>
# nquan = 13
# nvalues = 318                                   
# units = specified
# name 0 = prdM: Pressure, Strain Gauge [db]
# name 1 = tv290C: Temperature [ITS-90, deg C]
# name 2 = c0S/m: Conductivity [S/m]
# name 3 = sal00: Salinity, Practical [PSU]
# name 4 = sbeox0ML/L: Oxygen, SBE 43 [ml/l]
# name 5 = flECO-AFL: Fluorescence, WET Labs ECO-AFL/FL [mg/m^3]
# name 6 = nbf: Bottles Fired
# name 7 = timeS: Time, Elapsed [seconds]
# name 8 = timeJ: Julian Days
# name 9 = density00: Density [density, kg/m^3]
# name 10 = depSM: Depth [salt water, m], lat = 0.00
# name 11 = dz/dtM: Descent Rate [m/s]
# name 12 = flag:  0.000e+00
# span 0 =      0.072,      3.467                 
# span 1 =    29.7829,    30.6508                 
# span 2 =   0.030449,   0.207009                 
# span 3 =     0.1339,     0.9450                 
# span 4 =    -0.0392,     8.4541                 
# span 5 =    -0.0372,     2.6133                 
# span 6 =          0,          0                 
# span 7 =      0.000,     79.250                 
# span 8 =  33.786481,  33.787399                 
# span 9 =   995.7400,   996.2646                 
# span 10 =      0.071,      3.448                
# span 11 =     -0.571,      0.406                
# span 12 = 0.0000e+00, 0.0000e+00                
# interval = seconds: 0.25
# start_time = Feb 02 2018 18:52:32 [Instrument's time stamp, header]
# bad_flag = -9.990e-29
*END*
[from data line 223]
      2.840    30.6001   0.136817     0.6096     1.9644     2.2745          0     55.750  33.787127   995.9354      2.824      0.395  0.000e+00
      2.904    30.6136   0.136826     0.6094     1.9791     2.2783          0     56.000  33.787130   995.9315      2.888      0.388  0.000e+00
      2.991    30.6223   0.136710     0.6088     1.9522     2.1868          0     56.250  33.787133   995.9287      2.974      0.366  0.000e+00
      3.120    30.6267   0.136401     0.6073     1.9153     2.1952          0     56.500  33.787135   995.9268      3.103      0.351  0.000e+00
      3.239    30.6317   0.136329     0.6069     1.9038     2.1898          0     56.750  33.787138   995.9255      3.222      0.354  0.000e+00
      3.369    30.6369   0.136344     0.6069     1.9149     2.1837          0     57.000  33.787141   995.9245      3.351      0.369  0.000e+00
      3.423    30.6414   0.136401     0.6071     1.8060     2.1876          0     57.250  33.787144   995.9235      3.404      0.375  0.000e+00
      3.423    30.6463   0.136524     0.6077     1.8800     2.2577          0     57.500  33.787147   995.9224      3.404      0.362  0.000e+00
      3.412    30.6508   0.136788     0.6088     1.9300     2.2623          0     57.750  33.787150   995.9218      3.394      0.331  0.000e+00
      3.412    30.6444   0.136656     0.6083     1.9533     2.2638          0     58.000  33.787153   995.9234      3.394      0.272  0.000e+00
      3.423    30.6286   0.136492     0.6077     1.8325     2.2600          0     58.250  33.787156   995.9279      3.404      0.200  0.000e+00
      3.466    30.6209   0.136489     0.6078     1.8018     2.1288          0     58.500  33.787159   995.9305      3.447      0.134  0.000e+00
      3.445    30.6203   0.136574     0.6082     1.8000     2.1250          0     58.750  33.787161   995.9309      3.426      0.074  0.000e+00
      3.456    30.6222   0.136694     0.6087     1.7936     2.1235          0     59.000  33.787164   995.9307      3.437      0.034  0.000e+00
      3.445    30.6240   0.136754     0.6090     1.8120     2.1273          0     59.250  33.787167   995.9303      3.426      0.020  0.000e+00
      3.434    30.6176   0.136662     0.6086     1.7985     2.1021          0     59.500  33.787170   995.9320      3.415      0.017  0.000e+00
      3.445    30.6076   0.136480     0.6079     1.8033     2.1067          0     59.750  33.787173   995.9346      3.426      0.015  0.000e+00
      3.467    30.5994   0.136464     0.6079     1.8348     2.1052          0     60.000  33.787176   995.9372      3.448      0.014  0.000e+00
      3.423    30.5957   0.136681     0.6090     1.8692     2.0983          0     60.250  33.787179   995.9389      3.404     -0.001  0.000e+00
      3.359    30.5964   0.136940     0.6102     1.8851     2.1120          0     60.500  33.787182   995.9393      3.340     -0.032  0.000e+00
      3.229    30.5849   0.136719     0.6093     1.8866     2.1143          0     60.750  33.787185   995.9416      3.211     -0.078  0.000e+00
      3.077    30.5622   0.136760     0.6097     1.8830     2.1128          0     61.000  33.787188   995.9483      3.060     -0.156  0.000e+00
      2.937    30.5499   0.137022     0.6111     1.8837     2.1196          0     61.250  33.787190   995.9525      2.921     -0.243  0.000e+00
      2.818    30.5408   0.137103     0.6116     1.8737     2.1166          0     61.500  33.787193   995.9551      2.802     -0.331  0.000e+00
      2.731    30.5247   0.137085     0.6117     1.8893     2.1242          0     61.750  33.787196   995.9597      2.716     -0.404  0.000e+00
      2.688    30.5140   0.136892     0.6109     1.8952     2.1242          0     62.000  33.787199   995.9623      2.673     -0.438  0.000e+00
      2.688    30.5089   0.136754     0.6104     1.8874     2.1311          0     62.250  33.787202   995.9634      2.673     -0.414  0.000e+00
      2.655    30.5098   0.136703     0.6101     1.8816     2.1258          0     62.500  33.787205   995.9628      2.641     -0.361  0.000e+00
      2.645    30.5209   0.136722     0.6101     1.8742     2.1097          0     62.750  33.787208   995.9593      2.630     -0.282  0.000e+00
      2.634    30.5303   0.136823     0.6104     1.8739     2.1120          0     63.000  33.787211   995.9566      2.619     -0.201  0.000e+00
      2.612    30.5331   0.137028     0.6113     1.8774     2.1212          0     63.250  33.787214   995.9564      2.598     -0.137  0.000e+00
      2.569    30.5340   0.137220     0.6122     1.8815     2.1082          0     63.500  33.787216   995.9565      2.555     -0.100  0.000e+00
      2.483    30.5141   0.137242     0.6126     1.8815     2.1174          0     63.750  33.787219   995.9625      2.469     -0.102  0.000e+00
      2.428    30.4821   0.137040     0.6120     1.9025     2.1120          0     64.000  33.787222   995.9717      2.415     -0.124  0.000e+00
      2.385    30.4605   0.136836     0.6113     1.9059     2.1113          0     64.250  33.787225   995.9776      2.372     -0.152  0.000e+00
      2.407    30.4575   0.136754     0.6110     1.9300     2.1120          0     64.500  33.787228   995.9784      2.394     -0.154  0.000e+00
      2.407    30.4735   0.136861     0.6113     1.9006     2.1303          0     64.750  33.787231   995.9737      2.393     -0.149  0.000e+00
      2.396    30.4889   0.137097     0.6122     1.8952     2.1265          0     65.000  33.787234   995.9696      2.383     -0.133  0.000e+00
      2.277    30.5027   0.137270     0.6128     1.8975     2.1265          0     65.250  33.787237   995.9653      2.264     -0.136  0.000e+00
      2.169    30.4952   0.137182     0.6125     1.9097     2.1326          0     65.500  33.787240   995.9669      2.157     -0.151  0.000e+00
      2.082    30.4807   0.136940     0.6116     1.9112     2.1235          0     65.750  33.787242   995.9702      2.071     -0.174  0.000e+00
      2.083    30.4744   0.136810     0.6110     1.9175     2.1280          0     66.000  33.787245   995.9718      2.071     -0.193  0.000e+00
      2.104    30.4809   0.136823     0.6110     1.9111     2.1250          0     66.250  33.787248   995.9699      2.093     -0.198  0.000e+00
      2.104    30.4954   0.137003     0.6117     1.9082     2.1265          0     66.500  33.787251   995.9659      2.093     -0.196  0.000e+00
      2.115    30.5067   0.137220     0.6126     1.9043     2.1265          0     66.750  33.787254   995.9632      2.103     -0.165  0.000e+00
      2.115    30.5174   0.137315     0.6129     1.9049     2.1120          0     67.000  33.787257   995.9601      2.103     -0.114  0.000e+00
      2.148    30.5172   0.137270     0.6127     1.8967     2.1113          0     67.250  33.787260   995.9601      2.136     -0.040  0.000e+00
      2.147    30.5044   0.137157     0.6123     1.8830     2.1128          0     67.500  33.787263   995.9638      2.136      0.012  0.000e+00
      2.180    30.4978   0.137066     0.6119     1.8770     2.1196          0     67.750  33.787266   995.9657      2.168      0.045  0.000e+00
      2.169    30.4967   0.137091     0.6121     1.8764     2.1708          0     68.000  33.787269   995.9661      2.157      0.046  0.000e+00
      2.169    30.4936   0.137160     0.6124     1.8731     2.1555          0     68.250  33.787271   995.9673      2.157      0.041  0.000e+00
      2.137    30.4886   0.137170     0.6125     1.8712     2.1593          0     68.500  33.787274   995.9688      2.125      0.029  0.000e+00
      2.158    30.4854   0.137097     0.6122     1.8705     2.1639          0     68.750  33.787277   995.9696      2.147      0.020  0.000e+00
      2.169    30.4845   0.137025     0.6119     1.8864     2.1647          0     69.000  33.787280   995.9697      2.157      0.015  0.000e+00
      2.148    30.4869   0.137040     0.6120     1.8844     2.1296          0     69.250  33.787283   995.9689      2.136     -0.001  0.000e+00
      2.158    30.4888   0.137321     0.6132     1.8692     2.1265          0     69.500  33.787286   995.9693      2.146     -0.004  0.000e+00
      2.093    30.4851   0.137563     0.6144     1.8758     2.1143          0     69.750  33.787289   995.9711      2.082     -0.026  0.000e+00
      1.920    30.4730   0.137557     0.6145     1.8651     2.1341          0     70.000  33.787292   995.9741      1.910     -0.079  0.000e+00
      1.726    30.4509   0.137321     0.6137     1.8630     2.1296          0     70.250  33.787295   995.9794      1.716     -0.171  0.000e+00
      1.553    30.4370   0.137195     0.6133     1.8520     2.1258          0     70.500  33.787297   995.9826      1.544     -0.279  0.000e+00
      1.402    30.4320   0.137315     0.6139     1.8843     2.1326          0     70.750  33.787300   995.9839      1.394     -0.397  0.000e+00
      1.272    30.4283   0.137393     0.6143     1.9035     2.1265          0     71.000  33.787303   995.9848      1.265     -0.494  0.000e+00
      1.164    30.4260   0.137270     0.6138     1.9046     2.1265          0     71.250  33.787306   995.9846      1.157     -0.556  0.000e+00
      1.120    30.4257   0.137122     0.6131     1.8920     2.1326          0     71.500  33.787309   995.9840      1.114     -0.571  0.000e+00
      1.023    30.4290   0.137264     0.6137     1.8882     2.1311          0     71.750  33.787312   995.9830      1.017     -0.539  0.000e+00
      0.936    30.4366   0.137557     0.6150     1.9065     2.1196          0     72.000  33.787315   995.9812      0.931     -0.477  0.000e+00
      0.861    30.4405   0.137586     0.6151     8.4541     2.0975          0     72.250  33.787318   995.9797      0.856     -0.415  0.000e+00
      0.861    30.4385   0.137526     0.6148     6.7372     2.1067          0     72.500  33.787321   995.9802      0.856     -0.347  0.000e+00
      0.861    30.4363   0.137409     0.6143     6.1240     2.0968          0     72.750  33.787323   995.9805      0.856     -0.279  0.000e+00
      0.882    30.4372   0.137289     0.6137     3.5167     2.1021          0     73.000  33.787326   995.9799      0.877     -0.210  0.000e+00
      0.872    30.4418   0.137226     0.6134     3.3318     2.1044          0     73.250  33.787329   995.9781      0.867     -0.152  0.000e+00
      0.850    30.4506   0.137346     0.6138     4.7252     2.1303          0     73.500  33.787332   995.9757      0.845     -0.110  0.000e+00
      0.861    30.4593   0.137482     0.6143     3.9485     2.1250          0     73.750  33.787335   995.9735      0.856     -0.058  0.000e+00
      0.796    30.4668   0.137680     0.6152     3.4925     2.1204          0     74.000  33.787338   995.9715      0.792     -0.038  0.000e+00
      0.742    30.4602   0.137822     0.6159     1.4777     2.1265          0     74.250  33.787341   995.9738      0.738     -0.047  0.000e+00
      0.709    30.4281   0.137768     0.6161     0.5604     2.1120          0     74.500  33.787344   995.9836      0.705     -0.076  0.000e+00
      0.742    30.3877   0.137655     0.6160     0.5400     2.1143          0     74.750  33.787347   995.9961      0.738     -0.087  0.000e+00
      0.731    30.3660   0.137523     0.6157     0.6369     2.1189          0     75.000  33.787350   996.0024      0.727     -0.093  0.000e+00
      0.763    30.3601   0.137475     0.6155     0.2092     2.1174          0     75.250  33.787352   996.0043      0.759     -0.074  0.000e+00
      0.774    30.3619   0.137463     0.6154    -0.0392     2.1380          0     75.500  33.787355   996.0037      0.770     -0.048  0.000e+00
      0.753    30.3670   0.137557     0.6158     0.3273     2.1296          0     75.750  33.787358   996.0024      0.748     -0.029  0.000e+00
      0.677    30.3685   0.137809     0.6170     0.7536     2.1380          0     76.000  33.787361   996.0024      0.673     -0.019  0.000e+00
      0.526    30.3669   0.138027     0.6180     1.3531     2.1402          0     76.250  33.787364   996.0030      0.523     -0.060  0.000e+00
      0.331    30.3489   0.138613     0.6210     3.5038     2.6056          0     76.500  33.787367   996.0098      0.329     -0.152  0.000e+00
      0.180    30.3291   0.140752     0.6312     2.2650     2.6026          0     76.750  33.787370   996.0229      0.179     -0.268  0.000e+00
      0.072    30.3181   0.144051     0.6468     1.9469     2.6034          0     77.000  33.787373   996.0374      0.071     -0.367  0.000e+00
      0.072    30.3022   0.147365     0.6625     1.7407     2.6133          0     77.250  33.787376   996.0540      0.071     -0.424  0.000e+00
      0.093    30.2717   0.154264     0.6953     1.6300     2.6003          0     77.500  33.787378   996.0880      0.092     -0.422  0.000e+00
      0.093    30.2324   0.157449     0.7108     1.5290     0.7196          0     77.750  33.787381   996.1115      0.093     -0.371  0.000e+00
      0.104    30.1964   0.154924     0.6994     1.4347     0.7196          0     78.000  33.787384   996.1141      0.103     -0.278  0.000e+00
      0.093    30.1721   0.153512     0.6931     1.3396     0.7212          0     78.250  33.787387   996.1167      0.093     -0.171  0.000e+00
      0.104    30.1627   0.151311     0.6829     1.2582     0.7242          0     78.500  33.787390   996.1119      0.103     -0.072  0.000e+00
      0.082    30.1637   0.149132     0.6726     1.6765     0.1718          0     78.750  33.787393   996.1038      0.082     -0.016  0.000e+00
      0.115    30.1700   0.113962     0.5084     1.7678     0.1802          0     79.000  33.787396   995.9792      0.114      0.015  0.000e+00
      0.104    30.1785   0.082992     0.3663     1.8164     0.1718          0     79.250  33.787399   995.8702      0.103      0.012  0.000e+00
