content/post/ctd_rufiji/SBE19plus_01906740_2018_02_13_0897.cnv
* Sea-Bird SBE19plus  Data File:
* FileName = C:\Users\all user\Desktop\CTD tafiri 2018\SBE19plus_01906740_2018_02_13_0897.hex
* Software version 2.6.3.104
* Temperature SN = 6740
* Conductivity SN = 6740
* System UpLoad Time = Feb 13 2018 13:59:59
* <ApplicationData>
* <Seaterm232>
# nquan = 13
# nvalues = 403                                   
# units = specified
# name 0 = prdM: Pressure, Strain Gauge [db]
# name 1 = tv290C: Temperature [ITS-90, deg C]
# name 2 = c0S/m: Conductivity [S/m]
# name 3 = sal00: Salinity, Practical [PSU]
# name 4 = sbeox0ML/L: Oxygen, SBE 43 [ml/l]
# name 5 = flECO-AFL: Fluorescence, WET Labs ECO-AFL/FL [mg/m^3]
# name 6 = nbf: Bottles Fired
# name 7 = timeS: Time, Elapsed [seconds]
# name 8 = timeJ: Julian Days
# name 9 = density00: Density [density, kg/m^3]
# name 10 = depSM: Depth [salt water, m], lat = 0.00
# name 11 = dz/dtM: Descent Rate [m/s]
# name 12 = flag:  0.000e+00
# span 0 =      0.063,      5.652                 
# span 1 =    30.1658,    31.0139                 
# span 2 =   0.153093,   1.642640                 
# span 3 =     0.6836,     8.4985                 
# span 4 =     0.9225,     4.5826                 
# span 5 =    -0.0983,     2.2875                 
# span 6 =          0,          0                 
# span 7 =      0.000,    100.500                 
# span 8 =  33.774363,  33.775527                 
# span 9 =   995.9390,  1001.7082                 
# span 10 =      0.062,      5.621                
# span 11 =     -0.626,      0.631                
# span 12 = 0.0000e+00, 0.0000e+00                
# interval = seconds: 0.25
# start_time = Feb 02 2018 18:35:05 [Instrument's time stamp, header]
# bad_flag = -9.990e-29
*END*
[from data line 334]
      5.122    30.7820   0.451899     2.1347     2.3128     2.1319          0     83.500  33.775330   997.0271      5.094     -0.149  0.000e+00
      5.122    30.7830   0.441006     2.0801     2.4031     2.1311          0     83.750  33.775333   996.9861      5.094     -0.067  0.000e+00
      5.111    30.7867   0.431433     2.0320     2.3516     2.1204          0     84.000  33.775336   996.9491      5.083     -0.016  0.000e+00
      5.111    30.7908   0.428068     2.0151     2.1249     2.1113          0     84.250  33.775339   996.9352      5.083      0.006  0.000e+00
      5.101    30.7934   0.421989     1.9846     2.1237     2.1181          0     84.500  33.775341   996.9116      5.072      0.004  0.000e+00
      5.122    30.7956   0.420240     1.9758     1.0293     2.1196          0     84.750  33.775344   996.9045      5.094      0.009  0.000e+00
      5.133    30.7970   0.418884     1.9690     0.9825     2.1151          0     85.000  33.775347   996.8990      5.105      0.009  0.000e+00
      5.133    30.7982   0.420331     1.9761     0.9545     2.1196          0     85.250  33.775350   996.9039      5.105      0.010  0.000e+00
      5.068    30.7987   0.426079     2.0048     1.0595     2.1196          0     85.500  33.775353   996.9249      5.040     -0.009  0.000e+00
      4.928    30.7991   0.426786     2.0083     1.1448     2.1135          0     85.750  33.775356   996.9267      4.901     -0.056  0.000e+00
      4.820    30.7989   0.427300     2.0109     1.4048     2.1212          0     86.000  33.775359   996.9283      4.793     -0.118  0.000e+00
      4.711    30.7986   0.429075     2.0198     1.5740     2.1670          0     86.250  33.775362   996.9345      4.686     -0.193  0.000e+00
      4.571    30.7979   0.429188     2.0204     1.7528     2.1639          0     86.500  33.775365   996.9345      4.546     -0.279  0.000e+00
      4.355    30.7971   0.430611     2.0275     1.9796     2.1555          0     86.750  33.775367   996.9391      4.331     -0.390  0.000e+00
      4.128    30.7965   0.434978     2.0494     1.9507     2.1639          0     87.000  33.775370   996.9546      4.105     -0.504  0.000e+00
      3.987    30.7960   0.440514     2.0771     2.0643     2.2730          0     87.250  33.775373   996.9748      3.965     -0.586  0.000e+00
      3.922    30.7959   0.446022     2.1047     2.0637     2.2829          0     87.500  33.775376   996.9951      3.901     -0.610  0.000e+00
      3.814    30.7953   0.447497     2.1121     2.0053     2.2852          0     87.750  33.775379   997.0003      3.793     -0.602  0.000e+00
      3.717    30.7946   0.450696     2.1282     1.9571     2.2875          0     88.000  33.775382   997.0120      3.697     -0.584  0.000e+00
      3.652    30.7938   0.462344     2.1867     1.9945     2.2036          0     88.250  33.775385   997.0556      3.632     -0.539  0.000e+00
      3.587    30.7929   0.463766     2.1939     1.9631     2.1937          0     88.500  33.775388   997.0609      3.567     -0.469  0.000e+00
      3.403    30.7916   0.469567     2.2231     1.9140     2.1937          0     88.750  33.775391   997.0823      3.385     -0.420  0.000e+00
      3.252    30.7911   0.477882     2.2650     1.8979     2.2066          0     89.000  33.775394   997.1129      3.234     -0.406  0.000e+00
      3.144    30.7956   0.491841     2.3352     1.8719     1.9838          0     89.250  33.775396   997.1633      3.127     -0.422  0.000e+00
      2.993    30.8018   0.500502     2.3786     1.8859     1.9915          0     89.500  33.775399   997.1931      2.976     -0.461  0.000e+00
      2.841    30.8097   0.504325     2.3976     1.9071     1.9899          0     89.750  33.775402   997.2041      2.826     -0.494  0.000e+00
      2.744    30.8160   0.515392     2.4533     1.9054     1.9892          0     90.000  33.775405   997.2431      2.729     -0.518  0.000e+00
      2.646    30.8151   0.521663     2.4851     1.8434     1.9907          0     90.250  33.775408   997.2667      2.632     -0.529  0.000e+00
      2.538    30.8133   0.523742     2.4958     2.0156     1.9358          0     90.500  33.775411   997.2747      2.524     -0.519  0.000e+00
      2.463    30.8157   0.527427     2.5143     2.0111     1.9297          0     90.750  33.775414   997.2874      2.449     -0.477  0.000e+00
      2.419    30.8153   0.531608     2.5356     2.0163     1.9320          0     91.000  33.775417   997.3031      2.406     -0.432  0.000e+00
      2.419    30.8126   0.533573     2.5457     2.0905     1.9312          0     91.250  33.775420   997.3115      2.406     -0.372  0.000e+00
      2.419    30.8111   0.536035     2.5583     2.3502     2.0311          0     91.500  33.775422   997.3213      2.406     -0.293  0.000e+00
      2.409    30.8106   0.538628     2.5715     2.4269     2.0296          0     91.750  33.775425   997.3313      2.395     -0.218  0.000e+00
      2.441    30.8093   0.541811     2.5877     2.4004     2.0327          0     92.000  33.775428   997.3439      2.427     -0.147  0.000e+00
      2.441    30.8079   0.544774     2.6029     2.4185     2.0334          0     92.250  33.775431   997.3556      2.427     -0.082  0.000e+00
      2.462    30.8072   0.547520     2.6169     2.3436     2.0693          0     92.500  33.775434   997.3664      2.449     -0.022  0.000e+00
      2.430    30.8066   0.553900     2.6494     2.1668     2.0693          0     92.750  33.775437   997.3906      2.417      0.004  0.000e+00
      2.451    30.8085   0.564319     2.7024     1.9681     2.0624          0     93.000  33.775440   997.4296      2.438      0.019  0.000e+00
      2.441    30.8119   0.572933     2.7462     1.8705     2.0617          0     93.250  33.775443   997.4611      2.427      0.016  0.000e+00
      2.354    30.8145   0.576143     2.7625     1.8022     2.0495          0     93.500  33.775446   997.4720      2.341     -0.010  0.000e+00
      2.170    30.8163   0.580345     2.7839     1.8359     2.0426          0     93.750  33.775448   997.4865      2.158     -0.082  0.000e+00
      1.954    30.8163   0.590568     2.8362     1.8280     2.0434          0     94.000  33.775451   997.5245      1.943     -0.198  0.000e+00
      1.792    30.8150   0.604193     2.9061     1.8920     2.0464          0     94.250  33.775454   997.5762      1.782     -0.316  0.000e+00
      1.641    30.8134   0.635767     3.0685     1.9497     2.0510          0     94.500  33.775457   997.6969      1.632     -0.431  0.000e+00
      1.511    30.8122   0.638229     3.0813     1.9332     1.9373          0     94.750  33.775460   997.7061      1.503     -0.520  0.000e+00
      1.370    30.8118   0.665405     3.2217     1.9382     1.9335          0     95.000  33.775463   997.8100      1.363     -0.595  0.000e+00
      1.241    30.8108   0.674501     3.2688     1.9333     1.9312          0     95.250  33.775466   997.8448      1.234     -0.626  0.000e+00
      1.079    30.8109   0.711380     3.4602     1.9253     1.9251          0     95.500  33.775469   997.9864      1.073     -0.623  0.000e+00
      1.003    30.8138   0.720333     3.5066     1.9357     1.6001          0     95.750  33.775472   998.0196      0.997     -0.578  0.000e+00
      0.992    30.8164   0.782804     3.8328     1.9603     1.6077          0     96.000  33.775475   998.2613      0.987     -0.507  0.000e+00
      0.960    30.8164   0.813681     3.9950     2.1840     1.6069          0     96.250  33.775477   998.3817      0.954     -0.439  0.000e+00
      0.862    30.8162   0.782513     3.8313     1.1768     1.6085          0     96.500  33.775480   998.2597      0.858     -0.384  0.000e+00
      0.841    30.8178   0.879043     4.3399     0.9965     1.3285          0     96.750  33.775483   998.6371      0.836     -0.324  0.000e+00
      0.819    30.8192   0.944313     4.6867     0.9367     1.3239          0     97.000  33.775486   998.8941      0.815     -0.259  0.000e+00
      0.819    30.8222   1.028113     5.1348     0.9225     1.3247          0     97.250  33.775489   999.2260      0.815     -0.194  0.000e+00
      0.798    30.8245   1.049181     5.2479     0.9596     1.3262          0     97.500  33.775492   999.3092      0.793     -0.143  0.000e+00
      0.744    30.8257   1.052969     5.2681     1.0545     1.3224          0     97.750  33.775495   999.3236      0.740     -0.130  0.000e+00
      0.527    30.8265   1.015301     5.0656     1.8497     1.2110          0     98.000  33.775498   999.1720      0.524     -0.177  0.000e+00
      0.290    30.8295   1.134068     5.7058     3.0589     1.2026          0     98.250  33.775501   999.6454      0.288     -0.260  0.000e+00
      0.127    30.8320   1.269887     6.4458     3.4752     1.2079          0     98.500  33.775503  1000.1931      0.127     -0.350  0.000e+00
      0.073    30.8332   1.103859     5.5419     3.4544     1.2079          0     98.750  33.775506   999.5215      0.073     -0.432  0.000e+00
      0.073    30.8330   0.521071     2.4813     3.3495     1.8015          0     99.000  33.775509   997.2468      0.073     -0.468  0.000e+00
      0.106    30.8243   0.223795     1.0154     2.7115     1.7992          0     99.250  33.775512   996.1572      0.105     -0.451  0.000e+00
      0.084    30.7966   0.177528     0.7969     2.4951     1.8038          0     99.500  33.775515   996.0025      0.084     -0.393  0.000e+00
      0.084    30.7594   0.160177     0.7162     2.3130     1.7946          0     99.750  33.775518   995.9537      0.084     -0.293  0.000e+00
      0.063    30.7279   0.153093     0.6836     1.9238    -0.0952          0    100.000  33.775521   995.9390      0.062     -0.169  0.000e+00
      0.073    30.6969   0.154445     0.6903     1.8806    -0.0983          0    100.250  33.775524   995.9537      0.073     -0.068  0.000e+00
      0.073    30.6652   0.157249     0.7039     2.0013    -0.0914          0    100.500  33.775527   995.9736      0.073     -0.017  0.000e+00
