content/post/ctd_rufiji/SBE19plus_01906740_2018_02_13_0938.cnv
* Sea-Bird SBE19plus  Data File:
* FileName = C:\Users\all user\Desktop\CTD tafiri 2018\SBE19plus_01906740_2018_02_13_0938.hex
* Software version 2.6.3.104
* Temperature SN = 6740
* Conductivity SN = 6740
* System UpLoad Time = Feb 13 2018 14:06:36
* <ApplicationData>
* <Seaterm232>
# nquan = 13
# nvalues = 283                                   
# units = specified
# name 0 = prdM: Pressure, Strain Gauge [db]
# name 1 = tv290C: Temperature [ITS-90, deg C]
# name 2 = c0S/m: Conductivity [S/m]
# name 3 = sal00: Salinity, Practical [PSU]
# name 4 = sbeox0ML/L: Oxygen, SBE 43 [ml/l]
# name 5 = flECO-AFL: Fluorescence, WET Labs ECO-AFL/FL [mg/m^3]
# name 6 = nbf: Bottles Fired
# name 7 = timeS: Time, Elapsed [seconds]
# name 8 = timeJ: Julian Days
# name 9 = density00: Density [density, kg/m^3]
# name 10 = depSM: Depth [salt water, m], lat = 0.00
# name 11 = dz/dtM: Descent Rate [m/s]
# name 12 = flag:  0.000e+00
# span 0 =      0.190,      1.476                 
# span 1 =    28.3606,    29.6612                 
# span 2 =   0.023403,   1.153909                 
# span 3 =     0.1055,     5.9530                 
# span 4 =     1.7666,     3.6988                 
# span 5 =    -0.4431,     1.9381                 
# span 6 =          0,          0                 
# span 7 =      0.000,     70.500                 
# span 8 =  34.448924,  34.449740                 
# span 9 =   996.0095,  1000.2005                 
# span 10 =      0.188,      1.468                
# span 11 =     -0.457,      0.359                
# span 12 = 0.0000e+00, 0.0000e+00                
# interval = seconds: 0.25
# start_time = Feb 03 2018 10:46:27 [Instrument's time stamp, header]
# bad_flag = -9.990e-29
*END*
      0.276    28.3606   0.026728     0.1215     3.5477    -0.4355          0      0.000  34.448924   996.2249      0.275 -1.053e-16  0.000e+00
      0.330    28.4683   0.029233     0.1323     3.5716    -0.4370          0      0.250  34.448927   996.2022      0.329      0.014  0.000e+00
      0.352    28.7973   0.025988     0.1173     3.5732    -0.4431          0      0.500  34.448929   996.0956      0.350      0.031  0.000e+00
      0.428    29.0626   0.023403     0.1055     3.5925    -0.4362          0      0.750  34.448932   996.0095      0.425      0.063  0.000e+00
      0.482    29.1940   0.397012     1.9209     3.5642     0.8875          0      1.000  34.448935   997.3300      0.479      0.099  0.000e+00
      0.503    29.3174   0.155388     0.7140     3.5987     0.8913          0      1.250  34.448938   996.3910      0.500      0.127  0.000e+00
      0.536    29.4017   0.373539     1.7932     3.5725     0.8974          0      1.500  34.448941   997.1730      0.533      0.148  0.000e+00
      0.536    29.4421   0.402776     1.9408     3.5782     0.8936          0      1.750  34.448944   997.2711      0.533      0.153  0.000e+00
      0.557    29.4630   0.419929     2.0277     3.5732     1.9205          0      2.000  34.448947   997.3298      0.554      0.146  0.000e+00
      0.611    29.4774   0.765822     3.8461     3.5410     1.9198          0      2.250  34.448950   998.6813      0.608      0.134  0.000e+00
      0.644    29.4949   0.517124     2.5282     3.5744     1.9190          0      2.500  34.448953   997.6940      0.640      0.127  0.000e+00
      0.665    29.5094   0.626229     3.0996     3.5627     1.9251          0      2.750  34.448955   998.1158      0.662      0.112  0.000e+00
      0.719    29.5196   0.841437     4.2507     3.5548     1.8992          0      3.000  34.448958   998.9704      0.715      0.115  0.000e+00
      0.763    29.5230   0.904430     4.5928     3.5343     1.8992          0      3.250  34.448961   999.2242      0.759      0.129  0.000e+00
      0.795    29.5335   0.912923     4.6381     3.5449     1.8976          0      3.500  34.448964   999.2549      0.791      0.140  0.000e+00
      0.817    29.5530   0.886793     4.4940     3.5547     1.8931          0      3.750  34.448967   999.1418      0.812      0.148  0.000e+00
      0.817    29.5665   0.868566     4.3937     3.5606     1.8969          0      4.000  34.448970   999.0631      0.812      0.137  0.000e+00
      0.817    29.5619   0.861763     4.3572     3.5769     1.8618          0      4.250  34.448973   999.0373      0.812      0.115  0.000e+00
      0.838    29.5399   0.888728     4.5057     3.5878     1.8633          0      4.500  34.448976   999.1546      0.834      0.099  0.000e+00
      0.871    29.5239   0.909659     4.6212     3.5883     1.8610          0      4.750  34.448979   999.2456      0.866      0.087  0.000e+00
      0.914    29.5241   0.919898     4.6771     3.5886     1.8602          0      5.000  34.448981   999.2873      0.909      0.079  0.000e+00
      0.936    29.5402   0.927833     4.7189     3.5980     1.8694          0      5.250  34.448984   999.3136      0.930      0.079  0.000e+00
      0.968    29.5598   0.935040     4.7563     3.6069     1.8702          0      5.500  34.448987   999.3357      0.963      0.086  0.000e+00
      1.001    29.5785   0.936083     4.7602     3.5877     1.8663          0      5.750  34.448990   999.3330      0.995      0.100  0.000e+00
      1.033    29.5912   0.936316     4.7603     3.5759     1.8740          0      6.000  34.448993   999.3293      1.027      0.116  0.000e+00
      1.022    29.5982   0.940831     4.7843     3.5710     1.8213          0      6.250  34.448996   999.3450      1.016      0.115  0.000e+00
      1.044    29.6024   0.945576     4.8098     3.5780     1.8152          0      6.500  34.448999   999.3628      1.038      0.105  0.000e+00
      1.087    29.6053   0.947622     4.8207     3.5844     1.8221          0      6.750  34.449002   999.3703      1.081      0.099  0.000e+00
      1.076    29.6086   0.949933     4.8330     3.5902     1.8274          0      7.000  34.449005   999.3783      1.070      0.085  0.000e+00
      1.087    29.6123   0.954709     4.8587     3.5829     1.8274          0      7.250  34.449008   999.3964      1.081      0.074  0.000e+00
      1.098    29.6168   0.957213     4.8720     3.6042     1.8221          0      7.500  34.449010   999.4050      1.092      0.062  0.000e+00
      1.098    29.6190   0.961208     4.8936     3.6214     1.8259          0      7.750  34.449013   999.4204      1.092      0.050  0.000e+00
      1.098    29.6210   0.965228     4.9154     3.6324     1.8236          0      8.000  34.449016   999.4360      1.092      0.040  0.000e+00
      1.109    29.6230   0.966728     4.9234     3.6263     1.8251          0      8.250  34.449019   999.4414      1.102      0.037  0.000e+00
      1.130    29.6252   0.967285     4.9262     3.6296     1.8412          0      8.500  34.449022   999.4429      1.124      0.031  0.000e+00
      1.141    29.6284   0.966654     4.9225     3.6382     1.8374          0      8.750  34.449025   999.4392      1.135      0.028  0.000e+00
      1.173    29.6315   0.965809     4.9175     3.6467     1.8320          0      9.000  34.449028   999.4347      1.167      0.042  0.000e+00
      1.195    29.6320   0.964869     4.9123     3.6446     1.8389          0      9.250  34.449031   999.4308      1.188      0.052  0.000e+00
      1.227    29.6309   0.965867     4.9179     3.6429     1.8374          0      9.500  34.449034   999.4354      1.221      0.066  0.000e+00
      1.227    29.6308   0.966196     4.9197     3.6513     1.8389          0      9.750  34.449036   999.4368      1.221      0.075  0.000e+00
      1.249    29.6324   0.967054     4.9243     3.6527     1.8404          0     10.000  34.449039   999.4398      1.242      0.081  0.000e+00
      1.227    29.6343   0.967936     4.9289     3.6509     1.8351          0     10.250  34.449042   999.4425      1.221      0.071  0.000e+00
      1.217    29.6354   0.971946     4.9507     3.6463     1.8259          0     10.500  34.449045   999.4584      1.210      0.053  0.000e+00
      1.227    29.6353   0.978895     4.9888     3.6522     1.8229          0     10.750  34.449048   999.4868      1.221      0.037  0.000e+00
      1.227    29.6353   0.985433     5.0246     3.6639     1.8274          0     11.000  34.449051   999.5135      1.221      0.019  0.000e+00
      1.217    29.6342   0.989556     5.0473     3.6607     1.8274          0     11.250  34.449054   999.5307      1.210      0.004  0.000e+00
      1.227    29.6331   0.992505     5.0636     3.6709     1.8488          0     11.500  34.449057   999.5432      1.221     -0.005  0.000e+00
      1.217    29.6323   0.996577     5.0861     3.6809     1.8488          0     11.750  34.449060   999.5601      1.210     -0.008  0.000e+00
      1.227    29.6319   1.000075     5.1053     3.6924     1.8488          0     12.000  34.449062   999.5745      1.221     -0.007  0.000e+00
      1.217    29.6322   1.000637     5.1083     3.6988     1.8496          0     12.250  34.449065   999.5767      1.210     -0.002  0.000e+00
      1.217    29.6315   0.994991     5.0774     3.6976     1.8503          0     12.500  34.449068   999.5539      1.210     -0.002  0.000e+00
      1.217    29.6284   0.988267     5.0409     3.6899     1.8389          0     12.750  34.449071   999.5276      1.210     -0.005  0.000e+00
      1.238    29.6278   0.984870     5.0223     3.6780     1.8366          0     13.000  34.449074   999.5141      1.232      0.001  0.000e+00
      1.249    29.6284   0.982908     5.0115     3.6752     1.8305          0     13.250  34.449077   999.5059      1.242      0.010  0.000e+00
      1.249    29.6289   0.983930     5.0170     3.6641     1.8412          0     13.500  34.449080   999.5099      1.242      0.014  0.000e+00
      1.238    29.6271   0.989826     5.0495     3.6664     1.8534          0     13.750  34.449083   999.5346      1.232      0.016  0.000e+00
      1.249    29.6246   0.999639     5.1037     3.6721     1.8457          0     14.000  34.449086   999.5756      1.242      0.017  0.000e+00
      1.217    29.6236   1.005849     5.1379     3.6820     1.8450          0     14.250  34.449089   999.6013      1.210      0.010  0.000e+00
      1.228    29.6244   1.013807     5.1815     3.6941     1.8442          0     14.500  34.449091   999.6335      1.221      0.004  0.000e+00
      1.238    29.6261   1.023185     5.2329     3.6740     1.8358          0     14.750  34.449094   999.6713      1.232     -0.001  0.000e+00
      1.260    29.6289   1.030252     5.2715     3.6430     1.8351          0     15.000  34.449097   999.6992      1.253     -0.001  0.000e+00
      1.260    29.6318   1.036622     5.3063     3.5887     1.8297          0     15.250  34.449100   999.7242      1.253      0.004  0.000e+00
      1.249    29.6334   1.042489     5.3384     3.5269     1.8335          0     15.500  34.449103   999.7476      1.242      0.007  0.000e+00
      1.260    29.6352   1.047154     5.3639     3.4381     1.8526          0     15.750  34.449106   999.7661      1.253      0.014  0.000e+00
      1.238    29.6373   1.052497     5.3931     3.3463     1.8587          0     16.000  34.449109   999.7871      1.232      0.010  0.000e+00
      1.238    29.6393   1.056967     5.4176     3.2581     1.8595          0     16.250  34.449112   999.8047      1.232      0.010  0.000e+00
      1.238    29.6404   1.056107     5.4127     3.1781     1.8602          0     16.500  34.449115   999.8007      1.232      0.000  0.000e+00
      1.238    29.6401   1.053916     5.4007     3.1291     1.8587          0     16.750  34.449117   999.7918      1.232     -0.008  0.000e+00
      1.260    29.6392   1.056436     5.4147     3.0832     1.8961          0     17.000  34.449120   999.8026      1.253     -0.007  0.000e+00
      1.249    29.6389   1.056394     5.4145     3.0403     1.8923          0     17.250  34.449123   999.8025      1.242     -0.004  0.000e+00
      1.260    29.6395   1.059294     5.4304     3.0171     1.8938          0     17.500  34.449126   999.8142      1.253      0.004  0.000e+00
      1.260    29.6404   1.062112     5.4458     2.9951     1.8946          0     17.750  34.449129   999.8254      1.253      0.007  0.000e+00
      1.271    29.6408   1.062741     5.4493     2.9697     1.8725          0     18.000  34.449132   999.8279      1.264      0.017  0.000e+00
      1.249    29.6402   1.062475     5.4479     2.9448     1.8732          0     18.250  34.449135   999.8270      1.242      0.012  0.000e+00
      1.238    29.6396   1.062184     5.4463     2.9233     1.8717          0     18.500  34.449138   999.8260      1.232      0.004  0.000e+00
      1.249    29.6391   1.062433     5.4478     2.8944     1.8679          0     18.750  34.449141   999.8272      1.242     -0.001  0.000e+00
      1.271    29.6391   1.061243     5.4412     2.8602     1.8663          0     19.000  34.449144   999.8224      1.264     -0.001  0.000e+00
      1.260    29.6400   1.061563     5.4429     2.8184     1.8663          0     19.250  34.449146   999.8233      1.253      0.001  0.000e+00
      1.228    29.6410   1.062027     5.4453     2.7866     1.8686          0     19.500  34.449149   999.8247      1.221     -0.009  0.000e+00
      1.271    29.6413   1.064653     5.4598     2.7588     1.8709          0     19.750  34.449152   999.8356      1.264     -0.002  0.000e+00
      1.249    29.6405   1.068544     5.4813     2.7375     1.8709          0     20.000  34.449155   999.8518      1.242     -0.002  0.000e+00
      1.271    29.6398   1.072565     5.5036     2.7109     1.8435          0     20.250  34.449158   999.8687      1.264      0.008  0.000e+00
      1.260    29.6400   1.075506     5.5199     2.6868     1.8488          0     20.500  34.449161   999.8806      1.253      0.008  0.000e+00
      1.282    29.6404   1.077738     5.5321     2.6694     1.8488          0     20.750  34.449164   999.8897      1.274      0.009  0.000e+00
      1.271    29.6408   1.079060     5.5394     2.6491     1.8503          0     21.000  34.449167   999.8949      1.264      0.009  0.000e+00
      1.249    29.6412   1.080263     5.5460     2.6333     1.8778          0     21.250  34.449170   999.8996      1.242      0.008  0.000e+00
      1.260    29.6416   1.081963     5.5554     2.6172     1.8862          0     21.500  34.449172   999.9065      1.253      0.008  0.000e+00
      1.271    29.6422   1.083231     5.5623     2.6036     1.8808          0     21.750  34.449175   999.9115      1.264     -0.000  0.000e+00
      1.271    29.6431   1.084817     5.5710     2.5918     1.8831          0     22.000  34.449178   999.9177      1.264      0.004  0.000e+00
      1.249    29.6438   1.086778     5.5817     2.5823     1.8587          0     22.250  34.449181   999.9254      1.242     -0.006  0.000e+00
      1.238    29.6445   1.089385     5.5961     2.5740     1.8602          0     22.500  34.449184   999.9358      1.232     -0.011  0.000e+00
      1.249    29.6451   1.091909     5.6100     2.5669     1.8625          0     22.750  34.449187   999.9460      1.242     -0.014  0.000e+00
      1.271    29.6453   1.093843     5.6206     2.5576     1.8534          0     23.000  34.449190   999.9540      1.264     -0.004  0.000e+00
      1.271    29.6450   1.095429     5.6295     2.5548     1.8923          0     23.250  34.449193   999.9606      1.264      0.003  0.000e+00
      1.271    29.6449   1.096263     5.6341     2.5389     1.8992          0     23.500  34.449196   999.9641      1.264      0.003  0.000e+00
      1.260    29.6448   1.097016     5.6383     2.5243     1.8976          0     23.750  34.449198   999.9672      1.253      0.002  0.000e+00
      1.260    29.6447   1.097765     5.6424     2.5071     1.8992          0     24.000  34.449201   999.9703      1.253      0.005  0.000e+00
      1.271    29.6444   1.097416     5.6405     2.4957     1.8892          0     24.250  34.449204   999.9691      1.264      0.011  0.000e+00
      1.271    29.6441   1.097829     5.6428     2.4834     1.8618          0     24.500  34.449207   999.9709      1.264      0.011  0.000e+00
      1.271    29.6435   1.097799     5.6427     2.4723     1.8633          0     24.750  34.449210   999.9710      1.264      0.005  0.000e+00
      1.260    29.6433   1.096540     5.6358     2.4663     1.8519          0     25.000  34.449213   999.9658      1.253     -0.002  0.000e+00
      1.292    29.6435   1.097114     5.6390     2.4639     1.8610          0     25.250  34.449216   999.9683      1.285      0.006  0.000e+00
      1.260    29.6440   1.101090     5.6609     2.4541     1.8793          0     25.500  34.449219   999.9843      1.253      0.004  0.000e+00
      1.271    29.6449   1.104409     5.6792     2.4436     1.8839          0     25.750  34.449222   999.9977      1.264      0.005  0.000e+00
      1.260    29.6455   1.106750     5.6921     2.4405     1.8808          0     26.000  34.449225  1000.0070      1.253     -0.000  0.000e+00
      1.271    29.6456   1.107718     5.6974     2.4360     1.8839          0     26.250  34.449227  1000.0110      1.264     -0.002  0.000e+00
      1.271    29.6455   1.108499     5.7018     2.4272     1.8976          0     26.500  34.449230  1000.0143      1.264     -0.001  0.000e+00
      1.260    29.6448   1.105415     5.6848     2.4121     1.8984          0     26.750  34.449233  1000.0018      1.253     -0.004  0.000e+00
      1.238    29.6425   1.099085     5.6500     2.3969     1.8908          0     27.000  34.449236   999.9765      1.232     -0.011  0.000e+00
      1.260    29.6398   1.103608     5.6753     2.3825     1.8961          0     27.250  34.449239   999.9963      1.253     -0.014  0.000e+00
      1.249    29.6383   1.108363     5.7018     2.3659     1.8641          0     27.500  34.449242  1000.0164      1.242     -0.009  0.000e+00
