content/post/ctd_rufiji/SBE19plus_01906740_2018_02_13_0920.cnv
* Sea-Bird SBE19plus  Data File:
* FileName = C:\Users\all user\Desktop\CTD tafiri 2018\SBE19plus_01906740_2018_02_13_0920.hex
* Software version 2.6.3.104
* Temperature SN = 6740
* Conductivity SN = 6740
* System UpLoad Time = Feb 13 2018 14:03:50
* <ApplicationData>
* <Seaterm232>
# nquan = 13
# nvalues = 293                                   
# units = specified
# name 0 = prdM: Pressure, Strain Gauge [db]
# name 1 = tv290C: Temperature [ITS-90, deg C]
# name 2 = c0S/m: Conductivity [S/m]
# name 3 = sal00: Salinity, Practical [PSU]
# name 4 = sbeox0ML/L: Oxygen, SBE 43 [ml/l]
# name 5 = flECO-AFL: Fluorescence, WET Labs ECO-AFL/FL [mg/m^3]
# name 6 = nbf: Bottles Fired
# name 7 = timeS: Time, Elapsed [seconds]
# name 8 = timeJ: Julian Days
# name 9 = density00: Density [density, kg/m^3]
# name 10 = depSM: Depth [salt water, m], lat = 0.00
# name 11 = dz/dtM: Descent Rate [m/s]
# name 12 = flag:  0.000e+00
# span 0 =      0.186,      4.369                 
# span 1 =    29.7190,    30.1874                 
# span 2 =   0.005015,   0.033547                 
# span 3 =     0.0292,     0.1479                 
# span 4 =     1.9238,     3.5342                 
# span 5 =    -0.0357,     1.9541                 
# span 6 =          0,          0                 
# span 7 =      0.000,     73.000                 
# span 8 =  34.394352,  34.395197                 
# span 9 =   995.6670,   995.8313                 
# span 10 =      0.185,      4.345                
# span 11 =     -0.505,      0.515                
# span 12 = 0.0000e+00, 0.0000e+00                
# interval = seconds: 0.25
# start_time = Feb 03 2018 09:27:52 [Instrument's time stamp, header]
# bad_flag = -9.990e-29
*END*
[from data line 112]
      1.094    30.0819   0.024807     0.1097     2.2021     1.6848          0     28.000  34.394676   995.7115      1.088     -0.020  0.000e+00
      1.115    30.0752   0.024861     0.1099     2.2083     1.6825          0     28.250  34.394679   995.7138      1.109     -0.009  0.000e+00
      1.083    30.0676   0.024921     0.1102     2.2009     1.6771          0     28.500  34.394682   995.7161      1.077     -0.018  0.000e+00
      1.094    30.0618   0.025032     0.1107     2.2092     1.6787          0     28.750  34.394685   995.7183      1.088     -0.016  0.000e+00
      1.104    30.0579   0.025199     0.1114     2.2025     1.6794          0     29.000  34.394688   995.7201      1.098     -0.009  0.000e+00
      1.093    30.0522   0.025334     0.1120     2.2044     1.6733          0     29.250  34.394690   995.7222      1.087     -0.003  0.000e+00
      1.083    30.0463   0.025415     0.1123     2.2030     1.6832          0     29.500  34.394693   995.7242      1.077     -0.005  0.000e+00
      1.093    30.0412   0.025511     0.1127     2.1993     1.6573          0     29.750  34.394696   995.7261      1.087     -0.007  0.000e+00
      1.104    30.0367   0.025661     0.1134     2.1910     1.6489          0     30.000  34.394699   995.7280      1.098     -0.002  0.000e+00
      1.061    30.0308   0.025874     0.1143     2.1760     1.6581          0     30.250  34.394702   995.7303      1.055     -0.012  0.000e+00
      1.072    30.0239   0.026077     0.1152     2.1808     1.6619          0     30.500  34.394705   995.7330      1.066     -0.009  0.000e+00
      1.061    30.0173   0.026209     0.1158     2.1764     1.6810          0     30.750  34.394708   995.7354      1.055     -0.018  0.000e+00
      1.083    30.0110   0.026335     0.1163     2.1887     1.6817          0     31.000  34.394711   995.7379      1.077     -0.016  0.000e+00
      1.094    30.0054   0.026479     0.1169     2.1821     1.6817          0     31.250  34.394714   995.7401      1.088     -0.006  0.000e+00
      1.083    30.0001   0.026617     0.1175     2.1867     1.6893          0     31.500  34.394716   995.7421      1.077     -0.003  0.000e+00
      1.094    29.9955   0.026683     0.1178     2.1733     1.6810          0     31.750  34.394719   995.7437      1.088      0.001  0.000e+00
      1.104    29.9898   0.026782     0.1183     2.1794     1.6802          0     32.000  34.394722   995.7458      1.098      0.010  0.000e+00
      1.104    29.9847   0.026770     0.1182     2.1999     1.6825          0     32.250  34.394725   995.7473      1.098      0.022  0.000e+00
      1.115    29.9807   0.026590     0.1175     2.1939     1.6916          0     32.500  34.394728   995.7480      1.109      0.023  0.000e+00
      1.137    29.9772   0.026254     0.1160     2.1829     1.6840          0     32.750  34.394731   995.7481      1.131      0.029  0.000e+00
      1.137    29.9746   0.026149     0.1156     2.1740     1.6794          0     33.000  34.394734   995.7485      1.130      0.028  0.000e+00
      1.115    29.9727   0.026314     0.1163     2.1621     1.6764          0     33.250  34.394737   995.7496      1.109      0.023  0.000e+00
      1.115    29.9699   0.026857     0.1186     2.1481     1.6756          0     33.500  34.394740   995.7521      1.109      0.019  0.000e+00
      1.126    29.9670   0.026998     0.1192     2.1612     1.6855          0     33.750  34.394742   995.7535      1.120      0.014  0.000e+00
      1.137    29.9647   0.027151     0.1199     2.1557     1.6619          0     34.000  34.394745   995.7548      1.130      0.011  0.000e+00
      1.126    29.9626   0.027283     0.1205     2.1412     1.6604          0     34.250  34.394748   995.7558      1.120      0.007  0.000e+00
      1.137    29.9602   0.027375     0.1209     2.1548     1.6542          0     34.500  34.394751   995.7568      1.130      0.004  0.000e+00
      1.137    29.9589   0.027477     0.1213     2.1493     1.6535          0     34.750  34.394754   995.7576      1.130      0.003  0.000e+00
      1.126    29.9577   0.027510     0.1214     2.1751     1.6459          0     35.000  34.394757   995.7580      1.120      0.004  0.000e+00
      1.115    29.9566   0.027597     0.1218     2.1506     1.6474          0     35.250  34.394760   995.7585      1.109      0.004  0.000e+00
      1.126    29.9569   0.027651     0.1220     2.1219     1.6443          0     35.500  34.394763   995.7587      1.120     -0.000  0.000e+00
      1.115    29.9602   0.027723     0.1223     2.1210     1.6390          0     35.750  34.394766   995.7579      1.109     -0.007  0.000e+00
      1.137    29.9643   0.027786     0.1226     2.1127     1.6672          0     36.000  34.394769   995.7569      1.131     -0.005  0.000e+00
      1.148    29.9648   0.027819     0.1227     2.1130     1.6764          0     36.250  34.394771   995.7569      1.141      0.003  0.000e+00
      1.169    29.9643   0.027834     0.1228     2.1220     1.6710          0     36.500  34.394774   995.7572      1.163      0.012  0.000e+00
      1.115    29.9680   0.027786     0.1226     2.1182     1.6665          0     36.750  34.394777   995.7557      1.109      0.008  0.000e+00
      1.018    29.9751   0.027756     0.1225     2.1004     1.6787          0     37.000  34.394780   995.7530      1.012     -0.021  0.000e+00
      0.910    29.9833   0.027510     0.1214     1.9850     1.6642          0     37.250  34.394783   995.7493      0.905     -0.074  0.000e+00
      0.878    29.9929   0.027235     0.1202     2.0339     1.6604          0     37.500  34.394786   995.7453      0.873     -0.125  0.000e+00
      0.802    30.0032   0.027211     0.1201     2.0923     1.6550          0     37.750  34.394789   995.7418      0.798     -0.177  0.000e+00
      0.780    30.0098   0.027190     0.1200     2.1211     1.6596          0     38.000  34.394792   995.7396      0.776     -0.217  0.000e+00
      0.748    30.0143   0.027154     0.1198     2.0993     1.6306          0     38.250  34.394795   995.7380      0.744     -0.236  0.000e+00
      0.694    30.0167   0.027118     0.1196     2.1533     1.6405          0     38.500  34.394797   995.7369      0.690     -0.239  0.000e+00
      0.661    30.0192   0.027046     0.1193     2.1641     1.6321          0     38.750  34.394800   995.7358      0.658     -0.214  0.000e+00
      0.650    30.0263   0.026932     0.1188     2.1636     1.6405          0     39.000  34.394803   995.7332      0.647     -0.176  0.000e+00
      0.651    30.0362   0.026920     0.1188     2.1771     1.6436          0     39.250  34.394806   995.7301      0.647     -0.139  0.000e+00
      0.672    30.0390   0.026908     0.1187     2.1421     1.6344          0     39.500  34.394809   995.7293      0.668     -0.108  0.000e+00
      0.748    30.0432   0.026848     0.1184     2.1058     1.6382          0     39.750  34.394812   995.7282      0.744     -0.052  0.000e+00
      0.823    30.0502   0.026836     0.1184     2.0574     1.6306          0     40.000  34.394815   995.7264      0.819      0.008  0.000e+00
      0.931    30.0502   0.026848     0.1184     2.0434     1.7046          0     40.250  34.394818   995.7269      0.926      0.088  0.000e+00
      1.072    30.0494   0.026863     0.1185     2.0337     1.6993          0     40.500  34.394821   995.7278      1.066      0.184  0.000e+00
      1.148    30.0506   0.026776     0.1181     2.0327     1.7099          0     40.750  34.394823   995.7275      1.141      0.262  0.000e+00
      1.202    30.0483   0.026692     0.1178     2.0384     1.7077          0     41.000  34.394826   995.7282      1.195      0.312  0.000e+00
      1.180    30.0408   0.026659     0.1176     2.0517     1.7046          0     41.250  34.394829   995.7303      1.174      0.317  0.000e+00
      1.104    30.0303   0.026788     0.1182     2.0313     1.6832          0     41.500  34.394832   995.7335      1.098      0.267  0.000e+00
      1.050    30.0179   0.027181     0.1199     2.0473     1.6848          0     41.750  34.394835   995.7383      1.045      0.179  0.000e+00
      1.094    30.0063   0.027354     0.1207     2.0640     1.6810          0     42.000  34.394838   995.7426      1.088      0.102  0.000e+00
      1.180    29.9944   0.027157     0.1199     2.0880     1.6794          0     42.250  34.394841   995.7460      1.174      0.051  0.000e+00
      1.256    29.9855   0.027091     0.1196     2.0836     1.6657          0     42.500  34.394844   995.7488      1.249      0.032  0.000e+00
      1.342    29.9806   0.027235     0.1202     2.0951     1.6649          0     42.750  34.394847   995.7511      1.335      0.062  0.000e+00
      1.375    29.9773   0.027372     0.1208     2.0977     1.6626          0     43.000  34.394850   995.7527      1.367      0.107  0.000e+00
      1.407    29.9750   0.027420     0.1210     2.0875     1.6672          0     43.250  34.394852   995.7537      1.399      0.164  0.000e+00
      1.429    29.9726   0.027432     0.1211     2.0820     1.6657          0     43.500  34.394855   995.7546      1.421      0.206  0.000e+00
      1.504    29.9706   0.027393     0.1209     2.1078     1.6527          0     43.750  34.394858   995.7554      1.496      0.226  0.000e+00
      1.526    29.9693   0.027396     0.1209     2.0937     1.6604          0     44.000  34.394861   995.7559      1.518      0.208  0.000e+00
      1.580    29.9676   0.027441     0.1211     2.0663     1.6565          0     44.250  34.394864   995.7568      1.571      0.186  0.000e+00
      1.623    29.9673   0.027360     0.1208     2.0611     1.6542          0     44.500  34.394867   995.7568      1.614      0.172  0.000e+00
      1.677    29.9679   0.027301     0.1205     2.0521     1.6649          0     44.750  34.394870   995.7567      1.668      0.169  0.000e+00
      1.731    29.9687   0.027432     0.1211     2.0339     1.6680          0     45.000  34.394873   995.7571      1.722      0.180  0.000e+00
      1.764    29.9731   0.027483     0.1213     2.0588     1.6695          0     45.250  34.394876   995.7561      1.754      0.185  0.000e+00
      1.775    29.9786   0.027453     0.1212     2.0553     1.6642          0     45.500  34.394878   995.7544      1.765      0.178  0.000e+00
      1.775    29.9806   0.027381     0.1208     2.0518     1.6947          0     45.750  34.394881   995.7535      1.765      0.154  0.000e+00
      1.829    29.9795   0.027250     0.1203     2.0724     1.6916          0     46.000  34.394884   995.7537      1.819      0.146  0.000e+00
      1.840    29.9784   0.027223     0.1202     2.0828     1.6916          0     46.250  34.394887   995.7540      1.830      0.126  0.000e+00
      1.862    29.9773   0.027298     0.1205     2.1458     1.6855          0     46.500  34.394890   995.7546      1.851      0.110  0.000e+00
      1.905    29.9764   0.027477     0.1213     2.1649     1.6871          0     46.750  34.394893   995.7557      1.894      0.100  0.000e+00
      1.916    29.9754   0.027651     0.1220     2.1619     1.6962          0     47.000  34.394896   995.7566      1.905      0.093  0.000e+00
      1.959    29.9750   0.027834     0.1228     2.1520     1.6916          0     47.250  34.394899   995.7575      1.948      0.100  0.000e+00
      1.981    29.9757   0.027918     0.1231     2.1475     1.6901          0     47.500  34.394902   995.7576      1.970      0.108  0.000e+00
      2.056    29.9758   0.027999     0.1235     2.0922     1.7191          0     47.750  34.394905   995.7582      2.045      0.125  0.000e+00
      2.143    29.9756   0.028071     0.1238     2.0435     1.7176          0     48.000  34.394907   995.7589      2.131      0.146  0.000e+00
      2.186    29.9730   0.028128     0.1240     2.1313     1.7145          0     48.250  34.394910   995.7601      2.174      0.173  0.000e+00
      2.240    29.9682   0.028275     0.1247     2.1192     1.7145          0     48.500  34.394913   995.7622      2.228      0.194  0.000e+00
      2.262    29.9601   0.028494     0.1256     2.1130     1.7160          0     48.750  34.394916   995.7655      2.249      0.201  0.000e+00
      2.251    29.9497   0.028695     0.1265     2.1231     1.7023          0     49.000  34.394919   995.7692      2.239      0.193  0.000e+00
      2.283    29.9384   0.028857     0.1272     2.1402     1.7031          0     49.250  34.394922   995.7733      2.271      0.174  0.000e+00
      2.337    29.9277   0.028945     0.1276     2.1396     1.7115          0     49.500  34.394925   995.7771      2.324      0.160  0.000e+00
      2.402    29.9199   0.029071     0.1282     2.1046     1.7061          0     49.750  34.394928   995.7801      2.389      0.145  0.000e+00
      2.499    29.9140   0.029311     0.1292     2.1269     1.7084          0     50.000  34.394931   995.7831      2.486      0.153  0.000e+00
      2.586    29.9090   0.029491     0.1300     2.0860     1.7038          0     50.250  34.394933   995.7856      2.571      0.183  0.000e+00
      2.683    29.9055   0.029626     0.1306     2.0672     1.6993          0     50.500  34.394936   995.7876      2.668      0.224  0.000e+00
      2.769    29.9030   0.029662     0.1308     2.1286     1.7046          0     50.750  34.394939   995.7888      2.754      0.273  0.000e+00
      2.878    29.9004   0.029653     0.1308     2.1188     1.6771          0     51.000  34.394942   995.7901      2.862      0.323  0.000e+00
      2.986    29.8987   0.029683     0.1309     2.0933     1.6802          0     51.250  34.394945   995.7911      2.969      0.357  0.000e+00
      3.094    29.8978   0.029725     0.1311     2.1461     1.6817          0     51.500  34.394948   995.7920      3.077      0.381  0.000e+00
      3.159    29.8967   0.029701     0.1310     2.1835     1.6855          0     51.750  34.394951   995.7926      3.141      0.387  0.000e+00
      3.223    29.8953   0.029692     0.1309     2.2395     1.6840          0     52.000  34.394954   995.7933      3.206      0.377  0.000e+00
      3.321    29.8941   0.029746     0.1312     2.2235     1.6855          0     52.250  34.394957   995.7942      3.302      0.370  0.000e+00
      3.375    29.8930   0.029827     0.1315     2.1961     1.6748          0     52.500  34.394959   995.7951      3.356      0.352  0.000e+00
      3.418    29.8918   0.029944     0.1320     2.2698     1.6756          0     52.750  34.394962   995.7960      3.399      0.326  0.000e+00
      3.515    29.8897   0.030028     0.1324     2.2984     1.6771          0     53.000  34.394965   995.7973      3.496      0.305  0.000e+00
      3.634    29.8874   0.030007     0.1323     2.2291     1.7016          0     53.250  34.394968   995.7985      3.614      0.302  0.000e+00
      3.786    29.8849   0.030007     0.1323     2.1854     1.7061          0     53.500  34.394971   995.8000      3.765      0.325  0.000e+00
      3.937    29.8833   0.029995     0.1323     2.0932     1.7077          0     53.750  34.394974   995.8011      3.915      0.371  0.000e+00
      4.088    29.8825   0.029869     0.1317     2.1526     1.7038          0     54.000  34.394977   995.8016      4.066      0.423  0.000e+00
      4.240    29.8816   0.029629     0.1307     2.1338     1.6916          0     54.250  34.394980   995.8018      4.216      0.475  0.000e+00
      4.315    29.8806   0.029530     0.1303     2.1041     1.6970          0     54.500  34.394983   995.8021      4.292      0.512  0.000e+00
      4.369    29.8804   0.029791     0.1314     2.0918     1.6878          0     54.750  34.394986   995.8032      4.345      0.515  0.000e+00
      4.337    29.8800   0.029977     0.1322     2.0723     1.6909          0     55.000  34.394988   995.8038      4.313      0.457  0.000e+00
      4.337    29.8793   0.030079     0.1326     2.1383     1.7260          0     55.250  34.394991   995.8043      4.313      0.370  0.000e+00
