content/post/ctd_rufiji/SBE19plus_01906740_2018_02_13_0890.cnv
* Sea-Bird SBE19plus  Data File:
* FileName = C:\Users\all user\Desktop\CTD tafiri 2018\SBE19plus_01906740_2018_02_13_0890.hex
* Software version 2.6.3.104
* Temperature SN = 6740
* Conductivity SN = 6740
* System UpLoad Time = Feb 13 2018 13:58:43
* <ApplicationData>
* <Seaterm232>
# nquan = 13
# nvalues = 470                                   
# units = specified
# name 0 = prdM: Pressure, Strain Gauge [db]
# name 1 = tv290C: Temperature [ITS-90, deg C]
# name 2 = c0S/m: Conductivity [S/m]
# name 3 = sal00: Salinity, Practical [PSU]
# name 4 = sbeox0ML/L: Oxygen, SBE 43 [ml/l]
# name 5 = flECO-AFL: Fluorescence, WET Labs ECO-AFL/FL [mg/m^3]
# name 6 = nbf: Bottles Fired
# name 7 = timeS: Time, Elapsed [seconds]
# name 8 = timeJ: Julian Days
# name 9 = density00: Density [density, kg/m^3]
# name 10 = depSM: Depth [salt water, m], lat = 0.00
# name 11 = dz/dtM: Descent Rate [m/s]
# name 12 = flag:  0.000e+00
# span 0 =      0.085,      9.988                 
# span 1 =    29.3521,    30.7822                 
# span 2 =   0.002127,   3.229172                 
# span 3 =     0.0188,    17.8926                 
# span 4 =     1.4642,     3.3838                 
# span 5 =    -0.0433,     2.2425                 
# span 6 =          0,          0                 
# span 7 =      0.000,    117.250                 
# span 8 =  33.742894,  33.744251                 
# span 9 =   995.6690,  1008.8024                 
# span 10 =      0.084,      9.933                
# span 11 =     -0.543,      0.714                
# span 12 = 0.0000e+00, 0.0000e+00                
# interval = seconds: 0.25
# start_time = Feb 02 2018 17:49:46 [Instrument's time stamp, header]
# bad_flag = -9.990e-29
*END*
[from data line 112]
      1.382    30.7589   2.644851    14.3285     2.9231     1.4185          0     28.000  33.743218  1006.0703      1.375     -0.004  0.000e+00
      1.382    30.7605   2.648550    14.3500     2.8133     1.4170          0     28.250  33.743220  1006.0858      1.375      0.002  0.000e+00
      1.382    30.7608   2.649273    14.3542     2.7257     1.4170          0     28.500  33.743223  1006.0888      1.375      0.005  0.000e+00
      1.382    30.7601   2.647530    14.3441     2.6608     1.3811          0     28.750  33.743226  1006.0815      1.375      0.008  0.000e+00
      1.382    30.7592   2.645439    14.3319     2.6226     1.3781          0     29.000  33.743229  1006.0727      1.375      0.007  0.000e+00
      1.382    30.7584   2.642940    14.3174     2.6244     1.3803          0     29.250  33.743232  1006.0622      1.375      0.006  0.000e+00
      1.382    30.7574   2.642710    14.3163     2.6207     1.3796          0     29.500  33.743235  1006.0617      1.375     -0.000  0.000e+00
      1.382    30.7571   2.646655    14.3398     2.6114     1.3597          0     29.750  33.743238  1006.0792      1.375     -0.000  0.000e+00
      1.371    30.7580   2.652986    14.3771     2.5686     1.3666          0     30.000  33.743241  1006.1066      1.364     -0.003  0.000e+00
      1.382    30.7609   2.656679    14.3981     2.5458     1.3712          0     30.250  33.743244  1006.1213      1.375     -0.002  0.000e+00
      1.361    30.7632   2.659031    14.4115     2.5215     1.3620          0     30.500  33.743247  1006.1304      1.353     -0.007  0.000e+00
      1.361    30.7620   2.652717    14.3743     2.5185     1.3529          0     30.750  33.743249  1006.1032      1.353     -0.011  0.000e+00
      1.339    30.7573   2.630362    14.2431     2.4905     1.3483          0     31.000  33.743252  1006.0072      1.332     -0.019  0.000e+00
      1.339    30.7523   2.606995    14.1060     2.4343     1.3536          0     31.250  33.743255  1005.9071      1.331     -0.024  0.000e+00
      1.350    30.7497   2.623978    14.2074     2.4696     1.3582          0     31.500  33.743258  1005.9832      1.342     -0.023  0.000e+00
      1.350    30.7497   2.647978    14.3497     2.4422     1.3887          0     31.750  33.743261  1006.0889      1.342     -0.020  0.000e+00
      1.360    30.7508   2.648460    14.3523     2.4373     1.3903          0     32.000  33.743264  1006.0905      1.353     -0.012  0.000e+00
      1.371    30.7514   2.648567    14.3527     2.4200     1.3887          0     32.250  33.743267  1006.0907      1.364     -0.004  0.000e+00
      1.360    30.7519   2.647709    14.3475     2.4229     1.3887          0     32.500  33.743270  1006.0866      1.353      0.006  0.000e+00
      1.393    30.7518   2.647317    14.3452     2.3764     1.3880          0     32.750  33.743273  1006.0851      1.385      0.018  0.000e+00
      1.371    30.7506   2.640963    14.3079     2.3682     1.3628          0     33.000  33.743275  1006.0576      1.364      0.022  0.000e+00
      1.371    30.7484   2.647922    14.3498     2.3617     1.3689          0     33.250  33.743278  1006.0895      1.364      0.019  0.000e+00
      1.371    30.7459   2.651517    14.3719     2.3356     1.3674          0     33.500  33.743281  1006.1066      1.364      0.013  0.000e+00
      1.350    30.7445   2.652235    14.3765     2.3365     1.3704          0     33.750  33.743284  1006.1105      1.342      0.003  0.000e+00
      1.360    30.7430   2.651124    14.3704     2.3290     1.3643          0     34.000  33.743287  1006.1064      1.353     -0.004  0.000e+00
      1.360    30.7422   2.652667    14.3798     2.3275     1.3689          0     34.250  33.743290  1006.1137      1.353     -0.009  0.000e+00
      1.393    30.7413   2.654412    14.3904     2.3006     1.3712          0     34.500  33.743293  1006.1220      1.385     -0.001  0.000e+00
      1.415    30.7413   2.654597    14.3915     2.2846     1.3659          0     34.750  33.743296  1006.1229      1.407      0.008  0.000e+00
      1.415    30.7416   2.652055    14.3763     2.2710     1.3796          0     35.000  33.743299  1006.1115      1.407      0.024  0.000e+00
      1.404    30.7408   2.645669    14.3386     2.2484     1.3773          0     35.250  33.743302  1006.0838      1.396      0.028  0.000e+00
      1.393    30.7387   2.638180    14.2948     2.1992     1.3727          0     35.500  33.743304  1006.0519      1.385      0.027  0.000e+00
      1.404    30.7353   2.636601    14.2864     2.1622     1.3773          0     35.750  33.743307  1006.0468      1.396      0.028  0.000e+00
      1.404    30.7326   2.639803    14.3062     2.1743     1.3765          0     36.000  33.743310  1006.0623      1.396      0.019  0.000e+00
      1.382    30.7303   2.647653    14.3534     2.1549     1.3796          0     36.250  33.743313  1006.0981      1.375      0.005  0.000e+00
      1.404    30.7291   2.653778    14.3901     2.1264     1.3796          0     36.500  33.743316  1006.1258      1.396     -0.005  0.000e+00
      1.425    30.7291   2.654670    14.3954     2.1035     1.3735          0     36.750  33.743319  1006.1298      1.418     -0.001  0.000e+00
      1.415    30.7294   2.650962    14.3733     2.0862     1.3796          0     37.000  33.743322  1006.1133      1.407      0.004  0.000e+00
      1.415    30.7289   2.647816    14.3548     2.0881     1.3491          0     37.250  33.743325  1006.0997      1.407      0.010  0.000e+00
      1.404    30.7272   2.650866    14.3734     2.1005     1.3391          0     37.500  33.743328  1006.1140      1.396      0.009  0.000e+00
      1.404    30.7250   2.654098    14.3932     2.0798     1.3491          0     37.750  33.743330  1006.1294      1.396      0.005  0.000e+00
      1.404    30.7232   2.655226    14.4004     2.0863     1.3475          0     38.000  33.743333  1006.1354      1.396      0.004  0.000e+00
      1.382    30.7225   2.654687    14.3975     2.0824     1.3575          0     38.250  33.743336  1006.1333      1.375     -0.004  0.000e+00
      1.415    30.7232   2.653868    14.3924     2.0873     1.3491          0     38.500  33.743339  1006.1294      1.407     -0.008  0.000e+00
      1.404    30.7246   2.652555    14.3842     2.0761     1.3498          0     38.750  33.743342  1006.1228      1.396     -0.010  0.000e+00
      1.425    30.7247   2.650659    14.3729     2.0784     1.3529          0     39.000  33.743345  1006.1145      1.418      0.001  0.000e+00
      1.393    30.7237   2.649677    14.3674     2.0523     1.3521          0     39.250  33.743348  1006.1106      1.385     -0.001  0.000e+00
      1.393    30.7217   2.651556    14.3791     2.0501     1.3468          0     39.500  33.743351  1006.1199      1.385     -0.001  0.000e+00
      1.415    30.7196   2.653935    14.3938     2.0346     1.3620          0     39.750  33.743354  1006.1317      1.407      0.003  0.000e+00
      1.425    30.7184   2.654361    14.3967     2.0151     1.3514          0     40.000  33.743356  1006.1342      1.418      0.009  0.000e+00
      1.404    30.7188   2.653705    14.3927     2.0072     1.3552          0     40.250  33.743359  1006.1311      1.396      0.007  0.000e+00
      1.404    30.7194   2.653778    14.3930     2.0041     1.3475          0     40.500  33.743362  1006.1310      1.396     -0.001  0.000e+00
      1.404    30.7194   2.654081    14.3948     1.9992     1.3498          0     40.750  33.743365  1006.1324      1.396     -0.001  0.000e+00
      1.415    30.7186   2.654816    14.3994     2.0045     1.3521          0     41.000  33.743368  1006.1361      1.407      0.000  0.000e+00
      1.415    30.7181   2.655731    14.4049     1.9959     1.3536          0     41.250  33.743371  1006.1404      1.407      0.007  0.000e+00
      1.415    30.7180   2.655871    14.4058     1.9861     1.3521          0     41.500  33.743374  1006.1411      1.407      0.004  0.000e+00
      1.404    30.7193   2.655422    14.4028     1.9733     1.3536          0     41.750  33.743377  1006.1383      1.396     -0.003  0.000e+00
      1.426    30.7209   2.654906    14.3992     1.9788     1.3552          0     42.000  33.743380  1006.1353      1.418      0.002  0.000e+00
      1.415    30.7224   2.654210    14.3947     1.9646     1.3575          0     42.250  33.743383  1006.1314      1.407      0.007  0.000e+00
      1.426    30.7229   2.652863    14.3865     1.9591     1.3666          0     42.500  33.743385  1006.1252      1.418      0.009  0.000e+00
      1.415    30.7221   2.652415    14.3841     1.9616     1.3681          0     42.750  33.743388  1006.1236      1.407      0.006  0.000e+00
      1.404    30.7205   2.653133    14.3888     1.9695     1.3636          0     43.000  33.743391  1006.1276      1.396     -0.001  0.000e+00
      1.415    30.7187   2.653811    14.3934     1.9679     1.3704          0     43.250  33.743394  1006.1316      1.407     -0.001  0.000e+00
      1.415    30.7178   2.654114    14.3954     1.9627     1.3536          0     43.500  33.743397  1006.1334      1.407     -0.001  0.000e+00
      1.415    30.7179   2.653812    14.3936     1.9663     1.3544          0     43.750  33.743400  1006.1320      1.407     -0.001  0.000e+00
      1.404    30.7187   2.653363    14.3907     1.9763     1.3597          0     44.000  33.743403  1006.1296      1.396     -0.007  0.000e+00
      1.404    30.7189   2.652465    14.3853     1.9769     1.3529          0     44.250  33.743406  1006.1255      1.396     -0.007  0.000e+00
      1.414    30.7186   2.650283    14.3724     1.9716     1.3514          0     44.500  33.743409  1006.1161      1.407     -0.005  0.000e+00
      1.404    30.7167   2.648814    14.3642     1.9501     1.3689          0     44.750  33.743411  1006.1106      1.396     -0.003  0.000e+00
      1.414    30.7141   2.647850    14.3593     1.9517     1.3681          0     45.000  33.743414  1006.1078      1.407     -0.000  0.000e+00
      1.425    30.7108   2.647278    14.3568     1.9430     1.3643          0     45.250  33.743417  1006.1071      1.417      0.002  0.000e+00
      1.425    30.7077   2.647099    14.3567     1.9339     1.3712          0     45.500  33.743420  1006.1080      1.417      0.006  0.000e+00
      1.414    30.7047   2.646656    14.3549     1.9372     1.3514          0     45.750  33.743423  1006.1076      1.407      0.007  0.000e+00
      1.436    30.7021   2.646045    14.3520     1.9636     1.3544          0     46.000  33.743426  1006.1064      1.428      0.014  0.000e+00
      1.404    30.6995   2.645098    14.3472     1.9482     1.3559          0     46.250  33.743429  1006.1035      1.396      0.006  0.000e+00
      1.404    30.6970   2.644549    14.3446     1.9495     1.3559          0     46.500  33.743432  1006.1024      1.396     -0.001  0.000e+00
      1.404    30.6951   2.643904    14.3414     1.9542     1.3681          0     46.750  33.743435  1006.1006      1.396     -0.004  0.000e+00
      1.414    30.6929   2.643815    14.3414     1.9602     1.3697          0     47.000  33.743437  1006.1014      1.407     -0.008  0.000e+00
      1.414    30.6911   2.645742    14.3534     1.9688     1.3697          0     47.250  33.743440  1006.1109      1.407     -0.009  0.000e+00
      1.425    30.6902   2.648265    14.3687     1.9550     1.3681          0     47.500  33.743443  1006.1226      1.417     -0.003  0.000e+00
      1.404    30.6911   2.648612    14.3705     1.9860     1.3681          0     47.750  33.743446  1006.1235      1.396     -0.003  0.000e+00
      1.382    30.6929   2.647872    14.3656     1.9830     1.3712          0     48.000  33.743449  1006.1192      1.374     -0.011  0.000e+00
      1.382    30.6935   2.646600    14.3578     2.0054     1.3666          0     48.250  33.743452  1006.1133      1.375     -0.009  0.000e+00
      1.360    30.6921   2.646835    14.3596     1.9103     1.3651          0     48.500  33.743455  1006.1150      1.353     -0.021  0.000e+00
      1.371    30.6897   2.648265    14.3688     1.8632     1.3697          0     48.750  33.743458  1006.1226      1.364     -0.027  0.000e+00
      1.414    30.6891   2.647956    14.3672     1.8534     1.3544          0     49.000  33.743461  1006.1217      1.407     -0.019  0.000e+00
      1.425    30.6895   2.645815    14.3543     1.8215     1.3590          0     49.250  33.743464  1006.1121      1.417     -0.005  0.000e+00
      1.425    30.6877   2.642941    14.3378     1.8387     1.3575          0     49.500  33.743466  1006.1004      1.417      0.008  0.000e+00
      1.414    30.6845   2.640213    14.3225     1.8369     1.3536          0     49.750  33.743469  1006.0901      1.407      0.021  0.000e+00
      1.360    30.6819   2.639837    14.3210     1.8611     1.3529          0     50.000  33.743472  1006.0896      1.353      0.013  0.000e+00
      1.252    30.6806   2.639910    14.3218     1.8926     1.3597          0     50.250  33.743475  1006.0901      1.245     -0.028  0.000e+00
      1.058    30.6802   2.639216    14.3178     1.8879     1.3514          0     50.500  33.743478  1006.0865      1.052     -0.113  0.000e+00
      0.885    30.6779   2.636618    14.3031     1.8641     1.3582          0     50.750  33.743481  1006.0755      0.880     -0.229  0.000e+00
      0.766    30.6572   2.629312    14.2657     1.8506     1.3636          0     51.000  33.743484  1006.0539      0.762     -0.341  0.000e+00
      0.701    30.6106   2.635158    14.3139     1.8840     1.3727          0     51.250  33.743487  1006.1045      0.697     -0.416  0.000e+00
      0.668    30.5654   2.641603    14.3653     2.1688     1.3666          0     51.500  33.743490  1006.1571      0.665     -0.448  0.000e+00
      0.604    30.5550   2.644404    14.3850     1.8344     1.3651          0     51.750  33.743492  1006.1748      0.600     -0.448  0.000e+00
      0.604    30.5678   2.633810    14.3182     1.8215     1.3575          0     52.000  33.743495  1006.1211      0.600     -0.396  0.000e+00
      0.560    30.5845   2.631247    14.2982     1.8015     1.3506          0     52.250  33.743498  1006.1006      0.557     -0.319  0.000e+00
      0.506    30.5984   2.623856    14.2502     2.1947     1.3460          0     52.500  33.743501  1006.0603      0.503     -0.240  0.000e+00
      0.506    30.6056   2.623169    14.2440     1.8446     1.3506          0     52.750  33.743504  1006.0534      0.504     -0.176  0.000e+00
      0.517    30.6091   2.624426    14.2505     1.8162     1.3544          0     53.000  33.743507  1006.0571      0.514     -0.130  0.000e+00
      0.604    30.6083   2.643260    14.3627     1.7810     1.3407          0     53.250  33.743510  1006.1410      0.600     -0.076  0.000e+00
      0.712    30.6099   2.656860    14.4432     1.7665     1.3445          0     53.500  33.743513  1006.2007      0.708     -0.004  0.000e+00
      0.831    30.6175   2.644728    14.3688     1.8427     1.3475          0     53.750  33.743516  1006.1436      0.826      0.089  0.000e+00
      0.917    30.6191   2.608629    14.1537     1.8342     1.3422          0     54.000  33.743519  1005.9838      0.912      0.172  0.000e+00
      1.015    30.6138   2.604148    14.1286     1.8227     1.3765          0     54.250  33.743521  1005.9672      1.009      0.260  0.000e+00
      1.133    30.6079   2.596645    14.0857     1.8169     1.3750          0     54.500  33.743524  1005.9379      1.127      0.337  0.000e+00
      1.242    30.6038   2.567924    13.9164     1.9114     1.3796          0     54.750  33.743527  1005.8140      1.235      0.388  0.000e+00
      1.361    30.6009   2.545405    13.7837     1.9289     1.3788          0     55.000  33.743530  1005.7169      1.353      0.421  0.000e+00
      1.436    30.5990   2.548645    13.8034     1.9339     1.3498          0     55.250  33.743533  1005.7325      1.428      0.421  0.000e+00
