content/post/ctd_rufiji/SBE19plus_01906740_2018_02_13_0890.cnv
* Sea-Bird SBE19plus  Data File:
* FileName = C:\Users\all user\Desktop\CTD tafiri 2018\SBE19plus_01906740_2018_02_13_0890.hex
* Software version 2.6.3.104
* Temperature SN = 6740
* Conductivity SN = 6740
* System UpLoad Time = Feb 13 2018 13:58:43
* <ApplicationData>
* <Seaterm232>
# nquan = 13
# nvalues = 470                                   
# units = specified
# name 0 = prdM: Pressure, Strain Gauge [db]
# name 1 = tv290C: Temperature [ITS-90, deg C]
# name 2 = c0S/m: Conductivity [S/m]
# name 3 = sal00: Salinity, Practical [PSU]
# name 4 = sbeox0ML/L: Oxygen, SBE 43 [ml/l]
# name 5 = flECO-AFL: Fluorescence, WET Labs ECO-AFL/FL [mg/m^3]
# name 6 = nbf: Bottles Fired
# name 7 = timeS: Time, Elapsed [seconds]
# name 8 = timeJ: Julian Days
# name 9 = density00: Density [density, kg/m^3]
# name 10 = depSM: Depth [salt water, m], lat = 0.00
# name 11 = dz/dtM: Descent Rate [m/s]
# name 12 = flag:  0.000e+00
# span 0 =      0.085,      9.988                 
# span 1 =    29.3521,    30.7822                 
# span 2 =   0.002127,   3.229172                 
# span 3 =     0.0188,    17.8926                 
# span 4 =     1.4642,     3.3838                 
# span 5 =    -0.0433,     2.2425                 
# span 6 =          0,          0                 
# span 7 =      0.000,    117.250                 
# span 8 =  33.742894,  33.744251                 
# span 9 =   995.6690,  1008.8024                 
# span 10 =      0.084,      9.933                
# span 11 =     -0.543,      0.714                
# span 12 = 0.0000e+00, 0.0000e+00                
# interval = seconds: 0.25
# start_time = Feb 02 2018 17:49:46 [Instrument's time stamp, header]
# bad_flag = -9.990e-29
*END*
[from data line 334]
      9.837    30.6050   3.217086    17.8201     2.3970     2.1189          0     83.500  33.743860  1008.7498      9.782      0.038  0.000e+00
      9.901    30.6026   3.214433    17.8048     2.3586     2.1296          0     83.750  33.743863  1008.7395      9.847      0.048  0.000e+00
      9.945    30.5991   3.210739    17.7835     2.2908     2.1723          0     84.000  33.743866  1008.7250      9.890      0.065  0.000e+00
      9.966    30.5946   3.206860    17.7615     2.2078     2.1624          0     84.250  33.743869  1008.7102      9.911      0.084  0.000e+00
      9.966    30.5888   3.206239    17.7598     2.1863     2.1753          0     84.500  33.743872  1008.7108      9.911      0.088  0.000e+00
      9.955    30.5847   3.206161    17.7608     2.1812     2.1670          0     84.750  33.743874  1008.7129      9.900      0.085  0.000e+00
      9.944    30.5819   3.205944    17.7605     2.1886     2.1090          0     85.000  33.743877  1008.7136      9.890      0.070  0.000e+00
      9.955    30.5798   3.204253    17.7509     2.2129     2.1174          0     85.250  33.743880  1008.7071      9.900      0.056  0.000e+00
      9.966    30.5785   3.199233    17.7208     2.2435     2.1250          0     85.500  33.743883  1008.6853      9.911      0.045  0.000e+00
      9.988    30.5766   3.187190    17.6480     2.2528     2.1219          0     85.750  33.743886  1008.6319      9.933      0.024  0.000e+00
      9.977    30.5747   3.181466    17.6138     2.2675     2.1082          0     86.000  33.743889  1008.6071      9.922      0.013  0.000e+00
      9.977    30.5729   3.152021    17.4352     2.2782     2.1151          0     86.250  33.743892  1008.4750      9.922      0.011  0.000e+00
      9.966    30.5712   3.097537    17.1046     2.2859     2.1189          0     86.500  33.743895  1008.2299      9.911      0.011  0.000e+00
      9.977    30.5694   3.035521    16.7291     2.2961     2.1189          0     86.750  33.743898  1007.9516      9.922      0.014  0.000e+00
      9.988    30.5672   2.992072    16.4668     2.3029     2.1196          0     87.000  33.743900  1007.7576      9.933      0.015  0.000e+00
      9.966    30.5653   2.976695    16.3745     2.2867     2.2349          0     87.250  33.743903  1007.6896      9.911      0.005  0.000e+00
      9.966    30.5641   2.977603    16.3804     2.2479     2.2402          0     87.500  33.743906  1007.6944      9.911     -0.003  0.000e+00
      9.858    30.5626   2.977175    16.3784     2.2409     2.2425          0     87.750  33.743909  1007.6928      9.804     -0.037  0.000e+00
      9.804    30.5618   2.976736    16.3760     2.2269     2.2356          0     88.000  33.743912  1007.6911      9.750     -0.071  0.000e+00
      9.696    30.5615   2.973482    16.3564     2.2160     2.0907          0     88.250  33.743915  1007.6762      9.642     -0.125  0.000e+00
      9.599    30.5609   2.958614    16.2668     2.1987     2.0891          0     88.500  33.743918  1007.6094      9.546     -0.186  0.000e+00
      9.501    30.5607   2.951567    16.2244     2.2012     2.0937          0     88.750  33.743921  1007.5775      9.449     -0.251  0.000e+00
      9.469    30.5604   2.941111    16.1614     2.2009     2.0937          0     89.000  33.743924  1007.5307      9.417     -0.291  0.000e+00
      9.426    30.5597   2.939374    16.1511     2.2003     2.1013          0     89.250  33.743927  1007.5231      9.374     -0.305  0.000e+00
      9.383    30.5597   2.937446    16.1395     2.1991     2.1074          0     89.500  33.743929  1007.5143      9.331     -0.300  0.000e+00
      9.350    30.5593   2.937242    16.1384     2.1880     2.1021          0     89.750  33.743932  1007.5135      9.299     -0.264  0.000e+00
      9.339    30.5589   2.937049    16.1374     2.1802     2.0929          0     90.000  33.743935  1007.5128      9.288     -0.227  0.000e+00
      9.307    30.5588   2.936595    16.1347     2.1712     2.1097          0     90.250  33.743938  1007.5107      9.256     -0.182  0.000e+00
      9.242    30.5588   2.935302    16.1269     2.1548     2.0853          0     90.500  33.743941  1007.5046      9.191     -0.156  0.000e+00
      9.177    30.5587   2.933578    16.1165     2.1466     2.0975          0     90.750  33.743944  1007.4967      9.127     -0.151  0.000e+00
      9.134    30.5584   2.933025    16.1133     2.1366     2.0983          0     91.000  33.743947  1007.4942      9.084     -0.161  0.000e+00
      9.112    30.5584   2.932839    16.1122     2.1319     2.0990          0     91.250  33.743950  1007.4933      9.062     -0.163  0.000e+00
      9.069    30.5584   2.932426    16.1097     2.3385     2.0983          0     91.500  33.743953  1007.4912      9.019     -0.167  0.000e+00
      9.004    30.5582   2.932024    16.1073     2.4855     2.0907          0     91.750  33.743955  1007.4892      8.955     -0.179  0.000e+00
      8.918    30.5582   2.931762    16.1057     2.5457     2.0968          0     92.000  33.743958  1007.4877      8.869     -0.200  0.000e+00
      8.821    30.5582   2.931308    16.1030     2.5156     2.0868          0     92.250  33.743961  1007.4852      8.772     -0.222  0.000e+00
      8.777    30.5579   2.930813    16.1001     2.1796     2.1517          0     92.500  33.743964  1007.4830      8.729     -0.231  0.000e+00
      8.745    30.5582   2.930190    16.0963     2.0897     2.1494          0     92.750  33.743967  1007.4799      8.697     -0.236  0.000e+00
      8.691    30.5581   2.929923    16.0947     2.2050     2.1608          0     93.000  33.743970  1007.4785      8.643     -0.243  0.000e+00
      8.593    30.5580   2.928997    16.0892     2.2313     2.1639          0     93.250  33.743973  1007.4740      8.546     -0.258  0.000e+00
      8.550    30.5579   2.928148    16.0841     2.1397     2.0701          0     93.500  33.743976  1007.4701      8.503     -0.256  0.000e+00
      8.539    30.5580   2.928090    16.0837     2.1462     2.0754          0     93.750  33.743979  1007.4697      8.492     -0.233  0.000e+00
      8.496    30.5580   2.927903    16.0826     2.2595     2.0708          0     94.000  33.743981  1007.4687      8.449     -0.209  0.000e+00
      8.421    30.5581   2.927473    16.0800     2.3409     2.0777          0     94.250  33.743984  1007.4664      8.374     -0.200  0.000e+00
      8.323    30.5584   2.927147    16.0779     2.3848     2.0731          0     94.500  33.743987  1007.4644      8.277     -0.215  0.000e+00
      8.269    30.5580   2.926728    16.0755     2.3387     1.9861          0     94.750  33.743990  1007.4625      8.224     -0.227  0.000e+00
      8.193    30.5579   2.926443    16.0739     2.2925     1.9846          0     95.000  33.743993  1007.4610      8.148     -0.236  0.000e+00
      8.139    30.5581   2.925896    16.0705     2.2211     1.9869          0     95.250  33.743996  1007.4582      8.094     -0.240  0.000e+00
      8.129    30.5581   2.925652    16.0690     2.1870     1.9716          0     95.500  33.743999  1007.4570      8.084     -0.243  0.000e+00
      8.107    30.5580   2.925542    16.0684     2.1649     1.9838          0     95.750  33.744002  1007.4565      8.062     -0.235  0.000e+00
      8.020    30.5580   2.925181    16.0662     2.1960     1.9838          0     96.000  33.744005  1007.4545      7.976     -0.224  0.000e+00
      7.945    30.5580   2.924803    16.0640     2.1716     1.9808          0     96.250  33.744008  1007.4525      7.901     -0.213  0.000e+00
      7.891    30.5580   2.924559    16.0625     2.1652     1.9877          0     96.500  33.744010  1007.4512      7.847     -0.205  0.000e+00
      7.891    30.5580   2.924367    16.0613     2.1792     1.9922          0     96.750  33.744013  1007.4503      7.847     -0.195  0.000e+00
      7.826    30.5581   2.923930    16.0587     2.1194     1.9960          0     97.000  33.744016  1007.4480      7.783     -0.190  0.000e+00
      7.696    30.5580   2.923605    16.0568     2.1446     1.9999          0     97.250  33.744019  1007.4461      7.654     -0.216  0.000e+00
      7.609    30.5580   2.923140    16.0540     2.1333     1.9938          0     97.500  33.744022  1007.4436      7.568     -0.250  0.000e+00
      7.577    30.5580   2.922855    16.0523     2.1194     1.9960          0     97.750  33.744025  1007.4422      7.535     -0.261  0.000e+00
      7.555    30.5581   2.922837    16.0521     2.0829     2.0090          0     98.000  33.744028  1007.4420      7.514     -0.248  0.000e+00
      7.469    30.5581   2.922610    16.0508     2.0883     2.0098          0     98.250  33.744031  1007.4406      7.428     -0.250  0.000e+00
      7.361    30.5584   2.922331    16.0490     2.0387     2.0090          0     98.500  33.744034  1007.4388      7.320     -0.270  0.000e+00
      7.264    30.5580   2.922331    16.0491     2.0374     2.0159          0     98.750  33.744036  1007.4385      7.223     -0.294  0.000e+00
      7.199    30.5581   2.922180    16.0482     2.0719     1.9220          0     99.000  33.744039  1007.4375      7.159     -0.294  0.000e+00
      7.112    30.5580   2.921930    16.0468     2.0601     1.9259          0     99.250  33.744042  1007.4361      7.073     -0.293  0.000e+00
      7.004    30.5581   2.921668    16.0452     2.0675     1.9220          0     99.500  33.744045  1007.4344      6.966     -0.316  0.000e+00
      6.950    30.5582   2.921575    16.0446     2.0202     1.9236          0     99.750  33.744048  1007.4337      6.912     -0.336  0.000e+00
      6.896    30.5581   2.921616    16.0449     2.0043     1.8610          0    100.000  33.744051  1007.4337      6.858     -0.337  0.000e+00
      6.799    30.5582   2.921273    16.0428     2.0796     1.8679          0    100.250  33.744054  1007.4317      6.761     -0.326  0.000e+00
      6.669    30.5581   2.921006    16.0412     2.0542     1.8618          0    100.500  33.744057  1007.4300      6.632     -0.329  0.000e+00
      6.583    30.5580   2.920930    16.0408     2.0260     1.8580          0    100.750  33.744060  1007.4293      6.546     -0.337  0.000e+00
      6.464    30.5581   2.920779    16.0399     2.0140     1.8305          0    101.000  33.744062  1007.4281      6.428     -0.357  0.000e+00
      6.334    30.5584   2.920541    16.0384     1.9983     1.8274          0    101.250  33.744065  1007.4264      6.299     -0.380  0.000e+00
      6.269    30.5582   2.920349    16.0373     1.9324     1.8259          0    101.500  33.744068  1007.4253      6.235     -0.391  0.000e+00
      6.226    30.5585   2.920366    16.0373     1.9520     1.8305          0    101.750  33.744071  1007.4251      6.191     -0.394  0.000e+00
      6.161    30.5582   2.920029    16.0353     1.9039     1.8267          0    102.000  33.744074  1007.4234      6.127     -0.380  0.000e+00
      5.999    30.5581   2.919762    16.0338     1.9555     1.7214          0    102.250  33.744077  1007.4216      5.966     -0.375  0.000e+00
      5.902    30.5582   2.919785    16.0339     1.9311     1.7176          0    102.500  33.744080  1007.4212      5.869     -0.369  0.000e+00
      5.815    30.5581   2.919663    16.0332     1.9515     1.7206          0    102.750  33.744083  1007.4203      5.783     -0.369  0.000e+00
      5.685    30.5581   2.919424    16.0318     1.9363     1.7160          0    103.000  33.744086  1007.4187      5.654     -0.375  0.000e+00
      5.566    30.5581   2.919273    16.0309     1.9157     1.5612          0    103.250  33.744089  1007.4175      5.536     -0.393  0.000e+00
      5.502    30.5584   2.919366    16.0314     1.8581     1.5657          0    103.500  33.744091  1007.4175      5.471     -0.412  0.000e+00
      5.383    30.5584   2.918988    16.0291     1.8623     1.5619          0    103.750  33.744094  1007.4153      5.353     -0.429  0.000e+00
      5.264    30.5582   2.918808    16.0281     1.8810     1.5627          0    104.000  33.744097  1007.4141      5.235     -0.432  0.000e+00
      5.188    30.5581   2.919029    16.0295     1.8396     1.4986          0    104.250  33.744100  1007.4148      5.159     -0.414  0.000e+00
      5.091    30.5581   2.918936    16.0289     1.8237     1.4971          0    104.500  33.744103  1007.4140      5.063     -0.410  0.000e+00
      4.961    30.5585   2.918616    16.0269     1.8287     1.4910          0    104.750  33.744106  1007.4118      4.934     -0.413  0.000e+00
      4.820    30.5584   2.918349    16.0254     1.8986     1.4986          0    105.000  33.744109  1007.4101      4.794     -0.420  0.000e+00
      4.777    30.5581   2.918593    16.0269     1.8884     1.4429          0    105.250  33.744112  1007.4111      4.751     -0.414  0.000e+00
      4.701    30.5582   2.918233    16.0247     1.8191     1.4399          0    105.500  33.744115  1007.4091      4.676     -0.409  0.000e+00
      4.561    30.5582   2.917896    16.0227     1.8439     1.4368          0    105.750  33.744117  1007.4070      4.536     -0.404  0.000e+00
      4.496    30.5581   2.917727    16.0217     1.8842     1.4399          0    106.000  33.744120  1007.4060      4.471     -0.394  0.000e+00
      4.453    30.5584   2.917878    16.0226     1.8324     1.4284          0    106.250  33.744123  1007.4064      4.428     -0.376  0.000e+00
      4.312    30.5584   2.917652    16.0212     1.8309     1.4368          0    106.500  33.744126  1007.4048      4.288     -0.367  0.000e+00
      4.150    30.5582   2.917239    16.0188     1.8800     1.4391          0    106.750  33.744129  1007.4023      4.127     -0.375  0.000e+00
      4.063    30.5585   2.917222    16.0186     1.8362     1.4353          0    107.000  33.744132  1007.4018      4.041     -0.386  0.000e+00
      4.020    30.5585   2.917297    16.0191     1.8052     1.4391          0    107.250  33.744135  1007.4019      3.998     -0.397  0.000e+00
      3.890    30.5584   2.916919    16.0169     1.7811     1.4391          0    107.500  33.744138  1007.3997      3.869     -0.402  0.000e+00
      3.706    30.5582   2.916431    16.0140     1.7430     1.4414          0    107.750  33.744141  1007.3968      3.686     -0.423  0.000e+00
      3.588    30.5586   2.916484    16.0142     1.7124     1.4406          0    108.000  33.744144  1007.3964      3.568     -0.456  0.000e+00
      3.490    30.5584   2.916559    16.0148     1.7411     1.4399          0    108.250  33.744146  1007.3964      3.471     -0.472  0.000e+00
      3.360    30.5584   2.916315    16.0133     1.7379     1.4498          0    108.500  33.744149  1007.3948      3.342     -0.470  0.000e+00
      3.231    30.5585   2.916129    16.0122     1.7271     1.4505          0    108.750  33.744152  1007.3933      3.213     -0.476  0.000e+00
      3.123    30.5585   2.915961    16.0112     1.7674     1.4490          0    109.000  33.744155  1007.3921      3.105     -0.494  0.000e+00
      3.025    30.5587   2.916164    16.0123     1.7479     1.4528          0    109.250  33.744158  1007.3925      3.009     -0.497  0.000e+00
      2.906    30.5584   2.915937    16.0111     1.7817     1.4582          0    109.500  33.744161  1007.3911      2.890     -0.478  0.000e+00
      2.723    30.5586   2.915635    16.0092     1.7851     1.4673          0    109.750  33.744164  1007.3889      2.708     -0.476  0.000e+00
      2.615    30.5587   2.915490    16.0083     1.8212     1.4643          0    110.000  33.744167  1007.3877      2.600     -0.487  0.000e+00
      2.561    30.5587   2.915751    16.0099     1.8306     1.4605          0    110.250  33.744170  1007.3886      2.546     -0.479  0.000e+00
      2.474    30.5589   2.915623    16.0091     1.8100     1.4643          0    110.500  33.744172  1007.3876      2.461     -0.458  0.000e+00
      2.312    30.5588   2.915263    16.0070     1.8100     1.4025          0    110.750  33.744175  1007.3853      2.299     -0.456  0.000e+00
