content/post/ctd_rufiji/SBE19plus_01906740_2018_02_13_0922.cnv
* Sea-Bird SBE19plus  Data File:
* FileName = C:\Users\all user\Desktop\CTD tafiri 2018\SBE19plus_01906740_2018_02_13_0922.hex
* Software version 2.6.3.104
* Temperature SN = 6740
* Conductivity SN = 6740
* System UpLoad Time = Feb 13 2018 14:04:09
* <ApplicationData>
* <Seaterm232>
# nquan = 13
# nvalues = 364                                   
# units = specified
# name 0 = prdM: Pressure, Strain Gauge [db]
# name 1 = tv290C: Temperature [ITS-90, deg C]
# name 2 = c0S/m: Conductivity [S/m]
# name 3 = sal00: Salinity, Practical [PSU]
# name 4 = sbeox0ML/L: Oxygen, SBE 43 [ml/l]
# name 5 = flECO-AFL: Fluorescence, WET Labs ECO-AFL/FL [mg/m^3]
# name 6 = nbf: Bottles Fired
# name 7 = timeS: Time, Elapsed [seconds]
# name 8 = timeJ: Julian Days
# name 9 = density00: Density [density, kg/m^3]
# name 10 = depSM: Depth [salt water, m], lat = 0.00
# name 11 = dz/dtM: Descent Rate [m/s]
# name 12 = flag:  0.000e+00
# span 0 =      0.176,      3.711                 
# span 1 =    29.4810,    30.4276                 
# span 2 =   0.005163,   0.044517                 
# span 3 =     0.0297,     0.1936                 
# span 4 =     0.7553,     8.8713                 
# span 5 =    -0.0326,     2.1036                 
# span 6 =          0,          0                 
# span 7 =      0.000,     90.750                 
# span 8 =  34.402836,  34.403886                 
# span 9 =   995.5581,   995.8395                 
# span 10 =      0.175,      3.691                
# span 11 =     -0.531,      0.435                
# span 12 = 0.0000e+00, 0.0000e+00                
# interval = seconds: 0.25
# start_time = Feb 03 2018 09:40:05 [Instrument's time stamp, header]
# bad_flag = -9.990e-29
*END*
[from data line 334]
      1.246    30.4231   0.044206     0.1923     1.9229     1.9152          0     83.500  34.403802   995.6702      1.239     -0.519  0.000e+00
      1.149    30.4232   0.044233     0.1924     1.9186     1.9137          0     83.750  34.403805   995.6699      1.142     -0.531  0.000e+00
      1.095    30.4220   0.044272     0.1925     1.9177     1.9083          0     84.000  34.403808   995.6701      1.089     -0.513  0.000e+00
      0.987    30.4217   0.044260     0.1925     2.3392     1.9137          0     84.250  34.403811   995.6697      0.981     -0.490  0.000e+00
      0.933    30.4163   0.044257     0.1925     5.3859     1.9075          0     84.500  34.403814   995.6711      0.928     -0.447  0.000e+00
      0.889    30.4095   0.044239     0.1924     8.8713     1.9037          0     84.750  34.403817   995.6730      0.885     -0.387  0.000e+00
      0.814    30.4057   0.044239     0.1925     3.3919     1.8877          0     85.000  34.403819   995.6738      0.809     -0.342  0.000e+00
      0.738    30.4037   0.044227     0.1924     2.5478     1.8869          0     85.250  34.403822   995.6741      0.734     -0.305  0.000e+00
      0.716    30.4028   0.044212     0.1924     1.8675     1.8885          0     85.500  34.403825   995.6742      0.712     -0.267  0.000e+00
      0.749    30.4029   0.044245     0.1925     1.3832     1.8862          0     85.750  34.403828   995.6744      0.745     -0.223  0.000e+00
      0.652    30.4027   0.044251     0.1925     1.1604     1.8847          0     86.000  34.403831   995.6740      0.648     -0.205  0.000e+00
      0.533    30.4011   0.044251     0.1925     0.7553     1.7962          0     86.250  34.403834   995.6740      0.530     -0.203  0.000e+00
      0.446    30.3994   0.044257     0.1926     1.2658     1.8091          0     86.500  34.403837   995.6742      0.444     -0.222  0.000e+00
      0.316    30.3970   0.044239     0.1925     1.7378     1.8053          0     86.750  34.403840   995.6743      0.315     -0.258  0.000e+00
      0.208    30.3962   0.044239     0.1925     2.4483     1.7969          0     87.000  34.403843   995.6740      0.207     -0.296  0.000e+00
      0.198    30.3958   0.044176     0.1922     3.1577    -0.0326          0     87.250  34.403845   995.6739      0.196     -0.317  0.000e+00
      0.176    30.3984   0.023846     0.1051     2.7961    -0.0258          0     87.500  34.403848   995.6076      0.175     -0.328  0.000e+00
      0.198    30.3988   0.007630     0.0391     2.3833    -0.0258          0     87.750  34.403851   995.5581      0.196     -0.303  0.000e+00
      0.198    30.3867   0.006736     0.0356     2.3031    -0.0288          0     88.000  34.403854   995.5592      0.197     -0.232  0.000e+00
      0.176    30.3607   0.006748     0.0357     1.9069    -0.0258          0     88.250  34.403857   995.5671      0.175     -0.163  0.000e+00
      0.219    30.3344   0.006719     0.0356     1.3303    -0.0326          0     88.500  34.403860   995.5752      0.218     -0.090  0.000e+00
      0.197    30.3082   0.007859     0.0400     1.5805    -0.0281          0     88.750  34.403863   995.5864      0.196     -0.031  0.000e+00
      0.197    30.2676   0.005875     0.0324     1.7949    -0.0265          0     89.000  34.403866   995.5931      0.196      0.001  0.000e+00
      0.208    30.2296   0.007431     0.0383     1.8559    -0.0220          0     89.250  34.403869   995.6091      0.207      0.009  0.000e+00
      0.208    30.2064   0.005205     0.0299     2.1792    -0.0296          0     89.500  34.403872   995.6098      0.207      0.012  0.000e+00
      0.241    30.1927   0.007375     0.0381     2.2854    -0.0281          0     89.750  34.403874   995.6204      0.239      0.017  0.000e+00
      0.219    30.1808   0.005163     0.0297     2.4877    -0.0288          0     90.000  34.403877   995.6175      0.218      0.018  0.000e+00
      0.176    30.1687   0.007672     0.0393     2.3716    -0.0288          0     90.250  34.403880   995.6282      0.175      0.006  0.000e+00
      0.197    30.1537   0.005587     0.0313     1.8986    -0.0288          0     90.500  34.403883   995.6269      0.196     -0.005  0.000e+00
      0.198    30.1375   0.005846     0.0323     1.6688    -0.0265          0     90.750  34.403886   995.6325      0.196     -0.004  0.000e+00
