content/post/ctd_rufiji/SBE19plus_01906740_2018_02_13_0907.cnv
* Sea-Bird SBE19plus  Data File:
* FileName = C:\Users\all user\Desktop\CTD tafiri 2018\SBE19plus_01906740_2018_02_13_0907.hex
* Software version 2.6.3.104
* Temperature SN = 6740
* Conductivity SN = 6740
* System UpLoad Time = Feb 13 2018 14:01:44
* <ApplicationData>
* <Seaterm232>
# nquan = 13
# nvalues = 472                                   
# units = specified
# name 0 = prdM: Pressure, Strain Gauge [db]
# name 1 = tv290C: Temperature [ITS-90, deg C]
# name 2 = c0S/m: Conductivity [S/m]
# name 3 = sal00: Salinity, Practical [PSU]
# name 4 = sbeox0ML/L: Oxygen, SBE 43 [ml/l]
# name 5 = flECO-AFL: Fluorescence, WET Labs ECO-AFL/FL [mg/m^3]
# name 6 = nbf: Bottles Fired
# name 7 = timeS: Time, Elapsed [seconds]
# name 8 = timeJ: Julian Days
# name 9 = density00: Density [density, kg/m^3]
# name 10 = depSM: Depth [salt water, m], lat = 0.00
# name 11 = dz/dtM: Descent Rate [m/s]
# name 12 = flag:  0.000e+00
# span 0 =      0.123,      3.852                 
# span 1 =    29.1581,    30.3496                 
# span 2 =   0.001333,   0.028431                 
# span 3 =     0.0163,     0.1250                 
# span 4 =     1.5142,     3.8927                 
# span 5 =    -0.0792,     2.1784                 
# span 6 =          0,          0                 
# span 7 =      0.000,    117.750                 
# span 8 =  34.266111,  34.267474                 
# span 9 =   995.6375,   995.9380                 
# span 10 =      0.123,      3.831                
# span 11 =     -0.386,      0.376                
# span 12 = 0.0000e+00, 0.0000e+00                
# interval = seconds: 0.25
# start_time = Feb 03 2018 06:23:12 [Instrument's time stamp, header]
# bad_flag = -9.990e-29
*END*
[from data line 445]
      0.966    30.2750   0.025906     0.1140     2.0681     1.7122          0    111.250  34.267399   995.6555      0.961     -0.296  0.000e+00
      0.891    30.2829   0.025915     0.1140     1.9797     1.7145          0    111.500  34.267402   995.6528      0.886     -0.301  0.000e+00
      0.869    30.2885   0.025939     0.1141     1.9096     1.6863          0    111.750  34.267405   995.6510      0.864     -0.293  0.000e+00
      0.793    30.2924   0.025984     0.1143     1.8605     1.6932          0    112.000  34.267407   995.6496      0.789     -0.274  0.000e+00
      0.750    30.2918   0.026053     0.1146     1.8681     1.6840          0    112.250  34.267410   995.6499      0.746     -0.255  0.000e+00
      0.739    30.2762   0.026065     0.1146     1.8533     1.6832          0    112.500  34.267413   995.6546      0.735     -0.235  0.000e+00
      0.761    30.2452   0.026059     0.1147     1.8831     1.6939          0    112.750  34.267416   995.6642      0.757     -0.200  0.000e+00
      0.761    30.2178   0.026059     0.1147     1.9257     1.6985          0    113.000  34.267419   995.6726      0.757     -0.153  0.000e+00
      0.772    30.1942   0.026083     0.1149     1.9774     1.6924          0    113.250  34.267422   995.6799      0.767     -0.096  0.000e+00
      0.750    30.1723   0.026131     0.1151     2.0215     1.6947          0    113.500  34.267425   995.6866      0.746     -0.061  0.000e+00
      0.772    30.1577   0.026152     0.1152     2.0446     1.7099          0    113.750  34.267428   995.6912      0.768     -0.030  0.000e+00
      0.750    30.1481   0.026176     0.1154     2.0490     1.7084          0    114.000  34.267431   995.6941      0.746     -0.005  0.000e+00
      0.696    30.1374   0.026203     0.1155     2.0896     1.7099          0    114.250  34.267433   995.6973      0.692     -0.012  0.000e+00
      0.556    30.1283   0.026116     0.1152     2.0587     1.7031          0    114.500  34.267436   995.6991      0.553     -0.063  0.000e+00
      0.404    30.1185   0.026089     0.1151     2.0725     1.7069          0    114.750  34.267439   995.7013      0.402     -0.146  0.000e+00
      0.264    30.1133   0.026059     0.1149     2.0566     2.1738          0    115.000  34.267442   995.7022      0.262     -0.237  0.000e+00
      0.145    30.1180   0.026053     0.1149     2.0034     2.1761          0    115.250  34.267445   995.7002      0.144     -0.326  0.000e+00
      0.123    30.1336   0.026050     0.1149     2.0243     2.1715          0    115.500  34.267448   995.6954      0.123     -0.377  0.000e+00
      0.166    30.1566   0.026104     0.1150     2.0816     2.1784          0    115.750  34.267451   995.6887      0.165     -0.380  0.000e+00
      0.156    30.1763   0.026305     0.1159     2.1136     0.0635          0    116.000  34.267454   995.6833      0.155     -0.339  0.000e+00
      0.177    30.1684   0.026896     0.1184     2.1769     0.0582          0    116.250  34.267457   995.6877      0.176     -0.259  0.000e+00
      0.166    30.1201   0.027190     0.1197     2.2072     0.0574          0    116.500  34.267459   995.7033      0.165     -0.162  0.000e+00
      0.156    30.0222   0.027348     0.1206     2.2480     0.0604          0    116.750  34.267462   995.7336      0.155     -0.079  0.000e+00
      0.166    29.9205   0.027453     0.1213     2.2870    -0.0204          0    117.000  34.267465   995.7648      0.165     -0.017  0.000e+00
      0.166    29.8397   0.027558     0.1219     2.3170    -0.0159          0    117.250  34.267468   995.7896      0.166      0.014  0.000e+00
      0.134    29.7836   0.027630     0.1223     2.3451    -0.0159          0    117.500  34.267471   995.8066      0.133      0.003  0.000e+00
      0.156    29.7448   0.027747     0.1229     2.3633    -0.0250          0    117.750  34.267474   995.8188      0.155     -0.009  0.000e+00
