content/post/ctd_rufiji/SBE19plus_01906740_2018_02_13_0887.cnv
* Sea-Bird SBE19plus  Data File:
* FileName = C:\Users\all user\Desktop\CTD tafiri 2018\SBE19plus_01906740_2018_02_13_0887.hex
* Software version 2.6.3.104
* Temperature SN = 6740
* Conductivity SN = 6740
* System UpLoad Time = Feb 13 2018 13:58:10
* <ApplicationData>
* <Seaterm232>
# nquan = 13
# nvalues = 426                                   
# units = specified
# name 0 = prdM: Pressure, Strain Gauge [db]
# name 1 = tv290C: Temperature [ITS-90, deg C]
# name 2 = c0S/m: Conductivity [S/m]
# name 3 = sal00: Salinity, Practical [PSU]
# name 4 = sbeox0ML/L: Oxygen, SBE 43 [ml/l]
# name 5 = flECO-AFL: Fluorescence, WET Labs ECO-AFL/FL [mg/m^3]
# name 6 = nbf: Bottles Fired
# name 7 = timeS: Time, Elapsed [seconds]
# name 8 = timeJ: Julian Days
# name 9 = density00: Density [density, kg/m^3]
# name 10 = depSM: Depth [salt water, m], lat = 0.00
# name 11 = dz/dtM: Descent Rate [m/s]
# name 12 = flag:  0.000e+00
# span 0 =      0.092,      5.001                 
# span 1 =    30.1689,    30.5761                 
# span 2 =   0.537693,   3.426191                 
# span 3 =     2.5859,    19.1165                 
# span 4 =     1.0768,     5.3434                 
# span 5 =     0.8074,     2.3905                 
# span 6 =          0,          0                 
# span 7 =      0.000,    106.250                 
# span 8 =  33.729190,  33.730420                 
# span 9 =   997.4472,  1009.6988                 
# span 10 =      0.092,      4.973                
# span 11 =     -0.527,      0.500                
# span 12 = 0.0000e+00, 0.0000e+00                
# interval = seconds: 0.25
# start_time = Feb 02 2018 17:30:02 [Instrument's time stamp, header]
# bad_flag = -9.990e-29
*END*
[from data line 223]
      1.607    30.3726   3.007884    16.6291     2.0633     1.4879          0     55.750  33.729835  1007.9047      1.598      0.043  0.000e+00
      1.574    30.3802   3.010670    16.6435     2.0392     1.4887          0     56.000  33.729838  1007.9128      1.566      0.044  0.000e+00
      1.564    30.3860   3.012352    16.6517     2.0143     1.4933          0     56.250  33.729841  1007.9170      1.555      0.032  0.000e+00
      1.553    30.3894   3.009835    16.6353     2.0005     1.4879          0     56.500  33.729844  1007.9037      1.544      0.005  0.000e+00
      1.574    30.3899   3.001732    16.5859     2.0143     1.4948          0     56.750  33.729847  1007.8669      1.566     -0.018  0.000e+00
      1.596    30.3900   2.996472    16.5539     2.0141     1.4917          0     57.000  33.729850  1007.8432      1.587     -0.025  0.000e+00
      1.607    30.3901   2.993350    16.5350     2.0449     1.4917          0     57.250  33.729852  1007.8291      1.598     -0.023  0.000e+00
      1.607    30.3791   2.997423    16.5634     2.0538     1.4612          0     57.500  33.729855  1007.8538      1.598     -0.005  0.000e+00
      1.553    30.3670   3.004805    16.6123     2.0690     1.4605          0     57.750  33.729858  1007.8938      1.544      0.001  0.000e+00
      1.520    30.3602   3.011411    16.6547     2.0734     1.4681          0     58.000  33.729861  1007.9274      1.512     -0.007  0.000e+00
      1.531    30.3622   3.016546    16.6852     2.0737     1.4681          0     58.250  33.729864  1007.9495      1.523     -0.017  0.000e+00
      1.553    30.3690   3.014357    16.6697     2.0680     1.4872          0     58.500  33.729867  1007.9358      1.544     -0.022  0.000e+00
      1.596    30.3737   3.008566    16.6329     2.0704     1.4925          0     58.750  33.729870  1007.9071      1.587     -0.019  0.000e+00
      1.618    30.3789   3.012175    16.6530     2.0848     1.4940          0     59.000  33.729873  1007.9205      1.609     -0.005  0.000e+00
      1.585    30.3845   3.018800    16.6914     2.0648     1.4872          0     59.250  33.729876  1007.9471      1.576      0.004  0.000e+00
      1.596    30.3911   3.023986    16.7207     2.0392     1.4887          0     59.500  33.729878  1007.9667      1.587      0.021  0.000e+00
      1.542    30.3971   3.027043    16.7372     2.0175     1.4887          0     59.750  33.729881  1007.9768      1.533      0.024  0.000e+00
      1.542    30.4003   3.029029    16.7482     2.0255     1.4910          0     60.000  33.729884  1007.9840      1.533      0.013  0.000e+00
      1.563    30.4029   3.032784    16.7701     2.1188     1.4856          0     60.250  33.729887  1007.9995      1.555     -0.002  0.000e+00
      1.607    30.4086   3.024440    16.7175     2.1501     1.4902          0     60.500  33.729890  1007.9587      1.598     -0.005  0.000e+00
      1.628    30.4162   3.015334    16.6596     2.1743     1.4910          0     60.750  33.729893  1007.9134      1.619     -0.000  0.000e+00
      1.650    30.4218   3.020071    16.6865     2.2061     1.4856          0     61.000  33.729896  1007.9316      1.641      0.020  0.000e+00
      1.639    30.4251   3.024086    16.7097     2.2477     1.4833          0     61.250  33.729899  1007.9478      1.630      0.041  0.000e+00
      1.574    30.4269   3.026831    16.7258     2.2821     1.4887          0     61.500  33.729902  1007.9588      1.566      0.032  0.000e+00
      1.542    30.4279   3.021419    16.6926     2.2933     1.4658          0     61.750  33.729905  1007.9337      1.533      0.019  0.000e+00
      1.520    30.4283   3.014104    16.6481     2.3237     1.4673          0     62.000  33.729907  1007.9004      1.512     -0.014  0.000e+00
      1.542    30.4284   3.012857    16.6405     2.3389     1.4566          0     62.250  33.729910  1007.8948      1.533     -0.040  0.000e+00
      1.596    30.4291   3.029659    16.7422     2.3641     1.4635          0     62.500  33.729913  1007.9704      1.587     -0.044  0.000e+00
      1.639    30.4299   3.039797    16.8035     2.3757     1.4940          0     62.750  33.729916  1008.0159      1.630     -0.025  0.000e+00
      1.617    30.4309   3.057992    16.9138     2.3753     1.4902          0     63.000  33.729919  1008.0974      1.608     -0.006  0.000e+00
      1.607    30.4328   3.067815    16.9729     2.3464     1.4826          0     63.250  33.729922  1008.1406      1.598      0.018  0.000e+00
      1.607    30.4348   3.070486    16.9884     2.3760     1.4856          0     63.500  33.729925  1008.1515      1.598      0.041  0.000e+00
      1.596    30.4363   3.077414    17.0301     2.3751     1.5009          0     63.750  33.729928  1008.1819      1.587      0.042  0.000e+00
      1.617    30.4375   3.078202    17.0345     2.3855     1.5055          0     64.000  33.729931  1008.1849      1.609      0.036  0.000e+00
      1.628    30.4383   3.077692    17.0311     2.3284     1.5032          0     64.250  33.729933  1008.1822      1.619      0.021  0.000e+00
      1.617    30.4385   3.073496    17.0055     2.3060     1.5039          0     64.500  33.729936  1008.1630      1.609      0.003  0.000e+00
      1.617    30.4376   3.057933    16.9111     2.2943     1.5024          0     64.750  33.729939  1008.0933      1.609     -0.002  0.000e+00
      1.596    30.4355   3.051548    16.8731     2.3040     1.4994          0     65.000  33.729942  1008.0656      1.587      0.000  0.000e+00
      1.574    30.4334   3.045930    16.8396     2.3285     1.4994          0     65.250  33.729945  1008.0413      1.565     -0.008  0.000e+00
      1.563    30.4324   3.031363    16.7515     2.3686     1.5055          0     65.500  33.729948  1007.9761      1.555     -0.019  0.000e+00
      1.552    30.4316   3.030461    16.7463     2.3804     1.4956          0     65.750  33.729951  1007.9724      1.544     -0.031  0.000e+00
      1.552    30.4315   3.038770    16.7968     2.4119     1.4597          0     66.000  33.729954  1008.0100      1.544     -0.043  0.000e+00
      1.585    30.4316   3.044389    16.8309     2.4216     1.4681          0     66.250  33.729957  1008.0354      1.576     -0.035  0.000e+00
      1.607    30.4322   3.058843    16.9185     2.3985     1.4635          0     66.500  33.729959  1008.1004      1.598     -0.017  0.000e+00
      1.596    30.4338   3.062482    16.9401     2.3730     1.4635          0     66.750  33.729962  1008.1159      1.587     -0.003  0.000e+00
      1.466    30.4355   3.050915    16.8692     2.2668     1.4833          0     67.000  33.729965  1008.0622      1.458     -0.022  0.000e+00
      1.326    30.4360   3.038115    16.7913     2.1449     1.4750          0     67.250  33.729968  1008.0035      1.318     -0.076  0.000e+00
      1.271    30.4350   3.025929    16.7176     2.1468     1.4704          0     67.500  33.729971  1007.9488      1.264     -0.134  0.000e+00
      1.196    30.4347   3.015021    16.6515     2.1961     1.4696          0     67.750  33.729974  1007.8995      1.189     -0.195  0.000e+00
      1.120    30.4353   3.000334    16.5622     2.2923     1.5215          0     68.000  33.729977  1007.8326      1.114     -0.256  0.000e+00
      1.034    30.4361   2.992904    16.5169     2.3866     1.5276          0     68.250  33.729980  1007.7983      1.028     -0.311  0.000e+00
      0.990    30.4376   2.986553    16.4779     2.4686     1.5230          0     68.500  33.729983  1007.7687      0.985     -0.332  0.000e+00
      0.958    30.4386   2.984467    16.4649     2.5153     1.5207          0     68.750  33.729986  1007.7586      0.953     -0.314  0.000e+00
      0.904    30.4389   2.984121    16.4627     2.4955     1.5177          0     69.000  33.729988  1007.7566      0.899     -0.272  0.000e+00
      0.807    30.4383   2.984701    16.4665     2.4349     1.5192          0     69.250  33.729991  1007.7592      0.802     -0.252  0.000e+00
      0.774    30.4381   2.983599    16.4599     2.3050     1.5085          0     69.500  33.729994  1007.7542      0.770     -0.244  0.000e+00
      0.742    30.4381   2.984484    16.4653     3.0280     1.5139          0     69.750  33.729997  1007.7580      0.738     -0.226  0.000e+00
      0.774    30.4381   2.982750    16.4547     2.9773     1.5100          0     70.000  33.730000  1007.7503      0.770     -0.190  0.000e+00
      0.796    30.4384   2.982246    16.4516     3.0030     1.5413          0     70.250  33.730003  1007.7480      0.791     -0.144  0.000e+00
      0.828    30.4386   2.981900    16.4494     3.0486     1.5375          0     70.500  33.730006  1007.7465      0.824     -0.097  0.000e+00
      0.936    30.4395   2.981689    16.4478     2.9591     1.5398          0     70.750  33.730009  1007.7455      0.931     -0.022  0.000e+00
      1.066    30.4405   2.982322    16.4513     2.8718     1.5398          0     71.000  33.730012  1007.7483      1.060      0.080  0.000e+00
      1.163    30.4420   2.982363    16.4510     2.7664     1.5368          0     71.250  33.730014  1007.7480      1.157      0.183  0.000e+00
      1.228    30.4429   2.982094    16.4491     2.6367     1.5360          0     71.500  33.730017  1007.7466      1.221      0.254  0.000e+00
      1.314    30.4438   2.982457    16.4510     2.3998     1.5383          0     71.750  33.730020  1007.7481      1.307      0.308  0.000e+00
      1.369    30.4445   2.986324    16.4742     2.4891     1.5451          0     72.000  33.730023  1007.7653      1.361      0.331  0.000e+00
      1.466    30.4449   2.995345    16.5287     2.8584     1.5001          0     72.250  33.730026  1007.8061      1.458      0.348  0.000e+00
      1.596    30.4445   3.031793    16.7500     2.7539     1.4994          0     72.500  33.730029  1007.9712      1.587      0.361  0.000e+00
      1.671    30.4438   3.070688    16.9866     2.8188     1.4956          0     72.750  33.730032  1008.1475      1.662      0.352  0.000e+00
      1.747    30.4449   3.103951    17.1886     2.4581     1.4963          0     73.000  33.730035  1008.2976      1.737      0.342  0.000e+00
      1.801    30.4492   3.120044    17.2851     2.5239     1.5085          0     73.250  33.730038  1008.3682      1.791      0.337  0.000e+00
      1.801    30.4539   3.127580    17.3294     2.6808     1.4498          0     73.500  33.730041  1008.3995      1.791      0.314  0.000e+00
      1.790    30.4571   3.118238    17.2714     2.5793     1.4528          0     73.750  33.730043  1008.3553      1.780      0.268  0.000e+00
      1.779    30.4579   3.116618    17.2612     2.7602     1.4498          0     74.000  33.730046  1008.3475      1.770      0.210  0.000e+00
      1.801    30.4570   3.123292    17.3022     2.5978     1.4505          0     74.250  33.730049  1008.3783      1.791      0.146  0.000e+00
      1.844    30.4571   3.133130    17.3621     2.7231     1.4513          0     74.500  33.730052  1008.4230      1.834      0.096  0.000e+00
      1.974    30.4592   3.142201    17.4167     2.6997     1.4467          0     74.750  33.730055  1008.4634      1.963      0.099  0.000e+00
      2.093    30.4641   3.148987    17.4563     2.2764     1.4566          0     75.000  33.730058  1008.4917      2.081      0.133  0.000e+00
      2.223    30.4709   3.155520    17.4937     2.2057     1.4513          0     75.250  33.730061  1008.5179      2.210      0.200  0.000e+00
      2.298    30.4787   3.173801    17.6025     2.0424     1.3163          0     75.500  33.730064  1008.5965      2.286      0.272  0.000e+00
      2.385    30.4896   3.193614    17.7195     2.2235     1.3124          0     75.750  33.730067  1008.6803      2.372      0.335  0.000e+00
      2.439    30.4991   3.198949    17.7487     2.4138     1.3155          0     76.000  33.730069  1008.6991      2.425      0.370  0.000e+00
      2.471    30.5050   3.201091    17.7596     2.2531     1.3193          0     76.250  33.730072  1008.7055      2.458      0.366  0.000e+00
      2.536    30.5087   3.215487    17.8462     2.2474     1.3308          0     76.500  33.730075  1008.7689      2.522      0.341  0.000e+00
      2.579    30.5128   3.230415    17.9359     2.7028     1.3285          0     76.750  33.730078  1008.8344      2.565      0.293  0.000e+00
      2.633    30.5196   3.248855    18.0462     2.2746     1.3262          0     77.000  33.730081  1008.9144      2.619      0.253  0.000e+00
      2.720    30.5295   3.262175    18.1240     2.2459     1.3285          0     77.250  33.730084  1008.9694      2.705      0.232  0.000e+00
      2.817    30.5398   3.284458    18.2566     2.4503     1.3254          0     77.500  33.730087  1009.0649      2.802      0.239  0.000e+00
      2.958    30.5494   3.315414    18.4427     2.2872     1.2957          0     77.750  33.730090  1009.2007      2.942      0.268  0.000e+00
      3.120    30.5571   3.371455    18.7835     2.6550     1.3063          0     78.000  33.730093  1009.4522      3.103      0.326  0.000e+00
      3.261    30.5670   3.414892    19.0467     2.4249     1.3063          0     78.250  33.730095  1009.6451      3.243      0.390  0.000e+00
      3.401    30.5761   3.420317    19.0765     2.5305     1.3002          0     78.500  33.730098  1009.6649      3.382      0.448  0.000e+00
      3.477    30.5742   3.423942    19.0995     2.7713     1.2567          0     78.750  33.730101  1009.6830      3.458      0.485  0.000e+00
      3.574    30.5702   3.426129    19.1145     2.6140     1.2598          0     79.000  33.730104  1009.6959      3.554      0.500  0.000e+00
      3.617    30.5662   3.426191    19.1165     2.6769     1.2552          0     79.250  33.730107  1009.6988      3.597      0.479  0.000e+00
      3.671    30.5617   3.423337    19.1006     2.3929     1.2583          0     79.500  33.730110  1009.6887      3.651      0.435  0.000e+00
      3.736    30.5566   3.418755    19.0744     2.3539     1.2842          0     79.750  33.730113  1009.6712      3.716      0.377  0.000e+00
      3.801    30.5505   3.413726    19.0458     2.3124     1.2766          0     80.000  33.730116  1009.6522      3.780      0.322  0.000e+00
      3.942    30.5434   3.402313    18.9783     2.3827     1.2873          0     80.250  33.730119  1009.6050      3.920      0.303  0.000e+00
      4.093    30.5363   3.387040    18.8871     2.5656     1.2773          0     80.500  33.730122  1009.5402      4.070      0.316  0.000e+00
      4.255    30.5283   3.369221    18.7806     2.9609     1.5093          0     80.750  33.730124  1009.4644      4.232      0.363  0.000e+00
      4.363    30.5218   3.355672    18.6998     2.8728     1.5116          0     81.000  33.730127  1009.4069      4.339      0.408  0.000e+00
      4.439    30.5169   3.346129    18.6430     3.1264     1.5100          0     81.250  33.730130  1009.3667      4.414      0.446  0.000e+00
      4.417    30.5136   3.347506    18.6527     2.8406     1.5085          0     81.500  33.730133  1009.3748      4.393      0.435  0.000e+00
      4.396    30.5126   3.361729    18.7405     2.5985     1.5131          0     81.750  33.730136  1009.4403      4.371      0.383  0.000e+00
      4.374    30.5125   3.357284    18.7133     2.5753     1.7847          0     82.000  33.730139  1009.4200      4.350      0.299  0.000e+00
      4.471    30.5118   3.352026    18.6812     2.4182     1.7916          0     82.250  33.730142  1009.3968      4.447      0.220  0.000e+00
      4.601    30.5113   3.328986    18.5399     2.6339     1.7862          0     82.500  33.730145  1009.2925      4.576      0.177  0.000e+00
      4.709    30.5115   3.288112    18.2892     2.4040     1.7878          0     82.750  33.730148  1009.1066      4.683      0.170  0.000e+00
      4.828    30.5135   3.239860    17.9931     2.6054     2.0952          0     83.000  33.730150  1008.8864      4.801      0.208  0.000e+00
