content/post/ctd18/stn003.ros
* Sea-Bird SBE 9 Data File:
* FileName = C:\CTD Data\AGU032_IIOE2_June2018\stn003.hex
* Software Version Seasave V 7.22.5
* Temperature SN = 5966
* Conductivity SN = 4551
* Number of Bytes Per Scan = 40
* Number of Voltage Words = 5
* Number of Scans Averaged by the Deck Unit = 1
* NMEA Latitude = 05 26.22 S
* NMEA Longitude = 039 11.22 E
* NMEA UTC (Time) = Jun 18 2018 19:22:04
* NMEA baud rate = 4800
** Ship: Agulhas II
** Cruise: V032_IIOE2
** Ship Station: AM00884
** Grid number: A-3
** Latitude: 05 26 136 S
** Longitude: 039 11.242 E
** Bottom depth (m): 360.20m
** Operator: Florence and Darrell
# nquan = 29
# nvalues = 776                                   
# units = specified
# name 0 = prDM: Pressure, Digiquartz [db]
# name 1 = depSM: Depth [salt water, m]
# name 2 = altM: Altimeter [m]
# name 3 = t090C: Temperature [ITS-90, deg C]
# name 4 = t190C: Temperature, 2 [ITS-90, deg C]
# name 5 = c0S/m: Conductivity [S/m]
# name 6 = c1S/m: Conductivity, 2 [S/m]
# name 7 = sal00: Salinity, Practical [PSU]
# name 8 = sal11: Salinity, Practical, 2 [PSU]
# name 9 = sbeox0ML/L: Oxygen, SBE 43 [ml/l]
# name 10 = flECO-AFL: Fluorescence, WET Labs ECO-AFL/FL [mg/m^3]
# name 11 = turbWETbb0: Turbidity, WET Labs ECO BB [m^-1/sr]
# name 12 = turbWETntu0: Turbidity, WET Labs ECO [NTU]
# name 13 = CStarAt0: Beam Attenuation, WET Labs C-Star [1/m]
# name 14 = CStarAt1: Beam Attenuation, WET Labs C-Star, 2 [1/m]
# name 15 = CStarTr0: Beam Transmission, WET Labs C-Star [%]
# name 16 = CStarTr1: Beam Transmission, WET Labs C-Star, 2 [%]
# name 17 = sbeox0V: Oxygen raw, SBE 43 [V]
# name 18 = v0: Voltage 0
# name 19 = v1: Voltage 1
# name 20 = v2: Voltage 2
# name 21 = v3: Voltage 3
# name 22 = v4: Voltage 4
# name 23 = v5: Voltage 5
# name 24 = v6: Voltage 6
# name 25 = v7: Voltage 7
# name 26 = scan: Scan Count
# name 27 = nbf: Bottles Fired
# name 28 = flag:  0.000e+00
# interval = seconds: 0.0416667
# start_time = Jun 18 2018 19:22:04 [NMEA time, header]
# bad_flag = -9.990e-29
*END*
[from data line 451]
     75.097     74.667      98.51    26.6332    26.6356   5.478679   5.479025    34.9791    34.9798     3.8766     0.3503 4.4374e-04     0.5746     0.1461     0.0545    96.4124    98.6473     2.7524     4.5580     4.6325     2.7509     0.1990     0.0904     0.0794     4.9255     0.0000      35966         10  0.000e+00
     75.155     74.725      98.53    26.6345    26.6351   5.478762   5.478979    34.9787    34.9798     3.8762     0.3503 4.4374e-04     0.5746     0.1461     0.0555    96.4124    98.6213     2.7524     4.5580     4.6313     2.7509     0.1990     0.0904     0.0794     4.9267     0.0000      35967         10  0.000e+00
     75.155     74.725      98.51    26.6356    26.6347   5.478882   5.478902    34.9788    34.9796     3.8758     0.3503 4.4374e-04     0.5746     0.1461     0.0555    96.4124    98.6213     2.7524     4.5580     4.6313     2.7509     0.1990     0.0904     0.0794     4.9255     0.0000      35968         10  0.000e+00
     75.097     74.667      98.51    26.6359    26.6341   5.478950   5.478918    34.9790    34.9801     3.8757     0.3503 4.4374e-04     0.5746     0.1461     0.0555    96.4124    98.6213     2.7524     4.5580     4.6313     2.7509     0.1990     0.0904     0.0794     4.9255     0.0000      35969         10  0.000e+00
     75.155     74.725      98.51    26.6363    26.6336   5.478927   5.478826    34.9785    34.9798     3.8756     0.3503 4.4374e-04     0.5746     0.1461     0.0555    96.4124    98.6213     2.7524     4.5580     4.6313     2.7509     0.1990     0.0904     0.0794     4.9255     0.0000      35970         10  0.000e+00
     75.097     74.667      98.51    26.6363    26.6333   5.478950   5.478857    34.9787    34.9803     3.8754     0.3503 4.4374e-04     0.5746     0.1472     0.0555    96.3865    98.6213     2.7524     4.5568     4.6313     2.7509     0.1990     0.0904     0.0794     4.9255     0.0000      35971         10  0.000e+00
     75.155     74.725      98.51    26.6364    26.6331   5.478995   5.478811    34.9789    34.9801     3.8730     0.3503 4.4374e-04     0.5746     0.1472     0.0555    96.3865    98.6213     2.7511     4.5568     4.6313     2.7497     0.1990     0.0904     0.0794     4.9255     0.0000      35972         10  0.000e+00
     75.155     74.725      98.51    26.6366    26.6327   5.479010   5.478796    34.9789    34.9803     3.8750     0.3503 4.4374e-04     0.5258     0.1461     0.0555    96.4124    98.6213     2.7524     4.5580     4.6313     2.7509     0.1990     0.0904     0.0781     4.9255     0.0000      35973         10  0.000e+00
     75.155     74.725      98.51    26.6370    26.6327   5.479040   5.478826    34.9788    34.9805     3.8725     0.3503 4.4374e-04     0.5746     0.1472     0.0555    96.3865    98.6213     2.7511     4.5568     4.6313     2.7497     0.1990     0.0904     0.0794     4.9255     0.0000      35974         10  0.000e+00
     75.155     74.725      98.51    26.6375    26.6324   5.479123   5.478773    34.9790    34.9804     3.8722     0.3503 4.4374e-04     0.5746     0.1472     0.0555    96.3865    98.6213     2.7511     4.5568     4.6313     2.7497     0.1990     0.0904     0.0794     4.9255     0.0000      35975         10  0.000e+00
     75.155     74.725      98.51    26.6377    26.6322   5.479108   5.478780    34.9787    34.9806     3.8719     0.3503 4.4014e-04     0.5258     0.1472     0.0555    96.3865    98.6213     2.7511     4.5568     4.6313     2.7497     0.1978     0.0904     0.0781     4.9255     0.0000      35976         10  0.000e+00
     75.155     74.725      98.51    26.6377    26.6322   5.479131   5.478757    34.9789    34.9804     3.8716     0.3503 4.4014e-04     0.5746     0.1461     0.0555    96.4124    98.6213     2.7511     4.5580     4.6313     2.7497     0.1978     0.0904     0.0794     4.9255     0.0000      35977         10  0.000e+00
     75.155     74.725      98.51    26.6381    26.6322   5.479100   5.478750    34.9784    34.9804     3.8713     0.3503 4.4014e-04     0.5746     0.1461     0.0555    96.4124    98.6213     2.7511     4.5580     4.6313     2.7497     0.1978     0.0904     0.0794     4.9255     0.0000      35978         10  0.000e+00
     75.206     74.776      98.51    26.6379    26.6322   5.479025   5.478780    34.9780    34.9806     3.8687     0.3503 4.4014e-04     0.5746     0.1472     0.0555    96.3865    98.6213     2.7499     4.5568     4.6313     2.7485     0.1978     0.0904     0.0794     4.9255     0.0000      35979         10  0.000e+00
     75.155     74.725      98.51    26.6377    26.6320   5.479010   5.478727    34.9780    34.9804     3.8706     0.3503 4.4374e-04     0.5746     0.1461     0.0555    96.4124    98.6213     2.7511     4.5580     4.6313     2.7497     0.1990     0.0904     0.0794     4.9255     0.0000      35980         10  0.000e+00
     75.206     74.776      98.51    26.6373    26.6318   5.479010   5.478704    34.9783    34.9803     3.8683     0.3320 4.4374e-04     0.5746     0.1461     0.0555    96.4124    98.6213     2.7499     4.5580     4.6313     2.7485     0.1990     0.0891     0.0794     4.9255     0.0000      35981         10  0.000e+00
     75.155     74.725      98.51    26.6373    26.6317   5.478972   5.478734    34.9781    34.9806     3.8680     0.3320 4.4374e-04     0.5746     0.1472     0.0555    96.3865    98.6213     2.7499     4.5568     4.6313     2.7485     0.1990     0.0891     0.0794     4.9255     0.0000      35982         10  0.000e+00
     75.155     74.725      98.53    26.6370    26.6316   5.478965   5.478681    34.9783    34.9803     3.8679     0.3137 4.4374e-04     0.5746     0.1472     0.0555    96.3865    98.6213     2.7499     4.5568     4.6313     2.7485     0.1990     0.0879     0.0794     4.9267     0.0000      35983         10  0.000e+00
     75.206     74.776      98.51    26.6368    26.6314   5.478965   5.478658    34.9784    34.9803     3.8677     0.3137 4.3294e-04     0.6234     0.1472     0.0555    96.3865    98.6213     2.7499     4.5568     4.6313     2.7485     0.1954     0.0879     0.0806     4.9255     0.0000      35984         10  0.000e+00
     75.206     74.776      98.51    26.6368    26.6312   5.478897   5.478658    34.9779    34.9804     3.8699     0.3137 4.2574e-04     0.5746     0.1472     0.0555    96.3865    98.6213     2.7511     4.5568     4.6313     2.7497     0.1929     0.0879     0.0794     4.9255     0.0000      35985         10  0.000e+00
     75.206     74.776      98.51    26.6368    26.6312   5.478942   5.478620    34.9782    34.9801     3.8701     0.3137 4.2215e-04     0.5746     0.1472     0.0566    96.3865    98.5953     2.7511     4.5568     4.6300     2.7497     0.1917     0.0879     0.0794     4.9255     0.0000      35986         10  0.000e+00
     75.155     74.725      98.51    26.6368    26.6312   5.478995   5.478712    34.9786    34.9808     3.8701     0.3137 4.1855e-04     0.5746     0.1472     0.0534    96.3865    98.6733     2.7511     4.5568     4.6337     2.7497     0.1905     0.0879     0.0794     4.9255     0.0000      35987         10  0.000e+00
     75.206     74.776      98.51    26.6370    26.6315   5.479040   5.478750    34.9788    34.9809     3.8703     0.3137 4.2574e-04     0.5746     0.1472     0.0503    96.3865    98.7514     2.7511     4.5568     4.6374     2.7497     0.1929     0.0879     0.0794     4.9255     0.0000      35988         10  0.000e+00
     75.265     74.834      98.53    26.6375    26.6314   5.479055   5.478712    34.9785    34.9806     3.8705     0.3137 4.2215e-04     0.5746     0.1472     0.0503    96.3865    98.7514     2.7511     4.5568     4.6374     2.7497     0.1917     0.0879     0.0794     4.9267     0.0000      35989         10  0.000e+00
     75.206     74.776      98.51    26.6373    26.6312   5.479048   5.478704    34.9786    34.9807     3.8706     0.3137 4.2215e-04     0.6234     0.1472     0.0503    96.3865    98.7514     2.7511     4.5568     4.6374     2.7497     0.1917     0.0879     0.0806     4.9255     0.0000      35990         10  0.000e+00
     75.206     74.776      98.51    26.6377    26.6316   5.479116   5.478704    34.9788    34.9804     3.8708     0.3137 4.2215e-04     0.5746     0.1472     0.0503    96.3865    98.7514     2.7511     4.5568     4.6374     2.7497     0.1917     0.0879     0.0794     4.9255     0.0000      35991         10  0.000e+00
     75.236     74.805      98.51    26.6379    26.6316   5.479146   5.478734    34.9788    34.9806     3.8710     0.3137 4.2215e-04     0.5746     0.1472     0.0503    96.3865    98.7514     2.7511     4.5568     4.6374     2.7497     0.1917     0.0879     0.0794     4.9255     0.0000      35992         10  0.000e+00
     75.207     74.776      98.51    26.6379    26.6320   5.479146   5.478819    34.9789    34.9810     3.8710     0.3137 4.2215e-04     0.5746     0.1472     0.0503    96.3865    98.7514     2.7511     4.5568     4.6374     2.7497     0.1917     0.0879     0.0794     4.9255     0.0000      35993         10  0.000e+00
     75.265     74.834      98.51    26.6379    26.6322   5.479146   5.478841    34.9788    34.9810     3.8711     0.3137 4.2215e-04     0.5746     0.1472     0.0503    96.3865    98.7514     2.7511     4.5568     4.6374     2.7497     0.1917     0.0879     0.0794     4.9255     0.0000      35994         10  0.000e+00
     75.265     74.834      98.51    26.6379    26.6326   5.479108   5.478872    34.9786    34.9809     3.8711     0.3137 4.2215e-04     0.5746     0.1472     0.0503    96.3865    98.7514     2.7511     4.5568     4.6374     2.7497     0.1917     0.0879     0.0794     4.9255     0.0000      35995         10  0.000e+00
     75.207     74.776      98.51    26.6381    26.6329   5.479191   5.478948    34.9791    34.9812     3.8711     0.3137 4.2215e-04     0.5746     0.1472     0.0503    96.3865    98.7514     2.7511     4.5568     4.6374     2.7497     0.1917     0.0879     0.0794     4.9255     0.0000      35996         10  0.000e+00
     75.265     74.834      98.51    26.6381    26.6332   5.479198   5.479002    34.9791    34.9813     3.8712     0.3137 4.2215e-04     0.5746     0.1472     0.0503    96.3865    98.7514     2.7511     4.5568     4.6374     2.7497     0.1917     0.0879     0.0794     4.9255     0.0000      35997         10  0.000e+00
     75.265     74.834      98.51    26.6384    26.6338   5.479191   5.479048    34.9788    34.9813     3.8712     0.3137 4.2215e-04     0.5746     0.1472     0.0503    96.3865    98.7514     2.7511     4.5568     4.6374     2.7497     0.1917     0.0879     0.0794     4.9255     0.0000      35998         10  0.000e+00
     75.265     74.834      98.51    26.6384    26.6341   5.479191   5.479132    34.9788    34.9816     3.8713     0.3137 4.2215e-04     0.5746     0.1472     0.0503    96.3865    98.7514     2.7511     4.5568     4.6374     2.7497     0.1917     0.0879     0.0794     4.9255     0.0000      35999         10  0.000e+00
     75.265     74.834      98.51    26.6384    26.6349   5.479153   5.479223    34.9785    34.9817     3.8714     0.3137 4.2215e-04     0.5746     0.1472     0.0503    96.3865    98.7514     2.7511     4.5568     4.6374     2.7497     0.1917     0.0879     0.0794     4.9255     0.0000      36000         10  0.000e+00
     75.265     74.834      98.51    26.6383    26.6356   5.479176   5.479246    34.9788    34.9813     3.8738     0.3137 4.2574e-04     0.5746     0.1472     0.0503    96.3865    98.7514     2.7524     4.5568     4.6374     2.7509     0.1929     0.0879     0.0794     4.9255     0.0000      36001         10  0.000e+00
     75.316     74.885      98.51    26.6384    26.6359   5.479146   5.479246    34.9784    34.9810     3.8741     0.3137 4.2215e-04     0.5746     0.1472     0.0503    96.3865    98.7514     2.7524     4.5568     4.6374     2.7509     0.1917     0.0879     0.0794     4.9255     0.0000      36002         10  0.000e+00
     75.265     74.834      98.51    26.6383    26.6363   5.479138   5.479277    34.9785    34.9810     3.8744     0.3137 4.2215e-04     0.5746     0.1472     0.0503    96.3865    98.7514     2.7524     4.5568     4.6374     2.7509     0.1917     0.0879     0.0794     4.9255     0.0000      36003         10  0.000e+00
     75.316     74.885      98.53    26.6384    26.6365   5.479213   5.479292    34.9789    34.9809     3.8747     0.3137 4.1855e-04     0.5746     0.1472     0.0503    96.3865    98.7514     2.7524     4.5568     4.6374     2.7509     0.1905     0.0879     0.0794     4.9267     0.0000      36004         10  0.000e+00
     40.520     40.291      98.51    26.7765    26.7777   5.490391   5.490682    34.9654    34.9666     3.9226     0.4419 5.3013e-04     0.5746     0.1666     0.0735    95.9212    98.1791     2.7951     4.5348     4.6105     2.7937     0.2283     0.0965     0.0794     4.9255     0.0000      38251         11  0.000e+00
     40.520     40.291      98.53    26.7770    26.7775   5.490353   5.490705    34.9648    34.9669     3.9222     0.4419 5.2653e-04     0.5746     0.1666     0.0735    95.9212    98.1791     2.7951     4.5348     4.6105     2.7937     0.2271     0.0965     0.0794     4.9267     0.0000      38252         11  0.000e+00
     40.469     40.240      98.51    26.7769    26.7775   5.490346   5.490682    34.9648    34.9668     3.9195     0.4419 5.2653e-04     0.5746     0.1666     0.0735    95.9212    98.1791     2.7939     4.5348     4.6105     2.7924     0.2271     0.0965     0.0794     4.9255     0.0000      38253         11  0.000e+00
     40.469     40.240      98.51    26.7772    26.7772   5.490346   5.490605    34.9646    34.9664     3.9189     0.4419 5.2653e-04     0.6234     0.1666     0.0735    95.9212    98.1791     2.7939     4.5348     4.6105     2.7924     0.2271     0.0965     0.0806     4.9255     0.0000      38254         11  0.000e+00
     40.520     40.291      98.51    26.7770    26.7766   5.490376   5.490521    34.9649    34.9663     3.9184     0.4419 5.2653e-04     0.5746     0.1666     0.0735    95.9212    98.1791     2.7939     4.5348     4.6105     2.7924     0.2271     0.0965     0.0794     4.9255     0.0000      38255         11  0.000e+00
     40.520     40.291      98.51    26.7771    26.7761   5.490353   5.490430    34.9647    34.9660     3.9178     0.4419 5.2653e-04     0.5746     0.1666     0.0735    95.9212    98.1791     2.7939     4.5348     4.6105     2.7924     0.2271     0.0965     0.0794     4.9255     0.0000      38256         11  0.000e+00
     40.359     40.132      98.51    26.7768    26.7750   5.490346   5.490300    34.9649    34.9659     3.9173     0.4419 5.2653e-04     0.5746     0.1666     0.0735    95.9212    98.1791     2.7939     4.5348     4.6105     2.7924     0.2271     0.0965     0.0794     4.9255     0.0000      38257         11  0.000e+00
     40.687     40.458      98.51    26.7767    26.7745   5.490308   5.490300    34.9646    34.9663     3.9169     0.4419 5.2653e-04     0.5746     0.1666     0.0735    95.9212    98.1791     2.7939     4.5348     4.6105     2.7924     0.2271     0.0965     0.0794     4.9255     0.0000      38258         11  0.000e+00
     40.520     40.291      98.51    26.7766    26.7738   5.490331   5.490277    34.9649    34.9667     3.9141     0.4419 5.2653e-04     0.6234     0.1666     0.0735    95.9212    98.1791     2.7926     4.5348     4.6105     2.7912     0.2271     0.0965     0.0806     4.9255     0.0000      38259         11  0.000e+00
     40.520     40.291      98.51    26.7766    26.7737   5.490346   5.490338    34.9650    34.9671     3.9136     0.4419 5.2653e-04     0.6234     0.1666     0.0735    95.9212    98.1791     2.7926     4.5348     4.6105     2.7912     0.2271     0.0965     0.0806     4.9255     0.0000      38260         11  0.000e+00
