content/post/ctd18/stn008.cnv
* Sea-Bird SBE 9 Data File:
* FileName = C:\CTD Data\AGU032_IIOE2_June2018\stn008.hex
* Software Version Seasave V 7.22.5
* Temperature SN = 5966
* Conductivity SN = 4551
* Number of Bytes Per Scan = 40
* Number of Voltage Words = 5
* Number of Scans Averaged by the Deck Unit = 1
* NMEA Latitude = 06 29.37 S
* NMEA Longitude = 039 14.56 E
* NMEA UTC (Time) = Jun 19 2018 18:28:52
* NMEA baud rate = 4800
** Ship: Agulhas II
** Cruise: V032_IIOE2
** Ship Station: AM00889
** Grid number: A-8
** Latitude: 06 29.377 S
** Longitude: 039 14.567 E
** Bottom depth (m): 51.97m
** Operator: Florence and Bornwell
# nquan = 27
# nvalues = 13820                                 
# units = specified
# name 0 = prDM: Pressure, Digiquartz [db]
# name 1 = depSM: Depth [salt water, m]
# name 2 = altM: Altimeter [m]
# name 3 = t090C: Temperature [ITS-90, deg C]
# name 4 = t190C: Temperature, 2 [ITS-90, deg C]
# name 5 = c0S/m: Conductivity [S/m]
# name 6 = c1S/m: Conductivity, 2 [S/m]
# name 7 = sal00: Salinity, Practical [PSU]
# name 8 = sal11: Salinity, Practical, 2 [PSU]
# name 9 = sbeox0ML/L: Oxygen, SBE 43 [ml/l]
# name 10 = flECO-AFL: Fluorescence, WET Labs ECO-AFL/FL [mg/m^3]
# name 11 = turbWETbb0: Turbidity, WET Labs ECO BB [m^-1/sr]
# name 12 = turbWETntu0: Turbidity, WET Labs ECO [NTU]
# name 13 = CStarAt0: Beam Attenuation, WET Labs C-Star [1/m]
# name 14 = CStarAt1: Beam Attenuation, WET Labs C-Star, 2 [1/m]
# name 15 = CStarTr0: Beam Transmission, WET Labs C-Star [%]
# name 16 = CStarTr1: Beam Transmission, WET Labs C-Star, 2 [%]
# name 17 = sbeox0V: Oxygen raw, SBE 43 [V]
# name 18 = v0: Voltage 0
# name 19 = v1: Voltage 1
# name 20 = v2: Voltage 2
# name 21 = v3: Voltage 3
# name 22 = v4: Voltage 4
# name 23 = v5: Voltage 5
# name 24 = v6: Voltage 6
# name 25 = v7: Voltage 7
# name 26 = flag:  0.000e+00
# span 0 =     -0.973,     46.872                 
# span 1 =     -0.968,     46.606                 
# span 2 =       4.88,      50.53                 
# span 3 =    27.2441,    27.2649                 
# span 4 =    27.2459,    27.2640                 
# span 5 =   5.548224,   5.554940                 
# span 6 =   5.548842,   5.555202                 
# span 7 =    35.0290,    35.0569                 
# span 8 =    35.0204,    35.0592                 
# span 9 =     3.9331,     4.0280                 
# span 10 =     0.2587,     0.5701                
# span 11 = 4.1855e-04, 1.8907e-03                
# span 12 =     0.4769,     3.0654                
# span 13 =     0.1893,     0.2504                
# span 14 =     0.0905,     0.1484                
# span 15 =    93.9308,    95.3784                
# span 16 =    96.3583,    97.7629                
# span 17 =     2.8254,     2.8707                
# span 18 =     4.4408,     4.5092                
# span 19 =     4.5250,     4.5910                
# span 20 =     2.8254,     2.8706                
# span 21 =     0.1905,     0.6899                
# span 22 =     0.0842,     0.1050                
# span 23 =     0.0769,     0.1416                
# span 24 =     0.2442,     2.5263                
# span 25 =     0.0000,     0.0000                
# span 26 = 0.0000e+00, 0.0000e+00                
# interval = seconds: 0.0416667
# start_time = Jun 19 2018 18:28:52 [NMEA time, header]
# bad_flag = -9.990e-29
*END*
[from data line 10739]
      3.409      3.390      46.59    27.2570    27.2566   5.550315   5.550485    35.0426    35.0441     4.0002     0.3320 5.8772e-04     0.5746     0.1969     0.0990    95.1974    97.5548     2.8646     4.5006     4.5812     2.8645     0.2479     0.0891     0.0794     2.3297     0.0000  0.000e+00
      3.431      3.412      46.59    27.2571    27.2566   5.550269   5.550470    35.0422    35.0440     4.0003     0.3137 5.8412e-04     0.5746     0.1980     0.0980    95.1716    97.5808     2.8646     4.4994     4.5824     2.8645     0.2466     0.0879     0.0794     2.3297     0.0000  0.000e+00
      3.409      3.390      46.59    27.2572    27.2566   5.550284   5.550454    35.0423    35.0439     4.0001     0.3503 5.8412e-04     0.5258     0.1980     0.0980    95.1716    97.5808     2.8646     4.4994     4.5824     2.8645     0.2466     0.0904     0.0781     2.3297     0.0000  0.000e+00
      3.409      3.390      46.59    27.2571    27.2564   5.550247   5.550485    35.0421    35.0443     4.0000     0.3503 5.8412e-04     0.5258     0.1980     0.0990    95.1716    97.5548     2.8646     4.4994     4.5812     2.8645     0.2466     0.0904     0.0781     2.3297     0.0000  0.000e+00
      3.431      3.412      46.59    27.2572    27.2566   5.550315   5.550500    35.0425    35.0442     3.9998     0.3503 5.8412e-04     0.5258     0.1980     0.0980    95.1716    97.5808     2.8646     4.4994     4.5824     2.8645     0.2466     0.0904     0.0781     2.3297     0.0000  0.000e+00
      3.409      3.390      46.59    27.2571    27.2564   5.550277   5.550500    35.0423    35.0444     3.9974     0.3503 5.8412e-04     0.5258     0.1980     0.0980    95.1716    97.5808     2.8634     4.4994     4.5824     2.8632     0.2466     0.0904     0.0781     2.3297     0.0000  0.000e+00
      3.489      3.469      46.59    27.2570    27.2564   5.550322   5.550470    35.0427    35.0441     3.9971     0.3503 5.8412e-04     0.5258     0.1980     0.0990    95.1716    97.5548     2.8634     4.4994     4.5812     2.8632     0.2466     0.0904     0.0781     2.3297     0.0000  0.000e+00
      3.409      3.390      46.59    27.2570    27.2566   5.550292   5.550485    35.0425    35.0441     3.9967     0.3503 5.8412e-04     0.5258     0.1980     0.0980    95.1716    97.5808     2.8634     4.4994     4.5824     2.8632     0.2466     0.0904     0.0781     2.3297     0.0000  0.000e+00
      3.431      3.412      46.59    27.2571    27.2564   5.550254   5.550462    35.0421    35.0441     3.9961     0.3503 5.8412e-04     0.5258     0.1980     0.0980    95.1716    97.5808     2.8634     4.4994     4.5824     2.8632     0.2466     0.0904     0.0781     2.3297     0.0000  0.000e+00
      3.409      3.390      46.59    27.2570    27.2566   5.550254   5.550454    35.0422    35.0439     3.9932     0.3503 5.6253e-04     0.5258     0.1980     0.0990    95.1716    97.5548     2.8621     4.4994     4.5812     2.8620     0.2393     0.0904     0.0781     2.3297     0.0000  0.000e+00
      3.431      3.412      46.59    27.2571    27.2566   5.550269   5.550416    35.0422    35.0436     3.9947     0.3503 5.1933e-04     0.5258     0.1980     0.0980    95.1716    97.5808     2.8634     4.4994     4.5824     2.8632     0.2247     0.0904     0.0781     2.3297     0.0000  0.000e+00
      3.460      3.440      46.59    27.2570    27.2568   5.550292   5.550477    35.0425    35.0439     3.9941     0.3320 5.0853e-04     0.5258     0.1980     0.0980    95.1716    97.5808     2.8634     4.4994     4.5824     2.8632     0.2210     0.0891     0.0781     2.3297     0.0000  0.000e+00
      3.351      3.332      46.59    27.2571    27.2566   5.550262   5.550462    35.0422    35.0440     3.9912     0.3503 5.0853e-04     0.5258     0.1980     0.0980    95.1716    97.5808     2.8621     4.4994     4.5824     2.8620     0.2210     0.0904     0.0781     2.3297     0.0000  0.000e+00
      3.540      3.520      46.59    27.2570    27.2566   5.550201   5.550523    35.0418    35.0444     3.9904     0.3503 5.1213e-04     0.5258     0.1980     0.0980    95.1716    97.5808     2.8621     4.4994     4.5824     2.8620     0.2222     0.0904     0.0781     2.3297     0.0000  0.000e+00
      3.409      3.390      46.59    27.2571    27.2568   5.550231   5.550439    35.0420    35.0437     3.9896     0.3503 5.1213e-04     0.5258     0.1980     0.0980    95.1716    97.5808     2.8621     4.4994     4.5824     2.8620     0.2222     0.0904     0.0781     2.3297     0.0000  0.000e+00
      3.431      3.412      46.57    27.2570    27.2566   5.550284   5.550477    35.0424    35.0441     3.9887     0.3503 5.1213e-04     0.5258     0.1980     0.0980    95.1716    97.5808     2.8621     4.4994     4.5824     2.8620     0.2222     0.0904     0.0781     2.3284     0.0000  0.000e+00
      3.460      3.440      46.42    27.2571    27.2566   5.550262   5.550408    35.0422    35.0436     3.9879     0.3503 5.1213e-04     0.5258     0.1980     0.0980    95.1716    97.5808     2.8621     4.4994     4.5824     2.8620     0.2222     0.0904     0.0781     2.3211     0.0000  0.000e+00
      3.431      3.412      46.37    27.2570    27.2566   5.550201   5.550470    35.0418    35.0440     3.9871     0.3503 5.1213e-04     0.5258     0.1980     0.0980    95.1716    97.5808     2.8621     4.4994     4.5824     2.8620     0.2222     0.0904     0.0781     2.3187     0.0000  0.000e+00
      3.460      3.440      46.37    27.2571    27.2568   5.550269   5.550500    35.0422    35.0441     3.9863     0.3320 5.1213e-04     0.5258     0.1980     0.0980    95.1716    97.5808     2.8621     4.4994     4.5824     2.8620     0.2222     0.0891     0.0781     2.3187     0.0000  0.000e+00
      3.431      3.412      46.37    27.2570    27.2568   5.550300   5.550431    35.0425    35.0436     3.9854     0.3503 5.1213e-04     0.5258     0.1958     0.0980    95.2233    97.5808     2.8621     4.5018     4.5824     2.8620     0.2222     0.0904     0.0781     2.3187     0.0000  0.000e+00
      3.460      3.440      46.40    27.2569    27.2568   5.550277   5.550439    35.0424    35.0437     3.9846     0.3503 5.1213e-04     0.5258     0.1958     0.0990    95.2233    97.5548     2.8621     4.5018     4.5812     2.8620     0.2222     0.0904     0.0781     2.3199     0.0000  0.000e+00
      3.431      3.412      46.45    27.2570    27.2568   5.550254   5.550485    35.0422    35.0440     3.9840     0.3503 5.1213e-04     0.5258     0.1958     0.0980    95.2233    97.5808     2.8621     4.5018     4.5824     2.8620     0.2222     0.0904     0.0781     2.3223     0.0000  0.000e+00
      3.460      3.440      46.42    27.2570    27.2566   5.550254   5.550470    35.0422    35.0440     3.9834     0.3320 5.1213e-04     0.5258     0.1958     0.0969    95.2233    97.6068     2.8621     4.5018     4.5836     2.8620     0.2222     0.0891     0.0781     2.3211     0.0000  0.000e+00
      3.460      3.440      46.42    27.2571    27.2566   5.550269   5.550485    35.0422    35.0441     3.9828     0.3503 5.1573e-04     0.5258     0.1958     0.0969    95.2233    97.6068     2.8621     4.5018     4.5836     2.8620     0.2234     0.0904     0.0781     2.3211     0.0000  0.000e+00
      3.431      3.412      46.42    27.2570    27.2566   5.550224   5.550462    35.0420    35.0439     3.9823     0.3503 5.1213e-04     0.5258     0.1958     0.0969    95.2233    97.6068     2.8621     4.5018     4.5836     2.8620     0.2222     0.0904     0.0781     2.3211     0.0000  0.000e+00
      3.460      3.440      46.45    27.2571    27.2566   5.550239   5.550454    35.0420    35.0439     3.9817     0.3503 5.1213e-04     0.5258     0.1958     0.0969    95.2233    97.6068     2.8621     4.5018     4.5836     2.8620     0.2222     0.0904     0.0781     2.3223     0.0000  0.000e+00
      3.489      3.469      46.45    27.2570    27.2566   5.550254   5.550485    35.0422    35.0441     3.9812     0.3503 5.1213e-04     0.5258     0.1947     0.0969    95.2491    97.6068     2.8621     4.5031     4.5836     2.8620     0.2222     0.0904     0.0781     2.3223     0.0000  0.000e+00
      3.460      3.440      46.45    27.2571    27.2568   5.550231   5.550500    35.0419    35.0441     3.9808     0.3503 5.1213e-04     0.5746     0.1958     0.0969    95.2233    97.6068     2.8621     4.5018     4.5836     2.8620     0.2222     0.0904     0.0794     2.3223     0.0000  0.000e+00
      3.431      3.412      46.45    27.2570    27.2566   5.550247   5.550500    35.0421    35.0442     3.9805     0.3503 5.1213e-04     0.5746     0.1958     0.0969    95.2233    97.6068     2.8621     4.5018     4.5836     2.8620     0.2222     0.0904     0.0794     2.3223     0.0000  0.000e+00
      3.460      3.440      46.45    27.2569    27.2566   5.550216   5.550431    35.0420    35.0437     3.9802     0.3320 5.1213e-04     0.6234     0.1958     0.0969    95.2233    97.6068     2.8621     4.5018     4.5836     2.8620     0.2222     0.0891     0.0806     2.3223     0.0000  0.000e+00
      3.489      3.469      46.50    27.2570    27.2568   5.550224   5.550439    35.0420    35.0436     3.9799     0.3503 5.1213e-04     0.6234     0.1958     0.0969    95.2233    97.6068     2.8621     4.5018     4.5836     2.8620     0.2222     0.0904     0.0806     2.3248     0.0000  0.000e+00
      3.460      3.440      46.50    27.2571    27.2566   5.550209   5.550485    35.0418    35.0441     3.9798     0.3503 5.1213e-04     0.6234     0.1958     0.0969    95.2233    97.6068     2.8621     4.5018     4.5836     2.8620     0.2222     0.0904     0.0806     2.3248     0.0000  0.000e+00
      3.409      3.390      46.50    27.2572    27.2569   5.550277   5.550439    35.0422    35.0435     3.9798     0.3503 5.1213e-04     0.5746     0.1958     0.0969    95.2233    97.6068     2.8621     4.5018     4.5836     2.8620     0.2222     0.0904     0.0794     2.3248     0.0000  0.000e+00
      3.540      3.520      46.50    27.2569    27.2566   5.550277   5.550447    35.0424    35.0438     3.9776     0.3320 5.1213e-04     0.6234     0.1958     0.0969    95.2233    97.6068     2.8609     4.5018     4.5836     2.8608     0.2222     0.0891     0.0806     2.3248     0.0000  0.000e+00
      3.409      3.390      46.50    27.2572    27.2568   5.550254   5.550485    35.0421    35.0440     3.9776     0.3503 5.1213e-04     0.5746     0.1958     0.0969    95.2233    97.6068     2.8609     4.5018     4.5836     2.8608     0.2222     0.0904     0.0794     2.3248     0.0000  0.000e+00
      3.489      3.469      46.52    27.2571    27.2566   5.550216   5.550500    35.0418    35.0442     3.9754     0.3503 5.4093e-04     0.6234     0.1958     0.0969    95.2233    97.6068     2.8597     4.5018     4.5836     2.8596     0.2320     0.0904     0.0806     2.3260     0.0000  0.000e+00
      3.460      3.440      46.52    27.2570    27.2569   5.550277   5.550462    35.0423    35.0437     3.9753     0.3503 6.0932e-04     0.5746     0.1958     0.0969    95.2233    97.6068     2.8597     4.5018     4.5836     2.8596     0.2552     0.0904     0.0794     2.3260     0.0000  0.000e+00
      3.431      3.411      46.52    27.2573    27.2570   5.550277   5.550523    35.0421    35.0441     3.9753     0.3503 6.3452e-04     0.5746     0.1958     0.0969    95.2233    97.6068     2.8597     4.5018     4.5836     2.8596     0.2637     0.0904     0.0794     2.3260     0.0000  0.000e+00
      3.460      3.440      46.52    27.2573    27.2566   5.550254   5.550516    35.0419    35.0443     3.9731     0.3503 6.3452e-04     0.5746     0.1958     0.0969    95.2233    97.6068     2.8585     4.5018     4.5836     2.8584     0.2637     0.0904     0.0794     2.3260     0.0000  0.000e+00
      3.489      3.469      46.52    27.2575    27.2566   5.550322   5.550500    35.0423    35.0442     3.9730     0.3503 6.3092e-04     0.5746     0.1947     0.0969    95.2491    97.6068     2.8585     4.5031     4.5836     2.8584     0.2625     0.0904     0.0794     2.3260     0.0000  0.000e+00
      3.460      3.440      46.52    27.2573    27.2568   5.550292   5.550500    35.0422    35.0441     3.9752     0.3503 6.3092e-04     0.5746     0.1947     0.0969    95.2491    97.6068     2.8597     4.5031     4.5836     2.8596     0.2625     0.0904     0.0794     2.3260     0.0000  0.000e+00
      3.431      3.411      46.52    27.2575    27.2568   5.550322   5.550462    35.0423    35.0438     3.9708     0.3503 6.3092e-04     0.5746     0.1947     0.0958    95.2491    97.6328     2.8572     4.5031     4.5849     2.8571     0.2625     0.0904     0.0794     2.3260     0.0000  0.000e+00
      3.460      3.440      46.52    27.2573    27.2568   5.550307   5.550485    35.0423    35.0440     3.9707     0.3503 6.3092e-04     0.5746     0.1947     0.0948    95.2491    97.6589     2.8572     4.5031     4.5861     2.8571     0.2625     0.0904     0.0794     2.3260     0.0000  0.000e+00
      3.460      3.440      46.52    27.2573    27.2568   5.550277   5.550470    35.0421    35.0438     3.9729     0.3503 6.3092e-04     0.5746     0.1947     0.0948    95.2491    97.6589     2.8585     4.5031     4.5861     2.8584     0.2625     0.0904     0.0794     2.3260     0.0000  0.000e+00
      3.431      3.411      46.54    27.2575    27.2568   5.550292   5.550485    35.0421    35.0440     3.9731     0.3503 6.3452e-04     0.6234     0.1947     0.0948    95.2491    97.6589     2.8585     4.5031     4.5861     2.8584     0.2637     0.0904     0.0806     2.3272     0.0000  0.000e+00
      3.460      3.440      46.59    27.2575    27.2569   5.550300   5.550500    35.0421    35.0439     3.9711     0.3503 6.3092e-04     0.5746     0.1947     0.0948    95.2491    97.6589     2.8572     4.5031     4.5861     2.8571     0.2625     0.0904     0.0794     2.3297     0.0000  0.000e+00
      3.431      3.411      46.59    27.2576    27.2568   5.550262   5.550500    35.0417    35.0441     3.9687     0.3503 6.3452e-04     0.6234     0.1947     0.0948    95.2491    97.6589     2.8560     4.5031     4.5861     2.8559     0.2637     0.0904     0.0806     2.3297     0.0000  0.000e+00
      3.460      3.440      46.59    27.2575    27.2571   5.550269   5.550531    35.0419    35.0440     3.9708     0.3503 6.3452e-04     0.6234     0.1947     0.0948    95.2491    97.6589     2.8572     4.5031     4.5861     2.8571     0.2637     0.0904     0.0806     2.3297     0.0000  0.000e+00
      3.431      3.411      46.59    27.2575    27.2569   5.550292   5.550516    35.0421    35.0441     3.9751     0.3503 6.3092e-04     0.6234     0.1947     0.0948    95.2491    97.6589     2.8597     4.5031     4.5861     2.8596     0.2625     0.0904     0.0806     2.3297     0.0000  0.000e+00
      3.460      3.440      46.62    27.2575    27.2570   5.550300   5.550500    35.0421    35.0439     3.9708     0.3503 6.3092e-04     0.6234     0.1958     0.0948    95.2233    97.6589     2.8572     4.5018     4.5861     2.8571     0.2625     0.0904     0.0806     2.3309     0.0000  0.000e+00
      3.431      3.411      46.62    27.2575    27.2569   5.550277   5.550531    35.0420    35.0442     3.9707     0.3503 6.3092e-04     0.6234     0.1947     0.0948    95.2491    97.6589     2.8572     4.5031     4.5861     2.8571     0.2625     0.0904     0.0806     2.3309     0.0000  0.000e+00
      3.409      3.390      46.62    27.2573    27.2571   5.550292   5.550546    35.0422    35.0441     3.9752     0.3503 6.3092e-04     0.5746     0.1947     0.0948    95.2491    97.6589     2.8597     4.5031     4.5861     2.8596     0.2625     0.0904     0.0794     2.3309     0.0000  0.000e+00
