content/post/ctd18/stn004.ros
* Sea-Bird SBE 9 Data File:
* FileName = C:\CTD Data\AGU032_IIOE2_June2018\stn004.hex
* Software Version Seasave V 7.22.5
* Temperature SN = 5966
* Conductivity SN = 4551
* Number of Bytes Per Scan = 40
* Number of Voltage Words = 5
* Number of Scans Averaged by the Deck Unit = 1
* NMEA Latitude = 05 42.84 S
* NMEA Longitude = 039 06.57 E
* NMEA UTC (Time) = Jun 19 2018 00:03:26
* NMEA baud rate = 4800
** Ship: Agulhas II
** Cruise: V032_IIOE2
** Ship Station: AM00885
** Grid number: A-4
** Latitude: 05 42.848 S
** Longitude: 039 06.579 E
** Bottom depth (m): 70.08m
** Operator: Darrell and Hassan
# nquan = 29
# nvalues = 539                                   
# units = specified
# name 0 = prDM: Pressure, Digiquartz [db]
# name 1 = depSM: Depth [salt water, m]
# name 2 = altM: Altimeter [m]
# name 3 = t090C: Temperature [ITS-90, deg C]
# name 4 = t190C: Temperature, 2 [ITS-90, deg C]
# name 5 = c0S/m: Conductivity [S/m]
# name 6 = c1S/m: Conductivity, 2 [S/m]
# name 7 = sal00: Salinity, Practical [PSU]
# name 8 = sal11: Salinity, Practical, 2 [PSU]
# name 9 = sbeox0ML/L: Oxygen, SBE 43 [ml/l]
# name 10 = flECO-AFL: Fluorescence, WET Labs ECO-AFL/FL [mg/m^3]
# name 11 = turbWETbb0: Turbidity, WET Labs ECO BB [m^-1/sr]
# name 12 = turbWETntu0: Turbidity, WET Labs ECO [NTU]
# name 13 = CStarAt0: Beam Attenuation, WET Labs C-Star [1/m]
# name 14 = CStarAt1: Beam Attenuation, WET Labs C-Star, 2 [1/m]
# name 15 = CStarTr0: Beam Transmission, WET Labs C-Star [%]
# name 16 = CStarTr1: Beam Transmission, WET Labs C-Star, 2 [%]
# name 17 = sbeox0V: Oxygen raw, SBE 43 [V]
# name 18 = v0: Voltage 0
# name 19 = v1: Voltage 1
# name 20 = v2: Voltage 2
# name 21 = v3: Voltage 3
# name 22 = v4: Voltage 4
# name 23 = v5: Voltage 5
# name 24 = v6: Voltage 6
# name 25 = v7: Voltage 7
# name 26 = scan: Scan Count
# name 27 = nbf: Bottles Fired
# name 28 = flag:  0.000e+00
# interval = seconds: 0.0416667
# start_time = Jun 19 2018 00:03:26 [NMEA time, header]
# bad_flag = -9.990e-29
*END*
[from data line 501]
      2.278      2.265      65.08    27.0124    27.0111   5.514596   5.514742    34.9725    34.9745     3.9737     0.4785 5.4453e-04     0.5746     0.2165     0.1097    94.7321    97.2947     2.8463     4.4786     4.5690     2.8462     0.2332     0.0989     0.0794     3.2540     0.0000      13032         11  0.000e+00
      2.576      2.562      65.08    27.0124    27.0111   5.514551   5.514781    34.9720    34.9746     3.9731     0.4785 5.4453e-04     0.5746     0.2165     0.1108    94.7321    97.2687     2.8463     4.4786     4.5678     2.8462     0.2332     0.0989     0.0794     3.2540     0.0000      13033         11  0.000e+00
      2.438      2.424      65.08    27.0125    27.0111   5.514574   5.514750    34.9722    34.9745     3.9724     0.4785 5.4453e-04     0.5746     0.2165     0.1108    94.7321    97.2687     2.8463     4.4786     4.5678     2.8462     0.2332     0.0989     0.0794     3.2540     0.0000      13034         11  0.000e+00
      2.467      2.453      65.15    27.0124    27.0107   5.514619   5.514742    34.9726    34.9747     3.9718     0.4785 5.4453e-04     0.5258     0.2165     0.1108    94.7321    97.2687     2.8463     4.4786     4.5678     2.8462     0.2332     0.0989     0.0781     3.2576     0.0000      13035         11  0.000e+00
      2.438      2.424      65.20    27.0123    27.0107   5.514634   5.514773    34.9727    34.9749     3.9714     0.4785 5.4453e-04     0.5746     0.2165     0.1097    94.7321    97.2947     2.8463     4.4786     4.5690     2.8462     0.2332     0.0989     0.0794     3.2601     0.0000      13036         11  0.000e+00
      2.467      2.453      65.23    27.0125    27.0109   5.514566   5.514719    34.9721    34.9744     3.9709     0.4785 5.4453e-04     0.5746     0.2165     0.1097    94.7321    97.2947     2.8463     4.4786     4.5690     2.8462     0.2332     0.0989     0.0794     3.2613     0.0000      13037         11  0.000e+00
      2.438      2.424      65.23    27.0124    27.0107   5.514612   5.514658    34.9725    34.9741     3.9683     0.4785 5.4093e-04     0.5746     0.2165     0.1097    94.7321    97.2947     2.8451     4.4786     4.5690     2.8449     0.2320     0.0989     0.0794     3.2613     0.0000      13038         11  0.000e+00
      2.438      2.424      65.23    27.0123    27.0109   5.514634   5.514650    34.9727    34.9739     3.9701     0.4602 4.9774e-04     0.5746     0.2176     0.1097    94.7063    97.2947     2.8463     4.4774     4.5690     2.8462     0.2173     0.0977     0.0794     3.2613     0.0000      13039         11  0.000e+00
      2.467      2.453      65.23    27.0125    27.0109   5.514596   5.514719    34.9723    34.9744     3.9696     0.4602 4.7974e-04     0.5746     0.2208     0.1097    94.6287    97.2947     2.8463     4.4737     4.5690     2.8462     0.2112     0.0977     0.0794     3.2613     0.0000      13040         11  0.000e+00
      2.438      2.424      65.23    27.0123    27.0109   5.514612   5.514773    34.9726    34.9748     3.9692     0.4602 4.7974e-04     0.5746     0.2219     0.1097    94.6029    97.2947     2.8463     4.4725     4.5690     2.8462     0.2112     0.0977     0.0794     3.2613     0.0000      13041         11  0.000e+00
      2.409      2.395      65.23    27.0124    27.0111   5.514627   5.514758    34.9726    34.9745     3.9687     0.4602 4.7974e-04     0.5746     0.2219     0.1108    94.6029    97.2687     2.8463     4.4725     4.5678     2.8462     0.2112     0.0977     0.0794     3.2613     0.0000      13042         11  0.000e+00
      2.489      2.475      65.23    27.0124    27.0109   5.514596   5.514773    34.9724    34.9748     3.9686     0.4602 4.7974e-04     0.5746     0.2219     0.1097    94.6029    97.2947     2.8463     4.4725     4.5690     2.8462     0.2112     0.0977     0.0794     3.2613     0.0000      13043         11  0.000e+00
      2.409      2.395      65.23    27.0123    27.0111   5.514589   5.514758    34.9724    34.9745     3.9708     0.4602 4.7974e-04     0.5746     0.2219     0.1086    94.6029    97.3207     2.8475     4.4725     4.5702     2.8474     0.2112     0.0977     0.0794     3.2613     0.0000      13044         11  0.000e+00
      2.489      2.475      65.23    27.0124    27.0112   5.514551   5.514742    34.9721    34.9743     3.9707     0.4602 4.7974e-04     0.5746     0.2219     0.1086    94.6029    97.3207     2.8475     4.4725     4.5702     2.8474     0.2112     0.0977     0.0794     3.2613     0.0000      13045         11  0.000e+00
      2.438      2.424      65.23    27.0123    27.0111   5.514574   5.514742    34.9723    34.9744     3.9706     0.4602 4.7974e-04     0.5746     0.2208     0.1097    94.6287    97.2947     2.8475     4.4737     4.5690     2.8474     0.2112     0.0977     0.0794     3.2613     0.0000      13046         11  0.000e+00
      2.467      2.453      65.23    27.0122    27.0109   5.514589   5.514742    34.9725    34.9746     3.9707     0.4602 4.7974e-04     0.5746     0.2219     0.1086    94.6029    97.3207     2.8475     4.4725     4.5702     2.8474     0.2112     0.0977     0.0794     3.2613     0.0000      13047         11  0.000e+00
      2.438      2.424      65.23    27.0122    27.0111   5.514551   5.514773    34.9722    34.9746     3.9709     0.4602 4.7974e-04     0.5746     0.2219     0.1086    94.6029    97.3207     2.8475     4.4725     4.5702     2.8474     0.2112     0.0977     0.0794     3.2613     0.0000      13048         11  0.000e+00
      2.467      2.453      65.25    27.0123    27.0111   5.514574   5.514719    34.9723    34.9742     3.9711     0.4602 4.7974e-04     0.5746     0.2208     0.1086    94.6287    97.3207     2.8475     4.4737     4.5702     2.8474     0.2112     0.0977     0.0794     3.2625     0.0000      13049         11  0.000e+00
      2.489      2.475      65.35    27.0122    27.0109   5.514551   5.514696    34.9722    34.9742     3.9714     0.4602 4.7974e-04     0.5746     0.2219     0.1086    94.6029    97.3207     2.8475     4.4725     4.5702     2.8474     0.2112     0.0977     0.0794     3.2674     0.0000      13050         11  0.000e+00
      2.438      2.424      65.37    27.0121    27.0111   5.514574   5.514804    34.9724    34.9749     3.9716     0.4602 4.7974e-04     0.5746     0.2208     0.1086    94.6287    97.3207     2.8475     4.4737     4.5702     2.8474     0.2112     0.0977     0.0794     3.2686     0.0000      13051         11  0.000e+00
      2.518      2.504      65.37    27.0122    27.0111   5.514589   5.514796    34.9725    34.9748     3.9719     0.4602 4.7614e-04     0.5746     0.2219     0.1097    94.6029    97.2947     2.8475     4.4725     4.5690     2.8474     0.2100     0.0977     0.0794     3.2686     0.0000      13052         11  0.000e+00
      2.438      2.424      65.37    27.0121    27.0111   5.514589   5.514750    34.9726    34.9745     3.9745     0.4602 4.7974e-04     0.5746     0.2219     0.1086    94.6029    97.3207     2.8487     4.4725     4.5702     2.8486     0.2112     0.0977     0.0794     3.2686     0.0000      13053         11  0.000e+00
      2.467      2.453      65.37    27.0124    27.0113   5.514619   5.514712    34.9726    34.9740     3.9729     0.4602 4.7974e-04     0.5258     0.2208     0.1086    94.6287    97.3207     2.8475     4.4737     4.5702     2.8474     0.2112     0.0977     0.0781     3.2686     0.0000      13054         11  0.000e+00
      2.489      2.475      65.40    27.0122    27.0111   5.514634   5.514696    34.9728    34.9741     3.9758     0.4602 4.7614e-04     0.5746     0.2208     0.1086    94.6287    97.3207     2.8487     4.4737     4.5702     2.8486     0.2100     0.0977     0.0794     3.2698     0.0000      13055         11  0.000e+00
      2.467      2.453      65.42    27.0127    27.0114   5.514627   5.514804    34.9724    34.9746     3.9766     0.4602 4.7974e-04     0.5746     0.2219     0.1086    94.6029    97.3207     2.8487     4.4725     4.5702     2.8486     0.2112     0.0977     0.0794     3.2711     0.0000      13056         11  0.000e+00
      2.489      2.475      65.42    27.0124    27.0116   5.514627   5.514834    34.9726    34.9747     3.9775     0.4602 4.7974e-04     0.5746     0.2219     0.1086    94.6029    97.3207     2.8487     4.4725     4.5702     2.8486     0.2112     0.0977     0.0794     3.2711     0.0000      13057         11  0.000e+00
      2.438      2.424      65.42    27.0125    27.0113   5.514664   5.514834    34.9728    34.9749     3.9783     0.4602 4.7974e-04     0.5746     0.2219     0.1086    94.6029    97.3207     2.8487     4.4725     4.5702     2.8486     0.2112     0.0977     0.0794     3.2711     0.0000      13058         11  0.000e+00
      2.467      2.453      65.42    27.0127    27.0116   5.514612   5.514796    34.9723    34.9744     3.9792     0.4602 4.7974e-04     0.5746     0.2208     0.1086    94.6287    97.3207     2.8487     4.4737     4.5702     2.8486     0.2112     0.0977     0.0794     3.2711     0.0000      13059         11  0.000e+00
      2.489      2.475      65.45    27.0124    27.0114   5.514589   5.514819    34.9723    34.9747     3.9824     0.4602 4.7974e-04     0.5746     0.2165     0.1086    94.7321    97.3207     2.8500     4.4786     4.5702     2.8498     0.2112     0.0977     0.0794     3.2723     0.0000      13060         11  0.000e+00
      2.518      2.504      65.45    27.0127    27.0118   5.514619   5.514804    34.9723    34.9743     3.9834     0.4602 4.7974e-04     0.5746     0.2143     0.1086    94.7838    97.3207     2.8500     4.4811     4.5702     2.8498     0.2112     0.0977     0.0794     3.2723     0.0000      13061         11  0.000e+00
      2.438      2.424      65.45    27.0127    27.0116   5.514634   5.514819    34.9724    34.9746     3.9843     0.4602 4.7974e-04     0.5746     0.2143     0.1097    94.7838    97.2947     2.8500     4.4811     4.5690     2.8498     0.2112     0.0977     0.0794     3.2723     0.0000      13062         11  0.000e+00
      2.489      2.475      65.45    27.0125    27.0115   5.514664   5.514834    34.9728    34.9748     3.9853     0.4602 4.7974e-04     0.5746     0.2143     0.1108    94.7838    97.2687     2.8500     4.4811     4.5678     2.8498     0.2112     0.0977     0.0794     3.2723     0.0000      13063         11  0.000e+00
      2.518      2.504      65.45    27.0125    27.0118   5.514642   5.514865    34.9726    34.9747     3.9862     0.4602 4.7974e-04     0.5746     0.2154     0.1108    94.7580    97.2687     2.8500     4.4799     4.5678     2.8498     0.2112     0.0977     0.0794     3.2723     0.0000      13064         11  0.000e+00
      2.489      2.475      65.47    27.0124    27.0114   5.514634   5.514811    34.9727    34.9746     3.9870     0.4785 4.9054e-04     0.5746     0.2143     0.1108    94.7838    97.2687     2.8500     4.4811     4.5678     2.8498     0.2149     0.0989     0.0794     3.2735     0.0000      13065         11  0.000e+00
      2.467      2.453      65.45    27.0127    27.0116   5.514664   5.514819    34.9727    34.9746     3.9900     0.4785 4.9054e-04     0.5746     0.2143     0.1108    94.7838    97.2687     2.8512     4.4811     4.5678     2.8510     0.2149     0.0989     0.0794     3.2723     0.0000      13066         11  0.000e+00
      2.489      2.475      65.47    27.0127    27.0118   5.514642   5.514865    34.9725    34.9747     3.9909     0.4785 4.9414e-04     0.5746     0.2143     0.1108    94.7838    97.2687     2.8512     4.4811     4.5678     2.8510     0.2161     0.0989     0.0794     3.2735     0.0000      13067         11  0.000e+00
      2.467      2.453      65.45    27.0125    27.0116   5.514634   5.514842    34.9726    34.9747     3.9916     0.4785 4.9414e-04     0.5746     0.2143     0.1108    94.7838    97.2687     2.8512     4.4811     4.5678     2.8510     0.2161     0.0989     0.0794     3.2723     0.0000      13068         11  0.000e+00
      2.489      2.475      65.47    27.0125    27.0116   5.514634   5.514865    34.9725    34.9749     3.9924     0.4785 4.9054e-04     0.5258     0.2154     0.1108    94.7580    97.2687     2.8512     4.4799     4.5678     2.8510     0.2149     0.0989     0.0781     3.2735     0.0000      13069         11  0.000e+00
