content/post/ctd18/stn003.ros
* Sea-Bird SBE 9 Data File:
* FileName = C:\CTD Data\AGU032_IIOE2_June2018\stn003.hex
* Software Version Seasave V 7.22.5
* Temperature SN = 5966
* Conductivity SN = 4551
* Number of Bytes Per Scan = 40
* Number of Voltage Words = 5
* Number of Scans Averaged by the Deck Unit = 1
* NMEA Latitude = 05 26.22 S
* NMEA Longitude = 039 11.22 E
* NMEA UTC (Time) = Jun 18 2018 19:22:04
* NMEA baud rate = 4800
** Ship: Agulhas II
** Cruise: V032_IIOE2
** Ship Station: AM00884
** Grid number: A-3
** Latitude: 05 26 136 S
** Longitude: 039 11.242 E
** Bottom depth (m): 360.20m
** Operator: Florence and Darrell
# nquan = 29
# nvalues = 776                                   
# units = specified
# name 0 = prDM: Pressure, Digiquartz [db]
# name 1 = depSM: Depth [salt water, m]
# name 2 = altM: Altimeter [m]
# name 3 = t090C: Temperature [ITS-90, deg C]
# name 4 = t190C: Temperature, 2 [ITS-90, deg C]
# name 5 = c0S/m: Conductivity [S/m]
# name 6 = c1S/m: Conductivity, 2 [S/m]
# name 7 = sal00: Salinity, Practical [PSU]
# name 8 = sal11: Salinity, Practical, 2 [PSU]
# name 9 = sbeox0ML/L: Oxygen, SBE 43 [ml/l]
# name 10 = flECO-AFL: Fluorescence, WET Labs ECO-AFL/FL [mg/m^3]
# name 11 = turbWETbb0: Turbidity, WET Labs ECO BB [m^-1/sr]
# name 12 = turbWETntu0: Turbidity, WET Labs ECO [NTU]
# name 13 = CStarAt0: Beam Attenuation, WET Labs C-Star [1/m]
# name 14 = CStarAt1: Beam Attenuation, WET Labs C-Star, 2 [1/m]
# name 15 = CStarTr0: Beam Transmission, WET Labs C-Star [%]
# name 16 = CStarTr1: Beam Transmission, WET Labs C-Star, 2 [%]
# name 17 = sbeox0V: Oxygen raw, SBE 43 [V]
# name 18 = v0: Voltage 0
# name 19 = v1: Voltage 1
# name 20 = v2: Voltage 2
# name 21 = v3: Voltage 3
# name 22 = v4: Voltage 4
# name 23 = v5: Voltage 5
# name 24 = v6: Voltage 6
# name 25 = v7: Voltage 7
# name 26 = scan: Scan Count
# name 27 = nbf: Bottles Fired
# name 28 = flag:  0.000e+00
# interval = seconds: 0.0416667
# start_time = Jun 18 2018 19:22:04 [NMEA time, header]
# bad_flag = -9.990e-29
*END*
[from data line 601]
     20.117     20.005      98.51    26.8542    26.8509   5.497222   5.497247    34.9620    34.9646     3.9253     0.6250 4.3654e-04     0.5746     0.1774     0.0831    95.6627    97.9450     2.8121     4.5226     4.5995     2.8107     0.1966     0.1087     0.0794     4.9255     0.0000      39927         13  0.000e+00
     20.059     19.947      98.51    26.8545    26.8517   5.497237   5.497293    34.9619    34.9644     3.9252     0.6250 4.3294e-04     0.5746     0.1774     0.0831    95.6627    97.9450     2.8121     4.5226     4.5995     2.8107     0.1954     0.1087     0.0794     4.9255     0.0000      39928         13  0.000e+00
     20.117     20.005      98.51    26.8543    26.8520   5.497327   5.497339    34.9627    34.9644     3.9252     0.6250 4.3654e-04     0.5746     0.1774     0.0831    95.6627    97.9450     2.8121     4.5226     4.5995     2.8107     0.1966     0.1087     0.0794     4.9255     0.0000      39929         13  0.000e+00
     20.117     20.005      98.51    26.8546    26.8522   5.497267   5.497385    34.9620    34.9646     3.9230     0.6250 4.3654e-04     0.5746     0.1774     0.0820    95.6627    97.9710     2.8109     4.5226     4.6007     2.8095     0.1966     0.1087     0.0794     4.9255     0.0000      39930         13  0.000e+00
     20.103     19.990      98.51    26.8547    26.8526   5.497289   5.497431    34.9621    34.9647     3.9229     0.6250 4.3654e-04     0.5746     0.1774     0.0831    95.6627    97.9450     2.8109     4.5226     4.5995     2.8095     0.1966     0.1087     0.0794     4.9255     0.0000      39931         13  0.000e+00
     20.117     20.005      98.51    26.8548    26.8528   5.497259   5.497408    34.9618    34.9644     3.9206     0.6250 4.3654e-04     0.5746     0.1774     0.0820    95.6627    97.9710     2.8097     4.5226     4.6007     2.8083     0.1966     0.1087     0.0794     4.9255     0.0000      39932         13  0.000e+00
     20.059     19.947      98.51    26.8548    26.8531   5.497289   5.497500    34.9620    34.9648     3.9226     0.5518 4.3654e-04     0.5746     0.1774     0.0831    95.6627    97.9450     2.8109     4.5226     4.5995     2.8095     0.1966     0.1038     0.0794     4.9255     0.0000      39933         13  0.000e+00
     20.117     20.005      98.51    26.8548    26.8533   5.497274   5.497500    34.9619    34.9646     3.9226     0.5151 4.3654e-04     0.5746     0.1774     0.0831    95.6627    97.9450     2.8109     4.5226     4.5995     2.8095     0.1966     0.1013     0.0794     4.9255     0.0000      39934         13  0.000e+00
     20.117     20.005      98.51    26.8549    26.8536   5.497312   5.497500    34.9621    34.9644     3.9226     0.4968 4.3654e-04     0.5746     0.1774     0.0831    95.6627    97.9450     2.8109     4.5226     4.5995     2.8095     0.1966     0.1001     0.0794     4.9255     0.0000      39935         13  0.000e+00
     20.103     19.990      98.51    26.8546    26.8538   5.497312   5.497492    34.9623    34.9642     3.9227     0.5151 4.3654e-04     0.5746     0.1774     0.0831    95.6627    97.9450     2.8109     4.5226     4.5995     2.8095     0.1966     0.1013     0.0794     4.9255     0.0000      39936         13  0.000e+00
     20.168     20.055      98.51    26.8550    26.8542   5.497290   5.497553    34.9618    34.9643     3.9229     0.5151 4.3654e-04     0.5746     0.1774     0.0831    95.6627    97.9450     2.8109     4.5226     4.5995     2.8095     0.1966     0.1013     0.0794     4.9255     0.0000      39937         13  0.000e+00
     20.059     19.947      98.51    26.8549    26.8542   5.497305   5.497576    34.9621    34.9645     3.9231     0.5151 4.4014e-04     0.5746     0.1774     0.0831    95.6627    97.9450     2.8109     4.5226     4.5995     2.8095     0.1978     0.1013     0.0794     4.9255     0.0000      39938         13  0.000e+00
     20.168     20.055      98.51    26.8546    26.8544   5.497290   5.497546    34.9621    34.9641     3.9235     0.5151 4.3654e-04     0.5746     0.1774     0.0820    95.6627    97.9710     2.8109     4.5226     4.6007     2.8095     0.1966     0.1013     0.0794     4.9255     0.0000      39939         13  0.000e+00
     20.117     20.005      98.51    26.8548    26.8544   5.497305   5.497599    34.9621    34.9645     3.9236     0.5151 4.4734e-04     0.5746     0.1774     0.0820    95.6627    97.9710     2.8109     4.5226     4.6007     2.8095     0.2002     0.1013     0.0794     4.9255     0.0000      39940         13  0.000e+00
     20.044     19.932      98.53    26.8548    26.8547   5.497289   5.497584    34.9620    34.9642     3.9238     0.5151 4.6174e-04     0.5746     0.1774     0.0820    95.6627    97.9710     2.8109     4.5226     4.6007     2.8095     0.2051     0.1013     0.0794     4.9267     0.0000      39941         13  0.000e+00
     20.226     20.113      98.51    26.8547    26.8547   5.497267   5.497546    34.9619    34.9638     3.9242     0.5151 4.6174e-04     0.5746     0.1806     0.0831    95.5852    97.9450     2.8109     4.5189     4.5995     2.8095     0.2051     0.1013     0.0794     4.9255     0.0000      39942         13  0.000e+00
     20.117     20.005      98.53    26.8548    26.8547   5.497335   5.497561    34.9623    34.9640     3.9245     0.5151 4.6174e-04     0.5746     0.1839     0.0831    95.5076    97.9450     2.8109     4.5153     4.5995     2.8095     0.2051     0.1013     0.0794     4.9267     0.0000      39943         13  0.000e+00
     20.168     20.055      98.51    26.8546    26.8546   5.497305   5.497607    34.9622    34.9644     3.9247     0.5151 4.6174e-04     0.5746     0.1839     0.0831    95.5076    97.9450     2.8109     4.5153     4.5995     2.8095     0.2051     0.1013     0.0794     4.9255     0.0000      39944         13  0.000e+00
     20.117     20.005      98.53    26.8550    26.8549   5.497335   5.497553    34.9622    34.9638     3.9249     0.5151 4.6174e-04     0.5746     0.1839     0.0831    95.5076    97.9450     2.8109     4.5153     4.5995     2.8095     0.2051     0.1013     0.0794     4.9267     0.0000      39945         13  0.000e+00
     20.168     20.055      98.51    26.8549    26.8547   5.497305   5.497599    34.9620    34.9642     3.9253     0.5151 4.6174e-04     0.5746     0.1839     0.0831    95.5076    97.9450     2.8109     4.5153     4.5995     2.8095     0.2051     0.1013     0.0794     4.9255     0.0000      39946         13  0.000e+00
     20.154     20.041      98.51    26.8548    26.8547   5.497335   5.497584    34.9623    34.9642     3.9256     0.5151 4.6174e-04     0.5258     0.1839     0.0831    95.5076    97.9450     2.8109     4.5153     4.5995     2.8095     0.2051     0.1013     0.0781     4.9255     0.0000      39947         13  0.000e+00
     20.168     20.055      98.51    26.8552    26.8547   5.497335   5.497576    34.9620    34.9641     3.9258     0.5151 4.5814e-04     0.5746     0.1839     0.0841    95.5076    97.9190     2.8109     4.5153     4.5983     2.8095     0.2039     0.1013     0.0794     4.9255     0.0000      39948         13  0.000e+00
     20.168     20.055      98.51    26.8552    26.8549   5.497350   5.497607    34.9621    34.9641     3.9260     0.5151 4.6174e-04     0.5746     0.1839     0.0841    95.5076    97.9190     2.8109     4.5153     4.5983     2.8095     0.2051     0.1013     0.0794     4.9255     0.0000      39949         13  0.000e+00
     20.117     20.005      98.51    26.8554    26.8546   5.497387   5.497599    34.9622    34.9644     3.9286     0.4968 4.6174e-04     0.5746     0.1839     0.0841    95.5076    97.9190     2.8121     4.5153     4.5983     2.8107     0.2051     0.1001     0.0794     4.9255     0.0000      39950         13  0.000e+00
     20.168     20.055      98.53    26.8552    26.8547   5.497350   5.497614    34.9621    34.9643     3.9291     0.5151 4.6174e-04     0.5746     0.1839     0.0841    95.5076    97.9190     2.8121     4.5153     4.5983     2.8107     0.2051     0.1013     0.0794     4.9267     0.0000      39951         13  0.000e+00
     20.154     20.041      98.53    26.8554    26.8547   5.497312   5.497584    34.9617    34.9641     3.9297     0.5151 4.6174e-04     0.5746     0.1839     0.0831    95.5076    97.9450     2.8121     4.5153     4.5995     2.8107     0.2051     0.1013     0.0794     4.9267     0.0000      39952         13  0.000e+00
     20.226     20.113      98.51    26.8552    26.8547   5.497357   5.497576    34.9621    34.9641     3.9303     0.5151 4.6174e-04     0.5746     0.1839     0.0841    95.5076    97.9190     2.8121     4.5153     4.5983     2.8107     0.2051     0.1013     0.0794     4.9255     0.0000      39953         13  0.000e+00
     20.117     20.005      98.51    26.8552    26.8546   5.497327   5.497607    34.9620    34.9644     3.9332     0.5151 4.6174e-04     0.5746     0.1839     0.0841    95.5076    97.9190     2.8134     4.5153     4.5983     2.8120     0.2051     0.1013     0.0794     4.9255     0.0000      39954         13  0.000e+00
     20.227     20.113      98.53    26.8552    26.8547   5.497327   5.497622    34.9619    34.9644     3.9341     0.5151 4.5814e-04     0.5746     0.1839     0.0841    95.5076    97.9190     2.8134     4.5153     4.5983     2.8120     0.2039     0.1013     0.0794     4.9267     0.0000      39955         13  0.000e+00
     20.168     20.056      98.51    26.8550    26.8547   5.497312   5.497584    34.9620    34.9642     3.9348     0.5151 4.6174e-04     0.5746     0.1839     0.0841    95.5076    97.9190     2.8134     4.5153     4.5983     2.8120     0.2051     0.1013     0.0794     4.9255     0.0000      39956         13  0.000e+00
     20.154     20.041      98.53    26.8551    26.8549   5.497289   5.497607    34.9618    34.9641     3.9357     0.5151 4.6174e-04     0.5746     0.1839     0.0841    95.5076    97.9190     2.8134     4.5153     4.5983     2.8120     0.2051     0.1013     0.0794     4.9267     0.0000      39957         13  0.000e+00
     20.227     20.113      98.51    26.8550    26.8546   5.497335   5.497584    34.9621    34.9643     3.9365     0.5151 4.6174e-04     0.5746     0.1839     0.0831    95.5076    97.9450     2.8134     4.5153     4.5995     2.8120     0.2051     0.1013     0.0794     4.9255     0.0000      39958         13  0.000e+00
     20.168     20.056      98.51    26.8552    26.8547   5.497387   5.497607    34.9624    34.9643     3.9394     0.5151 4.6174e-04     0.5746     0.1839     0.0841    95.5076    97.9190     2.8146     4.5153     4.5983     2.8132     0.2051     0.1013     0.0794     4.9255     0.0000      39959         13  0.000e+00
     20.227     20.114      98.51    26.8552    26.8547   5.497380   5.497622    34.9623    34.9644     3.9404     0.4968 4.6174e-04     0.5746     0.1839     0.0841    95.5076    97.9190     2.8146     4.5153     4.5983     2.8132     0.2051     0.1001     0.0794     4.9255     0.0000      39960         13  0.000e+00
     20.227     20.114      98.51    26.8554    26.8549   5.497357   5.497584    34.9620    34.9640     3.9414     0.5151 4.6174e-04     0.5746     0.1839     0.0841    95.5076    97.9190     2.8146     4.5153     4.5983     2.8132     0.2051     0.1013     0.0794     4.9255     0.0000      39961         13  0.000e+00
     20.154     20.041      98.51    26.8555    26.8549   5.497372   5.497645    34.9620    34.9644     3.9423     0.5151 4.6174e-04     0.5746     0.1806     0.0841    95.5852    97.9190     2.8146     4.5189     4.5983     2.8132     0.2051     0.1013     0.0794     4.9255     0.0000      39962         13  0.000e+00
     20.228     20.115      98.51    26.8547    26.8542   5.497259   5.497492    34.9618    34.9639     3.9546     0.5701 4.3654e-04     0.5746     0.1806     0.0788    95.5852    98.0490     2.8195     4.5189     4.6044     2.8181     0.1966     0.1050     0.0794     4.9255     0.0000      40083         14  0.000e+00
     20.228     20.115      98.51    26.8548    26.8544   5.497282   5.497492    34.9619    34.9637     3.9545     0.5884 4.3654e-04     0.5746     0.1784     0.0788    95.6369    98.0490     2.8195     4.5214     4.6044     2.8181     0.1966     0.1062     0.0794     4.9255     0.0000      40084         14  0.000e+00
     20.169     20.057      98.51    26.8550    26.8545   5.497335   5.497454    34.9622    34.9634     3.9566     0.5884 4.3654e-04     0.5746     0.1784     0.0788    95.6369    98.0490     2.8207     4.5214     4.6044     2.8193     0.1966     0.1062     0.0794     4.9255     0.0000      40085         14  0.000e+00
     20.228     20.115      98.51    26.8551    26.8540   5.497290   5.497477    34.9618    34.9639     3.9567     0.6067 4.3654e-04     0.5746     0.1784     0.0788    95.6369    98.0490     2.8207     4.5214     4.6044     2.8193     0.1966     0.1074     0.0794     4.9255     0.0000      40086         14  0.000e+00
     20.155     20.042      98.51    26.8550    26.8538   5.497282   5.497423    34.9618    34.9637     3.9568     0.6250 4.4014e-04     0.5746     0.1784     0.0788    95.6369    98.0490     2.8207     4.5214     4.6044     2.8193     0.1978     0.1087     0.0794     4.9255     0.0000      40087         14  0.000e+00
     20.279     20.165      98.51    26.8545    26.8535   5.497305   5.497431    34.9623    34.9639     3.9592     0.6250 4.3654e-04     0.5258     0.1784     0.0788    95.6369    98.0490     2.8219     4.5214     4.6044     2.8205     0.1966     0.1087     0.0781     4.9255     0.0000      40088         14  0.000e+00
     20.170     20.057      98.51    26.8546    26.8531   5.497327   5.497461    34.9624    34.9645     3.9570     0.6250 4.3654e-04     0.5746     0.1784     0.0809    95.6369    97.9970     2.8207     4.5214     4.6020     2.8193     0.1966     0.1087     0.0794     4.9255     0.0000      40089         14  0.000e+00
     20.228     20.115      98.51    26.8547    26.8529   5.497380   5.497446    34.9627    34.9645     3.9595     0.6250 4.3294e-04     0.5746     0.1784     0.0862    95.6369    97.8670     2.8219     4.5214     4.5958     2.8205     0.1954     0.1087     0.0794     4.9255     0.0000      40090         14  0.000e+00
     20.170     20.057      98.51    26.8550    26.8529   5.497418   5.497408    34.9627    34.9642     3.9598     0.6250 4.3654e-04     0.5746     0.1784     0.0873    95.6369    97.8409     2.8219     4.5214     4.5946     2.8205     0.1966     0.1087     0.0794     4.9255     0.0000      40091         14  0.000e+00
     20.228     20.115      98.51    26.8554    26.8528   5.497403   5.497431    34.9623    34.9645     3.9602     0.6250 4.3654e-04     0.5746     0.1784     0.0873    95.6369    97.8409     2.8219     4.5214     4.5946     2.8205     0.1966     0.1087     0.0794     4.9255     0.0000      40092         14  0.000e+00
     20.155     20.042      98.53    26.8557    26.8529   5.497418   5.497477    34.9622    34.9647     3.9604     0.6250 4.3654e-04     0.5746     0.1784     0.0873    95.6369    97.8409     2.8219     4.5214     4.5946     2.8205     0.1966     0.1087     0.0794     4.9267     0.0000      40093         14  0.000e+00
     20.228     20.115      98.53    26.8558    26.8527   5.497440   5.497492    34.9623    34.9650     3.9607     0.6250 4.3654e-04     0.5258     0.1784     0.0873    95.6369    97.8409     2.8219     4.5214     4.5946     2.8205     0.1966     0.1087     0.0781     4.9267     0.0000      40094         14  0.000e+00
     20.170     20.057      98.51    26.8555    26.8529   5.497448   5.497454    34.9626    34.9646     3.9610     0.6250 4.3654e-04     0.5746     0.1784     0.0873    95.6369    97.8409     2.8219     4.5214     4.5946     2.8205     0.1966     0.1087     0.0794     4.9255     0.0000      40095         14  0.000e+00
