content/post/ctd18/stn004.ros
* Sea-Bird SBE 9 Data File:
* FileName = C:\CTD Data\AGU032_IIOE2_June2018\stn004.hex
* Software Version Seasave V 7.22.5
* Temperature SN = 5966
* Conductivity SN = 4551
* Number of Bytes Per Scan = 40
* Number of Voltage Words = 5
* Number of Scans Averaged by the Deck Unit = 1
* NMEA Latitude = 05 42.84 S
* NMEA Longitude = 039 06.57 E
* NMEA UTC (Time) = Jun 19 2018 00:03:26
* NMEA baud rate = 4800
** Ship: Agulhas II
** Cruise: V032_IIOE2
** Ship Station: AM00885
** Grid number: A-4
** Latitude: 05 42.848 S
** Longitude: 039 06.579 E
** Bottom depth (m): 70.08m
** Operator: Darrell and Hassan
# nquan = 29
# nvalues = 539                                   
# units = specified
# name 0 = prDM: Pressure, Digiquartz [db]
# name 1 = depSM: Depth [salt water, m]
# name 2 = altM: Altimeter [m]
# name 3 = t090C: Temperature [ITS-90, deg C]
# name 4 = t190C: Temperature, 2 [ITS-90, deg C]
# name 5 = c0S/m: Conductivity [S/m]
# name 6 = c1S/m: Conductivity, 2 [S/m]
# name 7 = sal00: Salinity, Practical [PSU]
# name 8 = sal11: Salinity, Practical, 2 [PSU]
# name 9 = sbeox0ML/L: Oxygen, SBE 43 [ml/l]
# name 10 = flECO-AFL: Fluorescence, WET Labs ECO-AFL/FL [mg/m^3]
# name 11 = turbWETbb0: Turbidity, WET Labs ECO BB [m^-1/sr]
# name 12 = turbWETntu0: Turbidity, WET Labs ECO [NTU]
# name 13 = CStarAt0: Beam Attenuation, WET Labs C-Star [1/m]
# name 14 = CStarAt1: Beam Attenuation, WET Labs C-Star, 2 [1/m]
# name 15 = CStarTr0: Beam Transmission, WET Labs C-Star [%]
# name 16 = CStarTr1: Beam Transmission, WET Labs C-Star, 2 [%]
# name 17 = sbeox0V: Oxygen raw, SBE 43 [V]
# name 18 = v0: Voltage 0
# name 19 = v1: Voltage 1
# name 20 = v2: Voltage 2
# name 21 = v3: Voltage 3
# name 22 = v4: Voltage 4
# name 23 = v5: Voltage 5
# name 24 = v6: Voltage 6
# name 25 = v7: Voltage 7
# name 26 = scan: Scan Count
# name 27 = nbf: Bottles Fired
# name 28 = flag:  0.000e+00
# interval = seconds: 0.0416667
# start_time = Jun 19 2018 00:03:26 [NMEA time, header]
# bad_flag = -9.990e-29
*END*
     65.328     64.955       5.05    26.6769    26.6744   5.483770   5.483886    34.9856    34.9883     3.8473     0.4602 7.5330e-04     0.6723     0.2154     0.1236    94.7580    96.9565     2.7387     4.4799     4.5531     2.7387     0.3040     0.0977     0.0818     0.2527     0.0000       4886          1  0.000e+00
     65.328     64.955       5.05    26.6769    26.6746   5.483808   5.483947    34.9859    34.9886     3.8476     0.4602 7.5330e-04     0.6723     0.2154     0.1236    94.7580    96.9565     2.7387     4.4799     4.5531     2.7387     0.3040     0.0977     0.0818     0.2527     0.0000       4887          1  0.000e+00
     65.328     64.955       5.05    26.6770    26.6746   5.483853   5.483947    34.9861    34.9886     3.8479     0.4602 7.5330e-04     0.6723     0.2154     0.1236    94.7580    96.9565     2.7387     4.4799     4.5531     2.7387     0.3040     0.0977     0.0818     0.2527     0.0000       4888          1  0.000e+00
     65.291     64.919       5.05    26.6770    26.6744   5.483815   5.483894    34.9858    34.9884     3.8482     0.4602 7.5690e-04     0.7211     0.2154     0.1236    94.7580    96.9565     2.7387     4.4799     4.5531     2.7387     0.3053     0.0977     0.0830     0.2527     0.0000       4889          1  0.000e+00
     65.328     64.955       5.05    26.6770    26.6744   5.483747   5.483878    34.9853    34.9883     3.8485     0.4602 7.5690e-04     0.7211     0.2154     0.1236    94.7580    96.9565     2.7387     4.4799     4.5531     2.7387     0.3053     0.0977     0.0830     0.2527     0.0000       4890          1  0.000e+00
     65.379     65.006       5.05    26.6769    26.6746   5.483800   5.483909    34.9858    34.9883     3.8488     0.4419 7.5690e-04     0.7211     0.2154     0.1236    94.7580    96.9565     2.7387     4.4799     4.5531     2.7387     0.3053     0.0965     0.0830     0.2527     0.0000       4891          1  0.000e+00
     65.327     64.955       5.05    26.6770    26.6743   5.483823   5.483901    34.9859    34.9886     3.8468     0.4602 7.4250e-04     0.7211     0.2154     0.1236    94.7580    96.9565     2.7375     4.4799     4.5531     2.7375     0.3004     0.0977     0.0830     0.2527     0.0000       4892          1  0.000e+00
     65.327     64.955       5.05    26.6770    26.6746   5.483800   5.483916    34.9857    34.9884     3.8468     0.4419 6.6691e-04     0.6723     0.2154     0.1236    94.7580    96.9565     2.7375     4.4799     4.5531     2.7375     0.2747     0.0965     0.0818     0.2527     0.0000       4893          1  0.000e+00
     65.269     64.897       5.05    26.6772    26.6744   5.483815   5.483955    34.9857    34.9888     3.8469     0.4602 6.3092e-04     0.7211     0.2154     0.1236    94.7580    96.9565     2.7375     4.4799     4.5531     2.7375     0.2625     0.0977     0.0830     0.2527     0.0000       4894          1  0.000e+00
     65.342     64.969       5.05    26.6772    26.6746   5.483823   5.483932    34.9857    34.9885     3.8470     0.4602 6.2732e-04     0.6723     0.2154     0.1236    94.7580    96.9565     2.7375     4.4799     4.5531     2.7375     0.2613     0.0977     0.0818     0.2527     0.0000       4895          1  0.000e+00
     65.378     65.006       5.05    26.6770    26.6746   5.483800   5.483955    34.9857    34.9887     3.8470     0.4419 6.3092e-04     0.7211     0.2154     0.1236    94.7580    96.9565     2.7375     4.4799     4.5531     2.7375     0.2625     0.0965     0.0830     0.2527     0.0000       4896          1  0.000e+00
     65.327     64.955       5.05    26.6772    26.6744   5.483815   5.483947    34.9857    34.9888     3.8448     0.4602 6.3452e-04     0.7211     0.2154     0.1236    94.7580    96.9565     2.7363     4.4799     4.5531     2.7363     0.2637     0.0977     0.0830     0.2527     0.0000       4897          1  0.000e+00
     65.327     64.955       5.05    26.6770    26.6744   5.483823   5.483924    34.9859    34.9886     3.8469     0.4602 6.3452e-04     0.7211     0.2143     0.1236    94.7838    96.9565     2.7375     4.4811     4.5531     2.7375     0.2637     0.0977     0.0830     0.2527     0.0000       4898          1  0.000e+00
     65.327     64.955       5.05    26.6774    26.6744   5.483823   5.483924    34.9856    34.9886     3.8470     0.4602 6.3452e-04     0.6723     0.2132     0.1247    94.8097    96.9305     2.7375     4.4823     4.5519     2.7375     0.2637     0.0977     0.0818     0.2527     0.0000       4899          1  0.000e+00
     65.327     64.955       5.05    26.6772    26.6744   5.483838   5.483924    34.9859    34.9886     3.8445     0.4602 6.3452e-04     0.6723     0.2121     0.1269    94.8355    96.8785     2.7363     4.4835     4.5495     2.7363     0.2637     0.0977     0.0818     0.2527     0.0000       4900          1  0.000e+00
     65.342     64.969       5.05    26.6776    26.6743   5.483755   5.483939    34.9850    34.9888     3.8467     0.4602 6.3452e-04     0.6723     0.2121     0.1279    94.8355    96.8525     2.7375     4.4835     4.5482     2.7375     0.2637     0.0977     0.0818     0.2527     0.0000       4901          1  0.000e+00
     65.327     64.955       5.05    26.6773    26.6744   5.483762   5.483924    34.9853    34.9886     3.8445     0.4419 6.3452e-04     0.7211     0.2121     0.1279    94.8355    96.8525     2.7363     4.4835     4.5482     2.7363     0.2637     0.0965     0.0830     0.2527     0.0000       4902          1  0.000e+00
     65.327     64.955       5.05    26.6772    26.6744   5.483808   5.483924    34.9856    34.9886     3.8441     0.4602 6.3452e-04     0.7211     0.2121     0.1279    94.8355    96.8525     2.7363     4.4835     4.5482     2.7363     0.2637     0.0977     0.0830     0.2527     0.0000       4903          1  0.000e+00
     65.378     65.006       5.05    26.6774    26.6746   5.483800   5.483955    34.9854    34.9886     3.8437     0.4602 6.3452e-04     0.6723     0.2121     0.1279    94.8355    96.8525     2.7363     4.4835     4.5482     2.7363     0.2637     0.0977     0.0818     0.2527     0.0000       4904          1  0.000e+00
     65.269     64.897       5.05    26.6772    26.6746   5.483845   5.483901    34.9859    34.9883     3.8433     0.4419 6.3452e-04     0.6723     0.2132     0.1279    94.8097    96.8525     2.7363     4.4823     4.5482     2.7363     0.2637     0.0965     0.0818     0.2527     0.0000       4905          1  0.000e+00
     65.400     65.027       5.03    26.6772    26.6744   5.483830   5.483924    34.9858    34.9886     3.8453     0.4419 6.3812e-04     0.6723     0.2121     0.1279    94.8355    96.8525     2.7375     4.4835     4.5482     2.7375     0.2650     0.0965     0.0818     0.2515     0.0000       4906          1  0.000e+00
     65.327     64.955       5.03    26.6770    26.6744   5.483785   5.483924    34.9856    34.9886     3.8452     0.4419 6.3452e-04     0.6234     0.2121     0.1279    94.8355    96.8525     2.7375     4.4835     4.5482     2.7375     0.2637     0.0965     0.0806     0.2515     0.0000       4907          1  0.000e+00
     65.327     64.955       5.03    26.6774    26.6748   5.483823   5.483955    34.9856    34.9886     3.8450     0.4236 6.3452e-04     0.6234     0.2132     0.1279    94.8097    96.8525     2.7375     4.4823     4.5482     2.7375     0.2637     0.0952     0.0806     0.2515     0.0000       4908          1  0.000e+00
     65.327     64.955       5.03    26.6772    26.6748   5.483823   5.483932    34.9857    34.9884     3.8448     0.4236 6.3812e-04     0.6234     0.2121     0.1279    94.8355    96.8525     2.7375     4.4835     4.5482     2.7375     0.2650     0.0952     0.0806     0.2515     0.0000       4909          1  0.000e+00
     65.378     65.005       5.03    26.6770    26.6746   5.483785   5.483901    34.9856    34.9882     3.8447     0.4236 6.3452e-04     0.6234     0.2132     0.1279    94.8097    96.8525     2.7375     4.4823     4.5482     2.7375     0.2637     0.0952     0.0806     0.2515     0.0000       4910          1  0.000e+00
     65.327     64.955       5.03    26.6770    26.6746   5.483823   5.483916    34.9859    34.9884     3.8444     0.4419 6.3452e-04     0.6234     0.2132     0.1279    94.8097    96.8525     2.7375     4.4823     4.5482     2.7375     0.2637     0.0965     0.0806     0.2515     0.0000       4911          1  0.000e+00
     65.342     64.969       5.03    26.6774    26.6746   5.483860   5.483955    34.9859    34.9886     3.8465     0.4236 6.3812e-04     0.6723     0.2121     0.1279    94.8355    96.8525     2.7387     4.4835     4.5482     2.7387     0.2650     0.0952     0.0818     0.2515     0.0000       4912          1  0.000e+00
     65.327     64.955       5.03    26.6770    26.6748   5.483800   5.483901    34.9857    34.9882     3.8466     0.4236 6.3452e-04     0.6234     0.2132     0.1279    94.8097    96.8525     2.7387     4.4823     4.5482     2.7387     0.2637     0.0952     0.0806     0.2515     0.0000       4913          1  0.000e+00
     65.327     64.955       5.03    26.6776    26.6746   5.483808   5.483947    34.9854    34.9886     3.8465     0.4236 6.3452e-04     0.6234     0.2132     0.1279    94.8097    96.8525     2.7387     4.4823     4.5482     2.7387     0.2637     0.0952     0.0806     0.2515     0.0000       4914          1  0.000e+00
     65.327     64.955       5.03    26.6774    26.6746   5.483800   5.483916    34.9854    34.9884     3.8465     0.4236 6.3452e-04     0.6723     0.2132     0.1279    94.8097    96.8525     2.7387     4.4823     4.5482     2.7387     0.2637     0.0952     0.0818     0.2515     0.0000       4915          1  0.000e+00
     65.378     65.005       5.03    26.6774    26.6746   5.483778   5.483917    34.9853    34.9884     3.8488     0.4419 6.3452e-04     0.6234     0.2121     0.1279    94.8355    96.8525     2.7400     4.4835     4.5482     2.7399     0.2637     0.0965     0.0806     0.2515     0.0000       4916          1  0.000e+00
     65.327     64.955       5.03    26.6776    26.6746   5.483778   5.483993    34.9851    34.9890     3.8489     0.4236 6.3452e-04     0.6723     0.2132     0.1279    94.8097    96.8525     2.7400     4.4823     4.5482     2.7399     0.2637     0.0952     0.0818     0.2515     0.0000       4917          1  0.000e+00
     65.342     64.969       5.03    26.6774    26.6746   5.483845   5.483947    34.9858    34.9886     3.8490     0.4236 6.3452e-04     0.6234     0.2121     0.1279    94.8355    96.8525     2.7400     4.4835     4.5482     2.7399     0.2637     0.0952     0.0806     0.2515     0.0000       4918          1  0.000e+00
     65.378     65.005       5.03    26.6776    26.6746   5.483845   5.483939    34.9856    34.9886     3.8491     0.4236 6.3452e-04     0.6234     0.2088     0.1279    94.9131    96.8525     2.7400     4.4872     4.5482     2.7399     0.2637     0.0952     0.0806     0.2515     0.0000       4919          1  0.000e+00
     65.327     64.955       5.03    26.6776    26.6746   5.483823   5.483962    34.9855    34.9887     3.8491     0.4236 6.3452e-04     0.6234     0.2077     0.1279    94.9389    96.8525     2.7400     4.4884     4.5482     2.7399     0.2637     0.0952     0.0806     0.2515     0.0000       4920          1  0.000e+00
     65.327     64.955       5.03    26.6774    26.6746   5.483823   5.483901    34.9856    34.9883     3.8492     0.4419 6.3452e-04     0.6234     0.2077     0.1279    94.9389    96.8525     2.7400     4.4884     4.5482     2.7399     0.2637     0.0965     0.0806     0.2515     0.0000       4921          1  0.000e+00
     65.378     65.005       5.03    26.6770    26.6748   5.483823   5.483947    34.9859    34.9885     3.8471     0.4236 6.3452e-04     0.6234     0.2077     0.1279    94.9389    96.8525     2.7387     4.4884     4.5482     2.7387     0.2637     0.0952     0.0806     0.2515     0.0000       4922          1  0.000e+00
     65.342     64.969       5.03    26.6772    26.6748   5.483800   5.483947    34.9856    34.9885     3.8494     0.4236 6.3452e-04     0.6723     0.2077     0.1279    94.9389    96.8525     2.7400     4.4884     4.5482     2.7399     0.2637     0.0952     0.0818     0.2515     0.0000       4923          1  0.000e+00
     65.327     64.955       5.03    26.6770    26.6750   5.483778   5.483993    34.9856    34.9887     3.8496     0.4236 6.3452e-04     0.6723     0.2077     0.1269    94.9389    96.8785     2.7400     4.4884     4.5495     2.7399     0.2637     0.0952     0.0818     0.2515     0.0000       4924          1  0.000e+00
     65.378     65.005       5.01    26.6770    26.6757   5.483778   5.484016    34.9855    34.9883     3.8498     0.4236 6.3812e-04     0.6723     0.2077     0.1269    94.9389    96.8785     2.7400     4.4884     4.5495     2.7399     0.2650     0.0952     0.0818     0.2503     0.0000       4925          1  0.000e+00
     65.327     64.955       5.01    26.6769    26.6759   5.483793   5.484046    34.9858    34.9884     3.8477     0.4236 6.3452e-04     0.6234     0.2077     0.1279    94.9389    96.8525     2.7387     4.4884     4.5482     2.7387     0.2637     0.0952     0.0806     0.2503     0.0000       4926          1  0.000e+00
     65.327     64.955       5.01    26.6770    26.6759   5.483778   5.484023    34.9856    34.9882     3.8476     0.4236 6.3452e-04     0.6723     0.2077     0.1269    94.9389    96.8785     2.7387     4.4884     4.5495     2.7387     0.2637     0.0952     0.0818     0.2503     0.0000       4927          1  0.000e+00
     65.378     65.005       5.01    26.6770    26.6759   5.483778   5.483993    34.9855    34.9880     3.8478     0.4419 6.3092e-04     0.6234     0.2077     0.1269    94.9389    96.8785     2.7387     4.4884     4.5495     2.7387     0.2625     0.0965     0.0806     0.2503     0.0000       4928          1  0.000e+00
     65.342     64.969       5.03    26.6771    26.6757   5.483808   5.484077    34.9857    34.9887     3.8479     0.4236 6.3452e-04     0.6723     0.2077     0.1269    94.9389    96.8785     2.7387     4.4884     4.5495     2.7387     0.2637     0.0952     0.0818     0.2515     0.0000       4929          1  0.000e+00
     65.327     64.955       5.03    26.6770    26.6757   5.483800   5.484001    34.9857    34.9882     3.8480     0.4419 6.3452e-04     0.6234     0.2077     0.1269    94.9389    96.8785     2.7387     4.4884     4.5495     2.7387     0.2637     0.0965     0.0806     0.2515     0.0000       4930          1  0.000e+00
     65.378     65.005       5.03    26.6770    26.6759   5.483778   5.484039    34.9855    34.9883     3.8482     0.4419 6.3452e-04     0.6234     0.2077     0.1269    94.9389    96.8785     2.7387     4.4884     4.5495     2.7387     0.2637     0.0965     0.0806     0.2515     0.0000       4931          1  0.000e+00
     65.327     64.955       5.03    26.6770    26.6759   5.483778   5.484039    34.9856    34.9883     3.8484     0.4236 6.3452e-04     0.6723     0.2077     0.1269    94.9389    96.8785     2.7387     4.4884     4.5495     2.7387     0.2637     0.0952     0.0818     0.2515     0.0000       4932          1  0.000e+00
     65.327     64.955       5.03    26.6772    26.6757   5.483808   5.484016    34.9856    34.9883     3.8485     0.4419 6.3452e-04     0.6234     0.2077     0.1279    94.9389    96.8525     2.7387     4.4884     4.5482     2.7387     0.2637     0.0965     0.0806     0.2515     0.0000       4933          1  0.000e+00
     65.342     64.969       5.01    26.6770    26.6759   5.483800   5.484046    34.9857    34.9884     3.8487     0.4419 6.3452e-04     0.6723     0.2077     0.1269    94.9389    96.8785     2.7387     4.4884     4.5495     2.7387     0.2637     0.0965     0.0818     0.2503     0.0000       4934          1  0.000e+00
     51.154     50.864      18.66    26.6749    26.6741   5.482400   5.482656    34.9816    34.9840     3.8472     0.3869 5.6973e-04     0.6234     0.2001     0.1140    95.1199    97.1906     2.7473     4.4969     4.5641     2.7473     0.2418     0.0928     0.0806     0.9328     0.0000       6372          2  0.000e+00
