content/post/ctd18/stn004.ros
* Sea-Bird SBE 9 Data File:
* FileName = C:\CTD Data\AGU032_IIOE2_June2018\stn004.hex
* Software Version Seasave V 7.22.5
* Temperature SN = 5966
* Conductivity SN = 4551
* Number of Bytes Per Scan = 40
* Number of Voltage Words = 5
* Number of Scans Averaged by the Deck Unit = 1
* NMEA Latitude = 05 42.84 S
* NMEA Longitude = 039 06.57 E
* NMEA UTC (Time) = Jun 19 2018 00:03:26
* NMEA baud rate = 4800
** Ship: Agulhas II
** Cruise: V032_IIOE2
** Ship Station: AM00885
** Grid number: A-4
** Latitude: 05 42.848 S
** Longitude: 039 06.579 E
** Bottom depth (m): 70.08m
** Operator: Darrell and Hassan
# nquan = 29
# nvalues = 539                                   
# units = specified
# name 0 = prDM: Pressure, Digiquartz [db]
# name 1 = depSM: Depth [salt water, m]
# name 2 = altM: Altimeter [m]
# name 3 = t090C: Temperature [ITS-90, deg C]
# name 4 = t190C: Temperature, 2 [ITS-90, deg C]
# name 5 = c0S/m: Conductivity [S/m]
# name 6 = c1S/m: Conductivity, 2 [S/m]
# name 7 = sal00: Salinity, Practical [PSU]
# name 8 = sal11: Salinity, Practical, 2 [PSU]
# name 9 = sbeox0ML/L: Oxygen, SBE 43 [ml/l]
# name 10 = flECO-AFL: Fluorescence, WET Labs ECO-AFL/FL [mg/m^3]
# name 11 = turbWETbb0: Turbidity, WET Labs ECO BB [m^-1/sr]
# name 12 = turbWETntu0: Turbidity, WET Labs ECO [NTU]
# name 13 = CStarAt0: Beam Attenuation, WET Labs C-Star [1/m]
# name 14 = CStarAt1: Beam Attenuation, WET Labs C-Star, 2 [1/m]
# name 15 = CStarTr0: Beam Transmission, WET Labs C-Star [%]
# name 16 = CStarTr1: Beam Transmission, WET Labs C-Star, 2 [%]
# name 17 = sbeox0V: Oxygen raw, SBE 43 [V]
# name 18 = v0: Voltage 0
# name 19 = v1: Voltage 1
# name 20 = v2: Voltage 2
# name 21 = v3: Voltage 3
# name 22 = v4: Voltage 4
# name 23 = v5: Voltage 5
# name 24 = v6: Voltage 6
# name 25 = v7: Voltage 7
# name 26 = scan: Scan Count
# name 27 = nbf: Bottles Fired
# name 28 = flag:  0.000e+00
# interval = seconds: 0.0416667
# start_time = Jun 19 2018 00:03:26 [NMEA time, header]
# bad_flag = -9.990e-29
*END*
[from data line 301]
     20.119     20.006      48.60    26.9960    27.0049   5.513557   5.514828    34.9719    34.9743     3.9524     0.4602 4.5094e-04     0.5258     0.2143     0.1097    94.7838    97.2947     2.8341     4.4811     4.5690     2.8339     0.2015     0.0977     0.0781     2.4298     0.0000      10371          7  0.000e+00
     20.068     19.956      48.60    26.9966    27.0058   5.513489   5.514943    34.9710    34.9745     3.9524     0.4785 4.5094e-04     0.5258     0.2143     0.1097    94.7838    97.2947     2.8341     4.4811     4.5690     2.8339     0.2015     0.0989     0.0781     2.4298     0.0000      10372          7  0.000e+00
     20.119     20.006      48.60    26.9966    27.0065   5.513497   5.514982    34.9711    34.9742     3.9524     0.4785 4.4734e-04     0.5258     0.2132     0.1097    94.8097    97.2947     2.8341     4.4823     4.5690     2.8339     0.2002     0.0989     0.0781     2.4298     0.0000      10373          7  0.000e+00
     20.068     19.956      48.60    26.9966    27.0071   5.513512   5.514913    34.9712    34.9733     3.9548     0.4602 4.5094e-04     0.5258     0.2132     0.1097    94.8097    97.2947     2.8353     4.4823     4.5690     2.8352     0.2015     0.0977     0.0781     2.4298     0.0000      10374          7  0.000e+00
     20.068     19.956      48.60    26.9964    27.0074   5.513504   5.514959    34.9713    34.9734     3.9551     0.4785 4.5094e-04     0.5258     0.2121     0.1118    94.8355    97.2427     2.8353     4.4835     4.5665     2.8352     0.2015     0.0989     0.0781     2.4298     0.0000      10375          7  0.000e+00
     20.163     20.050      48.60    26.9960    27.0073   5.513504   5.514913    34.9715    34.9731     3.9533     0.4602 4.5094e-04     0.5258     0.2132     0.1129    94.8097    97.2167     2.8341     4.4823     4.5653     2.8339     0.2015     0.0977     0.0781     2.4298     0.0000      10376          7  0.000e+00
     20.068     19.956      48.60    26.9960    27.0067   5.513474   5.514920    34.9713    34.9736     3.9557     0.4785 4.5094e-04     0.5258     0.2132     0.1140    94.8097    97.1906     2.8353     4.4823     4.5641     2.8352     0.2015     0.0989     0.0781     2.4298     0.0000      10377          7  0.000e+00
     20.068     19.956      48.60    26.9959    27.0062   5.513466   5.514936    34.9714    34.9741     3.9562     0.4785 4.5094e-04     0.5258     0.2132     0.1140    94.8097    97.1906     2.8353     4.4823     4.5641     2.8352     0.2015     0.0989     0.0781     2.4298     0.0000      10378          7  0.000e+00
     20.119     20.006      48.60    26.9960    27.0067   5.513429   5.514936    34.9710    34.9737     3.9567     0.4785 4.5094e-04     0.5258     0.2132     0.1140    94.8097    97.1906     2.8353     4.4823     4.5641     2.8352     0.2015     0.0989     0.0781     2.4298     0.0000      10379          7  0.000e+00
     20.119     20.006      48.57    26.9958    27.0069   5.513489   5.514936    34.9716    34.9736     3.9572     0.4785 4.5094e-04     0.5258     0.2121     0.1140    94.8355    97.1906     2.8353     4.4835     4.5641     2.8352     0.2015     0.0989     0.0781     2.4286     0.0000      10380          7  0.000e+00
     20.053     19.941      48.57    26.9960    27.0065   5.513444   5.514936    34.9711    34.9739     3.9557     0.4785 4.5094e-04     0.5258     0.2132     0.1140    94.8097    97.1906     2.8341     4.4823     4.5641     2.8339     0.2015     0.0989     0.0781     2.4286     0.0000      10381          7  0.000e+00
     20.119     20.006      48.57    26.9960    27.0064   5.513451   5.514897    34.9712    34.9737     3.9561     0.4785 4.5094e-04     0.5258     0.2132     0.1140    94.8097    97.1906     2.8341     4.4823     4.5641     2.8339     0.2015     0.0989     0.0781     2.4286     0.0000      10382          7  0.000e+00
     20.068     19.956      48.57    26.9960    27.0062   5.513466   5.514851    34.9713    34.9735     3.9588     0.4785 4.5454e-04     0.5258     0.2121     0.1140    94.8355    97.1906     2.8353     4.4835     4.5641     2.8352     0.2027     0.0989     0.0781     2.4286     0.0000      10383          7  0.000e+00
     20.119     20.006      48.57    26.9960    27.0065   5.513429   5.514874    34.9710    34.9734     3.9575     0.4602 4.4374e-04     0.5258     0.2132     0.1140    94.8097    97.1906     2.8341     4.4823     4.5641     2.8339     0.1990     0.0977     0.0781     2.4286     0.0000      10384          7  0.000e+00
     20.068     19.956      48.57    26.9958    27.0067   5.513489   5.514890    34.9716    34.9734     3.9605     0.4785 4.3654e-04     0.5258     0.2121     0.1140    94.8355    97.1906     2.8353     4.4835     4.5641     2.8352     0.1966     0.0989     0.0781     2.4286     0.0000      10385          7  0.000e+00
     20.104     19.992      48.57    26.9960    27.0067   5.513466   5.514859    34.9713    34.9732     3.9592     0.4785 4.3294e-04     0.5258     0.2132     0.1140    94.8097    97.1906     2.8341     4.4823     4.5641     2.8339     0.1954     0.0989     0.0781     2.4286     0.0000      10386          7  0.000e+00
     20.068     19.956      48.57    26.9960    27.0065   5.513527   5.514874    34.9717    34.9734     3.9600     0.4785 4.3294e-04     0.5258     0.2121     0.1140    94.8355    97.1906     2.8341     4.4835     4.5641     2.8339     0.1954     0.0989     0.0781     2.4286     0.0000      10387          7  0.000e+00
     20.119     20.006      48.57    26.9964    27.0062   5.513557   5.514859    34.9716    34.9736     3.9630     0.4785 4.3294e-04     0.5746     0.2121     0.1140    94.8355    97.1906     2.8353     4.4835     4.5641     2.8352     0.1954     0.0989     0.0794     2.4286     0.0000      10388          7  0.000e+00
     20.068     19.956      48.57    26.9966    27.0062   5.513587   5.514805    34.9717    34.9732     3.9641     0.4785 4.3654e-04     0.6234     0.2121     0.1140    94.8355    97.1906     2.8353     4.4835     4.5641     2.8352     0.1966     0.0989     0.0806     2.4286     0.0000      10389          7  0.000e+00
     20.119     20.006      48.57    26.9969    27.0060   5.513632   5.514828    34.9718    34.9735     3.9651     0.4785 4.3294e-04     0.5746     0.2121     0.1151    94.8355    97.1646     2.8353     4.4835     4.5629     2.8352     0.1954     0.0989     0.0794     2.4286     0.0000      10390          7  0.000e+00
     19.886     19.775      48.57    26.9975    27.0056   5.513678   5.514775    34.9717    34.9734     3.9660     0.4602 4.3294e-04     0.6234     0.2132     0.1140    94.8097    97.1906     2.8353     4.4823     4.5641     2.8352     0.1954     0.0977     0.0806     2.4286     0.0000      10391          7  0.000e+00
     20.286     20.173      48.57    26.9977    27.0051   5.513693   5.514752    34.9716    34.9736     3.9672     0.4785 4.3294e-04     0.5746     0.2121     0.1140    94.8355    97.1906     2.8353     4.4835     4.5641     2.8352     0.1954     0.0989     0.0794     2.4286     0.0000      10392          7  0.000e+00
     20.068     19.956      48.57    26.9980    27.0054   5.513761   5.514790    34.9719    34.9736     3.9704     0.4785 4.3294e-04     0.5746     0.2110     0.1140    94.8614    97.1906     2.8365     4.4847     4.5641     2.8364     0.1954     0.0989     0.0794     2.4286     0.0000      10393          7  0.000e+00
     20.119     20.006      48.57    26.9984    27.0054   5.513783   5.514867    34.9717    34.9742     3.9692     0.4785 4.3294e-04     0.6234     0.2088     0.1140    94.9131    97.1906     2.8353     4.4872     4.5641     2.8352     0.1954     0.0989     0.0806     2.4286     0.0000      10394          7  0.000e+00
     20.068     19.956      48.57    26.9987    27.0058   5.513851   5.514890    34.9720    34.9741     3.9701     0.4785 4.3294e-04     0.6234     0.2088     0.1140    94.9131    97.1906     2.8353     4.4872     4.5641     2.8352     0.1954     0.0989     0.0806     2.4286     0.0000      10395          7  0.000e+00
     20.068     19.956      48.57    26.9993    27.0056   5.513942   5.514851    34.9722    34.9740     3.9708     0.4602 4.3294e-04     0.5746     0.2088     0.1129    94.9131    97.2167     2.8353     4.4872     4.5653     2.8352     0.1954     0.0977     0.0794     2.4286     0.0000      10396          7  0.000e+00
     20.104     19.992      48.57    27.0000    27.0060   5.513957   5.514874    34.9718    34.9738     3.9715     0.4785 4.3294e-04     0.5746     0.2088     0.1118    94.9131    97.2427     2.8353     4.4872     4.5665     2.8352     0.1954     0.0989     0.0794     2.4286     0.0000      10397          7  0.000e+00
     20.068     19.956      48.57    27.0005    27.0060   5.513957   5.514821    34.9714    34.9735     3.9722     0.4602 4.3294e-04     0.5746     0.2088     0.1118    94.9131    97.2427     2.8353     4.4872     4.5665     2.8352     0.1954     0.0977     0.0794     2.4286     0.0000      10398          7  0.000e+00
     20.119     20.006      48.57    27.0011    27.0056   5.514063   5.514798    34.9717    34.9735     3.9727     0.4785 4.3654e-04     0.5746     0.2088     0.1118    94.9131    97.2427     2.8353     4.4872     4.5665     2.8352     0.1966     0.0989     0.0794     2.4286     0.0000      10399          7  0.000e+00
     20.068     19.956      48.57    27.0018    27.0056   5.514100   5.514798    34.9714    34.9736     3.9730     0.4602 4.3294e-04     0.6234     0.2088     0.1118    94.9131    97.2427     2.8353     4.4872     4.5665     2.8352     0.1954     0.0977     0.0806     2.4286     0.0000      10400          7  0.000e+00
     20.068     19.956      48.57    27.0018    27.0054   5.514168   5.514798    34.9719    34.9737     3.9733     0.4785 4.3294e-04     0.5746     0.2088     0.1118    94.9131    97.2427     2.8353     4.4872     4.5665     2.8352     0.1954     0.0989     0.0794     2.4286     0.0000      10401          7  0.000e+00
     20.104     19.992      48.57    27.0022    27.0054   5.514191   5.514798    34.9718    34.9737     3.9737     0.4785 4.3294e-04     0.5746     0.2088     0.1118    94.9131    97.2427     2.8353     4.4872     4.5665     2.8352     0.1954     0.0989     0.0794     2.4286     0.0000      10402          7  0.000e+00
     20.068     19.956      48.57    27.0025    27.0051   5.514191   5.514798    34.9716    34.9740     3.9737     0.4602 4.3294e-04     0.5746     0.2088     0.1118    94.9131    97.2427     2.8353     4.4872     4.5665     2.8352     0.1954     0.0977     0.0794     2.4286     0.0000      10403          7  0.000e+00
     20.119     20.006      48.57    27.0023    27.0051   5.514221   5.514729    34.9719    34.9735     3.9716     0.4602 4.3294e-04     0.6234     0.2088     0.1118    94.9131    97.2427     2.8341     4.4872     4.5665     2.8339     0.1954     0.0977     0.0806     2.4286     0.0000      10404          7  0.000e+00
     20.068     19.956      48.57    27.0031    27.0047   5.514266   5.514775    34.9717    34.9741     3.9712     0.4785 4.3294e-04     0.5746     0.2088     0.1118    94.9131    97.2427     2.8341     4.4872     4.5665     2.8339     0.1954     0.0989     0.0794     2.4286     0.0000      10405          7  0.000e+00
     20.068     19.956      48.57    27.0029    27.0047   5.514281   5.514759    34.9719    34.9740     3.9709     0.4785 4.3294e-04     0.6234     0.2088     0.1118    94.9131    97.2427     2.8341     4.4872     4.5665     2.8339     0.1954     0.0989     0.0806     2.4286     0.0000      10406          7  0.000e+00
     20.053     19.941      48.57    27.0031    27.0045   5.514244   5.514752    34.9715    34.9741     3.9705     0.4785 4.3294e-04     0.5746     0.2088     0.1118    94.9131    97.2427     2.8341     4.4872     4.5665     2.8339     0.1954     0.0989     0.0794     2.4286     0.0000      10407          7  0.000e+00
     20.119     20.006      48.57    27.0033    27.0045   5.514304   5.514752    34.9718    34.9740     3.9702     0.4785 4.3294e-04     0.5746     0.2088     0.1129    94.9131    97.2167     2.8341     4.4872     4.5653     2.8339     0.1954     0.0989     0.0794     2.4286     0.0000      10408          7  0.000e+00
     20.119     20.006      48.57    27.0034    27.0043   5.514289   5.514752    34.9716    34.9742     3.9698     0.4785 4.3294e-04     0.5746     0.2088     0.1118    94.9131    97.2427     2.8341     4.4872     4.5665     2.8339     0.1954     0.0989     0.0794     2.4286     0.0000      10409          7  0.000e+00
     20.068     19.956      48.57    27.0033    27.0045   5.514274   5.514683    34.9716    34.9736     3.9694     0.4785 4.5094e-04     0.6234     0.2088     0.1118    94.9131    97.2427     2.8341     4.4872     4.5665     2.8339     0.2015     0.0989     0.0806     2.4286     0.0000      10410          7  0.000e+00
     20.068     19.956      48.57    27.0035    27.0042   5.514274   5.514691    34.9714    34.9739     3.9690     0.4785 4.6894e-04     0.5746     0.2088     0.1118    94.9131    97.2427     2.8341     4.4872     4.5665     2.8339     0.2076     0.0989     0.0794     2.4286     0.0000      10411          7  0.000e+00
     20.068     19.956      48.57    27.0033    27.0042   5.514244   5.514637    34.9714    34.9735     3.9686     0.4785 4.7254e-04     0.5746     0.2099     0.1118    94.8872    97.2427     2.8341     4.4860     4.5665     2.8339     0.2088     0.0989     0.0794     2.4286     0.0000      10412          7  0.000e+00
     10.186     10.129      58.19    27.0065    27.0056   5.514238   5.514440    34.9719    34.9740     4.0111     0.4602 4.7614e-04     0.5746     0.2132     0.1172    94.8097    97.1126     2.8524     4.4823     4.5604     2.8523     0.2100     0.0977     0.0794     2.9096     0.0000      11581          8  0.000e+00
     10.106     10.049      58.19    27.0063    27.0054   5.514261   5.514463    34.9722    34.9743     4.0106     0.4602 4.8694e-04     0.5746     0.2132     0.1161    94.8097    97.1386     2.8524     4.4823     4.5617     2.8523     0.2137     0.0977     0.0794     2.9096     0.0000      11582          8  0.000e+00
     10.237     10.180      58.19    27.0065    27.0054   5.514208   5.514440    34.9717    34.9741     4.0124     0.4602 4.9054e-04     0.5746     0.2132     0.1161    94.8097    97.1386     2.8536     4.4823     4.5617     2.8535     0.2149     0.0977     0.0794     2.9096     0.0000      11583          8  0.000e+00
     10.186     10.129      58.19    27.0064    27.0054   5.514208   5.514394    34.9718    34.9738     4.0120     0.4602 4.9054e-04     0.5746     0.2132     0.1161    94.8097    97.1386     2.8536     4.4823     4.5617     2.8535     0.2149     0.0977     0.0794     2.9096     0.0000      11584          8  0.000e+00
     10.164     10.107      58.22    27.0063    27.0054   5.514193   5.514456    34.9717    34.9743     4.0094     0.4602 4.9054e-04     0.5746     0.2143     0.1172    94.7838    97.1126     2.8524     4.4811     4.5604     2.8523     0.2149     0.0977     0.0794     2.9109     0.0000      11585          8  0.000e+00
     10.186     10.129      58.24    27.0064    27.0056   5.514185   5.514410    34.9716    34.9738     4.0110     0.4602 4.9054e-04     0.5746     0.2154     0.1161    94.7580    97.1386     2.8536     4.4799     4.5617     2.8535     0.2149     0.0977     0.0794     2.9121     0.0000      11586          8  0.000e+00
     10.215     10.158      58.24    27.0063    27.0054   5.513808   5.514417    34.9689    34.9740     4.0083     0.4785 4.9054e-04     0.5746     0.2154     0.1172    94.7580    97.1126     2.8524     4.4799     4.5604     2.8523     0.2149     0.0989     0.0794     2.9121     0.0000      11587          8  0.000e+00
