content/post/ctd18/stn009.ros
* Sea-Bird SBE 9 Data File:
* FileName = C:\CTD Data\AGU032_IIOE2_June2018\stn009.hex
* Software Version Seasave V 7.22.5
* Temperature SN = 5966
* Conductivity SN = 4551
* Number of Bytes Per Scan = 40
* Number of Voltage Words = 5
* Number of Scans Averaged by the Deck Unit = 1
* NMEA Latitude = 06 40.31 S
* NMEA Longitude = 039 21.28 E
* NMEA UTC (Time) = Jun 19 2018 23:17:05
* NMEA baud rate = 4800
** Ship: Agulhas II
** Cruise: V032_IIOE2
** Ship Station: AM00890
** Grid number: A-9
** Latitude: 0640.313 S
** Longitude: 039 21.285E
** Bottom depth (m): 56m
** Operator: Edwin and Siajali
# nquan = 29
# nvalues = 539                                   
# units = specified
# name 0 = prDM: Pressure, Digiquartz [db]
# name 1 = depSM: Depth [salt water, m]
# name 2 = altM: Altimeter [m]
# name 3 = t090C: Temperature [ITS-90, deg C]
# name 4 = t190C: Temperature, 2 [ITS-90, deg C]
# name 5 = c0S/m: Conductivity [S/m]
# name 6 = c1S/m: Conductivity, 2 [S/m]
# name 7 = sal00: Salinity, Practical [PSU]
# name 8 = sal11: Salinity, Practical, 2 [PSU]
# name 9 = sbeox0ML/L: Oxygen, SBE 43 [ml/l]
# name 10 = flECO-AFL: Fluorescence, WET Labs ECO-AFL/FL [mg/m^3]
# name 11 = turbWETbb0: Turbidity, WET Labs ECO BB [m^-1/sr]
# name 12 = turbWETntu0: Turbidity, WET Labs ECO [NTU]
# name 13 = CStarAt0: Beam Attenuation, WET Labs C-Star [1/m]
# name 14 = CStarAt1: Beam Attenuation, WET Labs C-Star, 2 [1/m]
# name 15 = CStarTr0: Beam Transmission, WET Labs C-Star [%]
# name 16 = CStarTr1: Beam Transmission, WET Labs C-Star, 2 [%]
# name 17 = sbeox0V: Oxygen raw, SBE 43 [V]
# name 18 = v0: Voltage 0
# name 19 = v1: Voltage 1
# name 20 = v2: Voltage 2
# name 21 = v3: Voltage 3
# name 22 = v4: Voltage 4
# name 23 = v5: Voltage 5
# name 24 = v6: Voltage 6
# name 25 = v7: Voltage 7
# name 26 = scan: Scan Count
# name 27 = nbf: Bottles Fired
# name 28 = flag:  0.000e+00
# interval = seconds: 0.0416667
# start_time = Jun 19 2018 23:17:05 [NMEA time, header]
# bad_flag = -9.990e-29
*END*
[from data line 151]
     50.470     50.183       8.96    26.3612    26.3438   5.449453   5.447559    34.9822    34.9817     3.9261     0.6067 4.4734e-04     0.5746     0.1817     0.0905    95.5593    97.7629     2.7743     4.5177     4.5910     2.7741     0.2002     0.1074     0.0794     0.4481     0.0000      11875          4  0.000e+00
     50.528     50.241       9.11    26.3659    26.3444   5.450039   5.447582    34.9829    34.9814     3.9268     0.5701 4.4734e-04     0.5258     0.1817     0.0905    95.5593    97.7629     2.7743     4.5177     4.5910     2.7741     0.2002     0.1050     0.0781     0.4554     0.0000      11876          4  0.000e+00
     50.521     50.234       9.13    26.3695    26.3426   5.450249   5.447277    34.9816    34.9806     3.9275     0.5518 4.4734e-04     0.5258     0.1817     0.0905    95.5593    97.7629     2.7743     4.5177     4.5910     2.7741     0.2002     0.1038     0.0781     0.4567     0.0000      11877          4  0.000e+00
     50.528     50.241       9.13    26.3714    26.3399   5.450182   5.447209    34.9797    34.9821     3.9282     0.5518 4.4734e-04     0.5258     0.1817     0.0905    95.5593    97.7629     2.7743     4.5177     4.5910     2.7741     0.2002     0.1038     0.0781     0.4567     0.0000      11878          4  0.000e+00
     50.470     50.183       9.13    26.3713    26.3406   5.449971   5.447491    34.9783    34.9836     3.9289     0.5518 4.4734e-04     0.5258     0.1817     0.0916    95.5593    97.7369     2.7743     4.5177     4.5897     2.7741     0.2002     0.1038     0.0781     0.4567     0.0000      11879          4  0.000e+00
     50.528     50.241       9.13    26.3713    26.3413   5.449986   5.447338    34.9783    34.9820     3.9293     0.5518 4.4374e-04     0.5258     0.1817     0.0905    95.5593    97.7629     2.7743     4.5177     4.5910     2.7741     0.1990     0.1038     0.0781     0.4567     0.0000      11880          4  0.000e+00
     50.521     50.234       9.13    26.3710    26.3397   5.449904   5.447125    34.9780    34.9816     3.9298     0.5518 4.4734e-04     0.5258     0.1817     0.0905    95.5593    97.7629     2.7743     4.5177     4.5910     2.7741     0.2002     0.1038     0.0781     0.4567     0.0000      11881          4  0.000e+00
     50.477     50.190       9.13    26.3707    26.3379   5.449806   5.446797    34.9775    34.9807     3.9278     0.5701 4.4734e-04     0.5258     0.1817     0.0905    95.5593    97.7629     2.7731     4.5177     4.5910     2.7729     0.2002     0.1050     0.0781     0.4567     0.0000      11882          4  0.000e+00
     50.521     50.234       9.13    26.3701    26.3350   5.449746   5.446447    34.9775    34.9803     3.9280     0.5518 4.4734e-04     0.5258     0.1817     0.0905    95.5593    97.7629     2.7731     4.5177     4.5910     2.7729     0.2002     0.1038     0.0781     0.4567     0.0000      11883          4  0.000e+00
     50.528     50.241       9.13    26.3687    26.3323   5.449581   5.446264    34.9773    34.9810     3.9280     0.5518 4.3294e-04     0.5258     0.1817     0.0905    95.5593    97.7629     2.7731     4.5177     4.5910     2.7729     0.1954     0.1038     0.0781     0.4567     0.0000      11884          4  0.000e+00
     50.521     50.234       9.18    26.3677    26.3305   5.449483   5.446066    34.9775    34.9810     3.9279     0.5518 4.2934e-04     0.5258     0.1817     0.0905    95.5593    97.7629     2.7731     4.5177     4.5910     2.7729     0.1941     0.1038     0.0781     0.4591     0.0000      11885          4  0.000e+00
     50.477     50.190       9.21    26.3670    26.3283   5.449408   5.445875    34.9774    34.9813     3.9254     0.5518 4.2934e-04     0.5258     0.1817     0.0905    95.5593    97.7629     2.7719     4.5177     4.5910     2.7717     0.1941     0.1038     0.0781     0.4603     0.0000      11886          4  0.000e+00
     50.521     50.234       9.21    26.3662    26.3262   5.449243   5.445723    34.9768    34.9818     3.9251     0.5518 4.2934e-04     0.5258     0.1817     0.0905    95.5593    97.7629     2.7719     4.5177     4.5910     2.7717     0.1941     0.1038     0.0781     0.4603     0.0000      11887          4  0.000e+00
     50.528     50.241       9.21    26.3628    26.3249   5.448500   5.445761    34.9740    34.9831     3.9247     0.5518 4.2934e-04     0.5258     0.1817     0.0905    95.5593    97.7629     2.7719     4.5177     4.5910     2.7717     0.1941     0.1038     0.0781     0.4603     0.0000      11888          4  0.000e+00
     50.521     50.234       9.21    26.3553    26.3247   5.447479   5.445853    34.9724    34.9838     3.9248     0.5518 4.2934e-04     0.5258     0.1817     0.0905    95.5593    97.7629     2.7719     4.5177     4.5910     2.7717     0.1941     0.1038     0.0781     0.4603     0.0000      11889          4  0.000e+00
     50.528     50.241       9.21    26.3459    26.3245   5.446465   5.445837    34.9722    34.9839     3.9247     0.5518 4.3294e-04     0.5258     0.1806     0.0905    95.5852    97.7629     2.7719     4.5189     4.5910     2.7717     0.1954     0.1038     0.0781     0.4603     0.0000      11890          4  0.000e+00
     50.521     50.234       9.21    26.3383    26.3251   5.445925   5.445898    34.9740    34.9839     3.9246     0.5518 4.2574e-04     0.5258     0.1806     0.0905    95.5852    97.7629     2.7719     4.5189     4.5910     2.7717     0.1929     0.1038     0.0781     0.4603     0.0000      11891          4  0.000e+00
     50.528     50.241       9.21    26.3342    26.3253   5.445820   5.445990    34.9764    34.9844     3.9241     0.5518 4.2934e-04     0.5258     0.1806     0.0905    95.5852    97.7629     2.7719     4.5189     4.5910     2.7717     0.1941     0.1038     0.0781     0.4603     0.0000      11892          4  0.000e+00
     50.521     50.234       9.21    26.3311    26.3265   5.445624   5.446104    34.9774    34.9843     3.9237     0.5518 4.2934e-04     0.5258     0.1806     0.0916    95.5852    97.7369     2.7719     4.5189     4.5897     2.7717     0.1941     0.1038     0.0781     0.4603     0.0000      11893          4  0.000e+00
     50.528     50.241       9.26    26.3277    26.3278   5.445384   5.446439    34.9781    34.9857     3.9234     0.5518 4.3294e-04     0.5258     0.1806     0.0916    95.5852    97.7369     2.7719     4.5189     4.5897     2.7717     0.1954     0.1038     0.0781     0.4628     0.0000      11894          4  0.000e+00
     50.521     50.234       9.50    26.3266    26.3301   5.445602   5.446713    34.9806    34.9860     3.9228     0.5518 4.2934e-04     0.5258     0.1806     0.0916    95.5852    97.7369     2.7719     4.5189     4.5897     2.7717     0.1941     0.1038     0.0781     0.4750     0.0000      11895          4  0.000e+00
     50.528     50.241       9.62    26.3308    26.3323   5.446300   5.446904    34.9825    34.9857     3.9219     0.5518 4.2934e-04     0.5258     0.1817     0.0916    95.5593    97.7369     2.7719     4.5177     4.5897     2.7717     0.1941     0.1038     0.0781     0.4811     0.0000      11896          4  0.000e+00
     50.579     50.292       9.62    26.3343    26.3345   5.446458   5.447117    34.9809    34.9856     3.9211     0.5518 4.3294e-04     0.5258     0.1806     0.0916    95.5852    97.7369     2.7719     4.5189     4.5897     2.7717     0.1954     0.1038     0.0781     0.4811     0.0000      11897          4  0.000e+00
     50.528     50.241       9.62    26.3331    26.3372   5.446255   5.447513    34.9804    34.9864     3.9205     0.5701 4.2934e-04     0.5258     0.1806     0.0916    95.5852    97.7369     2.7719     4.5189     4.5897     2.7717     0.1941     0.1050     0.0781     0.4811     0.0000      11898          4  0.000e+00
     50.579     50.292       9.62    26.3336    26.3404   5.446645   5.448062    34.9828    34.9878     3.9198     0.5518 4.2934e-04     0.5258     0.1806     0.0916    95.5852    97.7369     2.7719     4.5189     4.5897     2.7717     0.1941     0.1038     0.0781     0.4811     0.0000      11899          4  0.000e+00
     50.528     50.241       9.62    26.3396    26.3462   5.447892   5.448984    34.9873    34.9902     3.9186     0.5518 4.2574e-04     0.5258     0.1806     0.0916    95.5852    97.7369     2.7719     4.5189     4.5897     2.7717     0.1929     0.1038     0.0781     0.4811     0.0000      11900          4  0.000e+00
     50.521     50.234       9.62    26.3502    26.3540   5.449176   5.450013    34.9885    34.9917     3.9172     0.5518 4.2574e-04     0.5258     0.1806     0.0916    95.5852    97.7369     2.7719     4.5189     4.5897     2.7717     0.1929     0.1038     0.0781     0.4811     0.0000      11901          4  0.000e+00
     50.587     50.299       9.62    26.3599    26.3628   5.450077   5.450912    34.9876    34.9914     3.9159     0.5335 4.2934e-04     0.5746     0.1806     0.0916    95.5852    97.7369     2.7719     4.5189     4.5897     2.7717     0.1941     0.1026     0.0794     0.4811     0.0000      11902          4  0.000e+00
     50.579     50.292       9.62    26.3688    26.3726   5.450888   5.451796    34.9867    34.9904     3.9149     0.5151 4.2934e-04     0.5746     0.1806     0.0916    95.5852    97.7369     2.7719     4.5189     4.5897     2.7717     0.1941     0.1013     0.0794     0.4811     0.0000      11903          4  0.000e+00
     50.528     50.241       9.72    26.3781    26.3809   5.451729   5.452254    34.9858    34.9874     3.9161     0.5151 4.3294e-04     0.5746     0.1806     0.0916    95.5852    97.7369     2.7731     4.5189     4.5897     2.7729     0.1954     0.1013     0.0794     0.4860     0.0000      11904          4  0.000e+00
     50.579     50.292       9.87    26.3855    26.3863   5.452067   5.452238    34.9826    34.9832     3.9154     0.5151 4.2934e-04     0.5746     0.1806     0.0916    95.5852    97.7369     2.7731     4.5189     4.5897     2.7729     0.1941     0.1013     0.0794     0.4933     0.0000      11905          4  0.000e+00
     50.587     50.299       9.89    26.3894    26.3887   5.452179   5.452162    34.9804    34.9808     3.9149     0.5151 4.2934e-04     0.5746     0.1817     0.0916    95.5593    97.7369     2.7731     4.5177     4.5897     2.7729     0.1941     0.1013     0.0794     0.4945     0.0000      11906          4  0.000e+00
     50.579     50.292       9.89    26.3920    26.3909   5.452269   5.452253    34.9791    34.9798     3.9144     0.5151 4.2574e-04     0.5746     0.1817     0.0916    95.5593    97.7369     2.7731     4.5177     4.5897     2.7729     0.1929     0.1013     0.0794     0.4945     0.0000      11907          4  0.000e+00
     50.587     50.299       9.89    26.3941    26.3908   5.452360   5.451880    34.9781    34.9772     3.9142     0.5151 4.2934e-04     0.5746     0.1806     0.0916    95.5852    97.7369     2.7731     4.5189     4.5897     2.7729     0.1941     0.1013     0.0794     0.4945     0.0000      11908          4  0.000e+00
     50.579     50.292       9.87    26.3967    26.3898   5.452547   5.451377    34.9776    34.9743     3.9162     0.5151 4.2934e-04     0.5746     0.1828     0.0916    95.5335    97.7369     2.7743     4.5165     4.5897     2.7741     0.1941     0.1013     0.0794     0.4933     0.0000      11909          4  0.000e+00
     50.587     50.299       9.87    26.3995    26.3871   5.452908   5.451156    34.9780    34.9748     3.9138     0.5151 4.2574e-04     0.5258     0.1871     0.0916    95.4301    97.7369     2.7731     4.5116     4.5897     2.7729     0.1929     0.1013     0.0781     0.4933     0.0000      11910          4  0.000e+00
     50.630     50.342       9.89    26.4035    26.3858   5.453614   5.451224    34.9801    34.9762     3.9133     0.5151 4.2215e-04     0.5746     0.1882     0.0916    95.4042    97.7369     2.7731     4.5104     4.5897     2.7729     0.1917     0.1013     0.0794     0.4945     0.0000      11911          4  0.000e+00
     50.587     50.299       9.89    26.4096    26.3860   5.454117   5.451461    34.9791    34.9778     3.9151     0.5151 4.2574e-04     0.5746     0.1882     0.0916    95.4042    97.7369     2.7743     4.5104     4.5897     2.7741     0.1929     0.1013     0.0794     0.4945     0.0000      11912          4  0.000e+00
     50.579     50.292       9.89    26.4129    26.3867   5.454155   5.451827    34.9769    34.9799     3.9149     0.5151 4.2574e-04     0.5746     0.1882     0.0916    95.4042    97.7369     2.7743     4.5104     4.5897     2.7741     0.1929     0.1013     0.0794     0.4945     0.0000      11913          4  0.000e+00
     50.638     50.350       9.94    26.4129    26.3911   5.453959   5.452574    34.9754    34.9820     3.9129     0.5151 4.2574e-04     0.5746     0.1882     0.0894    95.4042    97.7889     2.7731     4.5104     4.5922     2.7729     0.1929     0.1013     0.0794     0.4969     0.0000      11914          4  0.000e+00
     50.630     50.342       9.99    26.4134    26.3960   5.454042   5.453153    34.9756    34.9824     3.9129     0.5151 4.2574e-04     0.5746     0.1882     0.0873    95.4042    97.8409     2.7731     4.5104     4.5946     2.7729     0.1929     0.1013     0.0794     0.4994     0.0000      11915          4  0.000e+00
     50.587     50.299       9.99    26.4155    26.4006   5.454320   5.453481    34.9761    34.9813     3.9128     0.5151 4.2574e-04     0.5746     0.1882     0.0873    95.4042    97.8409     2.7731     4.5104     4.5946     2.7729     0.1929     0.1013     0.0794     0.4994     0.0000      11916          4  0.000e+00
     50.630     50.342       9.99    26.4177    26.4041   5.454433   5.453747    34.9752    34.9806     3.9127     0.5151 4.2215e-04     0.5746     0.1882     0.0873    95.4042    97.8409     2.7731     4.5104     4.5946     2.7729     0.1917     0.1013     0.0794     0.4994     0.0000      11917          4  0.000e+00
     50.638     50.350       9.84    26.4177    26.4079   5.454140   5.454251    34.9731    34.9813     3.9130     0.5335 4.2215e-04     0.5746     0.1882     0.0873    95.4042    97.8409     2.7731     4.5104     4.5946     2.7729     0.1917     0.1026     0.0794     0.4921     0.0000      11918          4  0.000e+00
     50.630     50.342       9.38    26.4146    26.4131   5.453674   5.454807    34.9720    34.9814     3.9134     0.5151 4.2574e-04     0.5746     0.1882     0.0873    95.4042    97.8409     2.7731     4.5104     4.5946     2.7729     0.1929     0.1013     0.0794     0.4689     0.0000      11919          4  0.000e+00
     32.418     32.235      73.24    26.6812    26.6820   5.479168   5.479467    34.9593    34.9608     3.9664     0.4968 4.2215e-04     0.5746     0.1839     0.0820    95.5076    97.9710     2.8183     4.5153     4.6007     2.8181     0.1917     0.1001     0.0794     3.6618     0.0000      12911          5  0.000e+00
     32.418     32.235      73.24    26.6814    26.6822   5.479190   5.479513    34.9594    34.9611     3.9672     0.4968 4.2215e-04     0.5746     0.1839     0.0820    95.5076    97.9710     2.8183     4.5153     4.6007     2.8181     0.1917     0.1001     0.0794     3.6618     0.0000      12912          5  0.000e+00
     32.418     32.235      73.24    26.6818    26.6820   5.479205   5.479498    34.9592    34.9611     3.9681     0.4968 4.1855e-04     0.5746     0.1839     0.0820    95.5076    97.9710     2.8183     4.5153     4.6007     2.8181     0.1905     0.1001     0.0794     3.6618     0.0000      12913          5  0.000e+00
     32.418     32.235      73.24    26.6819    26.6820   5.479213   5.479490    34.9591    34.9610     3.9712     0.4968 4.2215e-04     0.5746     0.1828     0.0831    95.5335    97.9450     2.8195     4.5165     4.5995     2.8193     0.1917     0.1001     0.0794     3.6618     0.0000      12914          5  0.000e+00
