content/post/ctd18/stn008.cnv
* Sea-Bird SBE 9 Data File:
* FileName = C:\CTD Data\AGU032_IIOE2_June2018\stn008.hex
* Software Version Seasave V 7.22.5
* Temperature SN = 5966
* Conductivity SN = 4551
* Number of Bytes Per Scan = 40
* Number of Voltage Words = 5
* Number of Scans Averaged by the Deck Unit = 1
* NMEA Latitude = 06 29.37 S
* NMEA Longitude = 039 14.56 E
* NMEA UTC (Time) = Jun 19 2018 18:28:52
* NMEA baud rate = 4800
** Ship: Agulhas II
** Cruise: V032_IIOE2
** Ship Station: AM00889
** Grid number: A-8
** Latitude: 06 29.377 S
** Longitude: 039 14.567 E
** Bottom depth (m): 51.97m
** Operator: Florence and Bornwell
# nquan = 27
# nvalues = 13820                                 
# units = specified
# name 0 = prDM: Pressure, Digiquartz [db]
# name 1 = depSM: Depth [salt water, m]
# name 2 = altM: Altimeter [m]
# name 3 = t090C: Temperature [ITS-90, deg C]
# name 4 = t190C: Temperature, 2 [ITS-90, deg C]
# name 5 = c0S/m: Conductivity [S/m]
# name 6 = c1S/m: Conductivity, 2 [S/m]
# name 7 = sal00: Salinity, Practical [PSU]
# name 8 = sal11: Salinity, Practical, 2 [PSU]
# name 9 = sbeox0ML/L: Oxygen, SBE 43 [ml/l]
# name 10 = flECO-AFL: Fluorescence, WET Labs ECO-AFL/FL [mg/m^3]
# name 11 = turbWETbb0: Turbidity, WET Labs ECO BB [m^-1/sr]
# name 12 = turbWETntu0: Turbidity, WET Labs ECO [NTU]
# name 13 = CStarAt0: Beam Attenuation, WET Labs C-Star [1/m]
# name 14 = CStarAt1: Beam Attenuation, WET Labs C-Star, 2 [1/m]
# name 15 = CStarTr0: Beam Transmission, WET Labs C-Star [%]
# name 16 = CStarTr1: Beam Transmission, WET Labs C-Star, 2 [%]
# name 17 = sbeox0V: Oxygen raw, SBE 43 [V]
# name 18 = v0: Voltage 0
# name 19 = v1: Voltage 1
# name 20 = v2: Voltage 2
# name 21 = v3: Voltage 3
# name 22 = v4: Voltage 4
# name 23 = v5: Voltage 5
# name 24 = v6: Voltage 6
# name 25 = v7: Voltage 7
# name 26 = flag:  0.000e+00
# span 0 =     -0.973,     46.872                 
# span 1 =     -0.968,     46.606                 
# span 2 =       4.88,      50.53                 
# span 3 =    27.2441,    27.2649                 
# span 4 =    27.2459,    27.2640                 
# span 5 =   5.548224,   5.554940                 
# span 6 =   5.548842,   5.555202                 
# span 7 =    35.0290,    35.0569                 
# span 8 =    35.0204,    35.0592                 
# span 9 =     3.9331,     4.0280                 
# span 10 =     0.2587,     0.5701                
# span 11 = 4.1855e-04, 1.8907e-03                
# span 12 =     0.4769,     3.0654                
# span 13 =     0.1893,     0.2504                
# span 14 =     0.0905,     0.1484                
# span 15 =    93.9308,    95.3784                
# span 16 =    96.3583,    97.7629                
# span 17 =     2.8254,     2.8707                
# span 18 =     4.4408,     4.5092                
# span 19 =     4.5250,     4.5910                
# span 20 =     2.8254,     2.8706                
# span 21 =     0.1905,     0.6899                
# span 22 =     0.0842,     0.1050                
# span 23 =     0.0769,     0.1416                
# span 24 =     0.2442,     2.5263                
# span 25 =     0.0000,     0.0000                
# span 26 = 0.0000e+00, 0.0000e+00                
# interval = seconds: 0.0416667
# start_time = Jun 19 2018 18:28:52 [NMEA time, header]
# bad_flag = -9.990e-29
*END*
[from data line 7303]
     30.272     30.102      20.85    27.2591    27.2588   5.552585   5.552573    35.0490    35.0492     3.9652     0.4236 5.2653e-04     0.5746     0.2012     0.1108    95.0940    97.2687     2.8401     4.4957     4.5678     2.8400     0.2271     0.0952     0.0794     1.0427     0.0000  0.000e+00
     30.272     30.102      20.83    27.2591    27.2588   5.552539   5.552604    35.0488    35.0494     3.9653     0.4236 5.3013e-04     0.5746     0.1990     0.1076    95.1457    97.3467     2.8401     4.4982     4.5714     2.8400     0.2283     0.0952     0.0794     1.0415     0.0000  0.000e+00
     30.330     30.160      20.85    27.2593    27.2588   5.552570   5.552573    35.0488    35.0492     3.9654     0.4236 5.3013e-04     0.5746     0.1990     0.1022    95.1457    97.4768     2.8401     4.4982     4.5775     2.8400     0.2283     0.0952     0.0794     1.0427     0.0000  0.000e+00
     30.272     30.102      20.85    27.2593    27.2588   5.552547   5.552566    35.0487    35.0492     3.9655     0.4236 5.2653e-04     0.5746     0.2001     0.1001    95.1199    97.5288     2.8401     4.4969     4.5800     2.8400     0.2271     0.0952     0.0794     1.0427     0.0000  0.000e+00
     30.330     30.160      20.83    27.2591    27.2590   5.552539   5.552527    35.0487    35.0487     3.9656     0.4419 5.3013e-04     0.5746     0.1990     0.1012    95.1457    97.5028     2.8401     4.4982     4.5788     2.8400     0.2283     0.0965     0.0794     1.0415     0.0000  0.000e+00
     30.272     30.102      20.83    27.2593    27.2588   5.552562   5.552520    35.0488    35.0488     3.9656     0.4236 5.3013e-04     0.5746     0.2001     0.1012    95.1199    97.5028     2.8401     4.4969     4.5788     2.8400     0.2283     0.0952     0.0794     1.0415     0.0000  0.000e+00
     30.330     30.160      20.85    27.2591    27.2590   5.552577   5.552520    35.0489    35.0487     3.9655     0.4236 5.2653e-04     0.5746     0.2001     0.1012    95.1199    97.5028     2.8401     4.4969     4.5788     2.8400     0.2271     0.0952     0.0794     1.0427     0.0000  0.000e+00
     30.272     30.102      20.85    27.2593    27.2588   5.552585   5.552481    35.0489    35.0486     3.9655     0.4236 5.3013e-04     0.5746     0.1990     0.1012    95.1457    97.5028     2.8401     4.4982     4.5788     2.8400     0.2283     0.0952     0.0794     1.0427     0.0000  0.000e+00
     30.338     30.167      20.85    27.2591    27.2588   5.552585   5.552473    35.0490    35.0485     3.9678     0.4236 5.3013e-04     0.5746     0.2001     0.1012    95.1199    97.5028     2.8414     4.4969     4.5788     2.8413     0.2283     0.0952     0.0794     1.0427     0.0000  0.000e+00
     30.272     30.102      20.83    27.2593    27.2590   5.552577   5.552443    35.0489    35.0481     3.9680     0.4236 5.3013e-04     0.5746     0.1990     0.1012    95.1457    97.5028     2.8414     4.4982     4.5788     2.8413     0.2283     0.0952     0.0794     1.0415     0.0000  0.000e+00
     30.272     30.102      20.85    27.2593    27.2588   5.552479   5.552458    35.0481    35.0484     3.9680     0.4236 6.1652e-04     0.5746     0.1990     0.1012    95.1457    97.5028     2.8414     4.4982     4.5788     2.8413     0.2576     0.0952     0.0794     1.0427     0.0000  0.000e+00
     30.330     30.160      20.83    27.2594    27.2591   5.552380   5.552473    35.0473    35.0482     3.9680     0.4236 6.8851e-04     0.5746     0.2001     0.1012    95.1199    97.5028     2.8414     4.4969     4.5788     2.8413     0.2821     0.0952     0.0794     1.0415     0.0000  0.000e+00
     30.272     30.102      20.85    27.2593    27.2590   5.552358   5.552473    35.0473    35.0484     3.9682     0.4236 7.0291e-04     0.5746     0.2001     0.1012    95.1199    97.5028     2.8414     4.4969     4.5788     2.8413     0.2869     0.0952     0.0794     1.0427     0.0000  0.000e+00
     30.330     30.160      20.85    27.2594    27.2590   5.552418   5.552435    35.0476    35.0481     3.9683     0.4236 6.9931e-04     0.5746     0.1990     0.1012    95.1457    97.5028     2.8414     4.4982     4.5788     2.8413     0.2857     0.0952     0.0794     1.0427     0.0000  0.000e+00
     30.272     30.102      20.85    27.2591    27.2588   5.552411   5.552466    35.0478    35.0485     3.9684     0.4236 6.9571e-04     0.5746     0.2001     0.1012    95.1199    97.5028     2.8414     4.4969     4.5788     2.8413     0.2845     0.0952     0.0794     1.0427     0.0000  0.000e+00
     30.272     30.102      20.88    27.2595    27.2590   5.552365   5.552435    35.0472    35.0481     3.9708     0.4236 6.9571e-04     0.5746     0.2001     0.1012    95.1199    97.5028     2.8426     4.4969     4.5788     2.8425     0.2845     0.0952     0.0794     1.0440     0.0000  0.000e+00
     30.272     30.102      20.85    27.2596    27.2590   5.552388   5.552427    35.0473    35.0480     3.9711     0.4419 6.9211e-04     0.5746     0.1990     0.1012    95.1457    97.5028     2.8426     4.4982     4.5788     2.8425     0.2833     0.0965     0.0794     1.0427     0.0000  0.000e+00
     30.330     30.160      20.88    27.2593    27.2590   5.552358   5.552427    35.0472    35.0480     3.9714     0.4419 6.9571e-04     0.5746     0.1990     0.1012    95.1457    97.5028     2.8426     4.4982     4.5788     2.8425     0.2845     0.0965     0.0794     1.0440     0.0000  0.000e+00
     30.330     30.160      20.88    27.2596    27.2588   5.552350   5.552427    35.0470    35.0482     3.9716     0.4236 6.9571e-04     0.5746     0.2001     0.1012    95.1199    97.5028     2.8426     4.4969     4.5788     2.8425     0.2845     0.0952     0.0794     1.0440     0.0000  0.000e+00
     30.272     30.102      20.88    27.2595    27.2590   5.552320   5.552358    35.0469    35.0475     3.9718     0.4236 6.9211e-04     0.5746     0.2012     0.1012    95.0940    97.5028     2.8426     4.4957     4.5788     2.8425     0.2833     0.0952     0.0794     1.0440     0.0000  0.000e+00
     30.330     30.160      20.85    27.2596    27.2590   5.552312   5.552404    35.0467    35.0479     3.9722     0.4236 6.9211e-04     0.5746     0.2088     0.1012    94.9131    97.5028     2.8426     4.4872     4.5788     2.8425     0.2833     0.0952     0.0794     1.0427     0.0000  0.000e+00
     30.272     30.102      20.88    27.2595    27.2591   5.552373   5.552389    35.0472    35.0476     3.9726     0.4053 6.9571e-04     0.5746     0.2121     0.1012    94.8355    97.5028     2.8426     4.4835     4.5788     2.8425     0.2845     0.0940     0.0794     1.0440     0.0000  0.000e+00
     30.330     30.160      20.88    27.2594    27.2590   5.552327   5.552420    35.0469    35.0480     3.9730     0.3503 6.9211e-04     0.6234     0.2121     0.0990    94.8355    97.5548     2.8426     4.4835     4.5812     2.8425     0.2833     0.0904     0.0806     1.0440     0.0000  0.000e+00
     30.272     30.102      20.88    27.2599    27.2591   5.552312   5.552389    35.0465    35.0476     3.9733     0.3320 6.9571e-04     0.6234     0.2121     0.0980    94.8355    97.5808     2.8426     4.4835     4.5824     2.8425     0.2845     0.0891     0.0806     1.0440     0.0000  0.000e+00
     30.330     30.160      20.88    27.2594    27.2590   5.552380   5.552412    35.0473    35.0479     3.9737     0.3320 6.9571e-04     0.5746     0.2121     0.0980    94.8355    97.5808     2.8426     4.4835     4.5824     2.8425     0.2845     0.0891     0.0794     1.0440     0.0000  0.000e+00
     30.272     30.102      20.85    27.2595    27.2591   5.552327   5.552427    35.0469    35.0479     3.9740     0.3320 6.9211e-04     0.6234     0.2121     0.0980    94.8355    97.5808     2.8426     4.4835     4.5824     2.8425     0.2833     0.0891     0.0806     1.0427     0.0000  0.000e+00
     30.272     30.102      20.88    27.2596    27.2591   5.552342   5.552427    35.0469    35.0479     3.9720     0.3320 6.9571e-04     0.5746     0.2121     0.0990    94.8355    97.5548     2.8414     4.4835     4.5812     2.8413     0.2845     0.0891     0.0794     1.0440     0.0000  0.000e+00
     30.330     30.160      20.88    27.2597    27.2588   5.552289   5.552466    35.0465    35.0484     3.9721     0.3320 6.9211e-04     0.5746     0.2121     0.0980    94.8355    97.5808     2.8414     4.4835     4.5824     2.8413     0.2833     0.0891     0.0794     1.0440     0.0000  0.000e+00
     30.279     30.109      20.85    27.2598    27.2590   5.552297   5.552504    35.0465    35.0486     3.9721     0.3320 6.9571e-04     0.6234     0.2121     0.0980    94.8355    97.5808     2.8414     4.4835     4.5824     2.8413     0.2845     0.0891     0.0806     1.0427     0.0000  0.000e+00
     30.330     30.160      20.88    27.2595    27.2591   5.552305   5.552481    35.0467    35.0483     3.9722     0.3320 6.9211e-04     0.6234     0.2110     0.0990    94.8614    97.5548     2.8414     4.4847     4.5812     2.8413     0.2833     0.0891     0.0806     1.0440     0.0000  0.000e+00
     30.330     30.160      20.88    27.2594    27.2590   5.552305   5.552504    35.0468    35.0486     3.9746     0.3320 6.9211e-04     0.6234     0.2121     0.0980    94.8355    97.5808     2.8426     4.4835     4.5824     2.8425     0.2833     0.0891     0.0806     1.0440     0.0000  0.000e+00
     30.272     30.102      20.88    27.2597    27.2591   5.552342   5.552450    35.0469    35.0481     3.9745     0.3320 6.9571e-04     0.6234     0.2121     0.0980    94.8355    97.5808     2.8426     4.4835     4.5824     2.8425     0.2845     0.0891     0.0806     1.0440     0.0000  0.000e+00
     30.330     30.160      20.88    27.2596    27.2591   5.552358   5.552427    35.0470    35.0479     3.9771     0.3320 6.9571e-04     0.5746     0.2121     0.0980    94.8355    97.5808     2.8438     4.4835     4.5824     2.8437     0.2845     0.0891     0.0794     1.0440     0.0000  0.000e+00
     30.272     30.102      20.88    27.2597    27.2590   5.552312   5.552389    35.0467    35.0478     3.9774     0.3503 6.9571e-04     0.5746     0.2121     0.0980    94.8355    97.5808     2.8438     4.4835     4.5824     2.8437     0.2845     0.0904     0.0794     1.0440     0.0000  0.000e+00
     30.330     30.160      20.88    27.2596    27.2591   5.552305   5.552412    35.0466    35.0478     3.9776     0.3320 6.9211e-04     0.6234     0.2121     0.0980    94.8355    97.5808     2.8438     4.4835     4.5824     2.8437     0.2833     0.0891     0.0806     1.0440     0.0000  0.000e+00
     30.330     30.160      20.85    27.2595    27.2593   5.552342   5.552466    35.0470    35.0480     3.9777     0.3503 6.9571e-04     0.5746     0.2110     0.0980    94.8614    97.5808     2.8438     4.4847     4.5824     2.8437     0.2845     0.0904     0.0794     1.0427     0.0000  0.000e+00
     30.272     30.102      20.88    27.2596    27.2591   5.552358   5.552543    35.0470    35.0487     3.9778     0.3320 5.9492e-04     0.6234     0.2121     0.0980    94.8355    97.5808     2.8438     4.4835     4.5824     2.8437     0.2503     0.0891     0.0806     1.0440     0.0000  0.000e+00
     30.330     30.160      20.88    27.2597    27.2590   5.552312   5.552596    35.0466    35.0492     3.9802     0.3503 5.1213e-04     0.6234     0.2110     0.0980    94.8614    97.5808     2.8450     4.4847     4.5824     2.8449     0.2222     0.0904     0.0806     1.0440     0.0000  0.000e+00
     30.272     30.102      20.85    27.2596    27.2590   5.552373   5.552543    35.0471    35.0489     3.9803     0.3503 4.9414e-04     0.6234     0.2110     0.0980    94.8614    97.5808     2.8450     4.4847     4.5824     2.8449     0.2161     0.0904     0.0806     1.0427     0.0000  0.000e+00
     30.330     30.160      20.85    27.2597    27.2588   5.552365   5.552520    35.0470    35.0488     3.9828     0.3320 5.0133e-04     0.5746     0.2121     0.0980    94.8355    97.5808     2.8462     4.4835     4.5824     2.8462     0.2186     0.0891     0.0794     1.0427     0.0000  0.000e+00
     30.272     30.102      20.85    27.2596    27.2590   5.552350   5.552450    35.0470    35.0482     3.9831     0.3320 5.0493e-04     0.5746     0.2077     0.0980    94.9389    97.5808     2.8462     4.4884     4.5824     2.8462     0.2198     0.0891     0.0794     1.0427     0.0000  0.000e+00
     30.330     30.160      20.85    27.2595    27.2591   5.552350   5.552427    35.0470    35.0479     3.9834     0.3320 5.0493e-04     0.6234     0.2056     0.0990    94.9906    97.5548     2.8462     4.4908     4.5812     2.8462     0.2198     0.0891     0.0806     1.0427     0.0000  0.000e+00
     30.330     30.160      20.85    27.2597    27.2595   5.552320   5.552389    35.0467    35.0473     3.9859     0.3320 5.0493e-04     0.5746     0.2045     0.0980    95.0165    97.5808     2.8475     4.4921     4.5824     2.8474     0.2198     0.0891     0.0794     1.0427     0.0000  0.000e+00
     30.272     30.102      20.88    27.2596    27.2595   5.552312   5.552343    35.0467    35.0470     3.9863     0.3320 5.0133e-04     0.6234     0.2056     0.0980    94.9906    97.5808     2.8475     4.4908     4.5824     2.8474     0.2186     0.0891     0.0806     1.0440     0.0000  0.000e+00
     30.330     30.160      20.88    27.2597    27.2597   5.552267   5.552335    35.0463    35.0468     3.9866     0.3320 5.0133e-04     0.6234     0.2056     0.0980    94.9906    97.5808     2.8475     4.4908     4.5824     2.8474     0.2186     0.0891     0.0806     1.0440     0.0000  0.000e+00
     30.330     30.160      20.85    27.2596    27.2599   5.552297   5.552366    35.0466    35.0469     3.9869     0.3503 5.0493e-04     0.6234     0.2056     0.0969    94.9906    97.6068     2.8475     4.4908     4.5836     2.8474     0.2198     0.0904     0.0806     1.0427     0.0000  0.000e+00
     30.272     30.102      20.88    27.2595    27.2599   5.552312   5.552381    35.0468    35.0470     3.9893     0.3320 5.0493e-04     0.5746     0.2056     0.0980    94.9906    97.5808     2.8487     4.4908     4.5824     2.8486     0.2198     0.0891     0.0794     1.0440     0.0000  0.000e+00
     30.330     30.160      20.88    27.2596    27.2601   5.552342   5.552343    35.0469    35.0466     3.9876     0.3137 5.0493e-04     0.5746     0.2045     0.0969    95.0165    97.6068     2.8475     4.4921     4.5836     2.8474     0.2198     0.0879     0.0794     1.0440     0.0000  0.000e+00
     30.279     30.109      20.88    27.2597    27.2601   5.552350   5.552335    35.0469    35.0466     3.9899     0.2954 5.0493e-04     0.5746     0.2045     0.0969    95.0165    97.6068     2.8487     4.4921     4.5836     2.8486     0.2198     0.0867     0.0794     1.0440     0.0000  0.000e+00
     30.330     30.160      20.88    27.2596    27.2601   5.552388   5.552335    35.0472    35.0465     3.9904     0.2954 5.0493e-04     0.5746     0.2056     0.0980    94.9906    97.5808     2.8487     4.4908     4.5824     2.8486     0.2198     0.0867     0.0794     1.0440     0.0000  0.000e+00
     30.330     30.160      20.88    27.2597    27.2601   5.552365   5.552335    35.0470    35.0465     3.9908     0.2954 5.0493e-04     0.5746     0.2056     0.0969    94.9906    97.6068     2.8487     4.4908     4.5836     2.8486     0.2198     0.0867     0.0794     1.0440     0.0000  0.000e+00
     30.272     30.102      20.88    27.2596    27.2601   5.552320   5.552366    35.0468    35.0468     3.9911     0.3137 5.0133e-04     0.5746     0.2056     0.0980    94.9906    97.5808     2.8487     4.4908     4.5824     2.8486     0.2186     0.0879     0.0794     1.0440     0.0000  0.000e+00
