content/post/ctd18/stn005.ros
* Sea-Bird SBE 9 Data File:
* FileName = C:\CTD Data\AGU032_IIOE2_June2018\stn005.hex
* Software Version Seasave V 7.22.5
* Temperature SN = 5966
* Conductivity SN = 4551
* Number of Bytes Per Scan = 40
* Number of Voltage Words = 5
* Number of Scans Averaged by the Deck Unit = 1
* NMEA Latitude = 05 55.52 S
* NMEA Longitude = 039 04.22 E
* NMEA UTC (Time) = Jun 19 2018 05:32:23
* NMEA baud rate = 4800
** Ship: Agulhas II
** Cruise: V032_IIOE2
** Ship Station: AM00886
** Grid number: A-5
** Latitude: 05 54.980 S
** Longitude: 39 04.495 E
** Bottom depth (m): 51.06m
** Operator: Mbulelo and Siajali
# nquan = 29
# nvalues = 490                                   
# units = specified
# name 0 = prDM: Pressure, Digiquartz [db]
# name 1 = depSM: Depth [salt water, m]
# name 2 = altM: Altimeter [m]
# name 3 = t090C: Temperature [ITS-90, deg C]
# name 4 = t190C: Temperature, 2 [ITS-90, deg C]
# name 5 = c0S/m: Conductivity [S/m]
# name 6 = c1S/m: Conductivity, 2 [S/m]
# name 7 = sal00: Salinity, Practical [PSU]
# name 8 = sal11: Salinity, Practical, 2 [PSU]
# name 9 = sbeox0ML/L: Oxygen, SBE 43 [ml/l]
# name 10 = flECO-AFL: Fluorescence, WET Labs ECO-AFL/FL [mg/m^3]
# name 11 = turbWETbb0: Turbidity, WET Labs ECO BB [m^-1/sr]
# name 12 = turbWETntu0: Turbidity, WET Labs ECO [NTU]
# name 13 = CStarAt0: Beam Attenuation, WET Labs C-Star [1/m]
# name 14 = CStarAt1: Beam Attenuation, WET Labs C-Star, 2 [1/m]
# name 15 = CStarTr0: Beam Transmission, WET Labs C-Star [%]
# name 16 = CStarTr1: Beam Transmission, WET Labs C-Star, 2 [%]
# name 17 = sbeox0V: Oxygen raw, SBE 43 [V]
# name 18 = v0: Voltage 0
# name 19 = v1: Voltage 1
# name 20 = v2: Voltage 2
# name 21 = v3: Voltage 3
# name 22 = v4: Voltage 4
# name 23 = v5: Voltage 5
# name 24 = v6: Voltage 6
# name 25 = v7: Voltage 7
# name 26 = scan: Scan Count
# name 27 = nbf: Bottles Fired
# name 28 = flag:  0.000e+00
# interval = seconds: 0.0416667
# start_time = Jun 19 2018 05:32:23 [NMEA time, header]
# bad_flag = -9.990e-29
*END*
[from data line 101]
     44.089     43.839       5.79    27.2363    27.2355   5.551760   5.552082    35.0562    35.0590     3.8047     0.6800 9.8007e-04     0.9653     0.4851     0.2656    88.5799    93.5749     2.7400     4.1880     4.3944     2.7399     0.3810     0.1123     0.0891     0.2894     0.0000       5443          3  0.000e+00
     44.089     43.839       5.79    27.2365    27.2352   5.551767   5.552105    35.0561    35.0595     3.8067     0.6800 9.8007e-04     0.9653     0.4851     0.2656    88.5799    93.5749     2.7412     4.1880     4.3944     2.7411     0.3810     0.1123     0.0891     0.2894     0.0000       5444          3  0.000e+00
     44.089     43.839       5.79    27.2366    27.2351   5.551775   5.552082    35.0560    35.0594     3.8046     0.6800 9.8007e-04     0.9165     0.4851     0.2656    88.5799    93.5749     2.7400     4.1880     4.3944     2.7399     0.3810     0.1123     0.0879     0.2894     0.0000       5445          3  0.000e+00
     44.147     43.897       5.76    27.2365    27.2353   5.551775   5.552074    35.0561    35.0591     3.8046     0.6800 9.8007e-04     0.9653     0.4851     0.2656    88.5799    93.5749     2.7400     4.1880     4.3944     2.7399     0.3810     0.1123     0.0891     0.2882     0.0000       5446          3  0.000e+00
     44.089     43.839       5.79    27.2365    27.2355   5.551760   5.552105    35.0560    35.0592     3.8068     0.6800 9.8007e-04     0.9165     0.4851     0.2656    88.5799    93.5749     2.7412     4.1880     4.3944     2.7411     0.3810     0.1123     0.0879     0.2894     0.0000       5447          3  0.000e+00
     44.038     43.789       5.79    27.2363    27.2359   5.551699   5.552120    35.0558    35.0591     3.8046     0.6617 9.8367e-04     0.9653     0.4862     0.2656    88.5540    93.5749     2.7400     4.1868     4.3944     2.7399     0.3822     0.1111     0.0891     0.2894     0.0000       5448          3  0.000e+00
     44.089     43.839       5.79    27.2365    27.2360   5.551782   5.552120    35.0562    35.0590     3.8045     0.6617 9.8367e-04     0.9653     0.4851     0.2656    88.5799    93.5749     2.7400     4.1880     4.3944     2.7399     0.3822     0.1111     0.0891     0.2894     0.0000       5449          3  0.000e+00
     44.089     43.839       5.79    27.2363    27.2359   5.551737   5.552120    35.0560    35.0590     3.8067     0.6800 9.8367e-04     0.9165     0.4851     0.2656    88.5799    93.5749     2.7412     4.1880     4.3944     2.7411     0.3822     0.1123     0.0879     0.2894     0.0000       5450          3  0.000e+00
     44.147     43.897       5.79    27.2361    27.2357   5.551722   5.552051    35.0560    35.0587     3.8046     0.6617 9.8007e-04     0.9653     0.4851     0.2656    88.5799    93.5749     2.7400     4.1880     4.3944     2.7399     0.3810     0.1111     0.0891     0.2894     0.0000       5451          3  0.000e+00
     44.038     43.789       5.79    27.2359    27.2352   5.551760   5.552028    35.0565    35.0589     3.8044     0.6800 9.8007e-04     0.9653     0.4851     0.2645    88.5799    93.6010     2.7400     4.1880     4.3956     2.7399     0.3810     0.1123     0.0891     0.2894     0.0000       5452          3  0.000e+00
     44.140     43.890       5.79    27.2352    27.2345   5.551737   5.552028    35.0568    35.0594     3.8044     0.6800 1.0161e-03     0.9165     0.4886     0.2645    88.5023    93.6010     2.7400     4.1844     4.3956     2.7399     0.3932     0.1123     0.0879     0.2894     0.0000       5453          3  0.000e+00
     44.089     43.839       5.79    27.2336    27.2341   5.551684   5.552028    35.0576    35.0598     3.8045     0.6800 1.0413e-03     0.9653     0.4979     0.2634    88.2955    93.6270     2.7400     4.1746     4.3968     2.7399     0.4017     0.1123     0.0891     0.2894     0.0000       5454          3  0.000e+00
     44.089     43.839       5.79    27.2330    27.2341   5.551677   5.552028    35.0580    35.0598     3.8021     0.6800 1.0485e-03     0.9653     0.5014     0.2645    88.2180    93.6010     2.7388     4.1709     4.3956     2.7387     0.4042     0.1123     0.0891     0.2894     0.0000       5455          3  0.000e+00
     44.089     43.839       5.76    27.2328    27.2342   5.551714   5.552028    35.0585    35.0596     3.8018     0.6800 1.0485e-03     0.9165     0.5014     0.2634    88.2180    93.6270     2.7388     4.1709     4.3968     2.7387     0.4042     0.1123     0.0879     0.2882     0.0000       5456          3  0.000e+00
     44.089     43.839       5.79    27.2327    27.2333   5.551692   5.551990    35.0584    35.0601     3.8014     0.6617 1.0449e-03     0.9653     0.5014     0.2645    88.2180    93.6010     2.7388     4.1709     4.3956     2.7387     0.4029     0.1111     0.0891     0.2894     0.0000       5457          3  0.000e+00
     44.089     43.839       5.79    27.2321    27.2324   5.551737   5.552051    35.0592    35.0611     3.8011     0.6617 1.0449e-03     0.9653     0.5014     0.2645    88.2180    93.6010     2.7388     4.1709     4.3956     2.7387     0.4029     0.1111     0.0891     0.2894     0.0000       5458          3  0.000e+00
     44.089     43.839       5.79    27.2315    27.2322   5.551737   5.552043    35.0596    35.0612     3.8008     0.6800 1.0449e-03     0.9653     0.5014     0.2645    88.2180    93.6010     2.7388     4.1709     4.3956     2.7387     0.4029     0.1123     0.0891     0.2894     0.0000       5459          3  0.000e+00
     44.147     43.897       5.79    27.2314    27.2320   5.551692   5.552059    35.0593    35.0615     3.8004     0.6800 1.0449e-03     0.9653     0.5003     0.2645    88.2438    93.6010     2.7388     4.1722     4.3956     2.7387     0.4029     0.1123     0.0891     0.2894     0.0000       5460          3  0.000e+00
     44.089     43.839       5.79    27.2314    27.2321   5.551707   5.552036    35.0595    35.0613     3.8001     0.6800 1.0449e-03     0.9165     0.5003     0.2634    88.2438    93.6270     2.7388     4.1722     4.3968     2.7387     0.4029     0.1123     0.0879     0.2894     0.0000       5461          3  0.000e+00
     44.089     43.839       5.79    27.2311    27.2324   5.551722   5.552059    35.0598    35.0612     3.7997     0.6617 1.0449e-03     0.9165     0.5014     0.2645    88.2180    93.6010     2.7388     4.1709     4.3956     2.7387     0.4029     0.1111     0.0879     0.2894     0.0000       5462          3  0.000e+00
     44.089     43.839       5.79    27.2314    27.2319   5.551730   5.552036    35.0596    35.0614     3.7973     0.6800 1.0485e-03     0.9653     0.5003     0.2645    88.2438    93.6010     2.7375     4.1722     4.3956     2.7375     0.4042     0.1123     0.0891     0.2894     0.0000       5463          3  0.000e+00
     44.089     43.839       5.79    27.2314    27.2318   5.551730   5.552066    35.0596    35.0617     3.7967     0.7166 1.0449e-03     0.9653     0.5014     0.2645    88.2180    93.6010     2.7375     4.1709     4.3956     2.7375     0.4029     0.1148     0.0891     0.2894     0.0000       5464          3  0.000e+00
     44.147     43.897       5.79    27.2312    27.2315   5.551684   5.552036    35.0594    35.0617     3.7963     0.7349 1.0449e-03     1.0142     0.5003     0.2645    88.2438    93.6010     2.7375     4.1722     4.3956     2.7375     0.4029     0.1160     0.0904     0.2894     0.0000       5465          3  0.000e+00
     44.089     43.839       5.79    27.2310    27.2312   5.551677   5.552028    35.0595    35.0619     3.7959     0.7349 1.0413e-03     0.9653     0.5014     0.2634    88.2180    93.6270     2.7375     4.1709     4.3968     2.7375     0.4017     0.1160     0.0891     0.2894     0.0000       5466          3  0.000e+00
     44.089     43.839       5.79    27.2306    27.2315   5.551752   5.552059    35.0604    35.0619     3.7954     0.7166 1.0449e-03     1.0142     0.5014     0.2634    88.2180    93.6270     2.7375     4.1709     4.3968     2.7375     0.4029     0.1148     0.0904     0.2894     0.0000       5467          3  0.000e+00
     44.089     43.839       5.79    27.2303    27.2316   5.551737   5.552043    35.0605    35.0617     3.7952     0.7166 1.0449e-03     1.0142     0.5014     0.2634    88.2180    93.6270     2.7375     4.1709     4.3968     2.7375     0.4029     0.1148     0.0904     0.2894     0.0000       5468          3  0.000e+00
     44.147     43.897       5.79    27.2301    27.2321   5.551714   5.552097    35.0605    35.0617     3.7949     0.7166 1.0413e-03     0.9653     0.5014     0.2634    88.2180    93.6270     2.7375     4.1709     4.3968     2.7375     0.4017     0.1148     0.0891     0.2894     0.0000       5469          3  0.000e+00
     44.089     43.839       5.79    27.2299    27.2322   5.551722   5.552082    35.0607    35.0615     3.7947     0.7166 1.0449e-03     1.0142     0.5003     0.2645    88.2438    93.6010     2.7375     4.1722     4.3956     2.7375     0.4029     0.1148     0.0904     0.2894     0.0000       5470          3  0.000e+00
     44.089     43.839       5.79    27.2300    27.2330   5.551730   5.552036    35.0607    35.0606     3.7944     0.7349 1.0449e-03     0.9653     0.5014     0.2645    88.2180    93.6010     2.7375     4.1709     4.3956     2.7375     0.4029     0.1160     0.0891     0.2894     0.0000       5471          3  0.000e+00
     44.147     43.897       5.79    27.2296    27.2335   5.551692   5.552028    35.0607    35.0602     3.7943     0.7166 1.0449e-03     0.9653     0.5014     0.2656    88.2180    93.5749     2.7375     4.1709     4.3944     2.7375     0.4029     0.1148     0.0891     0.2894     0.0000       5472          3  0.000e+00
     44.089     43.839       5.79    27.2296    27.2342   5.551707   5.551997    35.0609    35.0594     3.7941     0.7349 1.0449e-03     1.0142     0.4944     0.2679    88.3731    93.5229     2.7375     4.1783     4.3919     2.7375     0.4029     0.1160     0.0904     0.2894     0.0000       5473          3  0.000e+00
     44.089     43.839       5.79    27.2296    27.2344   5.551722   5.552051    35.0609    35.0596     3.7939     0.7349 1.0449e-03     1.0142     0.4629     0.2690    89.0710    93.4969     2.7375     4.2112     4.3907     2.7375     0.4029     0.1160     0.0904     0.2894     0.0000       5474          3  0.000e+00
     44.089     43.839       5.79    27.2299    27.2350   5.551760   5.552036    35.0610    35.0591     3.7937     0.7166 1.0449e-03     1.0142     0.4479     0.2679    89.4071    93.5229     2.7375     4.2271     4.3919     2.7375     0.4029     0.1148     0.0904     0.2894     0.0000       5475          3  0.000e+00
     44.140     43.890       5.79    27.2305    27.2351   5.551730   5.552059    35.0603    35.0592     3.7936     0.7349 1.0449e-03     1.0142     0.4456     0.2690    89.4588    93.4969     2.7375     4.2295     4.3907     2.7375     0.4029     0.1160     0.0904     0.2894     0.0000       5476          3  0.000e+00
     44.147     43.897       5.79    27.2309    27.2352   5.551760   5.552043    35.0602    35.0590     3.7934     0.7166 1.0449e-03     0.9653     0.4479     0.2690    89.4071    93.4969     2.7375     4.2271     4.3907     2.7375     0.4029     0.1148     0.0891     0.2894     0.0000       5477          3  0.000e+00
     44.038     43.789       5.79    27.2317    27.2352   5.551737   5.552059    35.0595    35.0592     3.7930     0.7166 1.0449e-03     0.9653     0.4490     0.2679    89.3812    93.5229     2.7375     4.2259     4.3919     2.7375     0.4029     0.1148     0.0891     0.2894     0.0000       5478          3  0.000e+00
     44.147     43.897       5.79    27.2320    27.2350   5.551760   5.552036    35.0594    35.0591     3.7929     0.7166 1.2644e-03     0.9653     0.4479     0.2679    89.4071    93.5229     2.7375     4.2271     4.3919     2.7375     0.4774     0.1148     0.0891     0.2894     0.0000       5479          3  0.000e+00
     44.089     43.839       5.79    27.2325    27.2351   5.551730   5.552028    35.0588    35.0590     3.7928     0.7349 1.4372e-03     1.0142     0.4479     0.2679    89.4071    93.5229     2.7375     4.2271     4.3919     2.7375     0.5360     0.1160     0.0904     0.2894     0.0000       5480          3  0.000e+00
     44.140     43.890       5.79    27.2328    27.2344   5.551760   5.552059    35.0588    35.0597     3.7928     0.7166 1.4696e-03     1.0142     0.4490     0.2679    89.3812    93.5229     2.7375     4.2259     4.3919     2.7375     0.5470     0.1148     0.0904     0.2894     0.0000       5481          3  0.000e+00
     44.089     43.839       5.79    27.2329    27.2342   5.551737   5.552043    35.0586    35.0597     3.7927     0.7166 1.4552e-03     1.0142     0.4490     0.2679    89.3812    93.5229     2.7375     4.2259     4.3919     2.7375     0.5421     0.1148     0.0904     0.2894     0.0000       5482          3  0.000e+00
     44.089     43.839       5.79    27.2328    27.2338   5.551760   5.552059    35.0588    35.0602     3.7927     0.7349 1.4480e-03     0.9653     0.4490     0.2679    89.3812    93.5229     2.7375     4.2259     4.3919     2.7375     0.5397     0.1160     0.0891     0.2894     0.0000       5483          3  0.000e+00
     44.140     43.890       5.79    27.2332    27.2337   5.551730   5.552036    35.0583    35.0600     3.7904     0.7166 1.4516e-03     0.9653     0.4479     0.2679    89.4071    93.5229     2.7363     4.2271     4.3919     2.7363     0.5409     0.1148     0.0891     0.2894     0.0000       5484          3  0.000e+00
     44.089     43.839       5.79    27.2336    27.2330   5.551760   5.552028    35.0582    35.0606     3.7924     0.7166 1.4480e-03     1.0142     0.4490     0.2679    89.3812    93.5229     2.7375     4.2259     4.3919     2.7375     0.5397     0.1148     0.0904     0.2894     0.0000       5485          3  0.000e+00
     44.147     43.897       5.79    27.2336    27.2322   5.551707   5.551997    35.0578    35.0609     3.7902     0.7166 1.4480e-03     1.0142     0.4490     0.2679    89.3812    93.5229     2.7363     4.2259     4.3919     2.7363     0.5397     0.1148     0.0904     0.2894     0.0000       5486          3  0.000e+00
     44.089     43.839       5.79    27.2339    27.2320   5.551714   5.552013    35.0576    35.0612     3.7900     0.7166 1.4516e-03     0.9653     0.4490     0.2679    89.3812    93.5229     2.7363     4.2259     4.3919     2.7363     0.5409     0.1148     0.0891     0.2894     0.0000       5487          3  0.000e+00
     44.147     43.897       5.79    27.2336    27.2317   5.551752   5.552028    35.0581    35.0615     3.7922     0.7166 1.4516e-03     1.0142     0.4490     0.2679    89.3812    93.5229     2.7375     4.2259     4.3919     2.7375     0.5409     0.1148     0.0904     0.2894     0.0000       5488          3  0.000e+00
     32.571     32.388      16.87    27.2203    27.2190   5.550179   5.550424    35.0604    35.0631     3.7725     0.6434 1.1528e-03     0.8676     0.4433     0.2980    89.5105    92.8206     2.7253     4.2320     4.3590     2.7253     0.4396     0.1099     0.0867     0.8437     0.0000       7314          4  0.000e+00
     32.571     32.388      16.87    27.2203    27.2190   5.550172   5.550424    35.0604    35.0631     3.7752     0.6434 1.1600e-03     0.8188     0.4433     0.2980    89.5105    92.8206     2.7266     4.2320     4.3590     2.7265     0.4420     0.1099     0.0855     0.8437     0.0000       7315          4  0.000e+00
     32.571     32.388      16.90    27.2203    27.2192   5.550142   5.550424    35.0601    35.0630     3.7736     0.6434 1.1564e-03     0.8676     0.4433     0.2980    89.5105    92.8206     2.7253     4.2320     4.3590     2.7253     0.4408     0.1099     0.0867     0.8449     0.0000       7316          4  0.000e+00
