content/post/ctd18/stn005.ros
* Sea-Bird SBE 9 Data File:
* FileName = C:\CTD Data\AGU032_IIOE2_June2018\stn005.hex
* Software Version Seasave V 7.22.5
* Temperature SN = 5966
* Conductivity SN = 4551
* Number of Bytes Per Scan = 40
* Number of Voltage Words = 5
* Number of Scans Averaged by the Deck Unit = 1
* NMEA Latitude = 05 55.52 S
* NMEA Longitude = 039 04.22 E
* NMEA UTC (Time) = Jun 19 2018 05:32:23
* NMEA baud rate = 4800
** Ship: Agulhas II
** Cruise: V032_IIOE2
** Ship Station: AM00886
** Grid number: A-5
** Latitude: 05 54.980 S
** Longitude: 39 04.495 E
** Bottom depth (m): 51.06m
** Operator: Mbulelo and Siajali
# nquan = 29
# nvalues = 490                                   
# units = specified
# name 0 = prDM: Pressure, Digiquartz [db]
# name 1 = depSM: Depth [salt water, m]
# name 2 = altM: Altimeter [m]
# name 3 = t090C: Temperature [ITS-90, deg C]
# name 4 = t190C: Temperature, 2 [ITS-90, deg C]
# name 5 = c0S/m: Conductivity [S/m]
# name 6 = c1S/m: Conductivity, 2 [S/m]
# name 7 = sal00: Salinity, Practical [PSU]
# name 8 = sal11: Salinity, Practical, 2 [PSU]
# name 9 = sbeox0ML/L: Oxygen, SBE 43 [ml/l]
# name 10 = flECO-AFL: Fluorescence, WET Labs ECO-AFL/FL [mg/m^3]
# name 11 = turbWETbb0: Turbidity, WET Labs ECO BB [m^-1/sr]
# name 12 = turbWETntu0: Turbidity, WET Labs ECO [NTU]
# name 13 = CStarAt0: Beam Attenuation, WET Labs C-Star [1/m]
# name 14 = CStarAt1: Beam Attenuation, WET Labs C-Star, 2 [1/m]
# name 15 = CStarTr0: Beam Transmission, WET Labs C-Star [%]
# name 16 = CStarTr1: Beam Transmission, WET Labs C-Star, 2 [%]
# name 17 = sbeox0V: Oxygen raw, SBE 43 [V]
# name 18 = v0: Voltage 0
# name 19 = v1: Voltage 1
# name 20 = v2: Voltage 2
# name 21 = v3: Voltage 3
# name 22 = v4: Voltage 4
# name 23 = v5: Voltage 5
# name 24 = v6: Voltage 6
# name 25 = v7: Voltage 7
# name 26 = scan: Scan Count
# name 27 = nbf: Bottles Fired
# name 28 = flag:  0.000e+00
# interval = seconds: 0.0416667
# start_time = Jun 19 2018 05:32:23 [NMEA time, header]
# bad_flag = -9.990e-29
*END*
     44.091     43.842       5.81    27.2321    27.2350   5.551669   5.552013    35.0587    35.0590     3.8089     0.6800 1.9015e-03     1.0630     0.3985     0.2357    90.5186    94.2773     2.7351     4.2796     4.4274     2.7350     0.6935     0.1123     0.0916     0.2906     0.0000       4092          1  0.000e+00
     44.142     43.893       5.81    27.2321    27.2355   5.551601   5.552028    35.0581    35.0586     3.8089     0.6983 1.9015e-03     1.0142     0.3996     0.2346    90.4928    94.3033     2.7351     4.2784     4.4286     2.7350     0.6935     0.1136     0.0904     0.2906     0.0000       4093          1  0.000e+00
     44.150     43.900       5.81    27.2317    27.2355   5.551555   5.552028    35.0581    35.0586     3.8087     0.6800 1.9015e-03     1.0630     0.3985     0.2357    90.5186    94.2773     2.7351     4.2796     4.4274     2.7350     0.6935     0.1123     0.0916     0.2906     0.0000       4094          1  0.000e+00
     44.091     43.842       5.81    27.2321    27.2353   5.551616   5.552028    35.0583    35.0588     3.8084     0.6800 1.9015e-03     1.0630     0.3996     0.2357    90.4928    94.2773     2.7351     4.2784     4.4274     2.7350     0.6935     0.1123     0.0916     0.2906     0.0000       4095          1  0.000e+00
     44.142     43.893       5.81    27.2320    27.2346   5.551593   5.552066    35.0582    35.0596     3.8082     0.6800 1.9015e-03     1.0630     0.3985     0.2346    90.5186    94.3033     2.7351     4.2796     4.4286     2.7350     0.6935     0.1123     0.0916     0.2906     0.0000       4096          1  0.000e+00
     44.150     43.900       5.81    27.2317    27.2342   5.551624   5.552005    35.0586    35.0594     3.8080     0.6800 1.9015e-03     1.0142     0.3996     0.2357    90.4928    94.2773     2.7351     4.2784     4.4274     2.7350     0.6935     0.1123     0.0904     0.2906     0.0000       4097          1  0.000e+00
     44.091     43.842       5.81    27.2315    27.2342   5.551601   5.551982    35.0586    35.0593     3.8078     0.6800 1.9015e-03     1.0630     0.3985     0.2368    90.5186    94.2513     2.7351     4.2796     4.4261     2.7350     0.6935     0.1123     0.0916     0.2906     0.0000       4098          1  0.000e+00
     44.142     43.893       5.81    27.2318    27.2345   5.551624   5.552051    35.0586    35.0595     3.8075     0.6800 1.6892e-03     1.0630     0.3939     0.2368    90.6220    94.2513     2.7351     4.2845     4.4261     2.7350     0.6215     0.1123     0.0916     0.2906     0.0000       4099          1  0.000e+00
     44.201     43.951       5.81    27.2315    27.2348   5.551593   5.552043    35.0585    35.0593     3.8072     0.6800 1.1960e-03     1.0630     0.3859     0.2368    90.8030    94.2513     2.7351     4.2930     4.4261     2.7350     0.4542     0.1123     0.0916     0.2906     0.0000       4100          1  0.000e+00
     44.091     43.842       5.81    27.2317    27.2350   5.551624   5.552028    35.0586    35.0591     3.8067     0.6800 1.0305e-03     1.0630     0.3848     0.2368    90.8288    94.2513     2.7351     4.2943     4.4261     2.7350     0.3980     0.1123     0.0916     0.2906     0.0000       4101          1  0.000e+00
     44.150     43.900       5.81    27.2318    27.2352   5.551571   5.551990    35.0582    35.0586     3.8040     0.6983 1.0341e-03     1.0142     0.3848     0.2368    90.8288    94.2513     2.7338     4.2943     4.4261     2.7338     0.3993     0.1136     0.0904     0.2906     0.0000       4102          1  0.000e+00
     44.150     43.900       5.81    27.2319    27.2353   5.551616   5.552013    35.0584    35.0587     3.8033     0.6983 1.0593e-03     1.0630     0.3848     0.2368    90.8288    94.2513     2.7338     4.2943     4.4261     2.7338     0.4078     0.1136     0.0916     0.2906     0.0000       4103          1  0.000e+00
     44.142     43.893       5.81    27.2318    27.2357   5.551593   5.552059    35.0583    35.0587     3.8025     0.6800 1.0665e-03     1.0630     0.3859     0.2379    90.8030    94.2252     2.7338     4.2930     4.4249     2.7338     0.4103     0.1123     0.0916     0.2906     0.0000       4104          1  0.000e+00
     44.091     43.842       5.81    27.2317    27.2355   5.551555   5.552043    35.0581    35.0587     3.8019     0.6800 1.0629e-03     1.0630     0.3859     0.2368    90.8030    94.2513     2.7338     4.2930     4.4261     2.7338     0.4090     0.1123     0.0916     0.2906     0.0000       4105          1  0.000e+00
     44.150     43.900       5.81    27.2314    27.2353   5.551548   5.552028    35.0583    35.0588     3.8013     0.6983 1.0665e-03     1.0142     0.3848     0.2368    90.8288    94.2513     2.7338     4.2943     4.4261     2.7338     0.4103     0.1136     0.0904     0.2906     0.0000       4106          1  0.000e+00
     44.142     43.893       5.81    27.2314    27.2353   5.551571   5.552028    35.0585    35.0588     3.8005     0.6800 1.0629e-03     1.0630     0.3859     0.2368    90.8030    94.2513     2.7338     4.2930     4.4261     2.7338     0.4090     0.1123     0.0916     0.2906     0.0000       4107          1  0.000e+00
     44.091     43.842       5.81    27.2314    27.2353   5.551586   5.552097    35.0586    35.0593     3.8000     0.6800 1.0629e-03     1.0630     0.3859     0.2368    90.8030    94.2513     2.7338     4.2930     4.4261     2.7338     0.4090     0.1123     0.0916     0.2906     0.0000       4108          1  0.000e+00
     44.150     43.900       5.81    27.2317    27.2353   5.551593   5.552051    35.0584    35.0589     3.7994     0.6800 1.0593e-03     1.0142     0.3859     0.2368    90.8030    94.2513     2.7338     4.2930     4.4261     2.7338     0.4078     0.1123     0.0904     0.2906     0.0000       4109          1  0.000e+00
     44.142     43.893       5.81    27.2316    27.2355   5.551624   5.552028    35.0587    35.0586     3.7988     0.6800 1.0629e-03     1.0630     0.3848     0.2379    90.8288    94.2252     2.7338     4.2943     4.4249     2.7338     0.4090     0.1123     0.0916     0.2906     0.0000       4110          1  0.000e+00
     44.150     43.900       5.81    27.2317    27.2355   5.551593   5.552028    35.0584    35.0587     3.7982     0.6800 1.0629e-03     1.0630     0.3859     0.2368    90.8030    94.2513     2.7338     4.2930     4.4261     2.7338     0.4090     0.1123     0.0916     0.2906     0.0000       4111          1  0.000e+00
     44.150     43.900       5.81    27.2315    27.2353   5.551624   5.552059    35.0588    35.0590     3.7978     0.6800 1.0665e-03     1.0142     0.3848     0.2368    90.8288    94.2513     2.7338     4.2943     4.4261     2.7338     0.4103     0.1123     0.0904     0.2906     0.0000       4112          1  0.000e+00
     44.142     43.893       5.81    27.2316    27.2353   5.551601   5.552036    35.0585    35.0588     3.7973     0.6800 1.0629e-03     1.0142     0.3859     0.2368    90.8030    94.2513     2.7338     4.2930     4.4261     2.7338     0.4090     0.1123     0.0904     0.2906     0.0000       4113          1  0.000e+00
     44.150     43.900       5.81    27.2317    27.2355   5.551624   5.552097    35.0586    35.0591     3.7968     0.6800 1.0629e-03     0.9653     0.3859     0.2368    90.8030    94.2513     2.7338     4.2930     4.4261     2.7338     0.4090     0.1123     0.0891     0.2906     0.0000       4114          1  0.000e+00
     44.091     43.842       5.81    27.2321    27.2353   5.551593   5.552051    35.0581    35.0590     3.7962     0.6800 1.0665e-03     1.0142     0.3848     0.2368    90.8288    94.2513     2.7338     4.2943     4.4261     2.7338     0.4103     0.1123     0.0904     0.2906     0.0000       4115          1  0.000e+00
     44.150     43.900       5.81    27.2328    27.2355   5.551624   5.552059    35.0578    35.0588     3.7959     0.6617 1.0629e-03     1.0142     0.3859     0.2368    90.8030    94.2513     2.7338     4.2930     4.4261     2.7338     0.4090     0.1111     0.0904     0.2906     0.0000       4116          1  0.000e+00
     44.150     43.900       5.81    27.2332    27.2359   5.551571   5.552036    35.0571    35.0584     3.7955     0.6617 1.0629e-03     1.0142     0.3859     0.2368    90.8030    94.2513     2.7338     4.2930     4.4261     2.7338     0.4090     0.1111     0.0904     0.2906     0.0000       4117          1  0.000e+00
     44.142     43.893       5.81    27.2336    27.2357   5.551260   5.552066    35.0546    35.0588     3.7952     0.6800 1.0629e-03     0.9653     0.3859     0.2390    90.8030    94.1992     2.7338     4.2930     4.4237     2.7338     0.4090     0.1123     0.0891     0.2906     0.0000       4118          1  0.000e+00
     44.091     43.842       5.81    27.2334    27.2360   5.551449   5.552074    35.0561    35.0586     3.7970     0.6617 1.0629e-03     1.0142     0.3871     0.2446    90.7771    94.0692     2.7351     4.2918     4.4176     2.7350     0.4090     0.1111     0.0904     0.2906     0.0000       4119          1  0.000e+00
     44.150     43.900       5.81    27.2336    27.2361   5.551548   5.552074    35.0567    35.0586     3.7968     0.6800 1.0629e-03     1.0142     0.3916     0.2468    90.6737    94.0172     2.7351     4.2869     4.4151     2.7350     0.4090     0.1123     0.0904     0.2906     0.0000       4120          1  0.000e+00
     44.142     43.893       5.81    27.2332    27.2364   5.551412   5.552074    35.0560    35.0583     3.7943     0.6800 1.0629e-03     0.9653     0.3928     0.2468    90.6479    94.0172     2.7338     4.2857     4.4151     2.7338     0.4090     0.1123     0.0891     0.2906     0.0000       4121          1  0.000e+00
     44.150     43.900       5.81    27.2334    27.2364   5.551593   5.552074    35.0572    35.0583     3.7961     0.6617 1.0629e-03     1.0142     0.3928     0.2457    90.6479    94.0432     2.7351     4.2857     4.4164     2.7350     0.4090     0.1111     0.0904     0.2906     0.0000       4122          1  0.000e+00
     44.091     43.842       5.81    27.2334    27.2367   5.551646   5.552074    35.0575    35.0581     3.7961     0.6617 1.0629e-03     1.0142     0.3928     0.2457    90.6479    94.0432     2.7351     4.2857     4.4164     2.7350     0.4090     0.1111     0.0904     0.2906     0.0000       4123          1  0.000e+00
     44.142     43.893       5.81    27.2334    27.2372   5.551601   5.552074    35.0572    35.0577     3.7960     0.6800 1.0629e-03     0.9653     0.3928     0.2457    90.6479    94.0432     2.7351     4.2857     4.4164     2.7350     0.4090     0.1123     0.0891     0.2906     0.0000       4124          1  0.000e+00
     44.150     43.900       5.81    27.2336    27.2374   5.551624   5.552074    35.0572    35.0576     3.7957     0.6617 1.0953e-03     1.0142     0.3928     0.2457    90.6479    94.0432     2.7351     4.2857     4.4164     2.7350     0.4200     0.1111     0.0904     0.2906     0.0000       4125          1  0.000e+00
     44.091     43.842       5.81    27.2334    27.2374   5.551661   5.552105    35.0576    35.0578     3.7978     0.6617 1.1888e-03     1.0142     0.3928     0.2457    90.6479    94.0432     2.7363     4.2857     4.4164     2.7363     0.4518     0.1111     0.0904     0.2906     0.0000       4126          1  0.000e+00
     44.142     43.893       5.81    27.2330    27.2367   5.551646   5.552120    35.0578    35.0584     3.7980     0.6800 1.2212e-03     1.0142     0.3928     0.2457    90.6479    94.0432     2.7363     4.2857     4.4164     2.7363     0.4628     0.1123     0.0904     0.2906     0.0000       4127          1  0.000e+00
     44.150     43.900       5.81    27.2328    27.2366   5.551571   5.552120    35.0574    35.0585     3.7980     0.6800 1.2176e-03     1.0142     0.3928     0.2457    90.6479    94.0432     2.7363     4.2857     4.4164     2.7363     0.4615     0.1123     0.0904     0.2906     0.0000       4128          1  0.000e+00
     44.150     43.900       5.81    27.2329    27.2366   5.551639   5.552051    35.0578    35.0580     3.7980     0.6617 1.2140e-03     1.0142     0.3928     0.2457    90.6479    94.0432     2.7363     4.2857     4.4164     2.7363     0.4603     0.1111     0.0904     0.2906     0.0000       4129          1  0.000e+00
     44.091     43.842       5.81    27.2328    27.2363   5.551608   5.552097    35.0577    35.0586     3.7980     0.6800 1.2140e-03     1.0142     0.3928     0.2457    90.6479    94.0432     2.7363     4.2857     4.4164     2.7363     0.4603     0.1123     0.0904     0.2906     0.0000       4130          1  0.000e+00
     44.150     43.900       5.81    27.2325    27.2364   5.551692   5.552082    35.0585    35.0584     3.7957     0.6617 1.2176e-03     1.0142     0.3928     0.2457    90.6479    94.0432     2.7351     4.2857     4.4164     2.7350     0.4615     0.1111     0.0904     0.2906     0.0000       4131          1  0.000e+00
     44.142     43.893       5.81    27.2320    27.2359   5.551692   5.552105    35.0589    35.0589     3.7955     0.6800 1.2140e-03     0.9653     0.3916     0.2457    90.6737    94.0432     2.7351     4.2869     4.4164     2.7350     0.4603     0.1123     0.0891     0.2906     0.0000       4132          1  0.000e+00
     44.150     43.900       5.81    27.2317    27.2359   5.551669   5.552082    35.0589    35.0587     3.7952     0.6800 1.2140e-03     1.0142     0.3928     0.2457    90.6479    94.0432     2.7351     4.2857     4.4164     2.7350     0.4603     0.1123     0.0904     0.2906     0.0000       4133          1  0.000e+00
     44.091     43.842       5.81    27.2319    27.2363   5.551646   5.552105    35.0586    35.0586     3.7951     0.6800 1.2140e-03     1.0142     0.3928     0.2457    90.6479    94.0432     2.7351     4.2857     4.4164     2.7350     0.4603     0.1123     0.0904     0.2906     0.0000       4134          1  0.000e+00
     44.142     43.893       5.79    27.2325    27.2360   5.551639   5.552082    35.0581    35.0587     3.7950     0.6800 1.2140e-03     1.0142     0.3928     0.2457    90.6479    94.0432     2.7351     4.2857     4.4164     2.7350     0.4603     0.1123     0.0904     0.2894     0.0000       4135          1  0.000e+00
     44.150     43.900       5.81    27.2325    27.2366   5.551639   5.552043    35.0582    35.0579     3.7949     0.6800 1.2140e-03     0.9653     0.3928     0.2457    90.6479    94.0432     2.7351     4.2857     4.4164     2.7350     0.4603     0.1123     0.0891     0.2906     0.0000       4136          1  0.000e+00
     44.091     43.842       5.81    27.2329    27.2368   5.551692   5.552059    35.0582    35.0579     3.7927     0.6800 1.2140e-03     0.9653     0.3928     0.2468    90.6479    94.0172     2.7338     4.2857     4.4151     2.7338     0.4603     0.1123     0.0891     0.2906     0.0000       4137          1  0.000e+00
     44.142     43.893       5.79    27.2326    27.2366   5.551692   5.552105    35.0584    35.0584     3.7926     0.7349 1.2140e-03     0.9165     0.3928     0.2468    90.6479    94.0172     2.7338     4.2857     4.4151     2.7338     0.4603     0.1160     0.0879     0.2894     0.0000       4138          1  0.000e+00
     44.150     43.900       5.79    27.2326    27.2362   5.551646   5.552051    35.0581    35.0583     3.7926     0.7532 1.2140e-03     0.8676     0.3928     0.2468    90.6479    94.0172     2.7338     4.2857     4.4151     2.7338     0.4603     0.1172     0.0867     0.2894     0.0000       4139          1  0.000e+00
     44.091     43.842       5.81    27.2325    27.2359   5.551639   5.552097    35.0581    35.0589     3.7925     0.7716 1.2140e-03     0.8188     0.3916     0.2479    90.6737    93.9911     2.7338     4.2869     4.4139     2.7338     0.4603     0.1184     0.0855     0.2906     0.0000       4140          1  0.000e+00
     44.089     43.839       5.79    27.2363    27.2355   5.551851   5.552120    35.0568    35.0593     3.7975     0.7899 9.4407e-04     0.8676     0.4179     0.2523    90.0792    93.8871     2.7388     4.2589     4.4090     2.7387     0.3687     0.1197     0.0867     0.2894     0.0000       5341          2  0.000e+00
