content/post/ctd18/stn003.ros
* Sea-Bird SBE 9 Data File:
* FileName = C:\CTD Data\AGU032_IIOE2_June2018\stn003.hex
* Software Version Seasave V 7.22.5
* Temperature SN = 5966
* Conductivity SN = 4551
* Number of Bytes Per Scan = 40
* Number of Voltage Words = 5
* Number of Scans Averaged by the Deck Unit = 1
* NMEA Latitude = 05 26.22 S
* NMEA Longitude = 039 11.22 E
* NMEA UTC (Time) = Jun 18 2018 19:22:04
* NMEA baud rate = 4800
** Ship: Agulhas II
** Cruise: V032_IIOE2
** Ship Station: AM00884
** Grid number: A-3
** Latitude: 05 26 136 S
** Longitude: 039 11.242 E
** Bottom depth (m): 360.20m
** Operator: Florence and Darrell
# nquan = 29
# nvalues = 776                                   
# units = specified
# name 0 = prDM: Pressure, Digiquartz [db]
# name 1 = depSM: Depth [salt water, m]
# name 2 = altM: Altimeter [m]
# name 3 = t090C: Temperature [ITS-90, deg C]
# name 4 = t190C: Temperature, 2 [ITS-90, deg C]
# name 5 = c0S/m: Conductivity [S/m]
# name 6 = c1S/m: Conductivity, 2 [S/m]
# name 7 = sal00: Salinity, Practical [PSU]
# name 8 = sal11: Salinity, Practical, 2 [PSU]
# name 9 = sbeox0ML/L: Oxygen, SBE 43 [ml/l]
# name 10 = flECO-AFL: Fluorescence, WET Labs ECO-AFL/FL [mg/m^3]
# name 11 = turbWETbb0: Turbidity, WET Labs ECO BB [m^-1/sr]
# name 12 = turbWETntu0: Turbidity, WET Labs ECO [NTU]
# name 13 = CStarAt0: Beam Attenuation, WET Labs C-Star [1/m]
# name 14 = CStarAt1: Beam Attenuation, WET Labs C-Star, 2 [1/m]
# name 15 = CStarTr0: Beam Transmission, WET Labs C-Star [%]
# name 16 = CStarTr1: Beam Transmission, WET Labs C-Star, 2 [%]
# name 17 = sbeox0V: Oxygen raw, SBE 43 [V]
# name 18 = v0: Voltage 0
# name 19 = v1: Voltage 1
# name 20 = v2: Voltage 2
# name 21 = v3: Voltage 3
# name 22 = v4: Voltage 4
# name 23 = v5: Voltage 5
# name 24 = v6: Voltage 6
# name 25 = v7: Voltage 7
# name 26 = scan: Scan Count
# name 27 = nbf: Bottles Fired
# name 28 = flag:  0.000e+00
# interval = seconds: 0.0416667
# start_time = Jun 18 2018 19:22:04 [NMEA time, header]
# bad_flag = -9.990e-29
*END*
[from data line 201]
    180.423    179.345      98.51    16.1495    16.2069   4.432706   4.439562    35.1730    35.1832     2.5816     0.0390 3.7175e-04     0.5258     0.1035     0.0177    97.4464    99.5578     1.7319     4.6068     4.6752     1.7314     0.1746     0.0696     0.0781     4.9255     0.0000      27612          5  0.000e+00
    180.408    179.330      98.51    16.1431    16.2055   4.432032   4.438114    35.1727    35.1715     2.5825     0.0390 3.7535e-04     0.5258     0.1024     0.0167    97.4722    99.5838     1.7319     4.6081     4.6764     1.7314     0.1758     0.0696     0.0781     4.9255     0.0000      27613          5  0.000e+00
    180.467    179.388      98.51    16.1392    16.1990   4.431701   4.436442    35.1732    35.1624     2.5833     0.0390 3.7175e-04     0.5258     0.1035     0.0167    97.4464    99.5838     1.7319     4.6068     4.6764     1.7314     0.1746     0.0696     0.0781     4.9255     0.0000      27614          5  0.000e+00
    180.423    179.345      98.51    16.1348    16.1834   4.431605   4.434960    35.1762    35.1631     2.5839     0.0390 3.7175e-04     0.5258     0.1035     0.0177    97.4464    99.5578     1.7319     4.6068     4.6752     1.7314     0.1746     0.0696     0.0781     4.9255     0.0000      27615          5  0.000e+00
    180.408    179.330      98.51    16.1317    16.1642   4.431715   4.433764    35.1800    35.1694     2.5845     0.0390 3.7535e-04     0.5258     0.1024     0.0167    97.4722    99.5838     1.7319     4.6081     4.6764     1.7314     0.1758     0.0696     0.0781     4.9255     0.0000      27616          5  0.000e+00
    180.474    179.396      98.53    16.1290    16.1503   4.431694   4.432904    35.1821    35.1740     2.5851     0.0206 3.7175e-04     0.5258     0.1035     0.0177    97.4464    99.5578     1.7319     4.6068     4.6752     1.7314     0.1746     0.0684     0.0781     4.9267     0.0000      27617          5  0.000e+00
    180.357    179.280      98.51    16.1247    16.1413   4.431508   4.432310    35.1844    35.1768     2.5856     0.0390 3.7175e-04     0.5258     0.1035     0.0177    97.4464    99.5578     1.7319     4.6068     4.6752     1.7314     0.1746     0.0696     0.0781     4.9255     0.0000      27618          5  0.000e+00
    180.408    179.330      98.53    16.1213    16.1341   4.431357   4.431807    35.1860    35.1787     2.5862     0.0390 3.7535e-04     0.5258     0.1035     0.0177    97.4464    99.5578     1.7319     4.6068     4.6752     1.7314     0.1758     0.0696     0.0781     4.9267     0.0000      27619          5  0.000e+00
    180.423    179.345      98.51    16.1204    16.1291   4.431364   4.431520    35.1868    35.1806     2.5865     0.0390 3.7175e-04     0.5258     0.1035     0.0177    97.4464    99.5578     1.7319     4.6068     4.6752     1.7314     0.1746     0.0696     0.0781     4.9255     0.0000      27620          5  0.000e+00
    180.408    179.330      98.51    16.1208    16.1264   4.431508   4.431401    35.1878    35.1819     2.5898     0.0390 3.7535e-04     0.5258     0.1035     0.0177    97.4464    99.5578     1.7332     4.6068     4.6752     1.7326     0.1758     0.0696     0.0781     4.9255     0.0000      27621          5  0.000e+00
    180.423    179.345      98.53    16.1223    16.1238   4.431784   4.431248    35.1889    35.1828     2.5869     0.0390 3.6815e-04     0.5258     0.1035     0.0167    97.4464    99.5838     1.7319     4.6068     4.6764     1.7314     0.1734     0.0696     0.0781     4.9267     0.0000      27622          5  0.000e+00
    180.357    179.280      98.51    16.1234    16.1223   4.431860   4.431255    35.1886    35.1842     2.5870     0.0390 3.7175e-04     0.5258     0.1035     0.0167    97.4464    99.5838     1.7319     4.6068     4.6764     1.7314     0.1746     0.0696     0.0781     4.9255     0.0000      27623          5  0.000e+00
    180.408    179.330      98.51    16.1245    16.1253   4.431922   4.431695    35.1882    35.1854     2.5867     0.0390 3.7175e-04     0.5258     0.1035     0.0167    97.4464    99.5838     1.7319     4.6068     4.6764     1.7314     0.1746     0.0696     0.0781     4.9255     0.0000      27624          5  0.000e+00
    180.365    179.287      98.51    16.1263    16.1290   4.432018   4.432128    35.1874    35.1861     2.5862     0.0206 3.7535e-04     0.5746     0.1024     0.0167    97.4722    99.5838     1.7319     4.6081     4.6764     1.7314     0.1758     0.0684     0.0794     4.9255     0.0000      27625          5  0.000e+00
    180.408    179.330      98.51    16.1282    16.1296   4.431880   4.432422    35.1845    35.1881     2.5858     0.0390 3.7535e-04     0.5746     0.1035     0.0167    97.4464    99.5838     1.7319     4.6068     4.6764     1.7314     0.1758     0.0696     0.0794     4.9255     0.0000      27626          5  0.000e+00
    180.357    179.280      98.51    16.1269    16.1303   4.431371   4.432646    35.1811    35.1895     2.5854     0.0390 3.7175e-04     0.5746     0.1035     0.0167    97.4464    99.5838     1.7319     4.6068     4.6764     1.7314     0.1746     0.0696     0.0794     4.9255     0.0000      27627          5  0.000e+00
    180.365    179.287      98.51    16.1248    16.1326   4.430682   4.432828    35.1769    35.1890     2.5850     0.0390 3.6815e-04     0.5746     0.1035     0.0156    97.4464    99.6098     1.7319     4.6068     4.6777     1.7314     0.1734     0.0696     0.0794     4.9255     0.0000      27628          5  0.000e+00
    180.408    179.330      98.51    16.1187    16.1346   4.429766   4.433450    35.1741    35.1928     2.5848     0.0390 3.7175e-04     0.5258     0.1035     0.0167    97.4464    99.5838     1.7319     4.6068     4.6764     1.7314     0.1746     0.0696     0.0781     4.9255     0.0000      27629          5  0.000e+00
    180.365    179.287      98.51    16.1123    16.1396   4.428733   4.434107    35.1706    35.1942     2.5845     0.0390 3.8615e-04     0.5258     0.1035     0.0167    97.4464    99.5838     1.7319     4.6068     4.6764     1.7314     0.1795     0.0696     0.0781     4.9255     0.0000      27630          5  0.000e+00
    180.357    179.280      98.51    16.1055    16.1453   4.427790   4.434464    35.1682    35.1924     2.5841     0.0390 4.0055e-04     0.5258     0.1035     0.0167    97.4464    99.5838     1.7319     4.6068     4.6764     1.7314     0.1844     0.0696     0.0781     4.9255     0.0000      27631          5  0.000e+00
    180.357    179.280      98.51    16.0975    16.1477   4.427081   4.434401    35.1691    35.1897     2.5838     0.0390 4.0415e-04     0.5746     0.1035     0.0167    97.4464    99.5838     1.7319     4.6068     4.6764     1.7314     0.1856     0.0696     0.0794     4.9255     0.0000      27632          5  0.000e+00
    180.314    179.236      98.53    16.0888    16.1479   4.426634   4.433918    35.1728    35.1853     2.5833     0.0390 4.0415e-04     0.5746     0.1035     0.0156    97.4464    99.6098     1.7319     4.6068     4.6777     1.7314     0.1856     0.0696     0.0794     4.9267     0.0000      27633          5  0.000e+00
    180.408    179.330      98.51    16.0807    16.1474   4.426379   4.433310    35.1777    35.1803     2.5833     0.0390 4.0775e-04     0.5746     0.1035     0.0167    97.4464    99.5838     1.7319     4.6068     4.6764     1.7314     0.1868     0.0696     0.0794     4.9255     0.0000      27634          5  0.000e+00
    180.314    179.236      98.51    16.0756    16.1452   4.426324   4.432820    35.1817    35.1779     2.5825     0.0390 4.0415e-04     0.5746     0.1035     0.0167    97.4464    99.5838     1.7319     4.6068     4.6764     1.7314     0.1856     0.0696     0.0794     4.9255     0.0000      27635          5  0.000e+00
    180.357    179.280      98.51    16.0727    16.1423   4.426414   4.432429    35.1851    35.1769     2.5821     0.0390 4.0415e-04     0.5746     0.1035     0.0167    97.4464    99.5838     1.7319     4.6068     4.6764     1.7314     0.1856     0.0696     0.0794     4.9255     0.0000      27636          5  0.000e+00
    180.357    179.280      98.53    16.0717    16.1395   4.426572   4.432184    35.1874    35.1772     2.5816     0.0390 4.0415e-04     0.5746     0.1045     0.0167    97.4205    99.5838     1.7319     4.6056     4.6764     1.7314     0.1856     0.0696     0.0794     4.9267     0.0000      27637          5  0.000e+00
    180.314    179.236      98.51    16.0734    16.1342   4.426902   4.431828    35.1888    35.1788     2.5809     0.0390 4.0415e-04     0.5746     0.1035     0.0167    97.4464    99.5838     1.7319     4.6068     4.6764     1.7314     0.1856     0.0696     0.0794     4.9255     0.0000      27638          5  0.000e+00
    180.357    179.280      98.51    16.0754    16.1283   4.427453   4.431157    35.1919    35.1781     2.5801     0.0390 4.0415e-04     0.5746     0.1045     0.0167    97.4205    99.5838     1.7319     4.6056     4.6764     1.7314     0.1856     0.0696     0.0794     4.9255     0.0000      27639          5  0.000e+00
    180.299    179.222      98.51    16.0801    16.1237   4.428142   4.430171    35.1939    35.1734     2.5792     0.0390 4.0415e-04     0.5746     0.1035     0.0167    97.4464    99.5838     1.7319     4.6068     4.6764     1.7314     0.1856     0.0696     0.0794     4.9255     0.0000      27640          5  0.000e+00
    180.314    179.236      98.51    16.0858    16.1179   4.428465   4.428976    35.1918    35.1679     2.5783     0.0390 4.0415e-04     0.5258     0.1035     0.0167    97.4464    99.5838     1.7319     4.6068     4.6764     1.7314     0.1856     0.0696     0.0781     4.9255     0.0000      27641          5  0.000e+00
    180.357    179.280      98.51    16.0892    16.1091   4.428651   4.428158    35.1904    35.1684     2.5779     0.0390 4.0775e-04     0.5746     0.1035     0.0177    97.4464    99.5578     1.7319     4.6068     4.6752     1.7314     0.1868     0.0696     0.0794     4.9255     0.0000      27642          5  0.000e+00
    180.314    179.236      98.51    16.0930    16.0994   4.428892   4.427795    35.1891    35.1737     2.5774     0.0390 4.0415e-04     0.5258     0.1035     0.0177    97.4464    99.5578     1.7319     4.6068     4.6752     1.7314     0.1856     0.0696     0.0781     4.9255     0.0000      27643          5  0.000e+00
    180.357    179.280      98.51    16.0974    16.0932   4.429243   4.427669    35.1884    35.1781     2.5769     0.0206 4.0415e-04     0.5258     0.1045     0.0177    97.4205    99.5578     1.7319     4.6056     4.6752     1.7314     0.1856     0.0684     0.0781     4.9255     0.0000      27644          5  0.000e+00
    180.248    179.171      98.53    16.1008    16.0901   4.429422   4.427704    35.1870    35.1812     2.5764     0.0206 4.0415e-04     0.5258     0.1045     0.0177    97.4205    99.5578     1.7319     4.6056     4.6752     1.7314     0.1856     0.0684     0.0781     4.9267     0.0000      27645          5  0.000e+00
    180.365    179.287      98.53    16.1023    16.0884   4.429532   4.428033    35.1866    35.1856     2.5761     0.0206 4.0415e-04     0.5746     0.1035     0.0177    97.4464    99.5578     1.7319     4.6068     4.6752     1.7314     0.1856     0.0684     0.0794     4.9267     0.0000      27646          5  0.000e+00
    180.299    179.222      98.51    16.1033    16.0885   4.429849   4.428816    35.1885    35.1924     2.5756     0.0206 4.0415e-04     0.5746     0.1045     0.0177    97.4205    99.5578     1.7319     4.6056     4.6752     1.7314     0.1856     0.0684     0.0794     4.9255     0.0000      27647          5  0.000e+00
    180.255    179.178      98.51    16.1057    16.0923   4.430138   4.429724    35.1890    35.1972     2.5751     0.0206 4.0415e-04     0.5258     0.1045     0.0177    97.4205    99.5578     1.7319     4.6056     4.6752     1.7314     0.1856     0.0684     0.0781     4.9255     0.0000      27648          5  0.000e+00
    180.357    179.280      98.51    16.1096    16.0998   4.430345   4.430633    35.1874    35.1986     2.5746     0.0206 4.0415e-04     0.5258     0.1035     0.0177    97.4464    99.5578     1.7319     4.6068     4.6752     1.7314     0.1856     0.0684     0.0781     4.9255     0.0000      27649          5  0.000e+00
    180.299    179.222      98.51    16.1104    16.1077   4.430159   4.431367    35.1850    35.1981     2.5741     0.0206 4.0415e-04     0.5746     0.1035     0.0177    97.4464    99.5578     1.7319     4.6068     4.6752     1.7314     0.1856     0.0684     0.0794     4.9255     0.0000      27650          5  0.000e+00
    180.255    179.178      98.51    16.1094    16.1138   4.429690   4.431737    35.1818    35.1961     2.5738     0.0206 4.0415e-04     0.5258     0.1045     0.0177    97.4205    99.5578     1.7319     4.6056     4.6752     1.7314     0.1856     0.0684     0.0781     4.9255     0.0000      27651          5  0.000e+00
    180.299    179.222      98.51    16.1077    16.1182   4.429277   4.432038    35.1795    35.1948     2.5739     0.0206 4.0415e-04     0.5258     0.1035     0.0177    97.4464    99.5578     1.7319     4.6068     4.6752     1.7314     0.1856     0.0684     0.0781     4.9255     0.0000      27652          5  0.000e+00
    180.248    179.171      98.51    16.1047    16.1213   4.428871   4.432212    35.1787    35.1937     2.5736     0.0206 4.0415e-04     0.5258     0.1035     0.0177    97.4464    99.5578     1.7319     4.6068     4.6752     1.7314     0.1856     0.0684     0.0781     4.9255     0.0000      27653          5  0.000e+00
    180.314    179.236      98.53    16.0995    16.1238   4.428348   4.432310    35.1786    35.1922     2.5735     0.0206 4.0415e-04     0.5258     0.1035     0.0177    97.4464    99.5578     1.7319     4.6068     4.6752     1.7314     0.1856     0.0684     0.0781     4.9267     0.0000      27654          5  0.000e+00
    180.299    179.222      98.51    16.0932    16.1257   4.427976   4.432324    35.1808    35.1907     2.5737     0.0206 4.0415e-04     0.5258     0.1035     0.0177    97.4464    99.5578     1.7319     4.6068     4.6752     1.7314     0.1856     0.0684     0.0781     4.9255     0.0000      27655          5  0.000e+00
    140.221    139.397      98.53    19.0902    19.0939   4.732741   4.733376    35.2253    35.2275     2.7886     0.0939 3.7175e-04     0.5746     0.1045     0.0177    97.4205    99.5578     1.9202     4.6056     4.6752     1.9194     0.1746     0.0733     0.0794     4.9267     0.0000      30367          6  0.000e+00
    140.185    139.360      98.51    19.0907    19.0934   4.732762   4.733470    35.2251    35.2287     2.7915     0.0939 3.7175e-04     0.5258     0.1045     0.0177    97.4205    99.5578     1.9215     4.6056     4.6752     1.9206     0.1746     0.0733     0.0781     4.9255     0.0000      30368          6  0.000e+00
    140.221    139.397      98.51    19.0904    19.0932   4.732769   4.733534    35.2254    35.2294     2.7893     0.0939 3.6815e-04     0.5746     0.1045     0.0177    97.4205    99.5578     1.9202     4.6056     4.6752     1.9194     0.1734     0.0733     0.0794     4.9255     0.0000      30369          6  0.000e+00
    140.126    139.302      98.51    19.0903    19.0934   4.732713   4.733506    35.2250    35.2290     2.7895     0.0939 3.7175e-04     0.5746     0.1045     0.0177    97.4205    99.5578     1.9202     4.6056     4.6752     1.9194     0.1746     0.0733     0.0794     4.9255     0.0000      30370          6  0.000e+00
    140.163    139.339      98.51    19.0903    19.0941   4.732720   4.733463    35.2250    35.2281     2.7897     0.0939 3.7175e-04     0.5258     0.1045     0.0177    97.4205    99.5578     1.9202     4.6056     4.6752     1.9194     0.1746     0.0733     0.0781     4.9255     0.0000      30371          6  0.000e+00
