content/post/ctd18/stn006.ros
* Sea-Bird SBE 9 Data File:
* FileName = C:\CTD Data\AGU032_IIOE2_June2018\stn006.hex
* Software Version Seasave V 7.22.5
* Temperature SN = 5966
* Conductivity SN = 4551
* Number of Bytes Per Scan = 40
* Number of Voltage Words = 5
* Number of Scans Averaged by the Deck Unit = 1
* NMEA Latitude = 06 08.13 S
* NMEA Longitude = 038 59.54 E
* NMEA UTC (Time) = Jun 19 2018 09:54:46
* NMEA baud rate = 4800
** Ship: Agulhas II
** Cruise: V032_IIOE2
** Ship Station: AM00887
** Grid number: A-6
** Latitude: 06 08.133 S
** Longitude: 38 59.549 E
** Bottom depth (m): 33.9m
** Operator: Gavin L.
# nquan = 29
# nvalues = 329                                   
# units = specified
# name 0 = prDM: Pressure, Digiquartz [db]
# name 1 = depSM: Depth [salt water, m]
# name 2 = altM: Altimeter [m]
# name 3 = t090C: Temperature [ITS-90, deg C]
# name 4 = t190C: Temperature, 2 [ITS-90, deg C]
# name 5 = c0S/m: Conductivity [S/m]
# name 6 = c1S/m: Conductivity, 2 [S/m]
# name 7 = sal00: Salinity, Practical [PSU]
# name 8 = sal11: Salinity, Practical, 2 [PSU]
# name 9 = sbeox0ML/L: Oxygen, SBE 43 [ml/l]
# name 10 = flECO-AFL: Fluorescence, WET Labs ECO-AFL/FL [mg/m^3]
# name 11 = turbWETbb0: Turbidity, WET Labs ECO BB [m^-1/sr]
# name 12 = turbWETntu0: Turbidity, WET Labs ECO [NTU]
# name 13 = CStarAt0: Beam Attenuation, WET Labs C-Star [1/m]
# name 14 = CStarAt1: Beam Attenuation, WET Labs C-Star, 2 [1/m]
# name 15 = CStarTr0: Beam Transmission, WET Labs C-Star [%]
# name 16 = CStarTr1: Beam Transmission, WET Labs C-Star, 2 [%]
# name 17 = sbeox0V: Oxygen raw, SBE 43 [V]
# name 18 = v0: Voltage 0
# name 19 = v1: Voltage 1
# name 20 = v2: Voltage 2
# name 21 = v3: Voltage 3
# name 22 = v4: Voltage 4
# name 23 = v5: Voltage 5
# name 24 = v6: Voltage 6
# name 25 = v7: Voltage 7
# name 26 = scan: Scan Count
# name 27 = nbf: Bottles Fired
# name 28 = flag:  0.000e+00
# interval = seconds: 0.0416667
# start_time = Jun 19 2018 09:54:46 [NMEA time, header]
# bad_flag = -9.990e-29
*END*
[from data line 101]
     20.233     20.119      11.97    27.3040    27.3033   5.545684   5.545900    34.9693    34.9714     3.9675     0.4602 9.1888e-04     0.6234     0.3768     0.2335    91.0098    94.3293     2.8413     4.3028     4.4298     2.8413     0.3602     0.0977     0.0806     0.5983     0.0000       3862          3  0.000e+00
     20.182     20.069      11.97    27.3039    27.3033   5.545676   5.545931    34.9693    34.9716     3.9678     0.4602 9.2248e-04     0.6234     0.3734     0.2335    91.0873    94.3293     2.8413     4.3065     4.4298     2.8413     0.3614     0.0977     0.0806     0.5983     0.0000       3863          3  0.000e+00
     20.233     20.119      11.97    27.3041    27.3033   5.545676   5.545877    34.9692    34.9712     3.9683     0.4602 9.1888e-04     0.6723     0.3711     0.2335    91.1390    94.3293     2.8413     4.3089     4.4298     2.8413     0.3602     0.0977     0.0818     0.5983     0.0000       3864          3  0.000e+00
     20.182     20.069      11.97    27.3041    27.3029   5.545676   5.545885    34.9692    34.9716     3.9685     0.4602 9.1888e-04     0.6234     0.3700     0.2335    91.1649    94.3293     2.8413     4.3101     4.4298     2.8413     0.3602     0.0977     0.0806     0.5983     0.0000       3865          3  0.000e+00
     20.233     20.119      11.97    27.3040    27.3033   5.545676   5.545900    34.9693    34.9714     3.9713     0.4602 9.1888e-04     0.6723     0.3711     0.2335    91.1390    94.3293     2.8425     4.3089     4.4298     2.8425     0.3602     0.0977     0.0818     0.5983     0.0000       3866          3  0.000e+00
     20.167     20.054      11.97    27.3041    27.3031   5.545676   5.545931    34.9692    34.9718     3.9695     0.4602 9.1888e-04     0.6234     0.3700     0.2324    91.1649    94.3553     2.8413     4.3101     4.4310     2.8413     0.3602     0.0977     0.0806     0.5983     0.0000       3867          3  0.000e+00
     20.233     20.119      11.97    27.3041    27.3034   5.545676   5.545908    34.9692    34.9713     3.9699     0.4602 9.1888e-04     0.6234     0.3700     0.2335    91.1649    94.3293     2.8413     4.3101     4.4298     2.8413     0.3602     0.0977     0.0806     0.5983     0.0000       3868          3  0.000e+00
     20.182     20.068      11.97    27.3040    27.3031   5.545706   5.545931    34.9695    34.9718     3.9725     0.4602 9.1888e-04     0.6723     0.3711     0.2335    91.1390    94.3293     2.8425     4.3089     4.4298     2.8425     0.3602     0.0977     0.0818     0.5983     0.0000       3869          3  0.000e+00
     20.233     20.119      11.97    27.3041    27.3033   5.545722   5.545908    34.9695    34.9715     3.9707     0.4602 9.2248e-04     0.6234     0.3700     0.2324    91.1649    94.3553     2.8413     4.3101     4.4310     2.8413     0.3614     0.0977     0.0806     0.5983     0.0000       3870          3  0.000e+00
     20.182     20.068      11.97    27.3039    27.3031   5.545653   5.545923    34.9692    34.9717     3.9732     0.4602 9.1888e-04     0.6234     0.3711     0.2335    91.1390    94.3293     2.8425     4.3089     4.4298     2.8425     0.3602     0.0977     0.0806     0.5983     0.0000       3871          3  0.000e+00
     20.218     20.105      11.97    27.3042    27.3033   5.545661   5.545939    34.9690    34.9717     3.9736     0.4602 9.1888e-04     0.6234     0.3711     0.2335    91.1390    94.3293     2.8425     4.3089     4.4298     2.8425     0.3602     0.0977     0.0806     0.5983     0.0000       3872          3  0.000e+00
     20.182     20.068      11.97    27.3041    27.3033   5.545646   5.545908    34.9690    34.9715     3.9716     0.4602 9.1888e-04     0.6723     0.3711     0.2335    91.1390    94.3293     2.8413     4.3089     4.4298     2.8413     0.3602     0.0977     0.0818     0.5983     0.0000       3873          3  0.000e+00
     20.232     20.119      11.97    27.3041    27.3033   5.545699   5.545931    34.9693    34.9716     3.9717     0.4602 9.1888e-04     0.6234     0.3711     0.2335    91.1390    94.3293     2.8413     4.3089     4.4298     2.8413     0.3602     0.0977     0.0806     0.5983     0.0000       3874          3  0.000e+00
     20.182     20.068      11.97    27.3040    27.3033   5.545691   5.545946    34.9694    34.9718     3.9718     0.4602 9.1888e-04     0.6234     0.3711     0.2335    91.1390    94.3293     2.8413     4.3089     4.4298     2.8413     0.3602     0.0977     0.0806     0.5983     0.0000       3875          3  0.000e+00
     20.181     20.068      11.97    27.3039    27.3033   5.545706   5.545946    34.9696    34.9718     3.9693     0.4602 9.1888e-04     0.6234     0.3700     0.2324    91.1649    94.3553     2.8401     4.3101     4.4310     2.8400     0.3602     0.0977     0.0806     0.5983     0.0000       3876          3  0.000e+00
     20.232     20.119      11.97    27.3041    27.3033   5.545684   5.545908    34.9692    34.9715     3.9691     0.4602 9.1888e-04     0.6234     0.3700     0.2269    91.1649    94.4854     2.8401     4.3101     4.4371     2.8400     0.3602     0.0977     0.0806     0.5983     0.0000       3877          3  0.000e+00
     20.167     20.054      11.97    27.3038    27.3031   5.545676   5.545931    34.9694    34.9718     3.9687     0.4602 9.1888e-04     0.6234     0.3711     0.2236    91.1390    94.5634     2.8401     4.3089     4.4408     2.8400     0.3602     0.0977     0.0806     0.5983     0.0000       3878          3  0.000e+00
     20.232     20.119      11.97    27.3043    27.3033   5.545676   5.545908    34.9691    34.9715     3.9682     0.4602 9.1888e-04     0.6723     0.3711     0.2236    91.1390    94.5634     2.8401     4.3089     4.4408     2.8400     0.3602     0.0977     0.0818     0.5983     0.0000       3879          3  0.000e+00
     20.232     20.119      11.97    27.3039    27.3031   5.545676   5.545900    34.9693    34.9715     3.9654     0.4602 9.2248e-04     0.6234     0.3700     0.2236    91.1649    94.5634     2.8389     4.3101     4.4408     2.8388     0.3614     0.0977     0.0806     0.5983     0.0000       3880          3  0.000e+00
     20.181     20.068      11.97    27.3040    27.3031   5.545676   5.545931    34.9693    34.9718     3.9649     0.4602 9.1888e-04     0.6723     0.3700     0.2247    91.1649    94.5374     2.8389     4.3101     4.4396     2.8388     0.3602     0.0977     0.0818     0.5983     0.0000       3881          3  0.000e+00
     20.181     20.068      11.94    27.3039    27.3033   5.545706   5.545969    34.9696    34.9719     3.9641     0.4602 9.1168e-04     0.7211     0.3711     0.2247    91.1390    94.5374     2.8389     4.3089     4.4396     2.8388     0.3578     0.0977     0.0830     0.5971     0.0000       3882          3  0.000e+00
     20.232     20.119      11.97    27.3041    27.3031   5.545691   5.545916    34.9693    34.9716     3.9633     0.4602 8.9008e-04     0.7211     0.3768     0.2247    91.0098    94.5374     2.8389     4.3028     4.4396     2.8388     0.3504     0.0977     0.0830     0.5983     0.0000       3883          3  0.000e+00
     20.218     20.105      11.97    27.3040    27.3033   5.545638   5.545900    34.9690    34.9714     3.9625     0.4602 8.7568e-04     0.6723     0.3825     0.2247    90.8805    94.5374     2.8389     4.2967     4.4396     2.8388     0.3455     0.0977     0.0818     0.5983     0.0000       3884          3  0.000e+00
     20.181     20.068      11.97    27.3041    27.3033   5.545669   5.545862    34.9691    34.9712     3.9618     0.4602 8.7208e-04     0.6723     0.3836     0.2247    90.8547    94.5374     2.8389     4.2955     4.4396     2.8388     0.3443     0.0977     0.0818     0.5983     0.0000       3885          3  0.000e+00
     20.181     20.068      11.97    27.3039    27.3033   5.545706   5.545954    34.9696    34.9718     3.9589     0.4602 8.7208e-04     0.6723     0.3836     0.2247    90.8547    94.5374     2.8376     4.2955     4.4396     2.8376     0.3443     0.0977     0.0818     0.5983     0.0000       3886          3  0.000e+00
     20.232     20.119      11.97    27.3040    27.3031   5.545684   5.545923    34.9693    34.9717     3.9603     0.4602 8.7568e-04     0.6723     0.3836     0.2247    90.8547    94.5374     2.8389     4.2955     4.4396     2.8388     0.3455     0.0977     0.0818     0.5983     0.0000       3887          3  0.000e+00
     20.181     20.068      11.97    27.3041    27.3033   5.545646   5.545900    34.9690    34.9714     3.9596     0.4602 8.7568e-04     0.6723     0.3836     0.2236    90.8547    94.5634     2.8389     4.2955     4.4408     2.8388     0.3455     0.0977     0.0818     0.5983     0.0000       3888          3  0.000e+00
     20.218     20.105      11.97    27.3041    27.3031   5.545661   5.545931    34.9691    34.9717     3.9590     0.4602 8.7568e-04     0.7211     0.3836     0.2247    90.8547    94.5374     2.8389     4.2955     4.4396     2.8388     0.3455     0.0977     0.0830     0.5983     0.0000       3889          3  0.000e+00
     20.232     20.119      11.97    27.3040    27.3033   5.545676   5.545908    34.9693    34.9715     3.9583     0.4602 8.7568e-04     0.6723     0.3836     0.2236    90.8547    94.5634     2.8389     4.2955     4.4408     2.8388     0.3455     0.0977     0.0818     0.5983     0.0000       3890          3  0.000e+00
     20.181     20.068      11.97    27.3039    27.3031   5.545676   5.545900    34.9693    34.9715     3.9575     0.4602 8.7568e-04     0.6723     0.3836     0.2247    90.8547    94.5374     2.8389     4.2955     4.4396     2.8388     0.3455     0.0977     0.0818     0.5983     0.0000       3891          3  0.000e+00
     20.181     20.068      11.97    27.3041    27.3033   5.545638   5.545954    34.9689    34.9718     3.9568     0.4602 8.7568e-04     0.6723     0.3836     0.2247    90.8547    94.5374     2.8389     4.2955     4.4396     2.8388     0.3455     0.0977     0.0818     0.5983     0.0000       3892          3  0.000e+00
     20.232     20.119      11.97    27.3038    27.3032   5.545631   5.545916    34.9691    34.9715     3.9562     0.4602 8.7568e-04     0.7211     0.3836     0.2247    90.8547    94.5374     2.8389     4.2955     4.4396     2.8388     0.3455     0.0977     0.0830     0.5983     0.0000       3893          3  0.000e+00
     20.232     20.119      11.97    27.3041    27.3033   5.545699   5.545931    34.9693    34.9716     3.9557     0.4602 8.7568e-04     0.7211     0.3836     0.2247    90.8547    94.5374     2.8389     4.2955     4.4396     2.8388     0.3455     0.0977     0.0830     0.5983     0.0000       3894          3  0.000e+00
     20.167     20.054      11.97    27.3039    27.3033   5.545691   5.545946    34.9694    34.9718     3.9574     0.4602 8.7568e-04     0.7211     0.3836     0.2247    90.8547    94.5374     2.8401     4.2955     4.4396     2.8400     0.3455     0.0977     0.0830     0.5983     0.0000       3895          3  0.000e+00
     20.232     20.119      11.97    27.3042    27.3031   5.545676   5.545908    34.9691    34.9716     3.9570     0.4602 8.7568e-04     0.6723     0.3836     0.2247    90.8547    94.5374     2.8401     4.2955     4.4396     2.8400     0.3455     0.0977     0.0818     0.5983     0.0000       3896          3  0.000e+00
     20.181     20.068      11.97    27.3041    27.3033   5.545676   5.545969    34.9692    34.9719     3.9566     0.4602 8.7568e-04     0.7211     0.3836     0.2247    90.8547    94.5374     2.8401     4.2955     4.4396     2.8400     0.3455     0.0977     0.0830     0.5983     0.0000       3897          3  0.000e+00
     20.181     20.068      11.97    27.3039    27.3033   5.545676   5.545923    34.9693    34.9716     3.9564     0.4602 8.7208e-04     0.6723     0.3836     0.2236    90.8547    94.5634     2.8401     4.2955     4.4408     2.8400     0.3443     0.0977     0.0818     0.5983     0.0000       3898          3  0.000e+00
     20.232     20.119      11.97    27.3040    27.3033   5.545676   5.545862    34.9693    34.9711     3.9585     0.4602 8.7208e-04     0.6723     0.3836     0.2236    90.8547    94.5634     2.8413     4.2955     4.4408     2.8413     0.3443     0.0977     0.0818     0.5983     0.0000       3899          3  0.000e+00
     20.218     20.104      11.97    27.3041    27.3031   5.545714   5.545923    34.9695    34.9717     3.9585     0.4602 8.7568e-04     0.6723     0.3836     0.2236    90.8547    94.5634     2.8413     4.2955     4.4408     2.8413     0.3455     0.0977     0.0818     0.5983     0.0000       3900          3  0.000e+00
     20.181     20.068      11.97    27.3041    27.3031   5.545684   5.545908    34.9693    34.9716     3.9584     0.4602 8.7568e-04     0.6723     0.3836     0.2236    90.8547    94.5634     2.8413     4.2955     4.4408     2.8413     0.3455     0.0977     0.0818     0.5983     0.0000       3901          3  0.000e+00
     20.181     20.068      11.97    27.3038    27.3031   5.545676   5.545931    34.9694    34.9718     3.9584     0.4602 8.7568e-04     0.6723     0.3836     0.2247    90.8547    94.5374     2.8413     4.2955     4.4396     2.8413     0.3455     0.0977     0.0818     0.5983     0.0000       3902          3  0.000e+00
     20.232     20.119      11.97    27.3043    27.3033   5.545676   5.545931    34.9691    34.9716     3.9586     0.4602 8.7568e-04     0.6723     0.3814     0.2236    90.9064    94.5634     2.8413     4.2979     4.4408     2.8413     0.3455     0.0977     0.0818     0.5983     0.0000       3903          3  0.000e+00
     20.181     20.068      11.97    27.3041    27.3033   5.545676   5.545908    34.9692    34.9715     3.9587     0.4602 8.7568e-04     0.7211     0.3768     0.2236    91.0098    94.5634     2.8413     4.3028     4.4408     2.8413     0.3455     0.0977     0.0830     0.5983     0.0000       3904          3  0.000e+00
     20.232     20.119      11.97    27.3040    27.3031   5.545676   5.545931    34.9693    34.9717     3.9589     0.4602 8.7928e-04     0.7211     0.3745     0.2236    91.0615    94.5634     2.8413     4.3053     4.4408     2.8413     0.3468     0.0977     0.0830     0.5983     0.0000       3905          3  0.000e+00
     20.218     20.104      11.97    27.3039    27.3033   5.545706   5.545946    34.9695    34.9717     3.9590     0.4785 8.7568e-04     0.7211     0.3745     0.2236    91.0615    94.5634     2.8413     4.3053     4.4408     2.8413     0.3455     0.0989     0.0830     0.5983     0.0000       3906          3  0.000e+00
     20.181     20.068      11.97    27.3043    27.3033   5.545684   5.545946    34.9691    34.9718     3.9591     0.4785 8.7568e-04     0.6723     0.3757     0.2236    91.0356    94.5634     2.8413     4.3040     4.4408     2.8413     0.3455     0.0989     0.0818     0.5983     0.0000       3907          3  0.000e+00
     20.216     20.103      11.97    27.3040    27.3031   5.545661   5.545923    34.9692    34.9717     3.9655     0.4785 8.5769e-04     0.6723     0.3768     0.2291    91.0098    94.4333     2.8389     4.3028     4.4347     2.8388     0.3394     0.0989     0.0818     0.5983     0.0000       4034          4  0.000e+00
     20.231     20.118      11.97    27.3041    27.3031   5.545676   5.545939    34.9692    34.9718     3.9658     0.4602 8.5769e-04     0.7211     0.3768     0.2291    91.0098    94.4333     2.8389     4.3028     4.4347     2.8388     0.3394     0.0977     0.0830     0.5983     0.0000       4035          4  0.000e+00
     20.180     20.067      11.97    27.3039    27.3033   5.545646   5.545946    34.9691    34.9718     3.9660     0.4602 8.5769e-04     0.6723     0.3768     0.2291    91.0098    94.4333     2.8389     4.3028     4.4347     2.8388     0.3394     0.0977     0.0818     0.5983     0.0000       4036          4  0.000e+00
