content/post/ctd18/stn008.cnv
* Sea-Bird SBE 9 Data File:
* FileName = C:\CTD Data\AGU032_IIOE2_June2018\stn008.hex
* Software Version Seasave V 7.22.5
* Temperature SN = 5966
* Conductivity SN = 4551
* Number of Bytes Per Scan = 40
* Number of Voltage Words = 5
* Number of Scans Averaged by the Deck Unit = 1
* NMEA Latitude = 06 29.37 S
* NMEA Longitude = 039 14.56 E
* NMEA UTC (Time) = Jun 19 2018 18:28:52
* NMEA baud rate = 4800
** Ship: Agulhas II
** Cruise: V032_IIOE2
** Ship Station: AM00889
** Grid number: A-8
** Latitude: 06 29.377 S
** Longitude: 039 14.567 E
** Bottom depth (m): 51.97m
** Operator: Florence and Bornwell
# nquan = 27
# nvalues = 13820                                 
# units = specified
# name 0 = prDM: Pressure, Digiquartz [db]
# name 1 = depSM: Depth [salt water, m]
# name 2 = altM: Altimeter [m]
# name 3 = t090C: Temperature [ITS-90, deg C]
# name 4 = t190C: Temperature, 2 [ITS-90, deg C]
# name 5 = c0S/m: Conductivity [S/m]
# name 6 = c1S/m: Conductivity, 2 [S/m]
# name 7 = sal00: Salinity, Practical [PSU]
# name 8 = sal11: Salinity, Practical, 2 [PSU]
# name 9 = sbeox0ML/L: Oxygen, SBE 43 [ml/l]
# name 10 = flECO-AFL: Fluorescence, WET Labs ECO-AFL/FL [mg/m^3]
# name 11 = turbWETbb0: Turbidity, WET Labs ECO BB [m^-1/sr]
# name 12 = turbWETntu0: Turbidity, WET Labs ECO [NTU]
# name 13 = CStarAt0: Beam Attenuation, WET Labs C-Star [1/m]
# name 14 = CStarAt1: Beam Attenuation, WET Labs C-Star, 2 [1/m]
# name 15 = CStarTr0: Beam Transmission, WET Labs C-Star [%]
# name 16 = CStarTr1: Beam Transmission, WET Labs C-Star, 2 [%]
# name 17 = sbeox0V: Oxygen raw, SBE 43 [V]
# name 18 = v0: Voltage 0
# name 19 = v1: Voltage 1
# name 20 = v2: Voltage 2
# name 21 = v3: Voltage 3
# name 22 = v4: Voltage 4
# name 23 = v5: Voltage 5
# name 24 = v6: Voltage 6
# name 25 = v7: Voltage 7
# name 26 = flag:  0.000e+00
# span 0 =     -0.973,     46.872                 
# span 1 =     -0.968,     46.606                 
# span 2 =       4.88,      50.53                 
# span 3 =    27.2441,    27.2649                 
# span 4 =    27.2459,    27.2640                 
# span 5 =   5.548224,   5.554940                 
# span 6 =   5.548842,   5.555202                 
# span 7 =    35.0290,    35.0569                 
# span 8 =    35.0204,    35.0592                 
# span 9 =     3.9331,     4.0280                 
# span 10 =     0.2587,     0.5701                
# span 11 = 4.1855e-04, 1.8907e-03                
# span 12 =     0.4769,     3.0654                
# span 13 =     0.1893,     0.2504                
# span 14 =     0.0905,     0.1484                
# span 15 =    93.9308,    95.3784                
# span 16 =    96.3583,    97.7629                
# span 17 =     2.8254,     2.8707                
# span 18 =     4.4408,     4.5092                
# span 19 =     4.5250,     4.5910                
# span 20 =     2.8254,     2.8706                
# span 21 =     0.1905,     0.6899                
# span 22 =     0.0842,     0.1050                
# span 23 =     0.0769,     0.1416                
# span 24 =     0.2442,     2.5263                
# span 25 =     0.0000,     0.0000                
# span 26 = 0.0000e+00, 0.0000e+00                
# interval = seconds: 0.0416667
# start_time = Jun 19 2018 18:28:52 [NMEA time, header]
# bad_flag = -9.990e-29
*END*
[from data line 8860]
     20.315     20.201      30.33    27.2607    27.2597   5.551626   5.551792    35.0440    35.0460     3.9960     0.3320 4.4374e-04     0.5746     0.1990     0.1001    95.1457    97.5288     2.8585     4.4982     4.5800     2.8584     0.1990     0.0891     0.0794     1.5165     0.0000  0.000e+00
     20.278     20.164      30.33    27.2609    27.2599   5.551626   5.551784    35.0439    35.0458     3.9907     0.3137 4.4734e-04     0.6234     0.1990     0.1001    95.1457    97.5288     2.8560     4.4982     4.5800     2.8559     0.2002     0.0879     0.0806     1.5165     0.0000  0.000e+00
     20.329     20.215      30.21    27.2607    27.2601   5.551580   5.551815    35.0437    35.0459     3.9916     0.3137 4.4734e-04     0.5746     0.1990     0.1001    95.1457    97.5288     2.8572     4.4982     4.5800     2.8571     0.2002     0.0879     0.0794     1.5104     0.0000  0.000e+00
     20.278     20.164      29.99    27.2608    27.2597   5.551474   5.551800    35.0429    35.0461     3.9902     0.3137 4.4734e-04     0.6234     0.1990     0.0990    95.1457    97.5548     2.8572     4.4982     4.5812     2.8571     0.2002     0.0879     0.0806     1.4994     0.0000  0.000e+00
     20.329     20.215      29.94    27.2609    27.2597   5.551444   5.551815    35.0426    35.0461     3.9823     0.3137 4.4734e-04     0.6234     0.1990     0.1001    95.1457    97.5288     2.8536     4.4982     4.5800     2.8535     0.2002     0.0879     0.0806     1.4969     0.0000  0.000e+00
     20.278     20.164      29.94    27.2608    27.2599   5.551565   5.551792    35.0435    35.0459     3.9829     0.3137 4.4374e-04     0.5746     0.2001     0.1001    95.1199    97.5288     2.8548     4.4969     4.5800     2.8547     0.1990     0.0879     0.0794     1.4969     0.0000  0.000e+00
     20.315     20.201      29.94    27.2609    27.2597   5.551588   5.551784    35.0436    35.0459     3.9839     0.3137 4.4734e-04     0.6234     0.1990     0.1001    95.1457    97.5288     2.8560     4.4982     4.5800     2.8559     0.2002     0.0879     0.0806     1.4969     0.0000  0.000e+00
     20.329     20.215      29.99    27.2608    27.2597   5.551648   5.551746    35.0441    35.0457     3.9805     0.3320 4.4734e-04     0.5746     0.1990     0.1001    95.1457    97.5288     2.8548     4.4982     4.5800     2.8547     0.2002     0.0891     0.0794     1.4994     0.0000  0.000e+00
     20.278     20.164      30.04    27.2609    27.2595   5.551633   5.551708    35.0440    35.0455     3.9791     0.3137 4.4734e-04     0.5746     0.1990     0.1001    95.1457    97.5288     2.8548     4.4982     4.5800     2.8547     0.2002     0.0879     0.0794     1.5018     0.0000  0.000e+00
     20.329     20.215      30.04    27.2608    27.2597   5.551580   5.551792    35.0436    35.0460     3.9781     0.3137 4.4734e-04     0.6234     0.1990     0.1001    95.1457    97.5288     2.8548     4.4982     4.5800     2.8547     0.2002     0.0879     0.0806     1.5018     0.0000  0.000e+00
     20.278     20.164      30.04    27.2609    27.2599   5.551610   5.551792    35.0438    35.0459     3.9772     0.3320 4.4734e-04     0.5746     0.1990     0.1001    95.1457    97.5288     2.8548     4.4982     4.5800     2.8547     0.2002     0.0891     0.0794     1.5018     0.0000  0.000e+00
     20.264     20.150      30.06    27.2608    27.2597   5.551626   5.551746    35.0440    35.0457     3.9760     0.3320 4.4734e-04     0.5746     0.1990     0.1001    95.1457    97.5288     2.8548     4.4982     4.5800     2.8547     0.2002     0.0891     0.0794     1.5031     0.0000  0.000e+00
     20.329     20.215      30.11    27.2607    27.2597   5.551588   5.551738    35.0437    35.0456     3.9725     0.3137 4.4734e-04     0.6234     0.1990     0.1001    95.1457    97.5288     2.8536     4.4982     4.5800     2.8535     0.2002     0.0879     0.0806     1.5055     0.0000  0.000e+00
     20.278     20.164      30.13    27.2608    27.2597   5.551603   5.551777    35.0438    35.0459     3.9715     0.3137 4.4734e-04     0.5746     0.1990     0.1001    95.1457    97.5288     2.8536     4.4982     4.5800     2.8535     0.2002     0.0879     0.0794     1.5067     0.0000  0.000e+00
     20.329     20.215      30.13    27.2609    27.2597   5.551618   5.551784    35.0438    35.0459     3.9704     0.3137 4.4374e-04     0.5746     0.1990     0.1001    95.1457    97.5288     2.8536     4.4982     4.5800     2.8535     0.1990     0.0879     0.0794     1.5067     0.0000  0.000e+00
     20.278     20.164      30.13    27.2608    27.2599   5.551626   5.551746    35.0440    35.0455     3.9695     0.3137 4.4014e-04     0.5746     0.1990     0.1001    95.1457    97.5288     2.8536     4.4982     4.5800     2.8535     0.1978     0.0879     0.0794     1.5067     0.0000  0.000e+00
     20.278     20.164      30.16    27.2609    27.2597   5.551648   5.551769    35.0441    35.0458     3.9687     0.3137 4.4014e-04     0.6234     0.1990     0.1001    95.1457    97.5288     2.8536     4.4982     4.5800     2.8535     0.1978     0.0879     0.0806     1.5079     0.0000  0.000e+00
     20.315     20.201      30.18    27.2609    27.2595   5.551663   5.551784    35.0441    35.0461     3.9701     0.3137 4.4014e-04     0.5746     0.1990     0.1001    95.1457    97.5288     2.8548     4.4982     4.5800     2.8547     0.1978     0.0879     0.0794     1.5092     0.0000  0.000e+00
     20.220     20.107      30.21    27.2609    27.2597   5.551633   5.551784    35.0440    35.0460     3.9673     0.3137 4.4014e-04     0.5746     0.2001     0.1001    95.1199    97.5288     2.8536     4.4969     4.5800     2.8535     0.1978     0.0879     0.0794     1.5104     0.0000  0.000e+00
     20.329     20.215      30.23    27.2608    27.2597   5.551626   5.551815    35.0440    35.0461     3.9689     0.3137 4.4014e-04     0.5746     0.2012     0.1001    95.0940    97.5288     2.8548     4.4957     4.5800     2.8547     0.1978     0.0879     0.0794     1.5116     0.0000  0.000e+00
     20.278     20.164      30.21    27.2609    27.2595   5.551648   5.551761    35.0441    35.0459     3.9686     0.3320 4.4014e-04     0.5746     0.2012     0.1022    95.0940    97.4768     2.8548     4.4957     4.5775     2.8547     0.1978     0.0891     0.0794     1.5104     0.0000  0.000e+00
     20.278     20.164      30.23    27.2608    27.2595   5.551595   5.551769    35.0438    35.0460     3.9684     0.3503 4.4014e-04     0.5746     0.2012     0.1054    95.0940    97.3987     2.8548     4.4957     4.5739     2.8547     0.1978     0.0904     0.0794     1.5116     0.0000  0.000e+00
     20.278     20.164      30.26    27.2609    27.2597   5.551610   5.551754    35.0438    35.0457     3.9682     0.3320 4.4014e-04     0.5746     0.2012     0.1054    95.0940    97.3987     2.8548     4.4957     4.5739     2.8547     0.1978     0.0891     0.0794     1.5128     0.0000  0.000e+00
     20.264     20.150      30.28    27.2608    27.2597   5.551588   5.551738    35.0437    35.0456     3.9660     0.3320 4.4374e-04     0.5746     0.2012     0.1065    95.0940    97.3727     2.8536     4.4957     4.5726     2.8535     0.1990     0.0891     0.0794     1.5140     0.0000  0.000e+00
     20.278     20.164      30.28    27.2609    27.2597   5.551633   5.551769    35.0440    35.0458     3.9682     0.3503 4.4014e-04     0.5746     0.2001     0.1054    95.1199    97.3987     2.8548     4.4969     4.5739     2.8547     0.1978     0.0904     0.0794     1.5140     0.0000  0.000e+00
     20.278     20.164      30.28    27.2609    27.2595   5.551663   5.551784    35.0441    35.0461     3.9684     0.3320 4.4014e-04     0.5746     0.2012     0.1054    95.0940    97.3987     2.8548     4.4957     4.5739     2.8547     0.1978     0.0891     0.0794     1.5140     0.0000  0.000e+00
     20.278     20.164      30.26    27.2609    27.2595   5.551633   5.551754    35.0440    35.0458     3.9687     0.3503 4.4014e-04     0.5746     0.2012     0.1065    95.0940    97.3727     2.8548     4.4957     4.5726     2.8547     0.1978     0.0904     0.0794     1.5128     0.0000  0.000e+00
     20.278     20.164      30.26    27.2609    27.2595   5.551610   5.551769    35.0438    35.0460     3.9690     0.3503 4.4014e-04     0.5746     0.2001     0.1054    95.1199    97.3987     2.8548     4.4969     4.5739     2.8547     0.1978     0.0904     0.0794     1.5128     0.0000  0.000e+00
     20.278     20.164      30.26    27.2609    27.2597   5.551618   5.551784    35.0439    35.0459     3.9693     0.3503 4.4014e-04     0.5746     0.2001     0.1054    95.1199    97.3987     2.8548     4.4969     4.5739     2.8547     0.1978     0.0904     0.0794     1.5128     0.0000  0.000e+00
     20.205     20.092      30.28    27.2609    27.2595   5.551656   5.551784    35.0441    35.0461     3.9699     0.3320 4.4014e-04     0.5746     0.2012     0.1054    95.0940    97.3987     2.8548     4.4957     4.5739     2.8547     0.1978     0.0891     0.0794     1.5140     0.0000  0.000e+00
     20.329     20.215      30.26    27.2611    27.2597   5.551633   5.551746    35.0438    35.0457     3.9707     0.3320 4.3654e-04     0.5746     0.2012     0.1054    95.0940    97.3987     2.8548     4.4957     4.5739     2.8547     0.1966     0.0891     0.0794     1.5128     0.0000  0.000e+00
     20.220     20.107      30.28    27.2609    27.2597   5.551648   5.551738    35.0441    35.0456     3.9712     0.3320 4.4014e-04     0.5746     0.2012     0.1065    95.0940    97.3727     2.8548     4.4957     4.5726     2.8547     0.1978     0.0891     0.0794     1.5140     0.0000  0.000e+00
     20.278     20.164      30.31    27.2609    27.2599   5.551633   5.551738    35.0439    35.0455     3.9718     0.3503 4.4014e-04     0.5746     0.2012     0.1054    95.0940    97.3987     2.8548     4.4957     4.5739     2.8547     0.1978     0.0904     0.0794     1.5153     0.0000  0.000e+00
     20.220     20.107      30.31    27.2612    27.2595   5.551656   5.551807    35.0439    35.0462     3.9703     0.3320 4.4014e-04     0.5746     0.2012     0.1065    95.0940    97.3727     2.8536     4.4957     4.5726     2.8535     0.1978     0.0891     0.0794     1.5153     0.0000  0.000e+00
     20.264     20.150      30.33    27.2611    27.2597   5.551603   5.551792    35.0436    35.0460     3.9731     0.3320 4.4014e-04     0.5746     0.2012     0.1054    95.0940    97.3987     2.8548     4.4957     4.5739     2.8547     0.1978     0.0891     0.0794     1.5165     0.0000  0.000e+00
     20.278     20.164      30.31    27.2611    27.2597   5.551565   5.551784    35.0433    35.0459     3.9716     0.3320 4.4014e-04     0.5746     0.2012     0.1054    95.0940    97.3987     2.8536     4.4957     4.5739     2.8535     0.1978     0.0891     0.0794     1.5153     0.0000  0.000e+00
     20.220     20.107      30.33    27.2609    27.2601   5.551641   5.551784    35.0440    35.0457     3.9744     0.3320 4.3654e-04     0.5746     0.2012     0.1054    95.0940    97.3987     2.8548     4.4957     4.5739     2.8547     0.1966     0.0891     0.0794     1.5165     0.0000  0.000e+00
     20.278     20.164      30.35    27.2611    27.2599   5.551633   5.551784    35.0438    35.0458     3.9751     0.3320 4.4014e-04     0.5746     0.2012     0.1054    95.0940    97.3987     2.8548     4.4957     4.5739     2.8547     0.1978     0.0891     0.0794     1.5177     0.0000  0.000e+00
     20.220     20.107      30.35    27.2608    27.2599   5.551648   5.551677    35.0442    35.0451     3.9735     0.3320 4.4014e-04     0.5746     0.1990     0.1065    95.1457    97.3727     2.8536     4.4982     4.5726     2.8535     0.1978     0.0891     0.0794     1.5177     0.0000  0.000e+00
     20.278     20.164      30.38    27.2611    27.2599   5.551633   5.551646    35.0438    35.0448     3.9741     0.3320 4.4014e-04     0.5746     0.1969     0.1054    95.1974    97.3987     2.8536     4.5006     4.5739     2.8535     0.1978     0.0891     0.0794     1.5189     0.0000  0.000e+00
     20.205     20.092      30.35    27.2609    27.2599   5.551625   5.551754    35.0439    35.0456     3.9746     0.3320 4.4014e-04     0.5746     0.1958     0.1044    95.2233    97.4248     2.8536     4.5018     4.5751     2.8535     0.1978     0.0891     0.0794     1.5177     0.0000  0.000e+00
     20.278     20.164      30.38    27.2609    27.2597   5.551626   5.551815    35.0439    35.0462     3.9753     0.3320 4.3654e-04     0.5746     0.1958     0.0958    95.2233    97.6328     2.8536     4.5018     4.5849     2.8535     0.1966     0.0891     0.0794     1.5189     0.0000  0.000e+00
     20.220     20.107      30.40    27.2611    27.2599   5.551610   5.551830    35.0436    35.0461     3.9737     0.3320 4.3654e-04     0.5746     0.1947     0.0916    95.2491    97.7369     2.8524     4.5031     4.5897     2.8523     0.1966     0.0891     0.0794     1.5201     0.0000  0.000e+00
     20.220     20.107      30.38    27.2609    27.2597   5.551618   5.551792    35.0439    35.0460     3.9763     0.3320 4.3654e-04     0.5746     0.1958     0.0916    95.2233    97.7369     2.8536     4.5018     4.5897     2.8535     0.1966     0.0891     0.0794     1.5189     0.0000  0.000e+00
     20.220     20.107      30.38    27.2609    27.2599   5.551694   5.551784    35.0444    35.0458     3.9746     0.3503 4.3654e-04     0.5746     0.1958     0.0916    95.2233    97.7369     2.8524     4.5018     4.5897     2.8523     0.1966     0.0904     0.0794     1.5189     0.0000  0.000e+00
     20.220     20.107      30.40    27.2611    27.2599   5.551648   5.551784    35.0440    35.0458     3.9773     0.3320 4.3654e-04     0.5746     0.1958     0.0916    95.2233    97.7369     2.8536     4.5018     4.5897     2.8535     0.1966     0.0891     0.0794     1.5201     0.0000  0.000e+00
     20.205     20.092      30.43    27.2609    27.2597   5.551678   5.551784    35.0443    35.0459     3.9778     0.3320 4.3654e-04     0.5746     0.1958     0.0916    95.2233    97.7369     2.8536     4.5018     4.5897     2.8535     0.1966     0.0891     0.0794     1.5214     0.0000  0.000e+00
     20.278     20.164      30.43    27.2611    27.2599   5.551641   5.551784    35.0439    35.0458     3.9781     0.3320 4.3654e-04     0.6234     0.1958     0.0916    95.2233    97.7369     2.8536     4.5018     4.5897     2.8535     0.1966     0.0891     0.0806     1.5214     0.0000  0.000e+00
     20.220     20.107      30.43    27.2611    27.2597   5.551625   5.551815    35.0437    35.0462     3.9788     0.3503 4.3654e-04     0.6234     0.1958     0.0916    95.2233    97.7369     2.8536     4.5018     4.5897     2.8535     0.1966     0.0904     0.0806     1.5214     0.0000  0.000e+00
     20.169     20.056      30.43    27.2611    27.2599   5.551648   5.551830    35.0440    35.0462     3.9793     0.3320 4.3294e-04     0.6234     0.1958     0.0916    95.2233    97.7369     2.8536     4.5018     4.5897     2.8535     0.1954     0.0891     0.0806     1.5214     0.0000  0.000e+00
     20.169     20.056      30.45    27.2611    27.2601   5.550808   5.551830    35.0379    35.0460     3.9774     0.3320 4.3654e-04     0.6234     0.1958     0.0916    95.2233    97.7369     2.8524     4.5018     4.5897     2.8523     0.1966     0.0891     0.0806     1.5226     0.0000  0.000e+00
     20.220     20.107      30.45    27.2611    27.2599   5.551315   5.551792    35.0416    35.0459     3.9798     0.3320 4.3654e-04     0.5746     0.1958     0.0916    95.2233    97.7369     2.8536     4.5018     4.5897     2.8535     0.1966     0.0891     0.0794     1.5226     0.0000  0.000e+00
