content/post/ctd18/stn006.ros
* Sea-Bird SBE 9 Data File:
* FileName = C:\CTD Data\AGU032_IIOE2_June2018\stn006.hex
* Software Version Seasave V 7.22.5
* Temperature SN = 5966
* Conductivity SN = 4551
* Number of Bytes Per Scan = 40
* Number of Voltage Words = 5
* Number of Scans Averaged by the Deck Unit = 1
* NMEA Latitude = 06 08.13 S
* NMEA Longitude = 038 59.54 E
* NMEA UTC (Time) = Jun 19 2018 09:54:46
* NMEA baud rate = 4800
** Ship: Agulhas II
** Cruise: V032_IIOE2
** Ship Station: AM00887
** Grid number: A-6
** Latitude: 06 08.133 S
** Longitude: 38 59.549 E
** Bottom depth (m): 33.9m
** Operator: Gavin L.
# nquan = 29
# nvalues = 329                                   
# units = specified
# name 0 = prDM: Pressure, Digiquartz [db]
# name 1 = depSM: Depth [salt water, m]
# name 2 = altM: Altimeter [m]
# name 3 = t090C: Temperature [ITS-90, deg C]
# name 4 = t190C: Temperature, 2 [ITS-90, deg C]
# name 5 = c0S/m: Conductivity [S/m]
# name 6 = c1S/m: Conductivity, 2 [S/m]
# name 7 = sal00: Salinity, Practical [PSU]
# name 8 = sal11: Salinity, Practical, 2 [PSU]
# name 9 = sbeox0ML/L: Oxygen, SBE 43 [ml/l]
# name 10 = flECO-AFL: Fluorescence, WET Labs ECO-AFL/FL [mg/m^3]
# name 11 = turbWETbb0: Turbidity, WET Labs ECO BB [m^-1/sr]
# name 12 = turbWETntu0: Turbidity, WET Labs ECO [NTU]
# name 13 = CStarAt0: Beam Attenuation, WET Labs C-Star [1/m]
# name 14 = CStarAt1: Beam Attenuation, WET Labs C-Star, 2 [1/m]
# name 15 = CStarTr0: Beam Transmission, WET Labs C-Star [%]
# name 16 = CStarTr1: Beam Transmission, WET Labs C-Star, 2 [%]
# name 17 = sbeox0V: Oxygen raw, SBE 43 [V]
# name 18 = v0: Voltage 0
# name 19 = v1: Voltage 1
# name 20 = v2: Voltage 2
# name 21 = v3: Voltage 3
# name 22 = v4: Voltage 4
# name 23 = v5: Voltage 5
# name 24 = v6: Voltage 6
# name 25 = v7: Voltage 7
# name 26 = scan: Scan Count
# name 27 = nbf: Bottles Fired
# name 28 = flag:  0.000e+00
# interval = seconds: 0.0416667
# start_time = Jun 19 2018 09:54:46 [NMEA time, header]
# bad_flag = -9.990e-29
*END*
[from data line 51]
     20.292     20.178      11.97    27.3041    27.3032   5.545676   5.546000    34.9692    34.9721     3.9567     0.4602 8.4689e-04     0.7211     0.3711     0.2269    91.1390    94.4854     2.8364     4.3089     4.4371     2.8364     0.3358     0.0977     0.0830     0.5983     0.0000       3668          2  0.000e+00
     20.234     20.121      11.97    27.3042    27.3035   5.545676   5.545992    34.9691    34.9719     3.9565     0.4602 8.4689e-04     0.7211     0.3711     0.2269    91.1390    94.4854     2.8364     4.3089     4.4371     2.8364     0.3358     0.0977     0.0830     0.5983     0.0000       3669          2  0.000e+00
     20.183     20.070      11.97    27.3041    27.3033   5.545706   5.545954    34.9694    34.9718     3.9563     0.4602 8.4689e-04     0.7700     0.3711     0.2269    91.1390    94.4854     2.8364     4.3089     4.4371     2.8364     0.3358     0.0977     0.0842     0.5983     0.0000       3670          2  0.000e+00
     20.234     20.121      11.97    27.3041    27.3035   5.545684   5.545946    34.9692    34.9716     3.9562     0.4602 8.5049e-04     0.7700     0.3711     0.2269    91.1390    94.4854     2.8364     4.3089     4.4371     2.8364     0.3370     0.0977     0.0842     0.5983     0.0000       3671          2  0.000e+00
     20.270     20.157      11.97    27.3042    27.3035   5.545676   5.545946    34.9691    34.9716     3.9560     0.4602 8.4689e-04     0.7700     0.3711     0.2269    91.1390    94.4854     2.8364     4.3089     4.4371     2.8364     0.3358     0.0977     0.0842     0.5983     0.0000       3672          2  0.000e+00
     20.234     20.121      11.97    27.3043    27.3033   5.545706   5.545946    34.9693    34.9717     3.9558     0.4785 8.4689e-04     0.7211     0.3711     0.2269    91.1390    94.4854     2.8364     4.3089     4.4371     2.8364     0.3358     0.0989     0.0830     0.5983     0.0000       3673          2  0.000e+00
     20.183     20.070      11.97    27.3041    27.3037   5.545722   5.545977    34.9695    34.9717     3.9556     0.4602 8.5409e-04     0.7211     0.3711     0.2280    91.1390    94.4594     2.8364     4.3089     4.4359     2.8364     0.3382     0.0977     0.0830     0.5983     0.0000       3674          2  0.000e+00
     20.234     20.121      11.97    27.3040    27.3033   5.545691   5.545954    34.9694    34.9718     3.9554     0.4602 8.7208e-04     0.7700     0.3711     0.2324    91.1390    94.3553     2.8364     4.3089     4.4310     2.8364     0.3443     0.0977     0.0842     0.5983     0.0000       3675          2  0.000e+00
     20.234     20.121      11.97    27.3041    27.3035   5.545706   5.545946    34.9694    34.9716     3.9552     0.4602 8.7568e-04     0.7211     0.3711     0.2335    91.1390    94.3293     2.8364     4.3089     4.4298     2.8364     0.3455     0.0977     0.0830     0.5983     0.0000       3676          2  0.000e+00
     20.219     20.106      11.97    27.3043    27.3033   5.545691   5.546000    34.9692    34.9721     3.9550     0.4968 8.7568e-04     0.7211     0.3711     0.2335    91.1390    94.3293     2.8364     4.3089     4.4298     2.8364     0.3455     0.1001     0.0830     0.5983     0.0000       3677          2  0.000e+00
     20.234     20.121      11.97    27.3042    27.3035   5.545676   5.546000    34.9691    34.9720     3.9548     0.4968 8.7928e-04     0.7211     0.3711     0.2335    91.1390    94.3293     2.8364     4.3089     4.4298     2.8364     0.3468     0.1001     0.0830     0.5983     0.0000       3678          2  0.000e+00
     20.234     20.121      11.97    27.3041    27.3033   5.545706   5.545954    34.9694    34.9718     3.9545     0.4968 8.7568e-04     0.7211     0.3711     0.2335    91.1390    94.3293     2.8364     4.3089     4.4298     2.8364     0.3455     0.1001     0.0830     0.5983     0.0000       3679          2  0.000e+00
     20.234     20.121      11.97    27.3041    27.3033   5.545653   5.545946    34.9690    34.9717     3.9543     0.4968 8.7568e-04     0.7211     0.3711     0.2335    91.1390    94.3293     2.8364     4.3089     4.4298     2.8364     0.3455     0.1001     0.0830     0.5983     0.0000       3680          2  0.000e+00
     20.234     20.121      11.97    27.3042    27.3033   5.545699   5.545946    34.9693    34.9717     3.9540     0.4968 8.7568e-04     0.7211     0.3711     0.2335    91.1390    94.3293     2.8364     4.3089     4.4298     2.8364     0.3455     0.1001     0.0830     0.5983     0.0000       3681          2  0.000e+00
     20.234     20.120      11.97    27.3041    27.3035   5.545722   5.545977    34.9695    34.9718     3.9538     0.4968 8.7568e-04     0.7700     0.3700     0.2335    91.1649    94.3293     2.8364     4.3101     4.4298     2.8364     0.3455     0.1001     0.0842     0.5983     0.0000       3682          2  0.000e+00
     20.219     20.106      11.97    27.3041    27.3035   5.545722   5.545954    34.9695    34.9717     3.9535     0.4968 8.7568e-04     0.7211     0.3700     0.2335    91.1649    94.3293     2.8364     4.3101     4.4298     2.8364     0.3455     0.1001     0.0830     0.5983     0.0000       3683          2  0.000e+00
     20.234     20.120      11.97    27.3043    27.3033   5.545722   5.545946    34.9694    34.9717     3.9532     0.4968 8.7568e-04     0.7211     0.3700     0.2335    91.1649    94.3293     2.8364     4.3101     4.4298     2.8364     0.3455     0.1001     0.0830     0.5983     0.0000       3684          2  0.000e+00
     20.234     20.120      11.97    27.3042    27.3033   5.545691   5.545977    34.9692    34.9720     3.9552     0.4968 8.7568e-04     0.7211     0.3700     0.2335    91.1649    94.3293     2.8376     4.3101     4.4298     2.8376     0.3455     0.1001     0.0830     0.5983     0.0000       3685          2  0.000e+00
     20.234     20.120      11.97    27.3039    27.3035   5.545706   5.545954    34.9695    34.9716     3.9529     0.4968 8.7568e-04     0.7211     0.3700     0.2335    91.1649    94.3293     2.8364     4.3101     4.4298     2.8364     0.3455     0.1001     0.0830     0.5983     0.0000       3686          2  0.000e+00
     20.234     20.120      11.97    27.3043    27.3033   5.545691   5.545931    34.9692    34.9716     3.9548     0.4968 8.7568e-04     0.7700     0.3700     0.2335    91.1649    94.3293     2.8376     4.3101     4.4298     2.8376     0.3455     0.1001     0.0842     0.5983     0.0000       3687          2  0.000e+00
     20.168     20.055      11.97    27.3040    27.3035   5.545676   5.545977    34.9693    34.9718     3.9549     0.4968 8.7568e-04     0.7700     0.3700     0.2335    91.1649    94.3293     2.8376     4.3101     4.4298     2.8376     0.3455     0.1001     0.0842     0.5983     0.0000       3688          2  0.000e+00
     20.292     20.178      11.97    27.3041    27.3033   5.545706   5.545992    34.9694    34.9720     3.9550     0.4968 8.7568e-04     0.7211     0.3700     0.2335    91.1649    94.3293     2.8376     4.3101     4.4298     2.8376     0.3455     0.1001     0.0830     0.5983     0.0000       3689          2  0.000e+00
     20.234     20.120      11.97    27.3043    27.3033   5.545691   5.545954    34.9692    34.9718     3.9548     0.4968 8.7568e-04     0.7211     0.3700     0.2335    91.1649    94.3293     2.8376     4.3101     4.4298     2.8376     0.3455     0.1001     0.0830     0.5983     0.0000       3690          2  0.000e+00
     20.183     20.070      11.97    27.3042    27.3035   5.545676   5.545908    34.9691    34.9713     3.9547     0.4968 8.7568e-04     0.7211     0.3711     0.2335    91.1390    94.3293     2.8376     4.3089     4.4298     2.8376     0.3455     0.1001     0.0830     0.5983     0.0000       3691          2  0.000e+00
     20.292     20.178      11.97    27.3041    27.3034   5.545714   5.545931    34.9694    34.9715     3.9548     0.5151 8.7568e-04     0.7211     0.3700     0.2335    91.1649    94.3293     2.8376     4.3101     4.4298     2.8376     0.3455     0.1013     0.0830     0.5983     0.0000       3692          2  0.000e+00
     20.183     20.070      11.97    27.3041    27.3033   5.545653   5.545977    34.9690    34.9720     3.9545     0.4968 8.7208e-04     0.7211     0.3700     0.2335    91.1649    94.3293     2.8376     4.3101     4.4298     2.8376     0.3443     0.1001     0.0830     0.5983     0.0000       3693          2  0.000e+00
     20.219     20.106      11.97    27.3042    27.3035   5.545661   5.545954    34.9690    34.9717     3.9546     0.4968 8.7568e-04     0.7211     0.3700     0.2335    91.1649    94.3293     2.8376     4.3101     4.4298     2.8376     0.3455     0.1001     0.0830     0.5983     0.0000       3694          2  0.000e+00
     20.234     20.120      11.97    27.3039    27.3033   5.545676   5.545977    34.9693    34.9720     3.9544     0.4968 8.7568e-04     0.7211     0.3700     0.2291    91.1649    94.4333     2.8376     4.3101     4.4347     2.8376     0.3455     0.1001     0.0830     0.5983     0.0000       3695          2  0.000e+00
     20.234     20.120      11.97    27.3041    27.3033   5.545706   5.545954    34.9694    34.9718     3.9544     0.4968 8.7208e-04     0.7211     0.3700     0.2269    91.1649    94.4854     2.8376     4.3101     4.4371     2.8376     0.3443     0.1001     0.0830     0.5983     0.0000       3696          2  0.000e+00
     20.234     20.120      11.97    27.3042    27.3033   5.545691   5.545977    34.9692    34.9720     3.9543     0.4968 8.7928e-04     0.7211     0.3700     0.2269    91.1649    94.4854     2.8376     4.3101     4.4371     2.8376     0.3468     0.1001     0.0830     0.5983     0.0000       3697          2  0.000e+00
     20.234     20.120      11.97    27.3039    27.3033   5.545676   5.545946    34.9693    34.9717     3.9543     0.4968 8.7568e-04     0.7211     0.3700     0.2269    91.1649    94.4854     2.8376     4.3101     4.4371     2.8376     0.3455     0.1001     0.0830     0.5983     0.0000       3698          2  0.000e+00
     20.234     20.120      11.97    27.3043    27.3033   5.545706   5.545977    34.9693    34.9720     3.9543     0.4968 8.7568e-04     0.7211     0.3700     0.2269    91.1649    94.4854     2.8376     4.3101     4.4371     2.8376     0.3455     0.1001     0.0830     0.5983     0.0000       3699          2  0.000e+00
     20.168     20.055      11.97    27.3040    27.3035   5.545722   5.545992    34.9696    34.9719     3.9542     0.4968 8.7208e-04     0.7700     0.3700     0.2269    91.1649    94.4854     2.8376     4.3101     4.4371     2.8376     0.3443     0.1001     0.0842     0.5983     0.0000       3700          2  0.000e+00
     20.234     20.120      11.97    27.3041    27.3035   5.545653   5.545954    34.9690    34.9716     3.9521     0.4968 8.5769e-04     0.7700     0.3723     0.2269    91.1132    94.4854     2.8364     4.3077     4.4371     2.8364     0.3394     0.1001     0.0842     0.5983     0.0000       3701          2  0.000e+00
     20.234     20.120      11.97    27.3043    27.3033   5.545669   5.545908    34.9690    34.9715     3.9521     0.4968 8.5049e-04     0.7211     0.3745     0.2269    91.0615    94.4854     2.8364     4.3053     4.4371     2.8364     0.3370     0.1001     0.0830     0.5983     0.0000       3702          2  0.000e+00
     20.234     20.120      11.97    27.3040    27.3035   5.545706   5.545969    34.9695    34.9718     3.9518     0.4785 8.5049e-04     0.7211     0.3757     0.2269    91.0356    94.4854     2.8364     4.3040     4.4371     2.8364     0.3370     0.0989     0.0830     0.5983     0.0000       3703          2  0.000e+00
     20.234     20.120      11.97    27.3041    27.3035   5.545684   5.545992    34.9692    34.9719     3.9518     0.4785 8.5409e-04     0.7211     0.3745     0.2269    91.0615    94.4854     2.8364     4.3053     4.4371     2.8364     0.3382     0.0989     0.0830     0.5983     0.0000       3704          2  0.000e+00
     20.219     20.106      11.97    27.3041    27.3033   5.545714   5.545992    34.9695    34.9721     3.9518     0.4785 8.5409e-04     0.7211     0.3757     0.2269    91.0356    94.4854     2.8364     4.3040     4.4371     2.8364     0.3382     0.0989     0.0830     0.5983     0.0000       3705          2  0.000e+00
     20.234     20.120      11.97    27.3042    27.3033   5.545722   5.545954    34.9694    34.9718     3.9518     0.4785 8.5409e-04     0.7211     0.3745     0.2269    91.0615    94.4854     2.8364     4.3053     4.4371     2.8364     0.3382     0.0989     0.0830     0.5983     0.0000       3706          2  0.000e+00
     20.183     20.070      11.97    27.3041    27.3033   5.545691   5.545946    34.9693    34.9717     3.9518     0.4785 8.5409e-04     0.6723     0.3745     0.2269    91.0615    94.4854     2.8364     4.3053     4.4371     2.8364     0.3382     0.0989     0.0818     0.5983     0.0000       3707          2  0.000e+00
     20.234     20.120      11.97    27.3043    27.3033   5.545676   5.545946    34.9691    34.9717     3.9518     0.4785 8.5409e-04     0.7211     0.3745     0.2269    91.0615    94.4854     2.8364     4.3053     4.4371     2.8364     0.3382     0.0989     0.0830     0.5983     0.0000       3708          2  0.000e+00
     20.234     20.120      11.97    27.3042    27.3035   5.545676   5.545969    34.9691    34.9718     3.9518     0.4785 8.5049e-04     0.6723     0.3745     0.2269    91.0615    94.4854     2.8364     4.3053     4.4371     2.8364     0.3370     0.0989     0.0818     0.5983     0.0000       3709          2  0.000e+00
     20.234     20.120      11.97    27.3041    27.3033   5.545676   5.545916    34.9692    34.9715     3.9518     0.4785 8.5409e-04     0.6723     0.3745     0.2269    91.0615    94.4854     2.8364     4.3053     4.4371     2.8364     0.3382     0.0989     0.0818     0.5983     0.0000       3710          2  0.000e+00
     20.168     20.055      11.97    27.3041    27.3035   5.545676   5.545969    34.9692    34.9718     3.9519     0.4968 8.5409e-04     0.7211     0.3745     0.2269    91.0615    94.4854     2.8364     4.3053     4.4371     2.8364     0.3382     0.1001     0.0830     0.5983     0.0000       3711          2  0.000e+00
     20.234     20.120      11.97    27.3042    27.3035   5.545714   5.545992    34.9694    34.9719     3.9519     0.4785 8.5049e-04     0.7211     0.3745     0.2269    91.0615    94.4854     2.8364     4.3053     4.4371     2.8364     0.3370     0.0989     0.0830     0.5983     0.0000       3712          2  0.000e+00
     20.234     20.120      11.97    27.3041    27.3033   5.545684   5.545954    34.9692    34.9718     3.9520     0.4785 8.5409e-04     0.6723     0.3745     0.2269    91.0615    94.4854     2.8364     4.3053     4.4371     2.8364     0.3382     0.0989     0.0818     0.5983     0.0000       3713          2  0.000e+00
     20.234     20.120      11.97    27.3041    27.3035   5.545706   5.545946    34.9694    34.9716     3.9543     0.4785 8.5409e-04     0.7211     0.3757     0.2269    91.0356    94.4854     2.8376     4.3040     4.4371     2.8376     0.3382     0.0989     0.0830     0.5983     0.0000       3714          2  0.000e+00
     20.182     20.069      11.97    27.3038    27.3033   5.545638   5.545908    34.9692    34.9715     3.9647     0.4602 9.1528e-04     0.6234     0.3768     0.2335    91.0098    94.3293     2.8401     4.3028     4.4298     2.8400     0.3590     0.0977     0.0806     0.5983     0.0000       3859          3  0.000e+00
     20.182     20.069      11.97    27.3041    27.3033   5.545669   5.545923    34.9691    34.9716     3.9649     0.4602 9.1888e-04     0.6234     0.3768     0.2335    91.0098    94.3293     2.8401     4.3028     4.4298     2.8400     0.3602     0.0977     0.0806     0.5983     0.0000       3860          3  0.000e+00
