content/post/ctd18/stn009.ros
* Sea-Bird SBE 9 Data File:
* FileName = C:\CTD Data\AGU032_IIOE2_June2018\stn009.hex
* Software Version Seasave V 7.22.5
* Temperature SN = 5966
* Conductivity SN = 4551
* Number of Bytes Per Scan = 40
* Number of Voltage Words = 5
* Number of Scans Averaged by the Deck Unit = 1
* NMEA Latitude = 06 40.31 S
* NMEA Longitude = 039 21.28 E
* NMEA UTC (Time) = Jun 19 2018 23:17:05
* NMEA baud rate = 4800
** Ship: Agulhas II
** Cruise: V032_IIOE2
** Ship Station: AM00890
** Grid number: A-9
** Latitude: 0640.313 S
** Longitude: 039 21.285E
** Bottom depth (m): 56m
** Operator: Edwin and Siajali
# nquan = 29
# nvalues = 539                                   
# units = specified
# name 0 = prDM: Pressure, Digiquartz [db]
# name 1 = depSM: Depth [salt water, m]
# name 2 = altM: Altimeter [m]
# name 3 = t090C: Temperature [ITS-90, deg C]
# name 4 = t190C: Temperature, 2 [ITS-90, deg C]
# name 5 = c0S/m: Conductivity [S/m]
# name 6 = c1S/m: Conductivity, 2 [S/m]
# name 7 = sal00: Salinity, Practical [PSU]
# name 8 = sal11: Salinity, Practical, 2 [PSU]
# name 9 = sbeox0ML/L: Oxygen, SBE 43 [ml/l]
# name 10 = flECO-AFL: Fluorescence, WET Labs ECO-AFL/FL [mg/m^3]
# name 11 = turbWETbb0: Turbidity, WET Labs ECO BB [m^-1/sr]
# name 12 = turbWETntu0: Turbidity, WET Labs ECO [NTU]
# name 13 = CStarAt0: Beam Attenuation, WET Labs C-Star [1/m]
# name 14 = CStarAt1: Beam Attenuation, WET Labs C-Star, 2 [1/m]
# name 15 = CStarTr0: Beam Transmission, WET Labs C-Star [%]
# name 16 = CStarTr1: Beam Transmission, WET Labs C-Star, 2 [%]
# name 17 = sbeox0V: Oxygen raw, SBE 43 [V]
# name 18 = v0: Voltage 0
# name 19 = v1: Voltage 1
# name 20 = v2: Voltage 2
# name 21 = v3: Voltage 3
# name 22 = v4: Voltage 4
# name 23 = v5: Voltage 5
# name 24 = v6: Voltage 6
# name 25 = v7: Voltage 7
# name 26 = scan: Scan Count
# name 27 = nbf: Bottles Fired
# name 28 = flag:  0.000e+00
# interval = seconds: 0.0416667
# start_time = Jun 19 2018 23:17:05 [NMEA time, header]
# bad_flag = -9.990e-29
*END*
[from data line 451]
      4.062      4.040      82.34    26.7240    26.7238   5.482246   5.482370    34.9577    34.9588     3.9766     0.5335 3.8975e-04     0.5746     0.1730     0.0767    95.7661    98.1011     2.8378     4.5275     4.6068     2.8376     0.1807     0.1026     0.0794     4.1172     0.0000      16177         10  0.000e+00
      4.041      4.018      82.34    26.7242    26.7236   5.482246   5.482454    34.9576    34.9595     3.9769     0.5335 3.9695e-04     0.5746     0.1730     0.0767    95.7661    98.1011     2.8378     4.5275     4.6068     2.8376     0.1832     0.1026     0.0794     4.1172     0.0000      16178         10  0.000e+00
      4.062      4.040      82.34    26.7242    26.7238   5.482216   5.482493    34.9574    34.9597     3.9772     0.5335 4.0055e-04     0.5746     0.1730     0.0777    95.7661    98.0751     2.8378     4.5275     4.6056     2.8376     0.1844     0.1026     0.0794     4.1172     0.0000      16179         10  0.000e+00
      4.092      4.069      82.34    26.7242    26.7240   5.482208   5.482432    34.9573    34.9591     3.9776     0.5335 3.9695e-04     0.5746     0.1730     0.0767    95.7661    98.1011     2.8378     4.5275     4.6068     2.8376     0.1832     0.1026     0.0794     4.1172     0.0000      16180         10  0.000e+00
      4.062      4.040      82.34    26.7243    26.7240   5.482231   5.482470    34.9574    34.9594     3.9779     0.5335 4.0055e-04     0.5746     0.1730     0.0767    95.7661    98.1011     2.8378     4.5275     4.6068     2.8376     0.1844     0.1026     0.0794     4.1172     0.0000      16181         10  0.000e+00
      4.041      4.018      82.34    26.7244    26.7241   5.482246   5.482493    34.9575    34.9594     3.9786     0.5335 3.9695e-04     0.5746     0.1730     0.0777    95.7661    98.0751     2.8378     4.5275     4.6056     2.8376     0.1832     0.1026     0.0794     4.1172     0.0000      16182         10  0.000e+00
      4.062      4.040      82.34    26.7244    26.7243   5.482216   5.482493    34.9573    34.9593     3.9792     0.5335 4.0055e-04     0.5746     0.1730     0.0767    95.7661    98.1011     2.8378     4.5275     4.6068     2.8376     0.1844     0.1026     0.0794     4.1172     0.0000      16183         10  0.000e+00
      4.092      4.069      82.32    26.7246    26.7241   5.482239   5.482432    34.9573    34.9590     3.9797     0.5335 4.0055e-04     0.5258     0.1730     0.0767    95.7661    98.1011     2.8378     4.5275     4.6068     2.8376     0.1844     0.1026     0.0781     4.1160     0.0000      16184         10  0.000e+00
      4.062      4.040      82.25    26.7244    26.7241   5.482148   5.482401    34.9568    34.9587     3.9803     0.5701 4.0055e-04     0.5258     0.1720     0.0767    95.7920    98.1011     2.8378     4.5287     4.6068     2.8376     0.1844     0.1050     0.0781     4.1123     0.0000      16185         10  0.000e+00
      4.041      4.018      82.22    26.7246    26.7240   5.482208   5.482432    34.9571    34.9591     3.9808     0.5701 4.0055e-04     0.5258     0.1730     0.0767    95.7661    98.1011     2.8378     4.5275     4.6068     2.8376     0.1844     0.1050     0.0781     4.1111     0.0000      16186         10  0.000e+00
      4.092      4.069      82.25    26.7243    26.7240   5.482216   5.482447    34.9573    34.9592     3.9837     0.5701 4.0415e-04     0.5258     0.1720     0.0767    95.7920    98.1011     2.8391     4.5287     4.6068     2.8388     0.1856     0.1050     0.0781     4.1123     0.0000      16187         10  0.000e+00
      4.062      4.040      82.25    26.7247    26.7240   5.482208   5.482424    34.9569    34.9591     3.9844     0.5701 4.0055e-04     0.5258     0.1730     0.0767    95.7661    98.1011     2.8391     4.5275     4.6068     2.8388     0.1844     0.1050     0.0781     4.1123     0.0000      16188         10  0.000e+00
      4.092      4.069      82.25    26.7246    26.7238   5.482239   5.482439    34.9573    34.9593     3.9850     0.5701 3.9695e-04     0.5258     0.1730     0.0767    95.7661    98.1011     2.8391     4.5275     4.6068     2.8388     0.1832     0.1050     0.0781     4.1123     0.0000      16189         10  0.000e+00
      4.062      4.040      82.25    26.7246    26.7236   5.482246   5.482447    34.9573    34.9595     3.9856     0.5701 4.0415e-04     0.5258     0.1720     0.0767    95.7920    98.1011     2.8391     4.5287     4.6068     2.8388     0.1856     0.1050     0.0781     4.1123     0.0000      16190         10  0.000e+00
      4.092      4.069      82.25    26.7247    26.7238   5.482246   5.482447    34.9572    34.9593     3.9862     0.5701 4.0055e-04     0.5258     0.1730     0.0767    95.7661    98.1011     2.8391     4.5275     4.6068     2.8388     0.1844     0.1050     0.0781     4.1123     0.0000      16191         10  0.000e+00
      4.121      4.098      82.25    26.7244    26.7238   5.482254   5.482424    34.9575    34.9592     3.9844     0.5701 4.0055e-04     0.5258     0.1741     0.0767    95.7403    98.1011     2.8378     4.5263     4.6068     2.8376     0.1844     0.1050     0.0781     4.1123     0.0000      16192         10  0.000e+00
      4.041      4.018      82.25    26.7247    26.7238   5.482186   5.482401    34.9568    34.9590     3.9868     0.5701 3.9695e-04     0.5258     0.1784     0.0777    95.6369    98.0751     2.8391     4.5214     4.6056     2.8388     0.1832     0.1050     0.0781     4.1123     0.0000      16193         10  0.000e+00
      4.121      4.098      82.42    26.7242    26.7238   5.482186   5.482401    34.9572    34.9590     3.9873     0.5701 4.0055e-04     0.5258     0.1795     0.0777    95.6110    98.0751     2.8391     4.5201     4.6056     2.8388     0.1844     0.1050     0.0781     4.1209     0.0000      16194         10  0.000e+00
      4.092      4.069      82.54    26.7244    26.7238   5.482171   5.482401    34.9569    34.9590     3.9853     0.5701 4.0055e-04     0.5258     0.1795     0.0767    95.6110    98.1011     2.8378     4.5201     4.6068     2.8376     0.1844     0.1050     0.0781     4.1270     0.0000      16195         10  0.000e+00
      4.062      4.040      82.54    26.7242    26.7234   5.482163   5.482409    34.9570    34.9593     3.9855     0.5701 4.0055e-04     0.5258     0.1795     0.0767    95.6110    98.1011     2.8378     4.5201     4.6068     2.8376     0.1844     0.1050     0.0781     4.1270     0.0000      16196         10  0.000e+00
      4.092      4.069      82.54    26.7240    26.7232   5.482193   5.482401    34.9573    34.9594     3.9858     0.5701 4.0415e-04     0.5258     0.1784     0.0777    95.6369    98.0751     2.8378     4.5214     4.6056     2.8376     0.1856     0.1050     0.0781     4.1270     0.0000      16197         10  0.000e+00
      4.092      4.069      82.54    26.7240    26.7234   5.482163   5.482401    34.9571    34.9593     3.9858     0.5701 4.0055e-04     0.5258     0.1795     0.0799    95.6110    98.0230     2.8378     4.5201     4.6032     2.8376     0.1844     0.1050     0.0781     4.1270     0.0000      16198         10  0.000e+00
      4.121      4.098      82.54    26.7240    26.7234   5.482156   5.482401    34.9571    34.9593     3.9858     0.5701 4.0055e-04     0.5258     0.1795     0.0809    95.6110    97.9970     2.8378     4.5201     4.6020     2.8376     0.1844     0.1050     0.0781     4.1270     0.0000      16199         10  0.000e+00
      4.092      4.069      82.54    26.7240    26.7234   5.482193   5.482409    34.9573    34.9593     3.9857     0.5701 4.0415e-04     0.5258     0.1784     0.0809    95.6369    97.9970     2.8378     4.5214     4.6020     2.8376     0.1856     0.1050     0.0781     4.1270     0.0000      16200         10  0.000e+00
      4.121      4.098      82.54    26.7238    26.7238   5.482141   5.482439    34.9571    34.9593     3.9858     0.5701 4.0055e-04     0.5258     0.1784     0.0820    95.6369    97.9710     2.8378     4.5214     4.6007     2.8376     0.1844     0.1050     0.0781     4.1270     0.0000      16201         10  0.000e+00
      4.092      4.069      82.54    26.7242    26.7236   5.482186   5.482477    34.9572    34.9597     3.9857     0.5701 4.0055e-04     0.5258     0.1795     0.0820    95.6110    97.9710     2.8378     4.5201     4.6007     2.8376     0.1844     0.1050     0.0781     4.1270     0.0000      16202         10  0.000e+00
      4.121      4.098      82.52    26.7238    26.7240   5.482163   5.482455    34.9573    34.9593     3.9857     0.5701 4.0055e-04     0.5258     0.1795     0.0809    95.6110    97.9970     2.8378     4.5201     4.6020     2.8376     0.1844     0.1050     0.0781     4.1258     0.0000      16203         10  0.000e+00
      4.092      4.069      82.47    26.7238    26.7240   5.482156   5.482454    34.9572    34.9593     3.9857     0.5701 4.0055e-04     0.5258     0.1784     0.0809    95.6369    97.9970     2.8378     4.5214     4.6020     2.8376     0.1844     0.1050     0.0781     4.1233     0.0000      16204         10  0.000e+00
      4.121      4.098      82.47    26.7240    26.7240   5.482163   5.482416    34.9571    34.9590     3.9880     0.5701 4.0055e-04     0.5258     0.1795     0.0809    95.6110    97.9970     2.8391     4.5201     4.6020     2.8388     0.1844     0.1050     0.0781     4.1233     0.0000      16205         10  0.000e+00
      4.092      4.069      82.47    26.7240    26.7238   5.482163   5.482363    34.9571    34.9587     3.9859     0.5701 4.0055e-04     0.5258     0.1795     0.0809    95.6110    97.9970     2.8378     4.5201     4.6020     2.8376     0.1844     0.1050     0.0781     4.1233     0.0000      16206         10  0.000e+00
      4.121      4.098      82.47    26.7238    26.7236   5.482186   5.482325    34.9574    34.9586     3.9859     0.5701 4.0415e-04     0.5258     0.1784     0.0809    95.6369    97.9970     2.8378     4.5214     4.6020     2.8376     0.1856     0.1050     0.0781     4.1233     0.0000      16207         10  0.000e+00
      4.092      4.069      82.47    26.7238    26.7232   5.482239   5.482317    34.9578    34.9588     3.9859     0.5701 4.0055e-04     0.5258     0.1795     0.0809    95.6110    97.9970     2.8378     4.5201     4.6020     2.8376     0.1844     0.1050     0.0781     4.1233     0.0000      16208         10  0.000e+00
      4.121      4.098      82.47    26.7240    26.7231   5.482186   5.482279    34.9573    34.9587     3.9858     0.5701 4.0055e-04     0.5258     0.1784     0.0809    95.6369    97.9970     2.8378     4.5214     4.6020     2.8376     0.1844     0.1050     0.0781     4.1233     0.0000      16209         10  0.000e+00
      4.142      4.119      82.47    26.7238    26.7227   5.482193   5.482302    34.9575    34.9591     3.9856     0.5518 4.0055e-04     0.5258     0.1784     0.0809    95.6369    97.9970     2.8378     4.5214     4.6020     2.8376     0.1844     0.1038     0.0781     4.1233     0.0000      16210         10  0.000e+00
      4.092      4.069      82.47    26.7240    26.7225   5.482231   5.482286    34.9576    34.9592     3.9856     0.5335 4.0055e-04     0.5746     0.1795     0.0820    95.6110    97.9710     2.8378     4.5201     4.6007     2.8376     0.1844     0.1026     0.0794     4.1233     0.0000      16211         10  0.000e+00
      4.121      4.098      82.47    26.7238    26.7223   5.482178   5.482233    34.9574    34.9589     3.9853     0.5151 4.0415e-04     0.5746     0.1784     0.0809    95.6369    97.9970     2.8378     4.5214     4.6020     2.8376     0.1856     0.1013     0.0794     4.1233     0.0000      16212         10  0.000e+00
      4.142      4.119      82.39    26.7238    26.7225   5.482163   5.482225    34.9573    34.9587     3.9851     0.5335 4.0415e-04     0.5746     0.1720     0.0809    95.7920    97.9970     2.8378     4.5287     4.6020     2.8376     0.1856     0.1026     0.0794     4.1197     0.0000      16213         10  0.000e+00
      4.121      4.098      82.32    26.7240    26.7223   5.482126   5.482187    34.9568    34.9586     3.9825     0.5335 4.0055e-04     0.5746     0.1698     0.0820    95.8437    97.9710     2.8366     4.5311     4.6007     2.8364     0.1844     0.1026     0.0794     4.1160     0.0000      16214         10  0.000e+00
      4.142      4.119      82.30    26.7238    26.7220   5.482118   5.482187    34.9569    34.9588     3.9821     0.5335 4.0055e-04     0.5746     0.1698     0.0809    95.8437    97.9970     2.8366     4.5311     4.6020     2.8364     0.1844     0.1026     0.0794     4.1148     0.0000      16215         10  0.000e+00
      4.142      4.119      98.51    26.7236    26.7229   5.482118   5.482355    34.9571    34.9593     3.9713     0.5151 4.0415e-04     0.5258     0.1730     0.0820    95.7661    97.9710     2.8342     4.5275     4.6007     2.8339     0.1856     0.1013     0.0781     4.9255     0.0000      16258         11  0.000e+00
      4.172      4.148      98.53    26.7236    26.7229   5.482141   5.482355    34.9572    34.9593     3.9712     0.5151 4.0415e-04     0.5258     0.1730     0.0820    95.7661    97.9710     2.8342     4.5275     4.6007     2.8339     0.1856     0.1013     0.0781     4.9267     0.0000      16259         11  0.000e+00
      4.201      4.177      98.51    26.7236    26.7231   5.482156   5.482325    34.9574    34.9590     3.9711     0.5151 4.0415e-04     0.5258     0.1730     0.0820    95.7661    97.9710     2.8342     4.5275     4.6007     2.8339     0.1856     0.1013     0.0781     4.9255     0.0000      16260         11  0.000e+00
      4.142      4.119      98.51    26.7235    26.7229   5.482126   5.482386    34.9573    34.9596     3.9710     0.5151 4.0415e-04     0.5258     0.1730     0.0820    95.7661    97.9710     2.8342     4.5275     4.6007     2.8339     0.1856     0.1013     0.0781     4.9255     0.0000      16261         11  0.000e+00
      4.230      4.206      98.53    26.7236    26.7231   5.482148   5.482371    34.9573    34.9593     3.9710     0.5335 4.0415e-04     0.5258     0.1730     0.0820    95.7661    97.9710     2.8342     4.5275     4.6007     2.8339     0.1856     0.1026     0.0781     4.9267     0.0000      16262         11  0.000e+00
      4.142      4.119      98.51    26.7235    26.7232   5.482186   5.482355    34.9577    34.9591     3.9707     0.5335 4.0415e-04     0.5258     0.1730     0.0820    95.7661    97.9710     2.8342     4.5275     4.6007     2.8339     0.1856     0.1026     0.0781     4.9255     0.0000      16263         11  0.000e+00
      4.121      4.098      98.51    26.7235    26.7230   5.482171   5.482355    34.9576    34.9592     3.9705     0.5335 4.0775e-04     0.5258     0.1730     0.0820    95.7661    97.9710     2.8342     4.5275     4.6007     2.8339     0.1868     0.1026     0.0781     4.9255     0.0000      16264         11  0.000e+00
      4.201      4.177      98.51    26.7236    26.7232   5.482163   5.482401    34.9574    34.9594     3.9703     0.5335 4.0415e-04     0.5258     0.1730     0.0820    95.7661    97.9710     2.8342     4.5275     4.6007     2.8339     0.1856     0.1026     0.0781     4.9255     0.0000      16265         11  0.000e+00
      4.172      4.148      98.51    26.7236    26.7232   5.482126   5.482370    34.9571    34.9592     3.9701     0.5335 4.0415e-04     0.5258     0.1730     0.0820    95.7661    97.9710     2.8342     4.5275     4.6007     2.8339     0.1856     0.1026     0.0781     4.9255     0.0000      16266         11  0.000e+00
      4.142      4.119      98.51    26.7236    26.7232   5.482148   5.482355    34.9573    34.9591     3.9676     0.5335 4.0775e-04     0.5258     0.1730     0.0820    95.7661    97.9710     2.8330     4.5275     4.6007     2.8327     0.1868     0.1026     0.0781     4.9255     0.0000      16267         11  0.000e+00
