content/post/ctd18/stn005.cnv
* Sea-Bird SBE 9 Data File:
* FileName = C:\CTD Data\AGU032_IIOE2_June2018\stn005.hex
* Software Version Seasave V 7.22.5
* Temperature SN = 5966
* Conductivity SN = 4551
* Number of Bytes Per Scan = 40
* Number of Voltage Words = 5
* Number of Scans Averaged by the Deck Unit = 1
* NMEA Latitude = 05 55.52 S
* NMEA Longitude = 039 04.22 E
* NMEA UTC (Time) = Jun 19 2018 05:32:23
* NMEA baud rate = 4800
** Ship: Agulhas II
** Cruise: V032_IIOE2
** Ship Station: AM00886
** Grid number: A-5
** Latitude: 05 54.980 S
** Longitude: 39 04.495 E
** Bottom depth (m): 51.06m
** Operator: Mbulelo and Siajali
# nquan = 27
# nvalues = 12458                                 
# units = specified
# name 0 = prDM: Pressure, Digiquartz [db]
# name 1 = depSM: Depth [salt water, m]
# name 2 = altM: Altimeter [m]
# name 3 = t090C: Temperature [ITS-90, deg C]
# name 4 = t190C: Temperature, 2 [ITS-90, deg C]
# name 5 = c0S/m: Conductivity [S/m]
# name 6 = c1S/m: Conductivity, 2 [S/m]
# name 7 = sal00: Salinity, Practical [PSU]
# name 8 = sal11: Salinity, Practical, 2 [PSU]
# name 9 = sbeox0ML/L: Oxygen, SBE 43 [ml/l]
# name 10 = flECO-AFL: Fluorescence, WET Labs ECO-AFL/FL [mg/m^3]
# name 11 = turbWETbb0: Turbidity, WET Labs ECO BB [m^-1/sr]
# name 12 = turbWETntu0: Turbidity, WET Labs ECO [NTU]
# name 13 = CStarAt0: Beam Attenuation, WET Labs C-Star [1/m]
# name 14 = CStarAt1: Beam Attenuation, WET Labs C-Star, 2 [1/m]
# name 15 = CStarTr0: Beam Transmission, WET Labs C-Star [%]
# name 16 = CStarTr1: Beam Transmission, WET Labs C-Star, 2 [%]
# name 17 = sbeox0V: Oxygen raw, SBE 43 [V]
# name 18 = v0: Voltage 0
# name 19 = v1: Voltage 1
# name 20 = v2: Voltage 2
# name 21 = v3: Voltage 3
# name 22 = v4: Voltage 4
# name 23 = v5: Voltage 5
# name 24 = v6: Voltage 6
# name 25 = v7: Voltage 7
# name 26 = flag:  0.000e+00
# span 0 =     -1.219,     44.307                 
# span 1 =     -1.212,     44.056                 
# span 2 =       5.76,     100.00                 
# span 3 =    25.5292,    27.2837                 
# span 4 =    25.8858,    27.2833                 
# span 5 =   0.484783,   5.553575                 
# span 6 =   0.165206,   5.553871                 
# span 7 =     2.4913,    35.0647                 
# span 8 =     0.8144,    35.0672                 
# span 9 =     2.5861,     4.6611                 
# span 10 =    -0.0709,     1.2661                
# span 11 = 4.9774e-04, 1.0418e-02                
# span 12 =     0.0862,    19.4269                
# span 13 =     0.2208,     1.2296                
# span 14 =    -0.1139,     1.4456                
# span 15 =    73.5353,    94.6287                
# span 16 =    69.6697,   102.8873                
# span 17 =     1.8267,     2.8144                
# span 18 =     3.4774,     4.4737                
# span 19 =     3.2723,     4.8315                
# span 20 =     1.8266,     2.8144                
# span 21 =     0.2173,     3.5824                
# span 22 =     0.0623,     0.1514                
# span 23 =     0.0672,     0.5507                
# span 24 =     0.2882,     5.0000                
# span 25 =     0.0000,     0.0000                
# span 26 = 0.0000e+00, 0.0000e+00                
# interval = seconds: 0.0416667
# start_time = Jun 19 2018 05:32:23 [NMEA time, header]
# bad_flag = -9.990e-29
*END*
[from data line 2148]
     23.778     23.644      25.84    27.2820    27.2807   5.553277   5.553530    35.0387    35.0415     3.9107     0.3869 5.7692e-04     0.5746     0.2252     0.1301    94.5253    96.8005     2.8034     4.4689     4.5458     2.8034     0.2442     0.0928     0.0794     1.2918     0.0000  0.000e+00
     23.836     23.702      25.81    27.2818    27.2806   5.553323   5.553484    35.0392    35.0413     3.9103     0.3869 5.7692e-04     0.5746     0.2252     0.1301    94.5253    96.8005     2.8034     4.4689     4.5458     2.8034     0.2442     0.0928     0.0794     1.2906     0.0000  0.000e+00
     23.770     23.637      25.74    27.2820    27.2803   5.553315   5.553476    35.0390    35.0414     3.9097     0.3869 5.7692e-04     0.5746     0.2252     0.1301    94.5253    96.8005     2.8034     4.4689     4.5458     2.8034     0.2442     0.0928     0.0794     1.2869     0.0000  0.000e+00
     23.887     23.753      25.71    27.2818    27.2804   5.553338   5.553507    35.0393    35.0415     3.9093     0.3686 5.7692e-04     0.5746     0.2252     0.1301    94.5253    96.8005     2.8034     4.4689     4.5458     2.8034     0.2442     0.0916     0.0794     1.2857     0.0000  0.000e+00
     23.887     23.753      25.71    27.2819    27.2804   5.553277   5.553522    35.0388    35.0416     3.9087     0.3686 5.7692e-04     0.6234     0.2252     0.1301    94.5253    96.8005     2.8034     4.4689     4.5458     2.8034     0.2442     0.0916     0.0806     1.2857     0.0000  0.000e+00
     23.887     23.753      25.71    27.2815    27.2802   5.553255   5.553522    35.0389    35.0418     3.9081     0.3869 5.7692e-04     0.5746     0.2252     0.1301    94.5253    96.8005     2.8034     4.4689     4.5458     2.8034     0.2442     0.0928     0.0794     1.2857     0.0000  0.000e+00
     23.945     23.811      25.74    27.2815    27.2802   5.553224   5.553522    35.0387    35.0418     3.9052     0.3686 5.7692e-04     0.5746     0.2241     0.1301    94.5512    96.8005     2.8022     4.4701     4.5458     2.8022     0.2442     0.0916     0.0794     1.2869     0.0000  0.000e+00
     23.945     23.811      25.71    27.2813    27.2800   5.553217   5.553453    35.0388    35.0414     3.9043     0.3869 5.7692e-04     0.5746     0.2252     0.1301    94.5253    96.8005     2.8022     4.4689     4.5458     2.8022     0.2442     0.0928     0.0794     1.2857     0.0000  0.000e+00
     23.996     23.861      25.74    27.2813    27.2802   5.553240   5.553499    35.0389    35.0416     3.9034     0.3686 5.7692e-04     0.6234     0.2252     0.1301    94.5253    96.8005     2.8022     4.4689     4.5458     2.8022     0.2442     0.0916     0.0806     1.2869     0.0000  0.000e+00
     23.996     23.861      25.74    27.2813    27.2804   5.553255   5.553553    35.0390    35.0418     3.9025     0.3869 5.8052e-04     0.6234     0.2252     0.1301    94.5253    96.8005     2.8022     4.4689     4.5458     2.8022     0.2454     0.0928     0.0806     1.2869     0.0000  0.000e+00
     23.996     23.861      25.74    27.2813    27.2806   5.553293   5.553530    35.0393    35.0415     3.9017     0.3686 5.8052e-04     0.6234     0.2285     0.1258    94.4478    96.9045     2.8022     4.4652     4.5507     2.8022     0.2454     0.0916     0.0806     1.2869     0.0000  0.000e+00
     24.105     23.970      25.64    27.2813    27.2806   5.553308   5.553553    35.0394    35.0417     3.9009     0.3686 5.7692e-04     0.6234     0.2318     0.1236    94.3702    96.9565     2.8022     4.4615     4.5531     2.8022     0.2442     0.0916     0.0806     1.2821     0.0000  0.000e+00
     24.040     23.905      25.59    27.2813    27.2806   5.553300   5.553530    35.0393    35.0415     3.9001     0.3869 5.7692e-04     0.5746     0.2329     0.1236    94.3444    96.9565     2.8022     4.4603     4.5531     2.8022     0.2442     0.0928     0.0794     1.2796     0.0000  0.000e+00
     24.156     24.021      25.59    27.2815    27.2807   5.553368   5.553553    35.0396    35.0415     3.8970     0.3869 5.7692e-04     0.5746     0.2329     0.1236    94.3444    96.9565     2.8010     4.4603     4.5531     2.8010     0.2442     0.0928     0.0794     1.2796     0.0000  0.000e+00
     24.105     23.970      25.59    27.2817    27.2811   5.553361   5.553530    35.0395    35.0411     3.8958     0.3686 5.7692e-04     0.5746     0.2329     0.1236    94.3444    96.9565     2.8010     4.4603     4.5531     2.8010     0.2442     0.0916     0.0794     1.2796     0.0000  0.000e+00
     24.156     24.021      25.57    27.2818    27.2809   5.553353   5.553592    35.0393    35.0416     3.8950     0.3686 5.7692e-04     0.6234     0.2329     0.1236    94.3444    96.9565     2.8010     4.4603     4.5531     2.8010     0.2442     0.0916     0.0806     1.2784     0.0000  0.000e+00
     24.214     24.079      25.47    27.2822    27.2811   5.553353   5.553615    35.0390    35.0416     3.8941     0.3869 5.7692e-04     0.6234     0.2329     0.1236    94.3444    96.9565     2.8010     4.4603     4.5531     2.8010     0.2442     0.0928     0.0806     1.2735     0.0000  0.000e+00
     24.214     24.079      25.45    27.2822    27.2809   5.553376   5.553545    35.0391    35.0413     3.8955     0.3869 5.7692e-04     0.5746     0.2318     0.1236    94.3702    96.9565     2.8022     4.4615     4.5531     2.8022     0.2442     0.0928     0.0794     1.2723     0.0000  0.000e+00
     24.214     24.079      25.42    27.2822    27.2809   5.553429   5.553553    35.0395    35.0414     3.8949     0.3869 5.7692e-04     0.5746     0.2318     0.1236    94.3702    96.9565     2.8022     4.4615     4.5531     2.8022     0.2442     0.0928     0.0794     1.2711     0.0000  0.000e+00
     24.265     24.129      25.42    27.2822    27.2809   5.553376   5.553530    35.0391    35.0412     3.8945     0.3686 5.8052e-04     0.5746     0.2318     0.1236    94.3702    96.9565     2.8022     4.4615     4.5531     2.8022     0.2454     0.0916     0.0794     1.2711     0.0000  0.000e+00
     24.265     24.129      25.40    27.2824    27.2806   5.553384   5.553553    35.0390    35.0416     3.8940     0.3869 5.7692e-04     0.5746     0.2318     0.1236    94.3702    96.9565     2.8022     4.4615     4.5531     2.8022     0.2442     0.0928     0.0794     1.2698     0.0000  0.000e+00
     24.316     24.180      25.32    27.2822    27.2806   5.553353   5.553569    35.0389    35.0417     3.8935     0.3686 5.7692e-04     0.5746     0.2318     0.1236    94.3702    96.9565     2.8022     4.4615     4.5531     2.8022     0.2442     0.0916     0.0794     1.2662     0.0000  0.000e+00
     24.316     24.180      25.32    27.2822    27.2807   5.553346   5.553569    35.0389    35.0416     3.8932     0.3869 5.7692e-04     0.5746     0.2329     0.1236    94.3444    96.9565     2.8022     4.4603     4.5531     2.8022     0.2442     0.0928     0.0794     1.2662     0.0000  0.000e+00
     24.360     24.223      25.30    27.2822    27.2807   5.553353   5.553569    35.0389    35.0416     3.8929     0.3869 5.7692e-04     0.6234     0.2329     0.1236    94.3444    96.9565     2.8022     4.4603     4.5531     2.8022     0.2442     0.0928     0.0806     1.2650     0.0000  0.000e+00
     24.375     24.238      25.32    27.2820    27.2809   5.553353   5.553599    35.0391    35.0416     3.8926     0.3686 6.1652e-04     0.5746     0.2329     0.1236    94.3444    96.9565     2.8022     4.4603     4.5531     2.8022     0.2576     0.0916     0.0794     1.2662     0.0000  0.000e+00
     24.426     24.289      25.27    27.2819    27.2811   5.553278   5.553576    35.0386    35.0413     3.8946     0.3869 6.7411e-04     0.5746     0.2329     0.1236    94.3444    96.9565     2.8034     4.4603     4.5531     2.8034     0.2772     0.0928     0.0794     1.2637     0.0000  0.000e+00
     24.426     24.289      25.20    27.2819    27.2813   5.553323   5.553599    35.0390    35.0413     3.8947     0.3869 6.9211e-04     0.5746     0.2318     0.1236    94.3702    96.9565     2.8034     4.4615     4.5531     2.8034     0.2833     0.0928     0.0794     1.2601     0.0000  0.000e+00
     24.484     24.347      25.20    27.2818    27.2815   5.553353   5.553615    35.0392    35.0413     3.8948     0.3686 6.9211e-04     0.5746     0.2329     0.1236    94.3444    96.9565     2.8034     4.4603     4.5531     2.8034     0.2833     0.0916     0.0794     1.2601     0.0000  0.000e+00
     24.484     24.347      25.20    27.2817    27.2815   5.553316   5.553615    35.0390    35.0413     3.8949     0.3869 6.8851e-04     0.6234     0.2329     0.1236    94.3444    96.9565     2.8034     4.4603     4.5531     2.8034     0.2821     0.0928     0.0806     1.2601     0.0000  0.000e+00
     24.535     24.397      25.20    27.2820    27.2815   5.553331   5.553576    35.0389    35.0410     3.8950     0.3869 6.8851e-04     0.6234     0.2318     0.1236    94.3702    96.9565     2.8034     4.4615     4.5531     2.8034     0.2821     0.0928     0.0806     1.2601     0.0000  0.000e+00
     24.535     24.397      25.13    27.2817    27.2815   5.553346   5.553569    35.0392    35.0410     3.8951     0.3686 6.8851e-04     0.6234     0.2329     0.1269    94.3444    96.8785     2.8034     4.4603     4.5495     2.8034     0.2821     0.0916     0.0806     1.2564     0.0000  0.000e+00
     24.593     24.455      25.05    27.2817    27.2813   5.553353   5.553569    35.0393    35.0411     3.8975     0.3686 6.8851e-04     0.6234     0.2329     0.1279    94.3444    96.8525     2.8046     4.4603     4.5482     2.8046     0.2821     0.0916     0.0806     1.2527     0.0000  0.000e+00
     24.593     24.455      25.05    27.2818    27.2811   5.553316   5.553569    35.0389    35.0412     3.8979     0.3686 6.9211e-04     0.6234     0.2318     0.1290    94.3702    96.8265     2.8046     4.4615     4.5470     2.8046     0.2833     0.0916     0.0806     1.2527     0.0000  0.000e+00
     24.593     24.455      25.03    27.2819    27.2809   5.553338   5.553569    35.0390    35.0413     3.8981     0.3686 6.8851e-04     0.5746     0.2329     0.1290    94.3444    96.8265     2.8046     4.4603     4.5470     2.8046     0.2821     0.0916     0.0794     1.2515     0.0000  0.000e+00
     24.644     24.506      25.05    27.2817    27.2811   5.553346   5.553569    35.0392    35.0412     3.8985     0.3686 6.8851e-04     0.5746     0.2329     0.1290    94.3444    96.8265     2.8046     4.4603     4.5470     2.8046     0.2821     0.0916     0.0794     1.2527     0.0000  0.000e+00
     24.688     24.549      24.98    27.2817    27.2813   5.553316   5.553599    35.0390    35.0413     3.8988     0.3869 6.8491e-04     0.5746     0.2329     0.1279    94.3444    96.8525     2.8046     4.4603     4.5482     2.8046     0.2808     0.0928     0.0794     1.2491     0.0000  0.000e+00
     24.695     24.557      24.93    27.2817    27.2811   5.553376   5.553646    35.0394    35.0417     3.8990     0.3686 6.8851e-04     0.6234     0.2318     0.1290    94.3702    96.8265     2.8046     4.4615     4.5470     2.8046     0.2821     0.0916     0.0806     1.2466     0.0000  0.000e+00
     24.695     24.557      24.93    27.2819    27.2815   5.553331   5.553692    35.0389    35.0418     3.8995     0.3686 6.8491e-04     0.5746     0.2329     0.1290    94.3444    96.8265     2.8046     4.4603     4.5470     2.8046     0.2808     0.0916     0.0794     1.2466     0.0000  0.000e+00
     24.753     24.614      24.93    27.2817    27.2814   5.553301   5.553669    35.0388    35.0416     3.9000     0.3869 6.8851e-04     0.6234     0.2318     0.1290    94.3702    96.8265     2.8046     4.4615     4.5470     2.8046     0.2821     0.0928     0.0806     1.2466     0.0000  0.000e+00
     24.804     24.665      24.93    27.2817    27.2817   5.553338   5.553661    35.0391    35.0414     3.9005     0.3869 6.8851e-04     0.5746     0.2318     0.1290    94.3702    96.8265     2.8046     4.4615     4.5470     2.8046     0.2821     0.0928     0.0794     1.2466     0.0000  0.000e+00
     24.753     24.614      24.86    27.2817    27.2817   5.553316   5.553623    35.0389    35.0411     3.9010     0.3686 6.8491e-04     0.5746     0.2329     0.1290    94.3444    96.8265     2.8046     4.4603     4.5470     2.8046     0.2808     0.0916     0.0794     1.2430     0.0000  0.000e+00
     24.804     24.665      24.81    27.2817    27.2815   5.553338   5.553646    35.0391    35.0414     3.9015     0.3869 6.8491e-04     0.6234     0.2329     0.1290    94.3444    96.8265     2.8046     4.4603     4.5470     2.8046     0.2808     0.0928     0.0806     1.2405     0.0000  0.000e+00
     24.863     24.723      24.81    27.2817    27.2817   5.553308   5.553623    35.0389    35.0411     3.9020     0.3686 6.8851e-04     0.6234     0.2329     0.1290    94.3444    96.8265     2.8046     4.4603     4.5470     2.8046     0.2821     0.0916     0.0806     1.2405     0.0000  0.000e+00
     24.863     24.723      24.81    27.2817    27.2815   5.553301   5.553646    35.0388    35.0414     3.9025     0.3686 6.8851e-04     0.6234     0.2329     0.1290    94.3444    96.8265     2.8046     4.4603     4.5470     2.8046     0.2821     0.0916     0.0806     1.2405     0.0000  0.000e+00
     24.863     24.723      24.79    27.2819    27.2817   5.553270   5.553661    35.0384    35.0414     3.9029     0.3869 6.8851e-04     0.5746     0.2318     0.1290    94.3702    96.8265     2.8046     4.4615     4.5470     2.8046     0.2821     0.0928     0.0794     1.2393     0.0000  0.000e+00
     24.964     24.824      24.71    27.2820    27.2817   5.553263   5.553661    35.0382    35.0414     3.9035     0.3686 6.8851e-04     0.5746     0.2329     0.1290    94.3444    96.8265     2.8046     4.4603     4.5470     2.8046     0.2821     0.0916     0.0794     1.2357     0.0000  0.000e+00
     24.913     24.774      24.69    27.2820    27.2817   5.553354   5.553661    35.0389    35.0414     3.9016     0.3686 6.8851e-04     0.5746     0.2329     0.1290    94.3444    96.8265     2.8034     4.4603     4.5470     2.8034     0.2821     0.0916     0.0794     1.2344     0.0000  0.000e+00
     24.964     24.824      24.69    27.2822    27.2815   5.553429   5.553661    35.0393    35.0415     3.9040     0.3869 6.8851e-04     0.6234     0.2318     0.1290    94.3702    96.8265     2.8046     4.4615     4.5470     2.8046     0.2821     0.0928     0.0806     1.2344     0.0000  0.000e+00
     24.957     24.817      24.69    27.2822    27.2818   5.553407   5.553661    35.0391    35.0412     3.9044     0.3869 6.8851e-04     0.5746     0.2318     0.1290    94.3702    96.8265     2.8046     4.4615     4.5470     2.8046     0.2821     0.0928     0.0794     1.2344     0.0000  0.000e+00
     25.023     24.882      24.64    27.2826    27.2817   5.553399   5.553661    35.0388    35.0413     3.9047     0.3869 6.8851e-04     0.5746     0.2329     0.1290    94.3444    96.8265     2.8046     4.4603     4.5470     2.8046     0.2821     0.0928     0.0794     1.2320     0.0000  0.000e+00
     25.023     24.882      24.59    27.2822    27.2817   5.553429   5.553661    35.0392    35.0413     3.9027     0.3686 6.4891e-04     0.6234     0.2318     0.1258    94.3702    96.9045     2.8034     4.4615     4.5507     2.8034     0.2686     0.0916     0.0806     1.2295     0.0000  0.000e+00
     25.074     24.933      24.57    27.2824    27.2817   5.553399   5.553692    35.0389    35.0415     3.9028     0.3686 5.9132e-04     0.6234     0.2285     0.1226    94.4478    96.9825     2.8034     4.4652     4.5543     2.8034     0.2491     0.0916     0.0806     1.2283     0.0000  0.000e+00
     25.023     24.882      24.57    27.2820    27.2820   5.553361   5.553707    35.0389    35.0414     3.9051     0.3869 5.7332e-04     0.6234     0.2274     0.1215    94.4736    97.0086     2.8046     4.4664     4.5556     2.8046     0.2430     0.0928     0.0806     1.2283     0.0000  0.000e+00
