content/post/ctd18/stn005.ros
* Sea-Bird SBE 9 Data File:
* FileName = C:\CTD Data\AGU032_IIOE2_June2018\stn005.hex
* Software Version Seasave V 7.22.5
* Temperature SN = 5966
* Conductivity SN = 4551
* Number of Bytes Per Scan = 40
* Number of Voltage Words = 5
* Number of Scans Averaged by the Deck Unit = 1
* NMEA Latitude = 05 55.52 S
* NMEA Longitude = 039 04.22 E
* NMEA UTC (Time) = Jun 19 2018 05:32:23
* NMEA baud rate = 4800
** Ship: Agulhas II
** Cruise: V032_IIOE2
** Ship Station: AM00886
** Grid number: A-5
** Latitude: 05 54.980 S
** Longitude: 39 04.495 E
** Bottom depth (m): 51.06m
** Operator: Mbulelo and Siajali
# nquan = 29
# nvalues = 490                                   
# units = specified
# name 0 = prDM: Pressure, Digiquartz [db]
# name 1 = depSM: Depth [salt water, m]
# name 2 = altM: Altimeter [m]
# name 3 = t090C: Temperature [ITS-90, deg C]
# name 4 = t190C: Temperature, 2 [ITS-90, deg C]
# name 5 = c0S/m: Conductivity [S/m]
# name 6 = c1S/m: Conductivity, 2 [S/m]
# name 7 = sal00: Salinity, Practical [PSU]
# name 8 = sal11: Salinity, Practical, 2 [PSU]
# name 9 = sbeox0ML/L: Oxygen, SBE 43 [ml/l]
# name 10 = flECO-AFL: Fluorescence, WET Labs ECO-AFL/FL [mg/m^3]
# name 11 = turbWETbb0: Turbidity, WET Labs ECO BB [m^-1/sr]
# name 12 = turbWETntu0: Turbidity, WET Labs ECO [NTU]
# name 13 = CStarAt0: Beam Attenuation, WET Labs C-Star [1/m]
# name 14 = CStarAt1: Beam Attenuation, WET Labs C-Star, 2 [1/m]
# name 15 = CStarTr0: Beam Transmission, WET Labs C-Star [%]
# name 16 = CStarTr1: Beam Transmission, WET Labs C-Star, 2 [%]
# name 17 = sbeox0V: Oxygen raw, SBE 43 [V]
# name 18 = v0: Voltage 0
# name 19 = v1: Voltage 1
# name 20 = v2: Voltage 2
# name 21 = v3: Voltage 3
# name 22 = v4: Voltage 4
# name 23 = v5: Voltage 5
# name 24 = v6: Voltage 6
# name 25 = v7: Voltage 7
# name 26 = scan: Scan Count
# name 27 = nbf: Bottles Fired
# name 28 = flag:  0.000e+00
# interval = seconds: 0.0416667
# start_time = Jun 19 2018 05:32:23 [NMEA time, header]
# bad_flag = -9.990e-29
*END*
[from data line 201]
     19.011     18.904      29.99    27.2760    27.2766   5.552760   5.553043    35.0410    35.0426     3.8801     0.4419 6.1652e-04     0.6723     0.2373     0.1301    94.2410    96.8005     2.7974     4.4554     4.5458     2.7973     0.2576     0.0965     0.0818     1.4994     0.0000       8655          5  0.000e+00
     19.011     18.904      30.01    27.2766    27.2766   5.552783   5.553059    35.0407    35.0427     3.8824     0.4419 6.2012e-04     0.6234     0.2373     0.1301    94.2410    96.8005     2.7986     4.4554     4.5458     2.7985     0.2589     0.0965     0.0806     1.5006     0.0000       8656          5  0.000e+00
     18.989     18.883      30.04    27.2766    27.2770   5.552768   5.553059    35.0406    35.0424     3.8824     0.4419 6.2372e-04     0.6723     0.2373     0.1301    94.2410    96.8005     2.7986     4.4554     4.5458     2.7985     0.2601     0.0965     0.0818     1.5018     0.0000       8657          5  0.000e+00
     19.011     18.904      30.01    27.2770    27.2770   5.552790   5.553059    35.0405    35.0424     3.8824     0.4419 6.2372e-04     0.6723     0.2373     0.1301    94.2410    96.8005     2.7986     4.4554     4.5458     2.7985     0.2601     0.0965     0.0818     1.5006     0.0000       8658          5  0.000e+00
     19.011     18.904      30.04    27.2773    27.2768   5.552836   5.553089    35.0406    35.0428     3.8824     0.4419 6.2012e-04     0.6723     0.2373     0.1301    94.2410    96.8005     2.7986     4.4554     4.5458     2.7985     0.2589     0.0965     0.0818     1.5018     0.0000       8659          5  0.000e+00
     19.011     18.904      30.01    27.2775    27.2772   5.552843   5.553105    35.0404    35.0425     3.8824     0.4419 6.2012e-04     0.6234     0.2373     0.1301    94.2410    96.8005     2.7986     4.4554     4.5458     2.7985     0.2589     0.0965     0.0806     1.5006     0.0000       8660          5  0.000e+00
     19.011     18.904      30.04    27.2777    27.2775   5.552843   5.553066    35.0403    35.0421     3.8848     0.4236 6.2012e-04     0.6723     0.2373     0.1301    94.2410    96.8005     2.7999     4.4554     4.5458     2.7998     0.2589     0.0952     0.0818     1.5018     0.0000       8661          5  0.000e+00
     18.989     18.883      30.04    27.2780    27.2775   5.552851   5.553128    35.0401    35.0425     3.8850     0.4419 6.2372e-04     0.6723     0.2373     0.1301    94.2410    96.8005     2.7999     4.4554     4.5458     2.7998     0.2601     0.0965     0.0818     1.5018     0.0000       8662          5  0.000e+00
     19.011     18.904      30.06    27.2784    27.2777   5.552851   5.553082    35.0398    35.0420     3.8853     0.4236 6.2012e-04     0.6723     0.2373     0.1301    94.2410    96.8005     2.7999     4.4554     4.5458     2.7998     0.2589     0.0952     0.0818     1.5031     0.0000       8663          5  0.000e+00
     19.011     18.904      30.04    27.2784    27.2777   5.552874   5.553097    35.0400    35.0421     3.8855     0.4236 6.2012e-04     0.6723     0.2373     0.1333    94.2410    96.7224     2.7999     4.4554     4.5421     2.7998     0.2589     0.0952     0.0818     1.5018     0.0000       8664          5  0.000e+00
     19.011     18.904      30.04    27.2788    27.2777   5.552858   5.553105    35.0396    35.0422     3.8858     0.4236 6.2372e-04     0.6723     0.2373     0.1398    94.2410    96.5663     2.7999     4.4554     4.5348     2.7998     0.2601     0.0952     0.0818     1.5018     0.0000       8665          5  0.000e+00
     19.011     18.904      30.06    27.2789    27.2780   5.552851   5.553105    35.0394    35.0419     3.8860     0.4236 6.2012e-04     0.6723     0.2373     0.1408    94.2410    96.5403     2.7999     4.4554     4.5336     2.7998     0.2589     0.0952     0.0818     1.5031     0.0000       8666          5  0.000e+00
     18.989     18.883      30.04    27.2792    27.2780   5.552881   5.553136    35.0395    35.0422     3.8865     0.4236 6.2012e-04     0.6723     0.2395     0.1408    94.1893    96.5403     2.7999     4.4530     4.5336     2.7998     0.2589     0.0952     0.0818     1.5018     0.0000       8667          5  0.000e+00
     19.011     18.904      30.04    27.2791    27.2782   5.552919   5.553082    35.0398    35.0416     3.8870     0.4419 6.2012e-04     0.6723     0.2406     0.1408    94.1634    96.5403     2.7999     4.4518     4.5336     2.7998     0.2589     0.0965     0.0818     1.5018     0.0000       8668          5  0.000e+00
     19.062     18.955      30.06    27.2793    27.2782   5.552904   5.553128    35.0395    35.0419     3.8852     0.4236 6.2012e-04     0.6723     0.2406     0.1408    94.1634    96.5403     2.7986     4.4518     4.5336     2.7985     0.2589     0.0952     0.0818     1.5031     0.0000       8669          5  0.000e+00
     18.953     18.847      30.04    27.2793    27.2784   5.552927   5.553151    35.0397    35.0420     3.8854     0.4236 6.2012e-04     0.6723     0.2406     0.1408    94.1634    96.5403     2.7986     4.4518     4.5336     2.7985     0.2589     0.0952     0.0818     1.5018     0.0000       8670          5  0.000e+00
     19.047     18.941      30.01    27.2793    27.2787   5.552874   5.553182    35.0393    35.0419     3.8858     0.4419 6.2012e-04     0.6723     0.2406     0.1408    94.1634    96.5403     2.7986     4.4518     4.5336     2.7985     0.2589     0.0965     0.0818     1.5006     0.0000       8671          5  0.000e+00
     18.953     18.847      30.01    27.2797    27.2786   5.552911   5.553166    35.0393    35.0420     3.8861     0.4236 6.2372e-04     0.6234     0.2406     0.1408    94.1634    96.5403     2.7986     4.4518     4.5336     2.7985     0.2601     0.0952     0.0806     1.5006     0.0000       8672          5  0.000e+00
     19.062     18.955      30.01    27.2796    27.2787   5.552934   5.553182    35.0395    35.0419     3.8842     0.4419 6.2012e-04     0.6723     0.2406     0.1408    94.1634    96.5403     2.7974     4.4518     4.5336     2.7973     0.2589     0.0965     0.0818     1.5006     0.0000       8673          5  0.000e+00
     19.011     18.904      30.01    27.2799    27.2787   5.552904   5.553197    35.0391    35.0420     3.8844     0.4419 6.2012e-04     0.6234     0.2406     0.1408    94.1634    96.5403     2.7974     4.4518     4.5336     2.7973     0.2589     0.0965     0.0806     1.5006     0.0000       8674          5  0.000e+00
     19.011     18.904      30.01    27.2798    27.2788   5.552964   5.553159    35.0396    35.0417     3.8846     0.4419 6.2012e-04     0.6723     0.2406     0.1408    94.1634    96.5403     2.7974     4.4518     4.5336     2.7973     0.2589     0.0965     0.0818     1.5006     0.0000       8675          5  0.000e+00
     18.989     18.883      29.99    27.2799    27.2787   5.552980   5.553151    35.0396    35.0417     3.8848     0.4419 6.2012e-04     0.6723     0.2406     0.1408    94.1634    96.5403     2.7974     4.4518     4.5336     2.7973     0.2589     0.0965     0.0818     1.4994     0.0000       8676          5  0.000e+00
     19.011     18.904      29.99    27.2797    27.2787   5.552949   5.553182    35.0396    35.0419     3.8850     0.4602 6.2012e-04     0.6723     0.2406     0.1408    94.1634    96.5403     2.7974     4.4518     4.5336     2.7973     0.2589     0.0977     0.0818     1.4994     0.0000       8677          5  0.000e+00
     19.011     18.904      29.99    27.2800    27.2789   5.552904   5.553197    35.0390    35.0419     3.8851     0.4602 6.2012e-04     0.6234     0.2406     0.1408    94.1634    96.5403     2.7974     4.4518     4.5336     2.7973     0.2589     0.0977     0.0806     1.4994     0.0000       8678          5  0.000e+00
     19.011     18.904      30.01    27.2799    27.2789   5.552927   5.553228    35.0393    35.0421     3.8852     0.4602 6.1652e-04     0.6234     0.2406     0.1408    94.1634    96.5403     2.7974     4.4518     4.5336     2.7973     0.2576     0.0977     0.0806     1.5006     0.0000       8679          5  0.000e+00
     19.011     18.904      29.99    27.2798    27.2787   5.552964   5.553174    35.0396    35.0419     3.8853     0.4602 6.3452e-04     0.6234     0.2406     0.1408    94.1634    96.5403     2.7974     4.4518     4.5336     2.7973     0.2637     0.0977     0.0806     1.4994     0.0000       8680          5  0.000e+00
     18.989     18.883      29.99    27.2799    27.2789   5.552949   5.553151    35.0394    35.0416     3.8854     0.4602 6.8851e-04     0.6234     0.2406     0.1408    94.1634    96.5403     2.7974     4.4518     4.5336     2.7973     0.2821     0.0977     0.0806     1.4994     0.0000       8681          5  0.000e+00
     19.011     18.904      29.99    27.2800    27.2787   5.552972   5.553182    35.0395    35.0419     3.8853     0.4602 7.1011e-04     0.6723     0.2395     0.1408    94.1893    96.5403     2.7974     4.4530     4.5336     2.7973     0.2894     0.0977     0.0818     1.4994     0.0000       8682          5  0.000e+00
     19.062     18.955      29.99    27.2801    27.2787   5.552919   5.553159    35.0391    35.0418     3.8852     0.4602 7.0651e-04     0.6234     0.2406     0.1408    94.1634    96.5403     2.7974     4.4518     4.5336     2.7973     0.2882     0.0977     0.0806     1.4994     0.0000       8683          5  0.000e+00
     19.011     18.904      30.01    27.2801    27.2789   5.552957   5.553182    35.0393    35.0418     3.8829     0.4602 7.0651e-04     0.6234     0.2406     0.1419    94.1634    96.5143     2.7962     4.4518     4.5324     2.7961     0.2882     0.0977     0.0806     1.5006     0.0000       8684          5  0.000e+00
     19.011     18.904      30.01    27.2800    27.2789   5.552911   5.553197    35.0390    35.0419     3.8826     0.4419 7.0291e-04     0.6234     0.2406     0.1462    94.1634    96.4103     2.7962     4.4518     4.5275     2.7961     0.2869     0.0965     0.0806     1.5006     0.0000       8685          5  0.000e+00
     18.989     18.883      29.99    27.2799    27.2791   5.552927   5.553197    35.0393    35.0418     3.8824     0.4602 7.0291e-04     0.6234     0.2406     0.1473    94.1634    96.3843     2.7962     4.4518     4.5263     2.7961     0.2869     0.0977     0.0806     1.4994     0.0000       8686          5  0.000e+00
     19.062     18.955      29.99    27.2800    27.2787   5.552942   5.553197    35.0392    35.0420     3.8822     0.4602 7.0651e-04     0.6234     0.2438     0.1473    94.0859    96.3843     2.7962     4.4481     4.5263     2.7961     0.2882     0.0977     0.0806     1.4994     0.0000       8687          5  0.000e+00
     18.953     18.847      29.99    27.2799    27.2789   5.552972   5.553197    35.0396    35.0419     3.8819     0.4602 7.0291e-04     0.6723     0.2471     0.1473    94.0083    96.3843     2.7962     4.4444     4.5263     2.7961     0.2869     0.0977     0.0818     1.4994     0.0000       8688          5  0.000e+00
     19.011     18.904      29.99    27.2798    27.2787   5.552942   5.553166    35.0394    35.0418     3.8817     0.4602 7.0291e-04     0.6234     0.2493     0.1473    93.9566    96.3843     2.7962     4.4420     4.5263     2.7961     0.2869     0.0977     0.0806     1.4994     0.0000       8689          5  0.000e+00
     19.011     18.904      29.99    27.2797    27.2788   5.552934   5.553112    35.0395    35.0414     3.8816     0.4602 7.0651e-04     0.6234     0.2482     0.1473    93.9825    96.3843     2.7962     4.4432     4.5263     2.7961     0.2882     0.0977     0.0806     1.4994     0.0000       8690          5  0.000e+00
     19.047     18.941      29.99    27.2799    27.2787   5.552942   5.553136    35.0394    35.0416     3.8837     0.4602 7.0291e-04     0.6234     0.2482     0.1473    93.9825    96.3843     2.7974     4.4432     4.5263     2.7973     0.2869     0.0977     0.0806     1.4994     0.0000       8691          5  0.000e+00
     19.011     18.904      29.99    27.2798    27.2786   5.552942   5.553112    35.0394    35.0416     3.8813     0.4602 7.0291e-04     0.6723     0.2482     0.1473    93.9825    96.3843     2.7962     4.4432     4.5263     2.7961     0.2869     0.0977     0.0818     1.4994     0.0000       8692          5  0.000e+00
     19.011     18.904      29.99    27.2797    27.2784   5.552896   5.553143    35.0392    35.0419     3.8809     0.4602 7.0291e-04     0.6234     0.2493     0.1473    93.9566    96.3843     2.7962     4.4420     4.5263     2.7961     0.2869     0.0977     0.0806     1.4994     0.0000       8693          5  0.000e+00
     19.011     18.904      29.99    27.2795    27.2784   5.552957   5.553112    35.0398    35.0417     3.8828     0.4602 7.0651e-04     0.6723     0.2482     0.1473    93.9825    96.3843     2.7974     4.4432     4.5263     2.7973     0.2882     0.0977     0.0818     1.4994     0.0000       8694          5  0.000e+00
     19.011     18.904      29.96    27.2797    27.2782   5.552949   5.553136    35.0396    35.0420     3.8827     0.4602 7.0291e-04     0.6234     0.2482     0.1473    93.9825    96.3843     2.7974     4.4432     4.5263     2.7973     0.2869     0.0977     0.0806     1.4982     0.0000       8695          5  0.000e+00
     18.989     18.883      29.96    27.2798    27.2782   5.552942   5.553151    35.0394    35.0421     3.8825     0.4602 7.0651e-04     0.6234     0.2482     0.1473    93.9825    96.3843     2.7974     4.4432     4.5263     2.7973     0.2882     0.0977     0.0806     1.4982     0.0000       8696          5  0.000e+00
     19.011     18.904      29.99    27.2799    27.2780   5.552934   5.553151    35.0393    35.0423     3.8824     0.4602 7.0651e-04     0.6234     0.2482     0.1473    93.9825    96.3843     2.7974     4.4432     4.5263     2.7973     0.2882     0.0977     0.0806     1.4994     0.0000       8697          5  0.000e+00
     19.011     18.904      29.99    27.2797    27.2782   5.552904   5.553151    35.0392    35.0421     3.8823     0.4602 7.0651e-04     0.6234     0.2493     0.1473    93.9566    96.3843     2.7974     4.4420     4.5263     2.7973     0.2882     0.0977     0.0806     1.4994     0.0000       8698          5  0.000e+00
     19.011     18.904      29.89    27.2804    27.2796   5.552987   5.553205    35.0393    35.0414     3.8893     0.4968 7.6410e-04     0.7211     0.2373     0.1430    94.2410    96.4883     2.8011     4.4554     4.5311     2.8010     0.3077     0.1001     0.0830     1.4945     0.0000       8757          6  0.000e+00
     18.953     18.846      29.89    27.2806    27.2796   5.553017   5.553228    35.0394    35.0416     3.8872     0.4968 7.3890e-04     0.6723     0.2373     0.1430    94.2410    96.4883     2.7999     4.4554     4.5311     2.7998     0.2991     0.1001     0.0818     1.4945     0.0000       8758          6  0.000e+00
     18.989     18.883      29.89    27.2804    27.2798   5.552851   5.553205    35.0383    35.0413     3.8895     0.4968 6.3812e-04     0.6723     0.2373     0.1430    94.2410    96.4883     2.8011     4.4554     4.5311     2.8010     0.2650     0.1001     0.0818     1.4945     0.0000       8759          6  0.000e+00
     19.011     18.904      29.89    27.2806    27.2798   5.552904   5.553228    35.0386    35.0414     3.8896     0.4785 5.9492e-04     0.7211     0.2373     0.1430    94.2410    96.4883     2.8011     4.4554     4.5311     2.8010     0.2503     0.0989     0.0830     1.4945     0.0000       8760          6  0.000e+00
     19.011     18.904      29.89    27.2806    27.2800   5.552972   5.553274    35.0391    35.0416     3.8898     0.4968 5.9132e-04     0.7211     0.2373     0.1430    94.2410    96.4883     2.8011     4.4554     4.5311     2.8010     0.2491     0.1001     0.0830     1.4945     0.0000       8761          6  0.000e+00
