content/post/ctd18/stn006.ros
* Sea-Bird SBE 9 Data File:
* FileName = C:\CTD Data\AGU032_IIOE2_June2018\stn006.hex
* Software Version Seasave V 7.22.5
* Temperature SN = 5966
* Conductivity SN = 4551
* Number of Bytes Per Scan = 40
* Number of Voltage Words = 5
* Number of Scans Averaged by the Deck Unit = 1
* NMEA Latitude = 06 08.13 S
* NMEA Longitude = 038 59.54 E
* NMEA UTC (Time) = Jun 19 2018 09:54:46
* NMEA baud rate = 4800
** Ship: Agulhas II
** Cruise: V032_IIOE2
** Ship Station: AM00887
** Grid number: A-6
** Latitude: 06 08.133 S
** Longitude: 38 59.549 E
** Bottom depth (m): 33.9m
** Operator: Gavin L.
# nquan = 29
# nvalues = 329                                   
# units = specified
# name 0 = prDM: Pressure, Digiquartz [db]
# name 1 = depSM: Depth [salt water, m]
# name 2 = altM: Altimeter [m]
# name 3 = t090C: Temperature [ITS-90, deg C]
# name 4 = t190C: Temperature, 2 [ITS-90, deg C]
# name 5 = c0S/m: Conductivity [S/m]
# name 6 = c1S/m: Conductivity, 2 [S/m]
# name 7 = sal00: Salinity, Practical [PSU]
# name 8 = sal11: Salinity, Practical, 2 [PSU]
# name 9 = sbeox0ML/L: Oxygen, SBE 43 [ml/l]
# name 10 = flECO-AFL: Fluorescence, WET Labs ECO-AFL/FL [mg/m^3]
# name 11 = turbWETbb0: Turbidity, WET Labs ECO BB [m^-1/sr]
# name 12 = turbWETntu0: Turbidity, WET Labs ECO [NTU]
# name 13 = CStarAt0: Beam Attenuation, WET Labs C-Star [1/m]
# name 14 = CStarAt1: Beam Attenuation, WET Labs C-Star, 2 [1/m]
# name 15 = CStarTr0: Beam Transmission, WET Labs C-Star [%]
# name 16 = CStarTr1: Beam Transmission, WET Labs C-Star, 2 [%]
# name 17 = sbeox0V: Oxygen raw, SBE 43 [V]
# name 18 = v0: Voltage 0
# name 19 = v1: Voltage 1
# name 20 = v2: Voltage 2
# name 21 = v3: Voltage 3
# name 22 = v4: Voltage 4
# name 23 = v5: Voltage 5
# name 24 = v6: Voltage 6
# name 25 = v7: Voltage 7
# name 26 = scan: Scan Count
# name 27 = nbf: Bottles Fired
# name 28 = flag:  0.000e+00
# interval = seconds: 0.0416667
# start_time = Jun 19 2018 09:54:46 [NMEA time, header]
# bad_flag = -9.990e-29
*END*
[from data line 301]
      2.709      2.694      28.84    27.3150    27.3146   5.545485   5.545760    34.9650    34.9672     3.9832     0.3320 8.9368e-04     0.6723     0.3928     0.2379    90.6479    94.2252     2.8547     4.2857     4.4249     2.8547     0.3516     0.0891     0.0818     1.4420     0.0000       6465          7  0.000e+00
      2.739      2.723      28.84    27.3153    27.3148   5.545485   5.545806    34.9647    34.9674     3.9861     0.3503 8.9728e-04     0.7211     0.3916     0.2379    90.6737    94.2252     2.8560     4.2869     4.4249     2.8559     0.3529     0.0904     0.0830     1.4420     0.0000       6466          7  0.000e+00
      2.658      2.644      28.84    27.3151    27.3148   5.545523   5.545837    34.9651    34.9677     3.9845     0.3320 8.9728e-04     0.7211     0.3928     0.2379    90.6479    94.2252     2.8547     4.2857     4.4249     2.8547     0.3529     0.0891     0.0830     1.4420     0.0000       6467          7  0.000e+00
      2.739      2.723      28.84    27.3151    27.3148   5.545531   5.545806    34.9652    34.9674     3.9894     0.3503 8.9728e-04     0.7211     0.3916     0.2379    90.6737    94.2252     2.8572     4.2869     4.4249     2.8571     0.3529     0.0904     0.0830     1.4420     0.0000       6468          7  0.000e+00
      2.709      2.694      28.84    27.3151    27.3148   5.545500   5.545760    34.9650    34.9671     3.9857     0.3320 8.9728e-04     0.7211     0.3916     0.2379    90.6737    94.2252     2.8547     4.2869     4.4249     2.8547     0.3529     0.0891     0.0830     1.4420     0.0000       6469          7  0.000e+00
      2.680      2.665      28.84    27.3151    27.3148   5.545553   5.545783    34.9653    34.9673     3.9882     0.3320 8.9728e-04     0.7211     0.3916     0.2379    90.6737    94.2252     2.8560     4.2869     4.4249     2.8559     0.3529     0.0891     0.0830     1.4420     0.0000       6470          7  0.000e+00
      2.709      2.694      28.84    27.3153    27.3148   5.545538   5.545799    34.9651    34.9674     3.9909     0.3320 8.9728e-04     0.7211     0.3905     0.2379    90.6996    94.2252     2.8572     4.2882     4.4249     2.8571     0.3529     0.0891     0.0830     1.4420     0.0000       6471          7  0.000e+00
      2.658      2.644      28.84    27.3151    27.3147   5.545500   5.545829    34.9650    34.9677     3.9869     0.3320 9.0088e-04     0.7211     0.3905     0.2379    90.6996    94.2252     2.8547     4.2882     4.4249     2.8547     0.3541     0.0891     0.0830     1.4420     0.0000       6472          7  0.000e+00
      2.739      2.723      28.84    27.3153    27.3146   5.545553   5.545776    34.9652    34.9673     3.9893     0.3320 8.9728e-04     0.7211     0.3905     0.2379    90.6996    94.2252     2.8560     4.2882     4.4249     2.8559     0.3529     0.0891     0.0830     1.4420     0.0000       6473          7  0.000e+00
      2.709      2.694      28.84    27.3153    27.3148   5.545508   5.545753    34.9649    34.9670     3.9918     0.3320 8.9728e-04     0.7211     0.3905     0.2379    90.6996    94.2252     2.8572     4.2882     4.4249     2.8571     0.3529     0.0891     0.0830     1.4420     0.0000       6474          7  0.000e+00
      2.680      2.665      28.84    27.3155    27.3148   5.545553   5.545822    34.9651    34.9675     3.9877     0.3503 8.9728e-04     0.7211     0.3905     0.2379    90.6996    94.2252     2.8547     4.2882     4.4249     2.8547     0.3529     0.0904     0.0830     1.4420     0.0000       6475          7  0.000e+00
      2.658      2.644      28.84    27.3151    27.3148   5.545508   5.545806    34.9650    34.9674     3.9899     0.3320 8.9728e-04     0.7211     0.3893     0.2379    90.7254    94.2252     2.8560     4.2894     4.4249     2.8559     0.3529     0.0891     0.0830     1.4420     0.0000       6476          7  0.000e+00
      2.739      2.723      28.84    27.3155    27.3148   5.545553   5.545891    34.9650    34.9680     3.9876     0.3320 8.9728e-04     0.7211     0.3905     0.2379    90.6996    94.2252     2.8547     4.2882     4.4249     2.8547     0.3529     0.0891     0.0830     1.4420     0.0000       6477          7  0.000e+00
      2.658      2.644      28.84    27.3151    27.3148   5.545576   5.545829    34.9655    34.9676     3.9872     0.3320 8.9728e-04     0.7211     0.3905     0.2379    90.6996    94.2252     2.8547     4.2882     4.4249     2.8547     0.3529     0.0891     0.0830     1.4420     0.0000       6478          7  0.000e+00
      2.549      2.535      28.84    27.3153    27.3148   5.545508   5.545829    34.9649    34.9676     3.9846     0.3320 9.0088e-04     0.6723     0.3893     0.2379    90.7254    94.2252     2.8535     4.2894     4.4249     2.8535     0.3541     0.0891     0.0818     1.4420     0.0000       6479          7  0.000e+00
      2.789      2.774      28.84    27.3151    27.3148   5.545515   5.545806    34.9650    34.9674     3.9841     0.3320 8.9728e-04     0.6723     0.3905     0.2379    90.6996    94.2252     2.8535     4.2882     4.4249     2.8535     0.3529     0.0891     0.0818     1.4420     0.0000       6480          7  0.000e+00
      2.658      2.644      28.84    27.3151    27.3146   5.545530   5.545829    34.9652    34.9677     3.9811     0.3503 8.9728e-04     0.6723     0.3905     0.2379    90.6996    94.2252     2.8523     4.2882     4.4249     2.8523     0.3529     0.0904     0.0818     1.4420     0.0000       6481          7  0.000e+00
      2.680      2.665      28.84    27.3151    27.3148   5.545530   5.545806    34.9652    34.9674     3.9800     0.3320 9.0088e-04     0.6723     0.3905     0.2379    90.6996    94.2252     2.8523     4.2882     4.4249     2.8523     0.3541     0.0891     0.0818     1.4420     0.0000       6482          7  0.000e+00
      2.658      2.644      28.84    27.3151    27.3145   5.545530   5.545799    34.9652    34.9676     3.9791     0.3503 8.9728e-04     0.7211     0.3905     0.2412    90.6996    94.1472     2.8523     4.2882     4.4212     2.8523     0.3529     0.0904     0.0830     1.4420     0.0000       6483          7  0.000e+00
      2.680      2.665      28.82    27.3153    27.3148   5.545530   5.545760    34.9650    34.9671     3.9779     0.3320 8.9728e-04     0.7211     0.3905     0.2412    90.6996    94.1472     2.8523     4.2882     4.4212     2.8523     0.3529     0.0891     0.0830     1.4408     0.0000       6484          7  0.000e+00
      2.658      2.644      28.82    27.3151    27.3144   5.545530   5.545822    34.9652    34.9678     3.9769     0.3320 9.0088e-04     0.6723     0.3905     0.2412    90.6996    94.1472     2.8523     4.2882     4.4212     2.8523     0.3541     0.0891     0.0818     1.4408     0.0000       6485          7  0.000e+00
      2.491      2.477      28.82    27.3153    27.3148   5.545500   5.545806    34.9649    34.9675     3.9759     0.3320 9.0808e-04     0.7211     0.3905     0.2423    90.6996    94.1212     2.8523     4.2882     4.4200     2.8523     0.3565     0.0891     0.0830     1.4408     0.0000       6486          7  0.000e+00
      2.789      2.774      28.82    27.3150    27.3146   5.545553   5.545799    34.9654    34.9675     3.9750     0.3320 9.1168e-04     0.7211     0.3905     0.2412    90.6996    94.1472     2.8523     4.2882     4.4212     2.8523     0.3578     0.0891     0.0830     1.4408     0.0000       6487          7  0.000e+00
      2.658      2.644      28.82    27.3151    27.3146   5.545538   5.545799    34.9652    34.9675     3.9739     0.3320 9.1168e-04     0.7211     0.3905     0.2412    90.6996    94.1472     2.8523     4.2882     4.4212     2.8523     0.3578     0.0891     0.0830     1.4408     0.0000       6488          7  0.000e+00
      2.629      2.615      28.82    27.3151    27.3144   5.545530   5.545783    34.9652    34.9676     3.9728     0.3320 9.1528e-04     0.7211     0.3905     0.2412    90.6996    94.1472     2.8523     4.2882     4.4212     2.8523     0.3590     0.0891     0.0830     1.4408     0.0000       6489          7  0.000e+00
      2.658      2.644      28.82    27.3153    27.3146   5.545561   5.545791    34.9653    34.9675     3.9696     0.3503 9.1168e-04     0.7211     0.3916     0.2412    90.6737    94.1472     2.8511     4.2869     4.4212     2.8510     0.3578     0.0904     0.0830     1.4408     0.0000       6490          7  0.000e+00
      2.629      2.615      28.82    27.3151    27.3146   5.545546   5.545799    34.9653    34.9675     3.9708     0.3320 9.1168e-04     0.7211     0.3928     0.2412    90.6479    94.1472     2.8523     4.2857     4.4212     2.8523     0.3578     0.0891     0.0830     1.4408     0.0000       6491          7  0.000e+00
      2.658      2.644      28.82    27.3151    27.3146   5.545530   5.545799    34.9652    34.9675     3.9699     0.3503 9.1528e-04     0.7211     0.3928     0.2412    90.6479    94.1472     2.8523     4.2857     4.4212     2.8523     0.3590     0.0904     0.0830     1.4408     0.0000       6492          7  0.000e+00
