content/post/ctd18/stn005.ros
* Sea-Bird SBE 9 Data File:
* FileName = C:\CTD Data\AGU032_IIOE2_June2018\stn005.hex
* Software Version Seasave V 7.22.5
* Temperature SN = 5966
* Conductivity SN = 4551
* Number of Bytes Per Scan = 40
* Number of Voltage Words = 5
* Number of Scans Averaged by the Deck Unit = 1
* NMEA Latitude = 05 55.52 S
* NMEA Longitude = 039 04.22 E
* NMEA UTC (Time) = Jun 19 2018 05:32:23
* NMEA baud rate = 4800
** Ship: Agulhas II
** Cruise: V032_IIOE2
** Ship Station: AM00886
** Grid number: A-5
** Latitude: 05 54.980 S
** Longitude: 39 04.495 E
** Bottom depth (m): 51.06m
** Operator: Mbulelo and Siajali
# nquan = 29
# nvalues = 490                                   
# units = specified
# name 0 = prDM: Pressure, Digiquartz [db]
# name 1 = depSM: Depth [salt water, m]
# name 2 = altM: Altimeter [m]
# name 3 = t090C: Temperature [ITS-90, deg C]
# name 4 = t190C: Temperature, 2 [ITS-90, deg C]
# name 5 = c0S/m: Conductivity [S/m]
# name 6 = c1S/m: Conductivity, 2 [S/m]
# name 7 = sal00: Salinity, Practical [PSU]
# name 8 = sal11: Salinity, Practical, 2 [PSU]
# name 9 = sbeox0ML/L: Oxygen, SBE 43 [ml/l]
# name 10 = flECO-AFL: Fluorescence, WET Labs ECO-AFL/FL [mg/m^3]
# name 11 = turbWETbb0: Turbidity, WET Labs ECO BB [m^-1/sr]
# name 12 = turbWETntu0: Turbidity, WET Labs ECO [NTU]
# name 13 = CStarAt0: Beam Attenuation, WET Labs C-Star [1/m]
# name 14 = CStarAt1: Beam Attenuation, WET Labs C-Star, 2 [1/m]
# name 15 = CStarTr0: Beam Transmission, WET Labs C-Star [%]
# name 16 = CStarTr1: Beam Transmission, WET Labs C-Star, 2 [%]
# name 17 = sbeox0V: Oxygen raw, SBE 43 [V]
# name 18 = v0: Voltage 0
# name 19 = v1: Voltage 1
# name 20 = v2: Voltage 2
# name 21 = v3: Voltage 3
# name 22 = v4: Voltage 4
# name 23 = v5: Voltage 5
# name 24 = v6: Voltage 6
# name 25 = v7: Voltage 7
# name 26 = scan: Scan Count
# name 27 = nbf: Bottles Fired
# name 28 = flag:  0.000e+00
# interval = seconds: 0.0416667
# start_time = Jun 19 2018 05:32:23 [NMEA time, header]
# bad_flag = -9.990e-29
*END*
[from data line 351]
      7.104      7.064      41.44    27.2809    27.2793   5.552474   5.552722    35.0389    35.0418     3.8969     0.4053 6.5971e-04     0.6723     0.2384     0.1365    94.2151    96.6444     2.8060     4.4542     4.5385     2.8059     0.2723     0.0940     0.0818     2.0720     0.0000       9989          8  0.000e+00
      7.075      7.035      41.44    27.2811    27.2795   5.552511   5.552699    35.0390    35.0415     3.8964     0.4053 6.6331e-04     0.6723     0.2384     0.1365    94.2151    96.6444     2.8060     4.4542     4.5385     2.8059     0.2735     0.0940     0.0818     2.0720     0.0000       9990          8  0.000e+00
      7.104      7.064      41.44    27.2807    27.2791   5.552489   5.552691    35.0391    35.0418     3.8960     0.4053 6.5971e-04     0.6723     0.2395     0.1365    94.1893    96.6444     2.8060     4.4530     4.5385     2.8059     0.2723     0.0940     0.0818     2.0720     0.0000       9991          8  0.000e+00
      7.075      7.035      41.44    27.2810    27.2795   5.552474   5.552691    35.0388    35.0415     3.8977     0.4053 6.6331e-04     0.6723     0.2395     0.1365    94.1893    96.6444     2.8072     4.4530     4.5385     2.8071     0.2735     0.0940     0.0818     2.0720     0.0000       9992          8  0.000e+00
      7.104      7.064      41.44    27.2811    27.2794   5.552474   5.552691    35.0387    35.0415     3.8974     0.4053 6.5611e-04     0.6723     0.2395     0.1365    94.1893    96.6444     2.8072     4.4530     4.5385     2.8071     0.2711     0.0940     0.0818     2.0720     0.0000       9993          8  0.000e+00
      7.075      7.035      41.44    27.2809    27.2795   5.552481   5.552653    35.0389    35.0412     3.8971     0.4053 6.5971e-04     0.6723     0.2395     0.1365    94.1893    96.6444     2.8072     4.4530     4.5385     2.8071     0.2723     0.0940     0.0818     2.0720     0.0000       9994          8  0.000e+00
      7.075      7.035      41.44    27.2811    27.2795   5.552511   5.552676    35.0390    35.0414     3.8990     0.4053 6.5971e-04     0.6234     0.2395     0.1365    94.1893    96.6444     2.8084     4.4530     4.5385     2.8083     0.2723     0.0940     0.0806     2.0720     0.0000       9995          8  0.000e+00
      7.104      7.064      41.44    27.2811    27.2795   5.552519   5.552653    35.0390    35.0412     3.8988     0.4053 6.5611e-04     0.6234     0.2395     0.1365    94.1893    96.6444     2.8084     4.4530     4.5385     2.8083     0.2711     0.0940     0.0806     2.0720     0.0000       9996          8  0.000e+00
      7.126      7.086      41.42    27.2810    27.2795   5.552489   5.552676    35.0389    35.0414     3.8988     0.4053 6.5971e-04     0.6723     0.2395     0.1376    94.1893    96.6184     2.8084     4.4530     4.5372     2.8083     0.2723     0.0940     0.0818     2.0708     0.0000       9997          8  0.000e+00
      7.046      7.006      41.42    27.2813    27.2795   5.552481   5.552653    35.0386    35.0412     3.8987     0.4053 6.5971e-04     0.6723     0.2395     0.1333    94.1893    96.7224     2.8084     4.4530     4.5421     2.8083     0.2723     0.0940     0.0818     2.0708     0.0000       9998          8  0.000e+00
      7.075      7.035      41.42    27.2810    27.2795   5.552511   5.552676    35.0391    35.0414     3.8987     0.4053 6.5971e-04     0.6234     0.2395     0.1301    94.1893    96.8005     2.8084     4.4530     4.5458     2.8083     0.2723     0.0940     0.0806     2.0708     0.0000       9999          8  0.000e+00
      7.104      7.064      41.42    27.2811    27.2793   5.552481   5.552653    35.0387    35.0413     3.8988     0.4053 6.6331e-04     0.6723     0.2362     0.1301    94.2668    96.8005     2.8084     4.4567     4.5458     2.8083     0.2735     0.0940     0.0818     2.0708     0.0000      10000          8  0.000e+00
      7.075      7.035      41.42    27.2813    27.2796   5.552474   5.552645    35.0386    35.0410     3.8989     0.4053 6.5971e-04     0.6723     0.2329     0.1301    94.3444    96.8005     2.8084     4.4603     4.5458     2.8083     0.2723     0.0940     0.0818     2.0708     0.0000      10001          8  0.000e+00
      7.104      7.064      41.42    27.2811    27.2796   5.552549   5.552676    35.0392    35.0413     3.8990     0.4053 6.6331e-04     0.6723     0.2318     0.1311    94.3702    96.7744     2.8084     4.4615     4.5446     2.8083     0.2735     0.0940     0.0818     2.0708     0.0000      10002          8  0.000e+00
      7.075      7.035      41.42    27.2811    27.2795   5.552534   5.552722    35.0391    35.0417     3.8991     0.4053 6.6331e-04     0.7211     0.2318     0.1301    94.3702    96.8005     2.8084     4.4615     4.5458     2.8083     0.2735     0.0940     0.0830     2.0708     0.0000      10003          8  0.000e+00
      7.104      7.064      41.42    27.2810    27.2795   5.552481   5.552668    35.0389    35.0413     3.8994     0.4053 6.5971e-04     0.7211     0.2329     0.1301    94.3444    96.8005     2.8084     4.4603     4.5458     2.8083     0.2723     0.0940     0.0830     2.0708     0.0000      10004          8  0.000e+00
      7.075      7.035      41.42    27.2811    27.2796   5.552474   5.552676    35.0387    35.0413     3.8994     0.4053 6.5971e-04     0.7211     0.2318     0.1301    94.3702    96.8005     2.8084     4.4615     4.5458     2.8083     0.2723     0.0940     0.0830     2.0708     0.0000      10005          8  0.000e+00
      7.104      7.064      41.42    27.2810    27.2796   5.552511   5.552691    35.0391    35.0414     3.8997     0.4053 6.6331e-04     0.7211     0.2318     0.1311    94.3702    96.7744     2.8084     4.4615     4.5446     2.8083     0.2735     0.0940     0.0830     2.0708     0.0000      10006          8  0.000e+00
      7.075      7.035      41.42    27.2811    27.2796   5.552489   5.552691    35.0388    35.0414     3.8999     0.4053 6.6331e-04     0.7211     0.2318     0.1301    94.3702    96.8005     2.8084     4.4615     4.5458     2.8083     0.2735     0.0940     0.0830     2.0708     0.0000      10007          8  0.000e+00
      7.104      7.064      41.42    27.2809    27.2796   5.552504   5.552691    35.0391    35.0414     3.9002     0.4053 7.8930e-04     0.7211     0.2318     0.1311    94.3702    96.7744     2.8084     4.4615     4.5446     2.8083     0.3162     0.0940     0.0830     2.0708     0.0000      10008          8  0.000e+00
      7.075      7.035      41.44    27.2811    27.2796   5.552519   5.552722    35.0390    35.0416     3.9004     0.4053 8.6489e-04     0.7211     0.2329     0.1301    94.3444    96.8005     2.8084     4.4603     4.5458     2.8083     0.3419     0.0940     0.0830     2.0720     0.0000      10009          8  0.000e+00
      7.104      7.064      41.42    27.2811    27.2796   5.552489   5.552737    35.0388    35.0417     3.9006     0.4053 8.7928e-04     0.7211     0.2318     0.1311    94.3702    96.7744     2.8084     4.4615     4.5446     2.8083     0.3468     0.0940     0.0830     2.0708     0.0000      10010          8  0.000e+00
      7.126      7.086      41.42    27.2811    27.2798   5.552549   5.552699    35.0392    35.0413     3.8986     0.4053 8.7208e-04     0.7211     0.2329     0.1301    94.3444    96.8005     2.8072     4.4603     4.5458     2.8071     0.3443     0.0940     0.0830     2.0708     0.0000      10011          8  0.000e+00
      7.046      7.006      41.42    27.2811    27.2798   5.552527   5.552722    35.0391    35.0415     3.8985     0.4053 8.6848e-04     0.7211     0.2329     0.1311    94.3444    96.7744     2.8072     4.4603     4.5446     2.8071     0.3431     0.0940     0.0830     2.0708     0.0000      10012          8  0.000e+00
      7.075      7.035      41.42    27.2813    27.2798   5.552519   5.552737    35.0389    35.0416     3.8985     0.4053 8.6489e-04     0.7211     0.2329     0.1301    94.3444    96.8005     2.8072     4.4603     4.5458     2.8071     0.3419     0.0940     0.0830     2.0708     0.0000      10013          8  0.000e+00
      7.126      7.086      41.42    27.2813    27.2798   5.552527   5.552737    35.0389    35.0415     3.8986     0.4053 8.6848e-04     0.7211     0.2318     0.1311    94.3702    96.7744     2.8072     4.4615     4.5446     2.8071     0.3431     0.0940     0.0830     2.0708     0.0000      10014          8  0.000e+00
      7.104      7.064      41.42    27.2815    27.2802   5.552527   5.552699    35.0388    35.0410     3.8963     0.4053 8.6848e-04     0.6723     0.2329     0.1301    94.3444    96.8005     2.8060     4.4603     4.5458     2.8059     0.3431     0.0940     0.0818     2.0708     0.0000      10015          8  0.000e+00
      7.075      7.035      41.42    27.2815    27.2802   5.552549   5.552722    35.0390    35.0412     3.8963     0.4053 8.6848e-04     0.7211     0.2318     0.1301    94.3702    96.8005     2.8060     4.4615     4.5458     2.8059     0.3431     0.0940     0.0830     2.0708     0.0000      10016          8  0.000e+00
      7.104      7.064      41.42    27.2815    27.2804   5.552633   5.552768    35.0396    35.0413     3.8961     0.4053 8.6848e-04     0.6723     0.2329     0.1311    94.3444    96.7744     2.8060     4.4603     4.5446     2.8059     0.3431     0.0940     0.0818     2.0708     0.0000      10017          8  0.000e+00
      7.075      7.035      41.42    27.2815    27.2806   5.552557   5.552783    35.0390    35.0413     3.8936     0.4053 8.6848e-04     0.7211     0.2329     0.1311    94.3444    96.7744     2.8047     4.4603     4.5446     2.8046     0.3431     0.0940     0.0830     2.0708     0.0000      10018          8  0.000e+00
      7.104      7.064      41.42    27.2815    27.2802   5.552557   5.552745    35.0390    35.0413     3.8935     0.4053 8.7208e-04     0.7211     0.2318     0.1322    94.3702    96.7484     2.8047     4.4615     4.5433     2.8046     0.3443     0.0940     0.0830     2.0708     0.0000      10019          8  0.000e+00
      7.075      7.035      41.42    27.2815    27.2806   5.552527   5.552768    35.0388    35.0412     3.8932     0.4053 8.6848e-04     0.7211     0.2329     0.1322    94.3444    96.7484     2.8047     4.4603     4.5433     2.8046     0.3431     0.0940     0.0830     2.0708     0.0000      10020          8  0.000e+00
      7.104      7.064      41.42    27.2815    27.2804   5.552557   5.552783    35.0390    35.0414     3.8928     0.4053 8.6848e-04     0.7211     0.2351     0.1322    94.2927    96.7484     2.8047     4.4579     4.5433     2.8046     0.3431     0.0940     0.0830     2.0708     0.0000      10021          8  0.000e+00
      7.126      7.086      41.42    27.2817    27.2804   5.552504   5.552814    35.0385    35.0417     3.8928     0.4053 8.6848e-04     0.7211     0.2362     0.1322    94.2668    96.7484     2.8047     4.4567     4.5433     2.8046     0.3431     0.0940     0.0830     2.0708     0.0000      10022          8  0.000e+00
      7.104      7.064      41.42    27.2815    27.2806   5.552549   5.552791    35.0390    35.0414     3.8925     0.4053 8.6848e-04     0.7211     0.2362     0.1322    94.2668    96.7484     2.8047     4.4567     4.5433     2.8046     0.3431     0.0940     0.0830     2.0708     0.0000      10023          8  0.000e+00
      7.075      7.035      41.42    27.2815    27.2806   5.552564   5.552814    35.0391    35.0416     3.8945     0.4053 8.6848e-04     0.7211     0.2362     0.1322    94.2668    96.7484     2.8060     4.4567     4.5433     2.8059     0.3431     0.0940     0.0830     2.0708     0.0000      10024          8  0.000e+00
      7.046      7.006      41.42    27.2815    27.2804   5.552564   5.552829    35.0391    35.0418     3.8944     0.4053 8.6848e-04     0.7211     0.2362     0.1322    94.2668    96.7484     2.8060     4.4567     4.5433     2.8059     0.3431     0.0940     0.0830     2.0708     0.0000      10025          8  0.000e+00
      7.126      7.086      41.42    27.2817    27.2805   5.552572   5.552791    35.0390    35.0414     3.8944     0.4053 8.6848e-04     0.6723     0.2362     0.1322    94.2668    96.7484     2.8060     4.4567     4.5433     2.8059     0.3431     0.0940     0.0818     2.0708     0.0000      10026          8  0.000e+00
      7.104      7.064      41.39    27.2817    27.2807   5.552534   5.552745    35.0387    35.0409     3.8942     0.4053 8.6848e-04     0.6234     0.2362     0.1322    94.2668    96.7484     2.8060     4.4567     4.5433     2.8059     0.3431     0.0940     0.0806     2.0696     0.0000      10027          8  0.000e+00
      7.075      7.035      41.42    27.2815    27.2806   5.552549   5.552768    35.0390    35.0412     3.8939     0.4053 8.6848e-04     0.6234     0.2362     0.1322    94.2668    96.7484     2.8060     4.4567     4.5433     2.8059     0.3431     0.0940     0.0806     2.0708     0.0000      10028          8  0.000e+00
      7.104      7.064      41.39    27.2815    27.2804   5.552564   5.552814    35.0391    35.0417     3.8937     0.4053 8.7208e-04     0.5746     0.2351     0.1322    94.2927    96.7484     2.8060     4.4579     4.5433     2.8059     0.3443     0.0940     0.0794     2.0696     0.0000      10029          8  0.000e+00
      2.889      2.873      45.47    27.2797    27.2793   5.552206   5.552459    35.0392    35.0412     3.8967     0.3686 5.5533e-04     0.6234     0.2318     0.1311    94.3702    96.7744     2.8084     4.4615     4.5446     2.8083     0.2369     0.0916     0.0806     2.2735     0.0000      11137          9  0.000e+00
      2.889      2.873      45.47    27.2798    27.2793   5.552229   5.552489    35.0392    35.0415     3.8962     0.3686 5.5533e-04     0.6234     0.2318     0.1311    94.3702    96.7744     2.8084     4.4615     4.5446     2.8083     0.2369     0.0916     0.0806     2.2735     0.0000      11138          9  0.000e+00
      2.918      2.902      45.45    27.2799    27.2793   5.552214   5.552535    35.0391    35.0418     3.8957     0.3686 5.5533e-04     0.5746     0.2318     0.1311    94.3702    96.7744     2.8084     4.4615     4.5446     2.8083     0.2369     0.0916     0.0794     2.2723     0.0000      11139          9  0.000e+00
      2.889      2.873      45.45    27.2797    27.2793   5.552206   5.552482    35.0392    35.0414     3.8953     0.3686 5.5533e-04     0.5746     0.2318     0.1311    94.3702    96.7744     2.8084     4.4615     4.5446     2.8083     0.2369     0.0916     0.0794     2.2723     0.0000      11140          9  0.000e+00
      2.918      2.902      45.45    27.2796    27.2793   5.552206   5.552459    35.0392    35.0412     3.8925     0.3686 5.5533e-04     0.5746     0.2329     0.1311    94.3444    96.7744     2.8072     4.4603     4.5446     2.8071     0.2369     0.0916     0.0794     2.2723     0.0000      11141          9  0.000e+00
      2.889      2.873      45.45    27.2799    27.2795   5.552161   5.552459    35.0387    35.0411     3.8918     0.3503 5.5893e-04     0.6234     0.2318     0.1311    94.3702    96.7744     2.8072     4.4615     4.5446     2.8071     0.2381     0.0904     0.0806     2.2723     0.0000      11142          9  0.000e+00
      2.867      2.851      45.47    27.2796    27.2795   5.552153   5.552489    35.0388    35.0413     3.8912     0.3686 5.5893e-04     0.6234     0.2318     0.1311    94.3702    96.7744     2.8072     4.4615     4.5446     2.8071     0.2381     0.0916     0.0806     2.2735     0.0000      11143          9  0.000e+00
      2.889      2.873      45.45    27.2799    27.2793   5.552191   5.552466    35.0389    35.0413     3.8905     0.3686 5.5893e-04     0.6234     0.2307     0.1311    94.3961    96.7744     2.8072     4.4628     4.5446     2.8071     0.2381     0.0916     0.0806     2.2723     0.0000      11144          9  0.000e+00
