content/post/ctd18/stn005.cnv
* Sea-Bird SBE 9 Data File:
* FileName = C:\CTD Data\AGU032_IIOE2_June2018\stn005.hex
* Software Version Seasave V 7.22.5
* Temperature SN = 5966
* Conductivity SN = 4551
* Number of Bytes Per Scan = 40
* Number of Voltage Words = 5
* Number of Scans Averaged by the Deck Unit = 1
* NMEA Latitude = 05 55.52 S
* NMEA Longitude = 039 04.22 E
* NMEA UTC (Time) = Jun 19 2018 05:32:23
* NMEA baud rate = 4800
** Ship: Agulhas II
** Cruise: V032_IIOE2
** Ship Station: AM00886
** Grid number: A-5
** Latitude: 05 54.980 S
** Longitude: 39 04.495 E
** Bottom depth (m): 51.06m
** Operator: Mbulelo and Siajali
# nquan = 27
# nvalues = 12458                                 
# units = specified
# name 0 = prDM: Pressure, Digiquartz [db]
# name 1 = depSM: Depth [salt water, m]
# name 2 = altM: Altimeter [m]
# name 3 = t090C: Temperature [ITS-90, deg C]
# name 4 = t190C: Temperature, 2 [ITS-90, deg C]
# name 5 = c0S/m: Conductivity [S/m]
# name 6 = c1S/m: Conductivity, 2 [S/m]
# name 7 = sal00: Salinity, Practical [PSU]
# name 8 = sal11: Salinity, Practical, 2 [PSU]
# name 9 = sbeox0ML/L: Oxygen, SBE 43 [ml/l]
# name 10 = flECO-AFL: Fluorescence, WET Labs ECO-AFL/FL [mg/m^3]
# name 11 = turbWETbb0: Turbidity, WET Labs ECO BB [m^-1/sr]
# name 12 = turbWETntu0: Turbidity, WET Labs ECO [NTU]
# name 13 = CStarAt0: Beam Attenuation, WET Labs C-Star [1/m]
# name 14 = CStarAt1: Beam Attenuation, WET Labs C-Star, 2 [1/m]
# name 15 = CStarTr0: Beam Transmission, WET Labs C-Star [%]
# name 16 = CStarTr1: Beam Transmission, WET Labs C-Star, 2 [%]
# name 17 = sbeox0V: Oxygen raw, SBE 43 [V]
# name 18 = v0: Voltage 0
# name 19 = v1: Voltage 1
# name 20 = v2: Voltage 2
# name 21 = v3: Voltage 3
# name 22 = v4: Voltage 4
# name 23 = v5: Voltage 5
# name 24 = v6: Voltage 6
# name 25 = v7: Voltage 7
# name 26 = flag:  0.000e+00
# span 0 =     -1.219,     44.307                 
# span 1 =     -1.212,     44.056                 
# span 2 =       5.76,     100.00                 
# span 3 =    25.5292,    27.2837                 
# span 4 =    25.8858,    27.2833                 
# span 5 =   0.484783,   5.553575                 
# span 6 =   0.165206,   5.553871                 
# span 7 =     2.4913,    35.0647                 
# span 8 =     0.8144,    35.0672                 
# span 9 =     2.5861,     4.6611                 
# span 10 =    -0.0709,     1.2661                
# span 11 = 4.9774e-04, 1.0418e-02                
# span 12 =     0.0862,    19.4269                
# span 13 =     0.2208,     1.2296                
# span 14 =    -0.1139,     1.4456                
# span 15 =    73.5353,    94.6287                
# span 16 =    69.6697,   102.8873                
# span 17 =     1.8267,     2.8144                
# span 18 =     3.4774,     4.4737                
# span 19 =     3.2723,     4.8315                
# span 20 =     1.8266,     2.8144                
# span 21 =     0.2173,     3.5824                
# span 22 =     0.0623,     0.1514                
# span 23 =     0.0672,     0.5507                
# span 24 =     0.2882,     5.0000                
# span 25 =     0.0000,     0.0000                
# span 26 = 0.0000e+00, 0.0000e+00                
# interval = seconds: 0.0416667
# start_time = Jun 19 2018 05:32:23 [NMEA time, header]
# bad_flag = -9.990e-29
*END*
[from data line 3974]
     44.150     43.900       5.84    27.2265    27.2258   5.551351   5.551705    35.0606    35.0637     3.8104     0.6983 1.0269e-03     0.9653     0.3962     0.2545    90.5703    93.8351     2.7338     4.2821     4.4066     2.7338     0.3968     0.1136     0.0891     0.2918     0.0000  0.000e+00
     44.091     43.842       5.84    27.2261    27.2262   5.551389   5.551705    35.0612    35.0633     3.8104     0.6800 1.0305e-03     1.0142     0.3962     0.2545    90.5703    93.8351     2.7338     4.2821     4.4066     2.7338     0.3980     0.1123     0.0904     0.2918     0.0000  0.000e+00
     44.091     43.842       5.84    27.2258    27.2262   5.551336   5.551736    35.0610    35.0636     3.8103     0.6800 1.0305e-03     1.0142     0.3962     0.2523    90.5703    93.8871     2.7338     4.2821     4.4090     2.7338     0.3980     0.1123     0.0904     0.2918     0.0000  0.000e+00
     44.091     43.842       5.84    27.2258    27.2275   5.551351   5.551721    35.0612    35.0625     3.8102     0.6983 1.0305e-03     1.0142     0.4007     0.2479    90.4669    93.9911     2.7338     4.2772     4.4139     2.7338     0.3980     0.1136     0.0904     0.2918     0.0000  0.000e+00
     44.150     43.900       5.84    27.2256    27.2283   5.551351   5.551736    35.0613    35.0620     3.8100     0.6983 1.0305e-03     1.0142     0.4042     0.2468    90.3894    94.0172     2.7338     4.2735     4.4151     2.7338     0.3980     0.1136     0.0904     0.2918     0.0000  0.000e+00
     44.091     43.842       5.84    27.2264    27.2288   5.551397   5.551751    35.0610    35.0617     3.8096     0.6983 1.0305e-03     1.0142     0.4042     0.2468    90.3894    94.0172     2.7338     4.2735     4.4151     2.7338     0.3980     0.1136     0.0904     0.2918     0.0000  0.000e+00
     44.091     43.842       5.84    27.2272    27.2292   5.551412   5.551751    35.0605    35.0615     3.8114     0.6983 1.0305e-03     1.0142     0.4042     0.2468    90.3894    94.0172     2.7351     4.2735     4.4151     2.7350     0.3980     0.1136     0.0904     0.2918     0.0000  0.000e+00
     44.091     43.842       5.84    27.2279    27.2296   5.551442   5.551782    35.0602    35.0613     3.8088     0.6800 1.0305e-03     1.0142     0.4042     0.2468    90.3894    94.0172     2.7338     4.2735     4.4151     2.7338     0.3980     0.1123     0.0904     0.2918     0.0000  0.000e+00
     44.091     43.842       5.84    27.2287    27.2301   5.551480   5.551836    35.0599    35.0614     3.8082     0.6800 1.0305e-03     1.0142     0.4042     0.2468    90.3894    94.0172     2.7338     4.2735     4.4151     2.7338     0.3980     0.1123     0.0904     0.2918     0.0000  0.000e+00
     44.150     43.900       5.84    27.2290    27.2306   5.551465   5.551805    35.0595    35.0607     3.8076     0.6800 1.0305e-03     0.9653     0.4042     0.2468    90.3894    94.0172     2.7338     4.2735     4.4151     2.7338     0.3980     0.1123     0.0891     0.2918     0.0000  0.000e+00
     44.040     43.791       5.84    27.2297    27.2308   5.551457   5.551798    35.0590    35.0606     3.8070     0.6800 1.0305e-03     0.9653     0.4042     0.2468    90.3894    94.0172     2.7338     4.2735     4.4151     2.7338     0.3980     0.1123     0.0891     0.2918     0.0000  0.000e+00
     44.142     43.893       5.84    27.2302    27.2302   5.551510   5.551798    35.0590    35.0610     3.8064     0.6983 1.0269e-03     0.9653     0.4042     0.2468    90.3894    94.0172     2.7338     4.2735     4.4151     2.7338     0.3968     0.1136     0.0891     0.2918     0.0000  0.000e+00
     44.091     43.842       5.84    27.2305    27.2290   5.551540   5.551759    35.0590    35.0617     3.8080     0.6983 1.0305e-03     0.9653     0.4042     0.2468    90.3894    94.0172     2.7351     4.2735     4.4151     2.7350     0.3980     0.1136     0.0891     0.2918     0.0000  0.000e+00
     44.091     43.842       5.84    27.2301    27.2284   5.551548   5.551751    35.0593    35.0620     3.8052     0.6800 1.0305e-03     0.9653     0.4042     0.2468    90.3894    94.0172     2.7338     4.2735     4.4151     2.7338     0.3980     0.1123     0.0891     0.2918     0.0000  0.000e+00
     44.091     43.842       5.84    27.2303    27.2283   5.551510   5.551782    35.0589    35.0624     3.8046     0.6800 1.0341e-03     0.9653     0.4042     0.2468    90.3894    94.0172     2.7338     4.2735     4.4151     2.7338     0.3993     0.1123     0.0891     0.2918     0.0000  0.000e+00
     44.150     43.900       5.84    27.2294    27.2283   5.551457   5.551798    35.0592    35.0624     3.8041     0.6800 1.0305e-03     0.9653     0.4042     0.2468    90.3894    94.0172     2.7338     4.2735     4.4151     2.7338     0.3980     0.1123     0.0891     0.2918     0.0000  0.000e+00
     44.091     43.842       5.84    27.2285    27.2288   5.551487   5.551798    35.0601    35.0620     3.8034     0.6800 1.0305e-03     0.9653     0.4042     0.2468    90.3894    94.0172     2.7338     4.2735     4.4151     2.7338     0.3980     0.1123     0.0891     0.2918     0.0000  0.000e+00
     44.040     43.791       5.84    27.2278    27.2292   5.551465   5.551836    35.0604    35.0621     3.8026     0.6983 1.0269e-03     0.9653     0.4042     0.2468    90.3894    94.0172     2.7338     4.2735     4.4151     2.7338     0.3968     0.1136     0.0891     0.2918     0.0000  0.000e+00
     44.150     43.900       5.84    27.2276    27.2294   5.551487   5.551874    35.0608    35.0621     3.8021     0.6983 1.0305e-03     0.9653     0.4042     0.2479    90.3894    93.9911     2.7338     4.2735     4.4139     2.7338     0.3980     0.1136     0.0891     0.2918     0.0000  0.000e+00
     44.091     43.842       5.84    27.2283    27.2294   5.551487   5.551920    35.0603    35.0625     3.8014     0.6800 1.0305e-03     0.9653     0.4042     0.2468    90.3894    94.0172     2.7338     4.2735     4.4151     2.7338     0.3980     0.1123     0.0891     0.2918     0.0000  0.000e+00
     44.091     43.842       5.84    27.2293    27.2303   5.551495   5.551936    35.0596    35.0619     3.8008     0.6800 1.0125e-03     0.9653     0.4042     0.2468    90.3894    94.0172     2.7338     4.2735     4.4151     2.7338     0.3919     0.1123     0.0891     0.2918     0.0000  0.000e+00
     44.091     43.842       5.84    27.2297    27.2310   5.551502   5.551967    35.0593    35.0616     3.8003     0.6800 9.7647e-04     0.9165     0.4042     0.2479    90.3894    93.9911     2.7338     4.2735     4.4139     2.7338     0.3797     0.1123     0.0879     0.2918     0.0000  0.000e+00
     44.091     43.842       5.84    27.2301    27.2322   5.551555   5.551982    35.0594    35.0609     3.7974     0.6800 9.6927e-04     0.9653     0.4042     0.2490    90.3894    93.9651     2.7326     4.2735     4.4127     2.7326     0.3773     0.1123     0.0891     0.2918     0.0000  0.000e+00
     44.091     43.842       5.84    27.2303    27.2330   5.551555   5.551982    35.0592    35.0602     3.7968     0.6983 9.6567e-04     0.9165     0.4019     0.2523    90.4411    93.8871     2.7326     4.2759     4.4090     2.7326     0.3761     0.1136     0.0879     0.2918     0.0000  0.000e+00
     44.091     43.842       5.84    27.2305    27.2335   5.551548   5.552013    35.0590    35.0600     3.7961     0.6983 9.6927e-04     0.9653     0.3996     0.2534    90.4928    93.8611     2.7326     4.2784     4.4078     2.7326     0.3773     0.1136     0.0891     0.2918     0.0000  0.000e+00
     44.091     43.842       5.84    27.2307    27.2339   5.551548   5.551990    35.0589    35.0596     3.7955     0.6800 9.7287e-04     0.9653     0.3985     0.2534    90.5186    93.8611     2.7326     4.2796     4.4078     2.7326     0.3785     0.1123     0.0891     0.2918     0.0000  0.000e+00
     44.091     43.842       5.84    27.2301    27.2349   5.551533   5.552020    35.0592    35.0591     3.7927     0.6983 9.6927e-04     0.9653     0.3985     0.2534    90.5186    93.8611     2.7314     4.2796     4.4078     2.7314     0.3773     0.1136     0.0891     0.2918     0.0000  0.000e+00
     44.091     43.842       5.84    27.2297    27.2359   5.551510   5.552028    35.0593    35.0584     3.7921     0.6800 9.6927e-04     0.9653     0.3996     0.2523    90.4928    93.8871     2.7314     4.2784     4.4090     2.7314     0.3773     0.1123     0.0891     0.2918     0.0000  0.000e+00
     44.142     43.893       5.84    27.2294    27.2357   5.551533   5.552059    35.0597    35.0587     3.7914     0.6800 9.6927e-04     0.9165     0.3985     0.2534    90.5186    93.8611     2.7314     4.2796     4.4078     2.7314     0.3773     0.1123     0.0879     0.2918     0.0000  0.000e+00
     44.091     43.842       5.84    27.2294    27.2357   5.551548   5.552036    35.0599    35.0586     3.7907     0.6983 9.6927e-04     0.9653     0.3985     0.2534    90.5186    93.8611     2.7314     4.2796     4.4078     2.7314     0.3773     0.1136     0.0891     0.2918     0.0000  0.000e+00
     44.091     43.842       5.84    27.2294    27.2355   5.551533   5.552059    35.0598    35.0589     3.7900     0.6800 9.6927e-04     0.9653     0.3985     0.2534    90.5186    93.8611     2.7314     4.2796     4.4078     2.7314     0.3773     0.1123     0.0891     0.2918     0.0000  0.000e+00
     44.091     43.842       5.84    27.2298    27.2355   5.551510   5.552074    35.0593    35.0590     3.7892     0.6800 9.6927e-04     0.9653     0.3996     0.2534    90.4928    93.8611     2.7314     4.2784     4.4078     2.7314     0.3773     0.1123     0.0891     0.2918     0.0000  0.000e+00
     44.091     43.842       5.84    27.2297    27.2357   5.551502   5.552005    35.0593    35.0584     3.7885     0.6800 9.7287e-04     0.9653     0.3996     0.2534    90.4928    93.8611     2.7314     4.2784     4.4078     2.7314     0.3785     0.1123     0.0891     0.2918     0.0000  0.000e+00
     44.091     43.842       5.84    27.2296    27.2350   5.551555   5.552051    35.0598    35.0592     3.7880     0.6800 9.7287e-04     0.9653     0.3985     0.2523    90.5186    93.8871     2.7314     4.2796     4.4090     2.7314     0.3785     0.1123     0.0891     0.2918     0.0000  0.000e+00
     44.091     43.842       5.84    27.2298    27.2338   5.551518   5.552074    35.0593    35.0603     3.7852     0.6800 9.6927e-04     0.9165     0.3996     0.2534    90.4928    93.8611     2.7302     4.2784     4.4078     2.7302     0.3773     0.1123     0.0879     0.2918     0.0000  0.000e+00
     44.091     43.842       5.84    27.2301    27.2337   5.551533   5.552105    35.0592    35.0606     3.7844     0.6983 9.6927e-04     0.9165     0.3985     0.2534    90.5186    93.8611     2.7302     4.2796     4.4078     2.7302     0.3773     0.1136     0.0879     0.2918     0.0000  0.000e+00
     44.091     43.842       5.84    27.2301    27.2333   5.551548   5.552051    35.0593    35.0605     3.7837     0.7166 9.7287e-04     0.8676     0.3985     0.2523    90.5186    93.8871     2.7302     4.2796     4.4090     2.7302     0.3785     0.1148     0.0867     0.2918     0.0000  0.000e+00
     44.091     43.842       5.84    27.2298    27.2331   5.551502   5.552059    35.0592    35.0607     3.7831     0.7166 9.7287e-04     0.8188     0.3996     0.2534    90.4928    93.8611     2.7302     4.2784     4.4078     2.7302     0.3785     0.1148     0.0855     0.2918     0.0000  0.000e+00
     44.091     43.842       5.84    27.2299    27.2329   5.551495   5.552105    35.0591    35.0612     3.7824     0.7166 9.6927e-04     0.8676     0.3985     0.2534    90.5186    93.8611     2.7302     4.2796     4.4078     2.7302     0.3773     0.1148     0.0867     0.2918     0.0000  0.000e+00
     44.091     43.842       5.84    27.2301    27.2337   5.551502   5.552082    35.0590    35.0604     3.7817     0.7349 9.7287e-04     0.8676     0.3985     0.2534    90.5186    93.8611     2.7302     4.2796     4.4078     2.7302     0.3785     0.1160     0.0867     0.2918     0.0000  0.000e+00
     44.091     43.842       5.84    27.2300    27.2355   5.551533   5.552074    35.0593    35.0590     3.7787     0.7349 9.7287e-04     0.8188     0.3996     0.2534    90.4928    93.8611     2.7290     4.2784     4.4078     2.7289     0.3785     0.1160     0.0855     0.2918     0.0000  0.000e+00
     44.091     43.842       5.84    27.2303    27.2367   5.551465   5.552105    35.0586    35.0583     3.7778     0.7166 9.6927e-04     0.8676     0.3985     0.2534    90.5186    93.8611     2.7290     4.2796     4.4078     2.7289     0.3773     0.1148     0.0867     0.2918     0.0000  0.000e+00
     44.091     43.842       5.84    27.2300    27.2375   5.551518   5.552082    35.0592    35.0575     3.7772     0.7349 9.6927e-04     0.8676     0.3985     0.2545    90.5186    93.8351     2.7290     4.2796     4.4066     2.7289     0.3773     0.1160     0.0867     0.2918     0.0000  0.000e+00
     44.091     43.842       5.84    27.2299    27.2372   5.551548   5.552036    35.0594    35.0575     3.7743     0.7166 9.6927e-04     0.8676     0.3973     0.2545    90.5445    93.8351     2.7277     4.2808     4.4066     2.7277     0.3773     0.1148     0.0867     0.2918     0.0000  0.000e+00
     44.091     43.842       5.84    27.2296    27.2364   5.551502   5.552066    35.0594    35.0582     3.7758     0.7166 9.7287e-04     0.8676     0.3939     0.2545    90.6220    93.8351     2.7290     4.2845     4.4066     2.7289     0.3785     0.1148     0.0867     0.2918     0.0000  0.000e+00
     44.142     43.893       5.84    27.2296    27.2353   5.551495   5.552105    35.0593    35.0593     3.7730     0.7349 9.6927e-04     0.8676     0.3928     0.2545    90.6479    93.8351     2.7277     4.2857     4.4066     2.7277     0.3773     0.1160     0.0867     0.2918     0.0000  0.000e+00
     44.040     43.791       5.84    27.2296    27.2345   5.551366   5.552051    35.0584    35.0596     3.7723     0.7166 1.0233e-03     0.8188     0.3928     0.2545    90.6479    93.8351     2.7277     4.2857     4.4066     2.7277     0.3956     0.1148     0.0855     0.2918     0.0000  0.000e+00
     44.142     43.893       5.84    27.2294    27.2339   5.551419   5.552059    35.0589    35.0601     3.7719     0.7166 1.1241e-03     0.8676     0.3939     0.2545    90.6220    93.8351     2.7277     4.2845     4.4066     2.7277     0.4298     0.1148     0.0867     0.2918     0.0000  0.000e+00
     44.091     43.842       5.84    27.2294    27.2333   5.551480   5.552074    35.0593    35.0606     3.7714     0.7166 1.1528e-03     0.8676     0.3928     0.2545    90.6479    93.8351     2.7277     4.2857     4.4066     2.7277     0.4396     0.1148     0.0867     0.2918     0.0000  0.000e+00
     44.091     43.842       5.84    27.2296    27.2329   5.551533   5.552074    35.0596    35.0610     3.7710     0.7349 1.1492e-03     0.8188     0.3939     0.2545    90.6220    93.8351     2.7277     4.2845     4.4066     2.7277     0.4383     0.1160     0.0855     0.2918     0.0000  0.000e+00
     44.091     43.842       5.84    27.2294    27.2324   5.551510   5.552074    35.0596    35.0613     3.7707     0.7166 1.1456e-03     0.8676     0.3939     0.2545    90.6220    93.8351     2.7277     4.2845     4.4066     2.7277     0.4371     0.1148     0.0867     0.2918     0.0000  0.000e+00
     44.091     43.842       5.84    27.2293    27.2319   5.551533   5.552105    35.0598    35.0619     3.7681     0.7349 1.1420e-03     0.8188     0.3928     0.2545    90.6479    93.8351     2.7265     4.2857     4.4066     2.7265     0.4359     0.1160     0.0855     0.2918     0.0000  0.000e+00
