content/post/ctd18/stn009.ros
* Sea-Bird SBE 9 Data File:
* FileName = C:\CTD Data\AGU032_IIOE2_June2018\stn009.hex
* Software Version Seasave V 7.22.5
* Temperature SN = 5966
* Conductivity SN = 4551
* Number of Bytes Per Scan = 40
* Number of Voltage Words = 5
* Number of Scans Averaged by the Deck Unit = 1
* NMEA Latitude = 06 40.31 S
* NMEA Longitude = 039 21.28 E
* NMEA UTC (Time) = Jun 19 2018 23:17:05
* NMEA baud rate = 4800
** Ship: Agulhas II
** Cruise: V032_IIOE2
** Ship Station: AM00890
** Grid number: A-9
** Latitude: 0640.313 S
** Longitude: 039 21.285E
** Bottom depth (m): 56m
** Operator: Edwin and Siajali
# nquan = 29
# nvalues = 539                                   
# units = specified
# name 0 = prDM: Pressure, Digiquartz [db]
# name 1 = depSM: Depth [salt water, m]
# name 2 = altM: Altimeter [m]
# name 3 = t090C: Temperature [ITS-90, deg C]
# name 4 = t190C: Temperature, 2 [ITS-90, deg C]
# name 5 = c0S/m: Conductivity [S/m]
# name 6 = c1S/m: Conductivity, 2 [S/m]
# name 7 = sal00: Salinity, Practical [PSU]
# name 8 = sal11: Salinity, Practical, 2 [PSU]
# name 9 = sbeox0ML/L: Oxygen, SBE 43 [ml/l]
# name 10 = flECO-AFL: Fluorescence, WET Labs ECO-AFL/FL [mg/m^3]
# name 11 = turbWETbb0: Turbidity, WET Labs ECO BB [m^-1/sr]
# name 12 = turbWETntu0: Turbidity, WET Labs ECO [NTU]
# name 13 = CStarAt0: Beam Attenuation, WET Labs C-Star [1/m]
# name 14 = CStarAt1: Beam Attenuation, WET Labs C-Star, 2 [1/m]
# name 15 = CStarTr0: Beam Transmission, WET Labs C-Star [%]
# name 16 = CStarTr1: Beam Transmission, WET Labs C-Star, 2 [%]
# name 17 = sbeox0V: Oxygen raw, SBE 43 [V]
# name 18 = v0: Voltage 0
# name 19 = v1: Voltage 1
# name 20 = v2: Voltage 2
# name 21 = v3: Voltage 3
# name 22 = v4: Voltage 4
# name 23 = v5: Voltage 5
# name 24 = v6: Voltage 6
# name 25 = v7: Voltage 7
# name 26 = scan: Scan Count
# name 27 = nbf: Bottles Fired
# name 28 = flag:  0.000e+00
# interval = seconds: 0.0416667
# start_time = Jun 19 2018 23:17:05 [NMEA time, header]
# bad_flag = -9.990e-29
*END*
[from data line 201]
     32.418     32.235      73.26    26.6825    26.6826   5.479280   5.479582    34.9592    34.9613     3.9730     0.4968 4.1855e-04     0.5746     0.1839     0.0820    95.5076    97.9710     2.8195     4.5153     4.6007     2.8193     0.1905     0.1001     0.0794     3.6630     0.0000      12916          5  0.000e+00
     32.469     32.286      73.26    26.6827    26.6824   5.479265   5.479513    34.9589    34.9609     3.9741     0.4968 4.2215e-04     0.5746     0.1828     0.0820    95.5335    97.9710     2.8195     4.5165     4.6007     2.8193     0.1917     0.1001     0.0794     3.6630     0.0000      12917          5  0.000e+00
     32.418     32.235      73.26    26.6827    26.6824   5.479280   5.479590    34.9590    34.9615     3.9751     0.4968 4.2215e-04     0.5258     0.1839     0.0831    95.5076    97.9450     2.8195     4.5153     4.5995     2.8193     0.1917     0.1001     0.0781     3.6630     0.0000      12918          5  0.000e+00
     32.360     32.177      73.28    26.6830    26.6828   5.479333   5.479559    34.9592    34.9610     3.9760     0.4968 4.2215e-04     0.5746     0.1828     0.0820    95.5335    97.9710     2.8195     4.5165     4.6007     2.8193     0.1917     0.1001     0.0794     3.6642     0.0000      12919          5  0.000e+00
     32.476     32.293      73.28    26.6832    26.6826   5.479348   5.479567    34.9591    34.9611     3.9791     0.4968 4.1855e-04     0.5258     0.1774     0.0820    95.6627    97.9710     2.8207     4.5226     4.6007     2.8205     0.1905     0.1001     0.0781     3.6642     0.0000      12920          5  0.000e+00
     32.418     32.235      73.28    26.6832    26.6827   5.479348   5.479582    34.9591    34.9611     3.9801     0.4968 4.2215e-04     0.5746     0.1752     0.0820    95.7144    97.9710     2.8207     4.5250     4.6007     2.8205     0.1917     0.1001     0.0794     3.6642     0.0000      12921          5  0.000e+00
     32.418     32.235      73.28    26.6834    26.6829   5.479348   5.479544    34.9590    34.9607     3.9810     0.4968 4.2215e-04     0.5746     0.1752     0.0820    95.7144    97.9710     2.8207     4.5250     4.6007     2.8205     0.1917     0.1001     0.0794     3.6642     0.0000      12922          5  0.000e+00
     32.469     32.286      73.28    26.6834    26.6827   5.479378   5.479536    34.9592    34.9608     3.9817     0.4968 4.2574e-04     0.5746     0.1752     0.0831    95.7144    97.9450     2.8207     4.5250     4.5995     2.8205     0.1929     0.1001     0.0794     3.6642     0.0000      12923          5  0.000e+00
     32.418     32.235      73.28    26.6835    26.6828   5.479386   5.479605    34.9591    34.9613     3.9846     0.4968 4.2215e-04     0.5746     0.1752     0.0852    95.7144    97.8930     2.8220     4.5250     4.5971     2.8217     0.1917     0.1001     0.0794     3.6642     0.0000      12924          5  0.000e+00
     32.418     32.235      73.28    26.6834    26.6827   5.479356   5.479590    34.9590    34.9612     3.9854     0.4968 4.1855e-04     0.5746     0.1752     0.0894    95.7144    97.7889     2.8220     4.5250     4.5922     2.8217     0.1905     0.1001     0.0794     3.6642     0.0000      12925          5  0.000e+00
     32.469     32.286      73.28    26.6835    26.6827   5.479378   5.479582    34.9591    34.9611     3.9862     0.4968 4.1855e-04     0.5746     0.1752     0.0894    95.7144    97.7889     2.8220     4.5250     4.5922     2.8217     0.1905     0.1001     0.0794     3.6642     0.0000      12926          5  0.000e+00
     32.418     32.235      73.28    26.6834    26.6828   5.479356   5.479613    34.9590    34.9613     3.9869     0.4968 4.1855e-04     0.5746     0.1752     0.0905    95.7144    97.7629     2.8220     4.5250     4.5910     2.8217     0.1905     0.1001     0.0794     3.6642     0.0000      12927          5  0.000e+00
     32.418     32.235      73.28    26.6834    26.6824   5.479348   5.479590    34.9590    34.9615     3.9874     0.4968 4.1855e-04     0.5746     0.1752     0.0894    95.7144    97.7889     2.8220     4.5250     4.5922     2.8217     0.1905     0.1001     0.0794     3.6642     0.0000      12928          5  0.000e+00
     32.418     32.235      73.36    26.6834    26.6828   5.479378   5.479544    34.9592    34.9608     3.9878     0.4968 4.1855e-04     0.5746     0.1752     0.0894    95.7144    97.7889     2.8220     4.5250     4.5922     2.8217     0.1905     0.1001     0.0794     3.6679     0.0000      12929          5  0.000e+00
     32.469     32.286      73.38    26.6835    26.6824   5.479348   5.479536    34.9588    34.9611     3.9882     0.4968 4.2215e-04     0.5746     0.1752     0.0894    95.7144    97.7889     2.8220     4.5250     4.5922     2.8217     0.1917     0.1001     0.0794     3.6691     0.0000      12930          5  0.000e+00
     32.425     32.242      73.38    26.6835    26.6824   5.479378   5.479567    34.9591    34.9613     3.9882     0.4968 4.1855e-04     0.5746     0.1752     0.0894    95.7144    97.7889     2.8220     4.5250     4.5922     2.8217     0.1905     0.1001     0.0794     3.6691     0.0000      12931          5  0.000e+00
     32.418     32.235      73.38    26.6834    26.6824   5.479356   5.479613    34.9590    34.9616     3.9884     0.4968 4.1855e-04     0.5746     0.1752     0.0894    95.7144    97.7889     2.8220     4.5250     4.5922     2.8217     0.1905     0.1001     0.0794     3.6691     0.0000      12932          5  0.000e+00
     32.418     32.235      73.38    26.6835    26.6824   5.479348   5.479590    34.9589    34.9615     3.9884     0.4968 4.1855e-04     0.5746     0.1752     0.0894    95.7144    97.7889     2.8220     4.5250     4.5922     2.8217     0.1905     0.1001     0.0794     3.6691     0.0000      12933          5  0.000e+00
     32.469     32.286      73.43    26.6834    26.6826   5.479348   5.479582    34.9590    34.9612     3.9883     0.5151 4.1855e-04     0.5746     0.1752     0.0894    95.7144    97.7889     2.8220     4.5250     4.5922     2.8217     0.1905     0.1013     0.0794     3.6716     0.0000      12934          5  0.000e+00
     32.418     32.235      73.46    26.6834    26.6829   5.479348   5.479651    34.9589    34.9615     3.9881     0.4968 4.1855e-04     0.5746     0.1763     0.0894    95.6886    97.7889     2.8220     4.5238     4.5922     2.8217     0.1905     0.1001     0.0794     3.6728     0.0000      12935          5  0.000e+00
     32.469     32.286      73.46    26.6834    26.6835   5.479341   5.479674    34.9589    34.9612     3.9879     0.4968 4.1855e-04     0.5746     0.1752     0.0894    95.7144    97.7889     2.8220     4.5250     4.5922     2.8217     0.1905     0.1001     0.0794     3.6728     0.0000      12936          5  0.000e+00
     32.418     32.235      73.46    26.6832    26.6836   5.479341   5.479674    34.9591    34.9611     3.9875     0.4968 4.1495e-04     0.5258     0.1763     0.0894    95.6886    97.7889     2.8220     4.5238     4.5922     2.8217     0.1893     0.1001     0.0781     3.6728     0.0000      12937          5  0.000e+00
     32.418     32.235      73.46    26.6834    26.6840   5.479348   5.479765    34.9590    34.9615     3.9871     0.4968 4.1855e-04     0.5746     0.1763     0.0894    95.6886    97.7889     2.8220     4.5238     4.5922     2.8217     0.1905     0.1001     0.0794     3.6728     0.0000      12938          5  0.000e+00
     32.418     32.235      73.48    26.6837    26.6844   5.479378   5.479735    34.9589    34.9610     3.9846     0.4968 4.1855e-04     0.5746     0.1752     0.0894    95.7144    97.7889     2.8207     4.5250     4.5922     2.8205     0.1905     0.1001     0.0794     3.6740     0.0000      12939          5  0.000e+00
     32.418     32.235      73.48    26.6837    26.6842   5.479416   5.479742    34.9592    34.9612     3.9839     0.4968 4.1495e-04     0.5746     0.1752     0.0894    95.7144    97.7889     2.8207     4.5250     4.5922     2.8205     0.1893     0.1001     0.0794     3.6740     0.0000      12940          5  0.000e+00
     32.469     32.286      73.48    26.6841    26.6844   5.479401   5.479727    34.9588    34.9609     3.9834     0.4968 4.1855e-04     0.5746     0.1752     0.0905    95.7144    97.7629     2.8207     4.5250     4.5910     2.8205     0.1905     0.1001     0.0794     3.6740     0.0000      12941          5  0.000e+00
     32.425     32.242      73.48    26.6839    26.6846   5.479416   5.479742    34.9591    34.9609     3.9828     0.4968 4.1855e-04     0.5746     0.1752     0.0894    95.7144    97.7889     2.8207     4.5250     4.5922     2.8205     0.1905     0.1001     0.0794     3.6740     0.0000      12942          5  0.000e+00
     32.418     32.235      73.48    26.6841    26.6849   5.479529   5.479926    34.9597    34.9620     3.9822     0.4968 4.1495e-04     0.5258     0.1752     0.0905    95.7144    97.7629     2.8207     4.5250     4.5910     2.8205     0.1893     0.1001     0.0781     3.6740     0.0000      12943          5  0.000e+00
     32.469     32.286      73.46    26.6844    26.6860   5.479461   5.480086    34.9590    34.9623     3.9792     0.4968 4.2215e-04     0.5746     0.1752     0.0894    95.7144    97.7889     2.8195     4.5250     4.5922     2.8193     0.1917     0.1001     0.0794     3.6728     0.0000      12944          5  0.000e+00
     32.418     32.235      73.46    26.6846    26.6869   5.479499   5.480056    34.9591    34.9614     3.9783     0.4968 4.1855e-04     0.5746     0.1752     0.0862    95.7144    97.8670     2.8195     4.5250     4.5958     2.8193     0.1905     0.1001     0.0794     3.6728     0.0000      12945          5  0.000e+00
     32.418     32.235      73.46    26.6848    26.6869   5.479484   5.479994    34.9589    34.9609     3.9773     0.4968 4.1855e-04     0.5258     0.1752     0.0841    95.7144    97.9190     2.8195     4.5250     4.5983     2.8193     0.1905     0.1001     0.0781     3.6728     0.0000      12946          5  0.000e+00
     32.469     32.286      73.46    26.6844    26.6873   5.479408   5.479987    34.9586    34.9606     3.9741     0.5335 4.1855e-04     0.5746     0.1752     0.0841    95.7144    97.9190     2.8183     4.5250     4.5983     2.8181     0.1905     0.1026     0.0794     3.6728     0.0000      12947          5  0.000e+00
     32.418     32.235      73.46    26.6841    26.6869   5.479416   5.479918    34.9589    34.9604     3.9730     0.5518 4.1855e-04     0.5746     0.1752     0.0841    95.7144    97.9190     2.8183     4.5250     4.5983     2.8181     0.1905     0.1038     0.0794     3.6728     0.0000      12948          5  0.000e+00
     32.418     32.235      73.48    26.6843    26.6866   5.479566   5.479895    34.9599    34.9605     3.9720     0.5518 4.1855e-04     0.5746     0.1752     0.0841    95.7144    97.9190     2.8183     4.5250     4.5983     2.8181     0.1905     0.1038     0.0794     3.6740     0.0000      12949          5  0.000e+00
     32.418     32.235      73.48    26.6853    26.6862   5.479777   5.479933    34.9606    34.9610     3.9709     0.5518 4.1855e-04     0.5746     0.1752     0.0841    95.7144    97.9190     2.8183     4.5250     4.5983     2.8181     0.1905     0.1038     0.0794     3.6740     0.0000      12950          5  0.000e+00
     32.469     32.286      73.48    26.6868    26.6864   5.479935   5.479903    34.9606    34.9607     3.9700     0.5518 4.2574e-04     0.5746     0.1752     0.0841    95.7144    97.9190     2.8183     4.5250     4.5983     2.8181     0.1929     0.1038     0.0794     3.6740     0.0000      12951          5  0.000e+00
     32.418     32.235      73.48    26.6881    26.6864   5.479935   5.479926    34.9597    34.9609     3.9713     0.5518 4.2934e-04     0.5746     0.1752     0.0841    95.7144    97.9190     2.8195     4.5250     4.5983     2.8193     0.1941     0.1038     0.0794     3.6740     0.0000      12952          5  0.000e+00
     32.425     32.242      73.48    26.6886    26.6862   5.479958   5.479910    34.9594    34.9609     3.9684     0.5518 4.2574e-04     0.5746     0.1752     0.0841    95.7144    97.9190     2.8183     4.5250     4.5983     2.8181     0.1929     0.1038     0.0794     3.6740     0.0000      12953          5  0.000e+00
     32.418     32.235      73.48    26.6890    26.6864   5.479837   5.479994    34.9583    34.9614     3.9675     0.5518 4.2574e-04     0.5746     0.1752     0.0841    95.7144    97.9190     2.8183     4.5250     4.5983     2.8181     0.1929     0.1038     0.0794     3.6740     0.0000      12954          5  0.000e+00
     32.418     32.235      73.48    26.6883    26.6871   5.479792   5.480124    34.9585    34.9618     3.9692     0.5518 4.2934e-04     0.5746     0.1752     0.0841    95.7144    97.9190     2.8195     4.5250     4.5983     2.8193     0.1941     0.1038     0.0794     3.6740     0.0000      12955          5  0.000e+00
     32.469     32.286      73.48    26.6883    26.6878   5.479792   5.480193    34.9585    34.9617     3.9685     0.5518 4.2934e-04     0.5746     0.1752     0.0841    95.7144    97.9190     2.8195     4.5250     4.5983     2.8193     0.1941     0.1038     0.0794     3.6740     0.0000      12956          5  0.000e+00
     32.418     32.235      73.48    26.6883    26.6883   5.479687   5.480178    34.9577    34.9612     3.9681     0.5518 4.3294e-04     0.5746     0.1752     0.0841    95.7144    97.9190     2.8195     4.5250     4.5983     2.8193     0.1954     0.1038     0.0794     3.6740     0.0000      12957          5  0.000e+00
     32.418     32.235      73.48    26.6872    26.6887   5.479551   5.480132    34.9576    34.9606     3.9677     0.5518 4.2934e-04     0.5746     0.1752     0.0841    95.7144    97.9190     2.8195     4.5250     4.5983     2.8193     0.1941     0.1038     0.0794     3.6740     0.0000      12958          5  0.000e+00
     32.418     32.235      73.48    26.6864    26.6884   5.479484   5.480017    34.9576    34.9600     3.9672     0.5518 4.2934e-04     0.5746     0.1752     0.0841    95.7144    97.9190     2.8195     4.5250     4.5983     2.8193     0.1941     0.1038     0.0794     3.6740     0.0000      12959          5  0.000e+00
     18.639     18.534      98.34    26.7204    26.7189   5.482374   5.482539    34.9570    34.9593     3.9682     0.4785 3.9335e-04     0.5258     0.1784     0.0788    95.6369    98.0490     2.8269     4.5214     4.6044     2.8266     0.1819     0.0989     0.0781     4.9170     0.0000      13630          6  0.000e+00
     18.624     18.520      98.34    26.7200    26.7187   5.482344   5.482508    34.9570    34.9592     3.9707     0.4785 3.9695e-04     0.5258     0.1784     0.0788    95.6369    98.0490     2.8281     4.5214     4.6044     2.8278     0.1832     0.0989     0.0781     4.9170     0.0000      13631          6  0.000e+00
     18.639     18.534      98.34    26.7199    26.7187   5.482314   5.482500    34.9569    34.9591     3.9688     0.4785 3.9695e-04     0.5258     0.1784     0.0799    95.6369    98.0230     2.8269     4.5214     4.6032     2.8266     0.1832     0.0989     0.0781     4.9170     0.0000      13632          6  0.000e+00
     18.639     18.534      98.34    26.7195    26.7187   5.482307   5.482546    34.9571    34.9594     3.9691     0.4785 3.9695e-04     0.5258     0.1784     0.0809    95.6369    97.9970     2.8269     4.5214     4.6020     2.8266     0.1832     0.0989     0.0781     4.9170     0.0000      13633          6  0.000e+00
     18.588     18.484      98.34    26.7195    26.7187   5.482307   5.482516    34.9572    34.9593     3.9693     0.4785 4.0055e-04     0.5258     0.1784     0.0809    95.6369    97.9970     2.8269     4.5214     4.6020     2.8266     0.1844     0.0989     0.0781     4.9170     0.0000      13634          6  0.000e+00
