content/post/ctd18/stn003.ros
* Sea-Bird SBE 9 Data File:
* FileName = C:\CTD Data\AGU032_IIOE2_June2018\stn003.hex
* Software Version Seasave V 7.22.5
* Temperature SN = 5966
* Conductivity SN = 4551
* Number of Bytes Per Scan = 40
* Number of Voltage Words = 5
* Number of Scans Averaged by the Deck Unit = 1
* NMEA Latitude = 05 26.22 S
* NMEA Longitude = 039 11.22 E
* NMEA UTC (Time) = Jun 18 2018 19:22:04
* NMEA baud rate = 4800
** Ship: Agulhas II
** Cruise: V032_IIOE2
** Ship Station: AM00884
** Grid number: A-3
** Latitude: 05 26 136 S
** Longitude: 039 11.242 E
** Bottom depth (m): 360.20m
** Operator: Florence and Darrell
# nquan = 29
# nvalues = 776                                   
# units = specified
# name 0 = prDM: Pressure, Digiquartz [db]
# name 1 = depSM: Depth [salt water, m]
# name 2 = altM: Altimeter [m]
# name 3 = t090C: Temperature [ITS-90, deg C]
# name 4 = t190C: Temperature, 2 [ITS-90, deg C]
# name 5 = c0S/m: Conductivity [S/m]
# name 6 = c1S/m: Conductivity, 2 [S/m]
# name 7 = sal00: Salinity, Practical [PSU]
# name 8 = sal11: Salinity, Practical, 2 [PSU]
# name 9 = sbeox0ML/L: Oxygen, SBE 43 [ml/l]
# name 10 = flECO-AFL: Fluorescence, WET Labs ECO-AFL/FL [mg/m^3]
# name 11 = turbWETbb0: Turbidity, WET Labs ECO BB [m^-1/sr]
# name 12 = turbWETntu0: Turbidity, WET Labs ECO [NTU]
# name 13 = CStarAt0: Beam Attenuation, WET Labs C-Star [1/m]
# name 14 = CStarAt1: Beam Attenuation, WET Labs C-Star, 2 [1/m]
# name 15 = CStarTr0: Beam Transmission, WET Labs C-Star [%]
# name 16 = CStarTr1: Beam Transmission, WET Labs C-Star, 2 [%]
# name 17 = sbeox0V: Oxygen raw, SBE 43 [V]
# name 18 = v0: Voltage 0
# name 19 = v1: Voltage 1
# name 20 = v2: Voltage 2
# name 21 = v3: Voltage 3
# name 22 = v4: Voltage 4
# name 23 = v5: Voltage 5
# name 24 = v6: Voltage 6
# name 25 = v7: Voltage 7
# name 26 = scan: Scan Count
# name 27 = nbf: Bottles Fired
# name 28 = flag:  0.000e+00
# interval = seconds: 0.0416667
# start_time = Jun 18 2018 19:22:04 [NMEA time, header]
# bad_flag = -9.990e-29
*END*
[from data line 251]
    140.163    139.339      98.53    19.0905    19.0939   4.732748   4.733233    35.2251    35.2263     2.7899     0.0939 3.7175e-04     0.5746     0.1045     0.0177    97.4205    99.5578     1.9202     4.6056     4.6752     1.9194     0.1746     0.0733     0.0794     4.9267     0.0000      30373          6  0.000e+00
    140.126    139.302      98.51    19.0903    19.0932   4.732684   4.733182    35.2247    35.2265     2.7898     0.0939 3.7175e-04     0.5258     0.1045     0.0177    97.4205    99.5578     1.9202     4.6056     4.6752     1.9194     0.1746     0.0733     0.0781     4.9255     0.0000      30374          6  0.000e+00
    140.163    139.339      98.51    19.0909    19.0929   4.732741   4.733197    35.2247    35.2268     2.7902     0.0939 3.7175e-04     0.5746     0.1045     0.0177    97.4205    99.5578     1.9202     4.6056     4.6752     1.9194     0.1746     0.0733     0.0794     4.9255     0.0000      30375          6  0.000e+00
    140.185    139.361      98.51    19.0909    19.0927   4.732769   4.733132    35.2250    35.2265     2.7905     0.0939 3.7175e-04     0.5746     0.1045     0.0177    97.4205    99.5578     1.9202     4.6056     4.6752     1.9194     0.1746     0.0733     0.0794     4.9255     0.0000      30376          6  0.000e+00
    140.112    139.288      98.51    19.0912    19.0922   4.732769   4.733096    35.2247    35.2266     2.7909     0.0939 3.7535e-04     0.5746     0.1045     0.0177    97.4205    99.5578     1.9202     4.6056     4.6752     1.9194     0.1758     0.0733     0.0794     4.9255     0.0000      30377          6  0.000e+00
    140.185    139.361      98.53    19.0912    19.0920   4.732805   4.733096    35.2250    35.2268     2.7909     0.0939 3.7175e-04     0.5746     0.1045     0.0177    97.4205    99.5578     1.9202     4.6056     4.6752     1.9194     0.1746     0.0733     0.0794     4.9267     0.0000      30378          6  0.000e+00
    140.112    139.288      98.51    19.0917    19.0913   4.732840   4.733103    35.2249    35.2274     2.7910     0.0939 3.7175e-04     0.5746     0.1045     0.0177    97.4205    99.5578     1.9202     4.6056     4.6752     1.9194     0.1746     0.0733     0.0794     4.9255     0.0000      30379          6  0.000e+00
    140.126    139.303      98.53    19.0919    19.0916   4.732854   4.733154    35.2248    35.2275     2.7910     0.0939 3.7175e-04     0.5258     0.1045     0.0167    97.4205    99.5838     1.9202     4.6056     4.6764     1.9194     0.1746     0.0733     0.0781     4.9267     0.0000      30380          6  0.000e+00
    140.112    139.288      98.51    19.0921    19.0920   4.732854   4.733233    35.2247    35.2279     2.7911     0.0939 3.7175e-04     0.5746     0.1045     0.0177    97.4205    99.5578     1.9202     4.6056     4.6752     1.9194     0.1746     0.0733     0.0794     4.9255     0.0000      30381          6  0.000e+00
    140.126    139.303      98.51    19.0924    19.0925   4.732918   4.733276    35.2249    35.2278     2.7916     0.0939 3.7175e-04     0.5746     0.1045     0.0177    97.4205    99.5578     1.9202     4.6056     4.6752     1.9194     0.1746     0.0733     0.0794     4.9255     0.0000      30382          6  0.000e+00
    140.112    139.288      98.51    19.0933    19.0932   4.732932   4.733362    35.2243    35.2280     2.7917     0.0939 3.7535e-04     0.5746     0.1045     0.0167    97.4205    99.5838     1.9202     4.6056     4.6764     1.9194     0.1758     0.0733     0.0794     4.9255     0.0000      30383          6  0.000e+00
    140.126    139.303      98.51    19.0936    19.0944   4.732960   4.733405    35.2242    35.2273     2.7918     0.0939 3.7175e-04     0.5746     0.1045     0.0177    97.4205    99.5578     1.9202     4.6056     4.6752     1.9194     0.1746     0.0733     0.0794     4.9255     0.0000      30384          6  0.000e+00
    140.112    139.288      98.51    19.0938    19.0955   4.732996   4.733498    35.2244    35.2272     2.7920     0.0939 3.7175e-04     0.5746     0.1056     0.0177    97.3947    99.5578     1.9202     4.6044     4.6752     1.9194     0.1746     0.0733     0.0794     4.9255     0.0000      30385          6  0.000e+00
    140.126    139.303      98.51    19.0941    19.0955   4.732946   4.733542    35.2237    35.2275     2.7921     0.0939 3.7175e-04     0.5746     0.1056     0.0177    97.3947    99.5578     1.9202     4.6044     4.6752     1.9194     0.1746     0.0733     0.0794     4.9255     0.0000      30386          6  0.000e+00
    140.112    139.288      98.51    19.0941    19.0963   4.732996   4.733563    35.2241    35.2270     2.7923     0.0939 3.7175e-04     0.5746     0.1056     0.0177    97.3947    99.5578     1.9202     4.6044     4.6752     1.9194     0.1746     0.0733     0.0794     4.9255     0.0000      30387          6  0.000e+00
    140.075    139.252      98.51    19.0941    19.0969   4.733010   4.733599    35.2242    35.2269     2.7925     0.0939 3.7175e-04     0.5746     0.1056     0.0177    97.3947    99.5578     1.9202     4.6044     4.6752     1.9194     0.1746     0.0733     0.0794     4.9255     0.0000      30388          6  0.000e+00
    140.112    139.288      98.51    19.0940    19.0970   4.732741   4.733491    35.2221    35.2258     2.7928     0.0939 3.6815e-04     0.5258     0.1056     0.0177    97.3947    99.5578     1.9202     4.6044     4.6752     1.9194     0.1734     0.0733     0.0781     4.9255     0.0000      30389          6  0.000e+00
    140.075    139.252      98.51    19.0938    19.0968   4.732656   4.733405    35.2216    35.2253     2.7927     0.0939 3.6815e-04     0.5746     0.1056     0.0177    97.3947    99.5578     1.9202     4.6044     4.6752     1.9194     0.1734     0.0733     0.0794     4.9255     0.0000      30390          6  0.000e+00
    140.112    139.288      98.51    19.0936    19.0969   4.732720   4.733376    35.2222    35.2250     2.7926     0.0756 3.6815e-04     0.5746     0.1056     0.0177    97.3947    99.5578     1.9202     4.6044     4.6752     1.9194     0.1734     0.0720     0.0794     4.9255     0.0000      30391          6  0.000e+00
    140.075    139.252      98.51    19.0929    19.0963   4.732614   4.733340    35.2220    35.2252     2.7924     0.0939 3.6815e-04     0.5258     0.1045     0.0177    97.4205    99.5578     1.9202     4.6056     4.6752     1.9194     0.1734     0.0733     0.0781     4.9255     0.0000      30392          6  0.000e+00
    140.053    139.230      98.53    19.0924    19.0960   4.732514   4.733348    35.2216    35.2255     2.7927     0.0939 3.6815e-04     0.5746     0.1056     0.0167    97.3947    99.5838     1.9202     4.6044     4.6764     1.9194     0.1734     0.0733     0.0794     4.9267     0.0000      30393          6  0.000e+00
    140.075    139.252      98.51    19.0910    19.0960   4.732493   4.733455    35.2226    35.2264     2.7926     0.0756 3.6815e-04     0.5746     0.1056     0.0167    97.3947    99.5838     1.9202     4.6044     4.6764     1.9194     0.1734     0.0720     0.0794     4.9255     0.0000      30394          6  0.000e+00
    140.112    139.288      98.53    19.0900    19.0972   4.732465   4.733491    35.2232    35.2257     2.7926     0.0939 3.7175e-04     0.5746     0.1056     0.0167    97.3947    99.5838     1.9202     4.6044     4.6764     1.9194     0.1746     0.0733     0.0794     4.9267     0.0000      30395          6  0.000e+00
    140.075    139.252      98.51    19.0891    19.0977   4.732479   4.733592    35.2240    35.2261     2.7925     0.0939 3.6815e-04     0.5258     0.1056     0.0167    97.3947    99.5838     1.9202     4.6044     4.6764     1.9194     0.1734     0.0733     0.0781     4.9255     0.0000      30396          6  0.000e+00
    140.075    139.252      98.51    19.0884    19.0990   4.732493   4.733793    35.2248    35.2267     2.7924     0.0939 3.6815e-04     0.5746     0.1056     0.0167    97.3947    99.5838     1.9202     4.6044     4.6764     1.9194     0.1734     0.0733     0.0794     4.9255     0.0000      30397          6  0.000e+00
    140.053    139.230      98.51    19.0886    19.1008   4.732522   4.733879    35.2249    35.2259     2.7922     0.0756 3.6815e-04     0.5258     0.1056     0.0167    97.3947    99.5838     1.9202     4.6044     4.6764     1.9194     0.1734     0.0720     0.0781     4.9255     0.0000      30398          6  0.000e+00
    140.075    139.252      98.51    19.0884    19.1011   4.732507   4.733894    35.2249    35.2257     2.7921     0.0756 3.6815e-04     0.5258     0.1045     0.0177    97.4205    99.5578     1.9202     4.6056     4.6752     1.9194     0.1734     0.0720     0.0781     4.9255     0.0000      30399          6  0.000e+00
    140.053    139.230      98.51    19.0893    19.1016   4.732493   4.734023    35.2240    35.2264     2.7920     0.0573 3.6815e-04     0.5258     0.1056     0.0177    97.3947    99.5578     1.9202     4.6044     4.6752     1.9194     0.1734     0.0708     0.0781     4.9255     0.0000      30400          6  0.000e+00
    140.017    139.194      98.51    19.0896    19.1017   4.732465   4.734109    35.2235    35.2270     2.7918     0.0756 3.6815e-04     0.5258     0.1056     0.0167    97.3947    99.5838     1.9202     4.6044     4.6764     1.9194     0.1734     0.0720     0.0781     4.9255     0.0000      30401          6  0.000e+00
    140.112    139.288      98.53    19.0891    19.1019   4.732458   4.734281    35.2239    35.2283     2.7918     0.0756 3.6815e-04     0.5258     0.1056     0.0167    97.3947    99.5838     1.9202     4.6044     4.6764     1.9194     0.1734     0.0720     0.0781     4.9267     0.0000      30402          6  0.000e+00
    140.075    139.252      98.51    19.0888    19.1031   4.732543   4.734310    35.2249    35.2275     2.7916     0.0756 3.6815e-04     0.5258     0.1056     0.0177    97.3947    99.5578     1.9202     4.6044     4.6752     1.9194     0.1734     0.0720     0.0781     4.9255     0.0000      30403          6  0.000e+00
    140.053    139.230      98.51    19.0886    19.1049   4.732571   4.734353    35.2253    35.2263     2.7915     0.0756 3.7175e-04     0.5258     0.1045     0.0167    97.4205    99.5838     1.9202     4.6056     4.6764     1.9194     0.1746     0.0720     0.0781     4.9255     0.0000      30404          6  0.000e+00
    140.017    139.194      98.51    19.0890    19.1062   4.732635   4.734490    35.2255    35.2264     2.7913     0.0573 3.6815e-04     0.5258     0.1056     0.0167    97.3947    99.5838     1.9202     4.6044     4.6764     1.9194     0.1734     0.0708     0.0781     4.9255     0.0000      30405          6  0.000e+00
    140.053    139.230      98.51    19.0895    19.1075   4.732677   4.734626    35.2254    35.2264     2.7916     0.0573 3.6815e-04     0.5258     0.1045     0.0177    97.4205    99.5578     1.9202     4.6056     4.6752     1.9194     0.1734     0.0708     0.0781     4.9255     0.0000      30406          6  0.000e+00
    140.075    139.252      98.53    19.0903    19.1093   4.732748   4.734799    35.2253    35.2263     2.7918     0.0573 3.6815e-04     0.5258     0.1045     0.0177    97.4205    99.5578     1.9202     4.6056     4.6752     1.9194     0.1734     0.0708     0.0781     4.9267     0.0000      30407          6  0.000e+00
    140.002    139.179      98.51    19.0919    19.1107   4.732861   4.734906    35.2250    35.2261     2.7920     0.0756 3.6815e-04     0.5258     0.1045     0.0167    97.4205    99.5838     1.9202     4.6056     4.6764     1.9194     0.1734     0.0720     0.0781     4.9255     0.0000      30408          6  0.000e+00
    140.075    139.252      98.51    19.0933    19.1124   4.733066   4.734971    35.2255    35.2251     2.7923     0.0756 3.6815e-04     0.5258     0.1045     0.0177    97.4205    99.5578     1.9202     4.6056     4.6752     1.9194     0.1734     0.0720     0.0781     4.9255     0.0000      30409          6  0.000e+00
    140.053    139.230      98.51    19.0952    19.1138   4.733342   4.734942    35.2261    35.2237     2.7921     0.0573 3.6815e-04     0.5258     0.1045     0.0177    97.4205    99.5578     1.9202     4.6056     4.6752     1.9194     0.1734     0.0708     0.0781     4.9255     0.0000      30410          6  0.000e+00
    140.075    139.252      98.51    19.0997    19.1134   4.733767   4.734806    35.2259    35.2229     2.7918     0.0756 3.6815e-04     0.5258     0.1045     0.0167    97.4205    99.5838     1.9202     4.6056     4.6764     1.9194     0.1734     0.0720     0.0781     4.9255     0.0000      30411          6  0.000e+00
    140.053    139.230      98.51    19.1045    19.1122   4.734128   4.734720    35.2248    35.2232     2.7919     0.0756 3.6815e-04     0.5258     0.1045     0.0167    97.4205    99.5838     1.9202     4.6056     4.6764     1.9194     0.1734     0.0720     0.0781     4.9255     0.0000      30412          6  0.000e+00
    140.075    139.252      98.51    19.1085    19.1110   4.734411   4.734576    35.2238    35.2231     2.7948     0.0756 3.6455e-04     0.5258     0.1045     0.0167    97.4205    99.5838     1.9215     4.6056     4.6764     1.9206     0.1722     0.0720     0.0781     4.9255     0.0000      30413          6  0.000e+00
    140.002    139.179      98.51    19.1117    19.1093   4.734666   4.734554    35.2232    35.2243     2.7954     0.0756 3.6815e-04     0.5258     0.1045     0.0167    97.4205    99.5838     1.9215     4.6056     4.6764     1.9206     0.1734     0.0720     0.0781     4.9255     0.0000      30414          6  0.000e+00
    140.075    139.252      98.51    19.1147    19.1081   4.734807   4.734518    35.2218    35.2250     2.7956     0.0756 3.7535e-04     0.5258     0.1045     0.0167    97.4205    99.5838     1.9215     4.6056     4.6764     1.9206     0.1758     0.0720     0.0781     4.9255     0.0000      30415          6  0.000e+00
    100.427     99.846      98.51    23.5530    23.3298   5.177294   5.156278    35.1255    35.1422     3.4005     0.1488 3.8975e-04     0.5746     0.1152     0.0303    97.1620    99.2456     2.3700     4.5934     4.6606     2.3687     0.1807     0.0769     0.0794     4.9255     0.0000      33534          7  0.000e+00
    100.478     99.897      98.51    23.5540    23.3253   5.177338   5.156427    35.1250    35.1468     3.4005     0.1488 3.8975e-04     0.5746     0.1152     0.0303    97.1620    99.2456     2.3700     4.5934     4.6606     2.3687     0.1807     0.0769     0.0794     4.9255     0.0000      33535          7  0.000e+00
    100.412     99.832      98.51    23.5549    23.3241   5.177323   5.156836    35.1242    35.1510     3.4002     0.1488 3.8975e-04     0.5746     0.1152     0.0303    97.1620    99.2456     2.3700     4.5934     4.6606     2.3687     0.1807     0.0769     0.0794     4.9255     0.0000      33536          7  0.000e+00
    100.478     99.897      98.51    23.5548    23.3279   5.177162   5.157499    35.1231    35.1531     3.4002     0.1488 3.8975e-04     0.5746     0.1152     0.0303    97.1620    99.2456     2.3700     4.5934     4.6606     2.3687     0.1807     0.0769     0.0794     4.9255     0.0000      33537          7  0.000e+00
    100.471     99.890      98.51    23.5544    23.3335   5.176838   5.158422    35.1209    35.1557     3.4000     0.1488 3.8975e-04     0.5746     0.1152     0.0303    97.1620    99.2456     2.3700     4.5934     4.6606     2.3687     0.1807     0.0769     0.0794     4.9255     0.0000      33538          7  0.000e+00
    100.427     99.846      98.51    23.5538    23.3403   5.176625   5.159569    35.1197    35.1590     3.3997     0.1488 3.9335e-04     0.5746     0.1162     0.0303    97.1362    99.2456     2.3700     4.5922     4.6606     2.3687     0.1819     0.0769     0.0794     4.9255     0.0000      33539          7  0.000e+00
