content/post/ctd18/stn008.cnv
* Sea-Bird SBE 9 Data File:
* FileName = C:\CTD Data\AGU032_IIOE2_June2018\stn008.hex
* Software Version Seasave V 7.22.5
* Temperature SN = 5966
* Conductivity SN = 4551
* Number of Bytes Per Scan = 40
* Number of Voltage Words = 5
* Number of Scans Averaged by the Deck Unit = 1
* NMEA Latitude = 06 29.37 S
* NMEA Longitude = 039 14.56 E
* NMEA UTC (Time) = Jun 19 2018 18:28:52
* NMEA baud rate = 4800
** Ship: Agulhas II
** Cruise: V032_IIOE2
** Ship Station: AM00889
** Grid number: A-8
** Latitude: 06 29.377 S
** Longitude: 039 14.567 E
** Bottom depth (m): 51.97m
** Operator: Florence and Bornwell
# nquan = 27
# nvalues = 13820                                 
# units = specified
# name 0 = prDM: Pressure, Digiquartz [db]
# name 1 = depSM: Depth [salt water, m]
# name 2 = altM: Altimeter [m]
# name 3 = t090C: Temperature [ITS-90, deg C]
# name 4 = t190C: Temperature, 2 [ITS-90, deg C]
# name 5 = c0S/m: Conductivity [S/m]
# name 6 = c1S/m: Conductivity, 2 [S/m]
# name 7 = sal00: Salinity, Practical [PSU]
# name 8 = sal11: Salinity, Practical, 2 [PSU]
# name 9 = sbeox0ML/L: Oxygen, SBE 43 [ml/l]
# name 10 = flECO-AFL: Fluorescence, WET Labs ECO-AFL/FL [mg/m^3]
# name 11 = turbWETbb0: Turbidity, WET Labs ECO BB [m^-1/sr]
# name 12 = turbWETntu0: Turbidity, WET Labs ECO [NTU]
# name 13 = CStarAt0: Beam Attenuation, WET Labs C-Star [1/m]
# name 14 = CStarAt1: Beam Attenuation, WET Labs C-Star, 2 [1/m]
# name 15 = CStarTr0: Beam Transmission, WET Labs C-Star [%]
# name 16 = CStarTr1: Beam Transmission, WET Labs C-Star, 2 [%]
# name 17 = sbeox0V: Oxygen raw, SBE 43 [V]
# name 18 = v0: Voltage 0
# name 19 = v1: Voltage 1
# name 20 = v2: Voltage 2
# name 21 = v3: Voltage 3
# name 22 = v4: Voltage 4
# name 23 = v5: Voltage 5
# name 24 = v6: Voltage 6
# name 25 = v7: Voltage 7
# name 26 = flag:  0.000e+00
# span 0 =     -0.973,     46.872                 
# span 1 =     -0.968,     46.606                 
# span 2 =       4.88,      50.53                 
# span 3 =    27.2441,    27.2649                 
# span 4 =    27.2459,    27.2640                 
# span 5 =   5.548224,   5.554940                 
# span 6 =   5.548842,   5.555202                 
# span 7 =    35.0290,    35.0569                 
# span 8 =    35.0204,    35.0592                 
# span 9 =     3.9331,     4.0280                 
# span 10 =     0.2587,     0.5701                
# span 11 = 4.1855e-04, 1.8907e-03                
# span 12 =     0.4769,     3.0654                
# span 13 =     0.1893,     0.2504                
# span 14 =     0.0905,     0.1484                
# span 15 =    93.9308,    95.3784                
# span 16 =    96.3583,    97.7629                
# span 17 =     2.8254,     2.8707                
# span 18 =     4.4408,     4.5092                
# span 19 =     4.5250,     4.5910                
# span 20 =     2.8254,     2.8706                
# span 21 =     0.1905,     0.6899                
# span 22 =     0.0842,     0.1050                
# span 23 =     0.0769,     0.1416                
# span 24 =     0.2442,     2.5263                
# span 25 =     0.0000,     0.0000                
# span 26 = 0.0000e+00, 0.0000e+00                
# interval = seconds: 0.0416667
# start_time = Jun 19 2018 18:28:52 [NMEA time, header]
# bad_flag = -9.990e-29
*END*
[from data line 323]
      3.481      3.462      46.64    27.2501    27.2537   5.549656   5.550354    35.0431    35.0454     3.9952     0.3137 4.4014e-04     0.5746     0.1969     0.0905    95.1974    97.7629     2.8620     4.5006     4.5910     2.8620     0.1978     0.0879     0.0794     2.3321     0.0000  0.000e+00
      3.511      3.491      46.64    27.2497    27.2535   5.549626   5.550324    35.0432    35.0453     3.9968     0.2954 4.4014e-04     0.5746     0.1969     0.0905    95.1974    97.7629     2.8632     4.5006     4.5910     2.8632     0.1978     0.0867     0.0794     2.3321     0.0000  0.000e+00
      3.532      3.513      46.64    27.2495    27.2537   5.549619   5.550347    35.0432    35.0453     3.9940     0.2954 4.4014e-04     0.5746     0.1969     0.0905    95.1974    97.7629     2.8620     4.5006     4.5910     2.8620     0.1978     0.0867     0.0794     2.3321     0.0000  0.000e+00
      3.511      3.491      46.64    27.2493    27.2537   5.549596   5.550362    35.0432    35.0454     3.9933     0.3137 4.4014e-04     0.5746     0.1969     0.0905    95.1974    97.7629     2.8620     4.5006     4.5910     2.8620     0.1978     0.0879     0.0794     2.3321     0.0000  0.000e+00
      3.532      3.513      46.64    27.2494    27.2537   5.549641   5.550339    35.0435    35.0452     3.9926     0.2954 4.4014e-04     0.5746     0.1969     0.0905    95.1974    97.7629     2.8620     4.5006     4.5910     2.8620     0.1978     0.0867     0.0794     2.3321     0.0000  0.000e+00
      3.481      3.462      46.62    27.2495    27.2539   5.549596   5.550354    35.0431    35.0452     3.9941     0.3137 4.4014e-04     0.5746     0.1969     0.0905    95.1974    97.7629     2.8632     4.5006     4.5910     2.8632     0.1978     0.0879     0.0794     2.3309     0.0000  0.000e+00
      3.561      3.542      46.62    27.2495    27.2533   5.549550   5.550255    35.0428    35.0449     3.9936     0.3137 4.4014e-04     0.5746     0.1969     0.0905    95.1974    97.7629     2.8632     4.5006     4.5910     2.8632     0.1978     0.0879     0.0794     2.3309     0.0000  0.000e+00
      3.532      3.513      46.62    27.2497    27.2524   5.549566   5.550185    35.0427    35.0451     3.9931     0.3137 4.4014e-04     0.5746     0.1969     0.0905    95.1974    97.7629     2.8632     4.5006     4.5910     2.8632     0.1978     0.0879     0.0794     2.3309     0.0000  0.000e+00
      3.511      3.491      46.62    27.2495    27.2519   5.549573   5.550109    35.0429    35.0450     3.9927     0.3137 4.4014e-04     0.5746     0.1969     0.0905    95.1974    97.7629     2.8632     4.5006     4.5910     2.8632     0.1978     0.0879     0.0794     2.3309     0.0000  0.000e+00
      3.532      3.513      46.62    27.2497    27.2517   5.549588   5.550047    35.0429    35.0447     3.9923     0.3137 4.4014e-04     0.5746     0.1958     0.0916    95.2233    97.7369     2.8632     4.5018     4.5897     2.8632     0.1978     0.0879     0.0794     2.3309     0.0000  0.000e+00
      3.452      3.433      46.62    27.2497    27.2517   5.549573   5.550016    35.0428    35.0445     3.9919     0.2954 4.4014e-04     0.5746     0.1947     0.0926    95.2491    97.7109     2.8632     4.5031     4.5885     2.8632     0.1978     0.0867     0.0794     2.3309     0.0000  0.000e+00
      3.532      3.513      46.62    27.2488    27.2513   5.549467   5.550032    35.0427    35.0448     3.9916     0.3137 4.4014e-04     0.5746     0.1947     0.0926    95.2491    97.7109     2.8632     4.5031     4.5885     2.8632     0.1978     0.0879     0.0794     2.3309     0.0000  0.000e+00
      3.561      3.542      46.62    27.2477    27.2504   5.549316   5.549970    35.0424    35.0450     3.9913     0.3137 4.4374e-04     0.5746     0.1936     0.0926    95.2750    97.7109     2.8632     4.5043     4.5885     2.8632     0.1990     0.0879     0.0794     2.3309     0.0000  0.000e+00
      3.481      3.462      46.62    27.2470    27.2495   5.549225   5.549955    35.0424    35.0456     3.9932     0.3137 4.4014e-04     0.5746     0.1936     0.0926    95.2750    97.7109     2.8645     4.5043     4.5885     2.8645     0.1978     0.0879     0.0794     2.3309     0.0000  0.000e+00
      3.532      3.513      46.59    27.2466    27.2488   5.549172   5.549917    35.0422    35.0459     3.9931     0.3137 4.4014e-04     0.5746     0.1936     0.0926    95.2750    97.7109     2.8645     4.5043     4.5885     2.8645     0.1978     0.0879     0.0794     2.3297     0.0000  0.000e+00
      3.510      3.491      46.59    27.2461    27.2486   5.549142   5.549840    35.0425    35.0455     3.9906     0.3137 4.7254e-04     0.5746     0.1936     0.0926    95.2750    97.7109     2.8632     4.5043     4.5885     2.8632     0.2088     0.0879     0.0794     2.3297     0.0000  0.000e+00
      3.532      3.513      46.59    27.2455    27.2490   5.549157   5.549855    35.0430    35.0453     3.9925     0.3320 5.1933e-04     0.5746     0.1936     0.0926    95.2750    97.7109     2.8645     4.5043     4.5885     2.8645     0.2247     0.0891     0.0794     2.3297     0.0000  0.000e+00
      3.452      3.433      46.59    27.2452    27.2493   5.549195   5.549863    35.0435    35.0451     3.9899     0.3503 5.3013e-04     0.5746     0.1947     0.0926    95.2491    97.7109     2.8632     4.5031     4.5885     2.8632     0.2283     0.0904     0.0794     2.3297     0.0000  0.000e+00
      3.532      3.513      46.59    27.2453    27.2495   5.549225   5.549894    35.0436    35.0452     3.9897     0.3686 5.3013e-04     0.5746     0.1936     0.0926    95.2750    97.7109     2.8632     4.5043     4.5885     2.8632     0.2283     0.0916     0.0794     2.3297     0.0000  0.000e+00
      3.510      3.491      46.57    27.2452    27.2499   5.549210   5.549909    35.0436    35.0451     3.9892     0.3686 5.2653e-04     0.5746     0.1936     0.0926    95.2750    97.7109     2.8632     4.5043     4.5885     2.8632     0.2271     0.0916     0.0794     2.3284     0.0000  0.000e+00
      3.532      3.513      46.57    27.2457    27.2499   5.549210   5.549871    35.0432    35.0448     3.9867     0.3503 5.2653e-04     0.5746     0.1947     0.0926    95.2491    97.7109     2.8620     4.5031     4.5885     2.8620     0.2271     0.0904     0.0794     2.3284     0.0000  0.000e+00
      3.510      3.491      46.57    27.2457    27.2497   5.549255   5.549932    35.0435    35.0454     3.9862     0.3686 5.2293e-04     0.5746     0.1947     0.0926    95.2491    97.7109     2.8620     4.5031     4.5885     2.8620     0.2259     0.0916     0.0794     2.3284     0.0000  0.000e+00
      3.481      3.462      46.50    27.2457    27.2497   5.549225   5.549955    35.0433    35.0455     3.9880     0.3503 5.2653e-04     0.5746     0.1936     0.0926    95.2750    97.7109     2.8632     4.5043     4.5885     2.8632     0.2271     0.0904     0.0794     2.3248     0.0000  0.000e+00
      3.510      3.491      45.96    27.2453    27.2499   5.549210   5.549955    35.0435    35.0454     3.9855     0.3686 5.2293e-04     0.5746     0.1947     0.0926    95.2491    97.7109     2.8620     4.5031     4.5885     2.8620     0.2259     0.0916     0.0794     2.2979     0.0000  0.000e+00
      3.532      3.513      45.69    27.2453    27.2502   5.549210   5.549978    35.0435    35.0453     3.9853     0.3686 5.2653e-04     0.5746     0.1936     0.0926    95.2750    97.7109     2.8620     4.5043     4.5885     2.8620     0.2271     0.0916     0.0794     2.2845     0.0000  0.000e+00
      3.481      3.462      45.67    27.2452    27.2506   5.549225   5.549993    35.0437    35.0451     3.9851     0.3686 5.2653e-04     0.5746     0.1936     0.0926    95.2750    97.7109     2.8620     4.5043     4.5885     2.8620     0.2271     0.0916     0.0794     2.2833     0.0000  0.000e+00
      3.510      3.491      45.69    27.2452    27.2511   5.549180   5.550024    35.0434    35.0449     3.9849     0.3686 5.2653e-04     0.5746     0.1947     0.0926    95.2491    97.7109     2.8620     4.5031     4.5885     2.8620     0.2271     0.0916     0.0794     2.2845     0.0000  0.000e+00
      3.532      3.513      45.74    27.2450    27.2511   5.549195   5.550017    35.0436    35.0448     3.9848     0.3686 5.2293e-04     0.5258     0.1947     0.0926    95.2491    97.7109     2.8620     4.5031     4.5885     2.8620     0.2259     0.0916     0.0781     2.2869     0.0000  0.000e+00
      3.452      3.433      45.91    27.2452    27.2513   5.549225   5.550063    35.0437    35.0451     3.9845     0.3686 5.2653e-04     0.5746     0.1936     0.0926    95.2750    97.7109     2.8620     4.5043     4.5885     2.8620     0.2271     0.0916     0.0794     2.2955     0.0000  0.000e+00
      3.532      3.513      45.96    27.2455    27.2511   5.549248   5.550017    35.0436    35.0448     3.9844     0.3503 5.2653e-04     0.5746     0.1947     0.0926    95.2491    97.7109     2.8620     4.5031     4.5885     2.8620     0.2271     0.0904     0.0794     2.2979     0.0000  0.000e+00
      3.510      3.491      45.96    27.2457    27.2513   5.549392   5.549993    35.0445    35.0446     3.9843     0.3686 5.2653e-04     0.5746     0.1980     0.0948    95.1716    97.6589     2.8620     4.4994     4.5861     2.8620     0.2271     0.0916     0.0794     2.2979     0.0000  0.000e+00
      3.481      3.462      45.98    27.2461    27.2511   5.549588   5.549993    35.0456    35.0447     3.9843     0.3686 5.2653e-04     0.5746     0.1990     0.0958    95.1457    97.6328     2.8620     4.4982     4.5849     2.8620     0.2271     0.0916     0.0794     2.2991     0.0000  0.000e+00
      3.510      3.491      46.01    27.2468    27.2506   5.549619   5.549932    35.0453    35.0447     3.9844     0.3686 5.2293e-04     0.5746     0.2001     0.0958    95.1199    97.6328     2.8620     4.4969     4.5849     2.8620     0.2259     0.0916     0.0794     2.3004     0.0000  0.000e+00
      3.481      3.462      46.11    27.2473    27.2506   5.549619   5.549909    35.0449    35.0445     3.9845     0.3686 5.2653e-04     0.5746     0.2001     0.0958    95.1199    97.6328     2.8620     4.4969     4.5849     2.8620     0.2271     0.0916     0.0794     2.3053     0.0000  0.000e+00
      3.372      3.353      46.13    27.2475    27.2504   5.549770   5.549940    35.0459    35.0449     3.9847     0.3503 5.2653e-04     0.5746     0.2001     0.0958    95.1199    97.6328     2.8620     4.4969     4.5849     2.8620     0.2271     0.0904     0.0794     2.3065     0.0000  0.000e+00
      3.620      3.599      46.11    27.2490    27.2508   5.549974   5.549917    35.0461    35.0444     3.9849     0.3686 5.2293e-04     0.5746     0.2001     0.0958    95.1199    97.6328     2.8620     4.4969     4.5849     2.8620     0.2259     0.0916     0.0794     2.3053     0.0000  0.000e+00
      3.481      3.462      46.11    27.2504    27.2504   5.550126   5.549909    35.0462    35.0447     3.9850     0.3686 5.2653e-04     0.5746     0.2001     0.0958    95.1199    97.6328     2.8620     4.4969     4.5849     2.8620     0.2271     0.0916     0.0794     2.3053     0.0000  0.000e+00
      3.510      3.491      46.15    27.2517    27.2499   5.550209   5.549909    35.0458    35.0451     3.9875     0.3686 5.2653e-04     0.5746     0.2001     0.0958    95.1199    97.6328     2.8632     4.4969     4.5849     2.8632     0.2271     0.0916     0.0794     2.3077     0.0000  0.000e+00
      3.481      3.462      46.23    27.2526    27.2493   5.550277   5.549878    35.0456    35.0452     3.9879     0.3686 5.2653e-04     0.5746     0.2001     0.0958    95.1199    97.6328     2.8632     4.4969     4.5849     2.8632     0.2271     0.0916     0.0794     2.3114     0.0000  0.000e+00
      3.510      3.491      46.23    27.2535    27.2493   5.550368   5.549825    35.0456    35.0449     3.9883     0.3686 5.2293e-04     0.5746     0.2001     0.0958    95.1199    97.6328     2.8632     4.4969     4.5849     2.8632     0.2259     0.0916     0.0794     2.3114     0.0000  0.000e+00
      3.481      3.462      46.25    27.2544    27.2490   5.550390   5.549848    35.0451    35.0453     3.9888     0.3686 5.2653e-04     0.5746     0.1990     0.0958    95.1457    97.6328     2.8632     4.4982     4.5849     2.8632     0.2271     0.0916     0.0794     2.3126     0.0000  0.000e+00
      3.510      3.491      46.23    27.2551    27.2484   5.550443   5.549863    35.0449    35.0458     3.9916     0.3686 5.0853e-04     0.5746     0.2001     0.0958    95.1199    97.6328     2.8645     4.4969     4.5849     2.8645     0.2210     0.0916     0.0794     2.3114     0.0000  0.000e+00
      3.481      3.462      46.28    27.2557    27.2480   5.550406   5.549794    35.0442    35.0456     3.9921     0.3503 4.8334e-04     0.5258     0.2001     0.0958    95.1199    97.6328     2.8645     4.4969     4.5849     2.8645     0.2125     0.0904     0.0781     2.3138     0.0000  0.000e+00
      3.452      3.433      46.30    27.2558    27.2482   5.550390   5.549771    35.0440    35.0453     3.9904     0.3503 4.7974e-04     0.5258     0.1990     0.0958    95.1457    97.6328     2.8632     4.4982     4.5849     2.8632     0.2112     0.0904     0.0781     2.3150     0.0000  0.000e+00
      3.532      3.513      46.30    27.2555    27.2482   5.550269   5.549778    35.0434    35.0453     3.9931     0.3503 4.7614e-04     0.5258     0.2001     0.0958    95.1199    97.6328     2.8645     4.4969     4.5849     2.8645     0.2100     0.0904     0.0781     2.3150     0.0000  0.000e+00
      3.481      3.462      46.30    27.2553    27.2482   5.550209   5.549771    35.0431    35.0453     3.9934     0.3503 4.7614e-04     0.5258     0.2001     0.0958    95.1199    97.6328     2.8645     4.4969     4.5849     2.8645     0.2100     0.0904     0.0781     2.3150     0.0000  0.000e+00
      3.452      3.433      46.30    27.2546    27.2482   5.550103   5.549771    35.0429    35.0453     3.9938     0.3503 4.8334e-04     0.5258     0.2001     0.0958    95.1199    97.6328     2.8645     4.4969     4.5849     2.8645     0.2125     0.0904     0.0781     2.3150     0.0000  0.000e+00
      3.481      3.462      46.30    27.2535    27.2479   5.549914   5.549732    35.0424    35.0453     3.9942     0.3503 4.7974e-04     0.5258     0.2001     0.0958    95.1199    97.6328     2.8645     4.4969     4.5849     2.8645     0.2112     0.0904     0.0781     2.3150     0.0000  0.000e+00
      3.510      3.491      46.30    27.2524    27.2477   5.549815   5.549686    35.0425    35.0451     3.9921     0.3503 4.7974e-04     0.5258     0.2001     0.0958    95.1199    97.6328     2.8632     4.4969     4.5849     2.8632     0.2112     0.0904     0.0781     2.3150     0.0000  0.000e+00
      3.481      3.462      46.30    27.2517    27.2479   5.549830   5.549709    35.0431    35.0452     3.9942     0.3503 4.7614e-04     0.5258     0.2001     0.0958    95.1199    97.6328     2.8645     4.4969     4.5849     2.8645     0.2100     0.0904     0.0781     2.3150     0.0000  0.000e+00
      3.452      3.433      46.30    27.2515    27.2477   5.549846   5.549732    35.0434    35.0454     3.9945     0.3503 4.7974e-04     0.5258     0.1969     0.0958    95.1974    97.6328     2.8645     4.5006     4.5849     2.8645     0.2112     0.0904     0.0781     2.3150     0.0000  0.000e+00
      3.481      3.462      46.32    27.2519    27.2475   5.549861   5.549725    35.0432    35.0455     3.9946     0.3503 4.7974e-04     0.5258     0.1947     0.0958    95.2491    97.6328     2.8645     4.5031     4.5849     2.8645     0.2112     0.0904     0.0781     2.3162     0.0000  0.000e+00
