content/post/ctd18/stn004.ros
* Sea-Bird SBE 9 Data File:
* FileName = C:\CTD Data\AGU032_IIOE2_June2018\stn004.hex
* Software Version Seasave V 7.22.5
* Temperature SN = 5966
* Conductivity SN = 4551
* Number of Bytes Per Scan = 40
* Number of Voltage Words = 5
* Number of Scans Averaged by the Deck Unit = 1
* NMEA Latitude = 05 42.84 S
* NMEA Longitude = 039 06.57 E
* NMEA UTC (Time) = Jun 19 2018 00:03:26
* NMEA baud rate = 4800
** Ship: Agulhas II
** Cruise: V032_IIOE2
** Ship Station: AM00885
** Grid number: A-4
** Latitude: 05 42.848 S
** Longitude: 039 06.579 E
** Bottom depth (m): 70.08m
** Operator: Darrell and Hassan
# nquan = 29
# nvalues = 539                                   
# units = specified
# name 0 = prDM: Pressure, Digiquartz [db]
# name 1 = depSM: Depth [salt water, m]
# name 2 = altM: Altimeter [m]
# name 3 = t090C: Temperature [ITS-90, deg C]
# name 4 = t190C: Temperature, 2 [ITS-90, deg C]
# name 5 = c0S/m: Conductivity [S/m]
# name 6 = c1S/m: Conductivity, 2 [S/m]
# name 7 = sal00: Salinity, Practical [PSU]
# name 8 = sal11: Salinity, Practical, 2 [PSU]
# name 9 = sbeox0ML/L: Oxygen, SBE 43 [ml/l]
# name 10 = flECO-AFL: Fluorescence, WET Labs ECO-AFL/FL [mg/m^3]
# name 11 = turbWETbb0: Turbidity, WET Labs ECO BB [m^-1/sr]
# name 12 = turbWETntu0: Turbidity, WET Labs ECO [NTU]
# name 13 = CStarAt0: Beam Attenuation, WET Labs C-Star [1/m]
# name 14 = CStarAt1: Beam Attenuation, WET Labs C-Star, 2 [1/m]
# name 15 = CStarTr0: Beam Transmission, WET Labs C-Star [%]
# name 16 = CStarTr1: Beam Transmission, WET Labs C-Star, 2 [%]
# name 17 = sbeox0V: Oxygen raw, SBE 43 [V]
# name 18 = v0: Voltage 0
# name 19 = v1: Voltage 1
# name 20 = v2: Voltage 2
# name 21 = v3: Voltage 3
# name 22 = v4: Voltage 4
# name 23 = v5: Voltage 5
# name 24 = v6: Voltage 6
# name 25 = v7: Voltage 7
# name 26 = scan: Scan Count
# name 27 = nbf: Bottles Fired
# name 28 = flag:  0.000e+00
# interval = seconds: 0.0416667
# start_time = Jun 19 2018 00:03:26 [NMEA time, header]
# bad_flag = -9.990e-29
*END*
[from data line 451]
      2.438      2.424      65.62    27.0110    27.0096   5.514438   5.514620    34.9723    34.9746     3.9737     0.4419 4.6174e-04     0.5746     0.2143     0.1118    94.7838    97.2427     2.8475     4.4811     4.5665     2.8474     0.2051     0.0965     0.0794     3.2808     0.0000      12847         10  0.000e+00
      2.467      2.453      65.59    27.0113    27.0098   5.514453   5.514605    34.9722    34.9744     3.9745     0.4419 4.6174e-04     0.5746     0.2143     0.1118    94.7838    97.2427     2.8475     4.4811     4.5665     2.8474     0.2051     0.0965     0.0794     3.2796     0.0000      12848         10  0.000e+00
      2.380      2.367      65.59    27.0110    27.0094   5.514453   5.514574    34.9724    34.9745     3.9753     0.4419 4.6174e-04     0.5746     0.2143     0.1118    94.7838    97.2427     2.8475     4.4811     4.5665     2.8474     0.2051     0.0965     0.0794     3.2796     0.0000      12849         10  0.000e+00
      2.489      2.475      65.59    27.0111    27.0096   5.514453   5.514559    34.9723    34.9742     3.9764     0.4419 4.6174e-04     0.5746     0.2154     0.1118    94.7580    97.2427     2.8475     4.4799     4.5665     2.8474     0.2051     0.0965     0.0794     3.2796     0.0000      12850         10  0.000e+00
      2.409      2.396      65.59    27.0111    27.0098   5.514415   5.514597    34.9721    34.9744     3.9772     0.4419 4.5814e-04     0.5746     0.2154     0.1118    94.7580    97.2427     2.8475     4.4799     4.5665     2.8474     0.2039     0.0965     0.0794     3.2796     0.0000      12851         10  0.000e+00
      2.438      2.424      65.59    27.0110    27.0094   5.514438   5.514605    34.9723    34.9747     3.9782     0.4419 4.6174e-04     0.5746     0.2154     0.1118    94.7580    97.2427     2.8475     4.4799     4.5665     2.8474     0.2051     0.0965     0.0794     3.2796     0.0000      12852         10  0.000e+00
      2.409      2.396      65.59    27.0109    27.0096   5.514453   5.514566    34.9725    34.9743     3.9791     0.4419 4.6174e-04     0.5746     0.2154     0.1118    94.7580    97.2427     2.8475     4.4799     4.5665     2.8474     0.2051     0.0965     0.0794     3.2796     0.0000      12853         10  0.000e+00
      2.489      2.475      65.59    27.0112    27.0094   5.514453   5.514597    34.9722    34.9746     3.9775     0.4419 4.6174e-04     0.5746     0.2154     0.1118    94.7580    97.2427     2.8463     4.4799     4.5665     2.8462     0.2051     0.0965     0.0794     3.2796     0.0000      12854         10  0.000e+00
      2.380      2.367      65.59    27.0109    27.0098   5.514453   5.514605    34.9725    34.9744     3.9781     0.4419 4.6174e-04     0.5746     0.2143     0.1118    94.7838    97.2427     2.8463     4.4811     4.5665     2.8462     0.2051     0.0965     0.0794     3.2796     0.0000      12855         10  0.000e+00
      2.467      2.453      65.59    27.0111    27.0096   5.514136   5.514605    34.9701    34.9745     3.9786     0.4419 4.6534e-04     0.5746     0.2154     0.1118    94.7580    97.2427     2.8463     4.4799     4.5665     2.8462     0.2063     0.0965     0.0794     3.2796     0.0000      12856         10  0.000e+00
      2.438      2.424      65.59    27.0110    27.0094   5.511796   5.514605    34.9534    34.9747     3.9795     0.4419 4.8334e-04     0.5746     0.2143     0.1118    94.7838    97.2427     2.8463     4.4811     4.5665     2.8462     0.2125     0.0965     0.0794     3.2796     0.0000      12857         10  0.000e+00
      2.409      2.396      65.57    27.0107    27.0096   5.513540   5.514605    34.9661    34.9745     3.9797     0.4419 4.9054e-04     0.5746     0.2132     0.1118    94.8097    97.2427     2.8463     4.4823     4.5665     2.8462     0.2149     0.0965     0.0794     3.2784     0.0000      12858         10  0.000e+00
      2.489      2.475      65.59    27.0109    27.0096   5.514430   5.514566    34.9723    34.9742     3.9800     0.4419 4.9054e-04     0.5746     0.2121     0.1118    94.8355    97.2427     2.8463     4.4835     4.5665     2.8462     0.2149     0.0965     0.0794     3.2796     0.0000      12859         10  0.000e+00
      2.409      2.396      65.59    27.0107    27.0094   5.514415   5.514589    34.9724    34.9746     3.9805     0.4602 4.9054e-04     0.5746     0.2121     0.1118    94.8355    97.2427     2.8463     4.4835     4.5665     2.8462     0.2149     0.0977     0.0794     3.2796     0.0000      12860         10  0.000e+00
      2.489      2.475      65.59    27.0105    27.0096   5.514438   5.514574    34.9726    34.9743     3.9810     0.4968 4.9054e-04     0.6234     0.2121     0.1129    94.8355    97.2167     2.8463     4.4835     4.5653     2.8462     0.2149     0.1001     0.0806     3.2796     0.0000      12861         10  0.000e+00
      2.438      2.424      65.62    27.0109    27.0096   5.514415   5.514559    34.9722    34.9742     3.9815     0.4968 4.9054e-04     0.6234     0.2121     0.1140    94.8355    97.1906     2.8463     4.4835     4.5641     2.8462     0.2149     0.1001     0.0806     3.2808     0.0000      12862         10  0.000e+00
      2.467      2.453      65.64    27.0107    27.0094   5.514438   5.514559    34.9725    34.9743     3.9818     0.4968 4.9054e-04     0.6234     0.2132     0.1140    94.8097    97.1906     2.8463     4.4823     4.5641     2.8462     0.2149     0.1001     0.0806     3.2821     0.0000      12863         10  0.000e+00
      2.438      2.424      65.64    27.0109    27.0094   5.514415   5.514589    34.9722    34.9746     3.9844     0.4968 4.9054e-04     0.5746     0.2121     0.1140    94.8355    97.1906     2.8475     4.4835     4.5641     2.8474     0.2149     0.1001     0.0794     3.2821     0.0000      12864         10  0.000e+00
      2.467      2.453      65.64    27.0105    27.0094   5.514408   5.514574    34.9724    34.9744     3.9849     0.4968 4.9054e-04     0.5746     0.2121     0.1129    94.8355    97.2167     2.8475     4.4835     4.5653     2.8474     0.2149     0.1001     0.0794     3.2821     0.0000      12865         10  0.000e+00
      2.438      2.424      65.64    27.0109    27.0093   5.514438   5.514589    34.9724    34.9747     3.9856     0.4968 4.9054e-04     0.5746     0.2121     0.1140    94.8355    97.1906     2.8475     4.4835     4.5641     2.8474     0.2149     0.1001     0.0794     3.2821     0.0000      12866         10  0.000e+00
      2.489      2.475      65.64    27.0107    27.0096   5.514415   5.514566    34.9724    34.9742     3.9861     0.4968 4.9054e-04     0.5746     0.2121     0.1140    94.8355    97.1906     2.8475     4.4835     4.5641     2.8474     0.2149     0.1001     0.0794     3.2821     0.0000      12867         10  0.000e+00
      2.467      2.453      65.64    27.0109    27.0094   5.514370   5.514597    34.9719    34.9746     3.9891     0.4968 4.9054e-04     0.6234     0.2121     0.1129    94.8355    97.2167     2.8487     4.4835     4.5653     2.8486     0.2149     0.1001     0.0806     3.2821     0.0000      12868         10  0.000e+00
      2.438      2.424      65.64    27.0107    27.0096   5.514423   5.514605    34.9724    34.9745     3.9875     0.4968 4.9054e-04     0.6234     0.2121     0.1140    94.8355    97.1906     2.8475     4.4835     4.5641     2.8474     0.2149     0.1001     0.0806     3.2821     0.0000      12869         10  0.000e+00
      2.467      2.453      65.64    27.0105    27.0098   5.514446   5.514605    34.9727    34.9744     3.9880     0.4968 4.9054e-04     0.5746     0.2132     0.1140    94.8097    97.1906     2.8475     4.4823     4.5641     2.8474     0.2149     0.1001     0.0794     3.2821     0.0000      12870         10  0.000e+00
      2.489      2.475      65.64    27.0109    27.0096   5.514453   5.514635    34.9725    34.9747     3.9907     0.4968 4.9054e-04     0.5746     0.2121     0.1140    94.8355    97.1906     2.8487     4.4835     4.5641     2.8486     0.2149     0.1001     0.0794     3.2821     0.0000      12871         10  0.000e+00
      2.467      2.453      65.64    27.0109    27.0098   5.514415   5.514620    34.9722    34.9745     3.9913     0.4968 4.9054e-04     0.5746     0.2121     0.1140    94.8355    97.1906     2.8487     4.4835     4.5641     2.8486     0.2149     0.1001     0.0794     3.2821     0.0000      12872         10  0.000e+00
      2.489      2.475      65.64    27.0109    27.0098   5.514408   5.514605    34.9722    34.9744     3.9918     0.4968 4.9054e-04     0.5746     0.2121     0.1140    94.8355    97.1906     2.8487     4.4835     4.5641     2.8486     0.2149     0.1001     0.0794     3.2821     0.0000      12873         10  0.000e+00
      2.489      2.475      65.64    27.0109    27.0100   5.514438   5.514635    34.9724    34.9745     3.9922     0.4968 4.9054e-04     0.6234     0.2121     0.1140    94.8355    97.1906     2.8487     4.4835     4.5641     2.8486     0.2149     0.1001     0.0806     3.2821     0.0000      12874         10  0.000e+00
      2.467      2.453      65.64    27.0109    27.0100   5.514453   5.514620    34.9725    34.9744     3.9923     0.4968 4.9414e-04     0.6234     0.2121     0.1140    94.8355    97.1906     2.8487     4.4835     4.5641     2.8486     0.2161     0.1001     0.0806     3.2821     0.0000      12875         10  0.000e+00
      2.489      2.475      65.64    27.0110    27.0098   5.514415   5.514635    34.9721    34.9746     3.9922     0.4968 4.9054e-04     0.5746     0.2121     0.1140    94.8355    97.1906     2.8487     4.4835     4.5641     2.8486     0.2149     0.1001     0.0794     3.2821     0.0000      12876         10  0.000e+00
      2.467      2.453      67.79    27.0111    27.0102   5.514438   5.514651    34.9722    34.9744     3.9943     0.4968 4.9054e-04     0.5746     0.2132     0.1140    94.8097    97.1906     2.8500     4.4823     4.5641     2.8498     0.2149     0.1001     0.0794     3.3895     0.0000      12877         10  0.000e+00
      2.489      2.475      88.42    27.0109    27.0100   5.514415   5.514651    34.9722    34.9746     3.9943     0.4785 4.9054e-04     0.6234     0.2176     0.1140    94.7063    97.1906     2.8500     4.4774     4.5641     2.8498     0.2149     0.0989     0.0806     4.4212     0.0000      12878         10  0.000e+00
      2.489      2.475      98.88    27.0109    27.0100   5.514438   5.514651    34.9724    34.9746     3.9943     0.4785 4.9414e-04     0.5746     0.2187     0.1140    94.6804    97.1906     2.8500     4.4762     4.5641     2.8498     0.2161     0.0989     0.0794     4.9438     0.0000      12879         10  0.000e+00
      2.518      2.504      99.37    27.0109    27.0102   5.514415   5.514612    34.9722    34.9741     3.9942     0.4785 4.9054e-04     0.5746     0.2197     0.1140    94.6546    97.1906     2.8500     4.4750     4.5641     2.8498     0.2149     0.0989     0.0794     4.9683     0.0000      12880         10  0.000e+00
      2.489      2.475      98.93    27.0110    27.0102   5.514408   5.514674    34.9721    34.9746     3.9940     0.4785 4.9054e-04     0.5746     0.2197     0.1151    94.6546    97.1646     2.8500     4.4750     4.5629     2.8498     0.2149     0.0989     0.0794     4.9463     0.0000      12881         10  0.000e+00
      2.467      2.453      98.49    27.0109    27.0102   5.514408   5.514696    34.9722    34.9748     3.9938     0.4785 4.9774e-04     0.6234     0.2187     0.1151    94.6804    97.1646     2.8500     4.4762     4.5629     2.8498     0.2173     0.0989     0.0806     4.9243     0.0000      12882         10  0.000e+00
      2.489      2.475      98.46    27.0109    27.0104   5.514430   5.514658    34.9723    34.9743     3.9935     0.4785 5.1213e-04     0.5746     0.2187     0.1151    94.6804    97.1646     2.8500     4.4762     4.5629     2.8498     0.2222     0.0989     0.0794     4.9231     0.0000      12883         10  0.000e+00
      2.518      2.504      98.51    27.0110    27.0104   5.514415   5.514689    34.9721    34.9746     3.9932     0.4785 5.1933e-04     0.6234     0.2197     0.1151    94.6546    97.1646     2.8500     4.4750     4.5629     2.8498     0.2247     0.0989     0.0806     4.9255     0.0000      12884         10  0.000e+00
      2.438      2.424      98.51    27.0107    27.0105   5.514438   5.514696    34.9725    34.9745     3.9951     0.4785 5.1933e-04     0.5746     0.2197     0.1151    94.6546    97.1646     2.8512     4.4750     4.5629     2.8510     0.2247     0.0989     0.0794     4.9255     0.0000      12885         10  0.000e+00
      2.467      2.453      64.69    27.0124    27.0115   5.514589   5.514842    34.9723    34.9748     3.9868     0.4785 5.4093e-04     0.5746     0.2165     0.1161    94.7321    97.1386     2.8487     4.4786     4.5617     2.8486     0.2320     0.0989     0.0794     3.2344     0.0000      13021         11  0.000e+00
      2.438      2.424      64.69    27.0123    27.0111   5.514619   5.514773    34.9726    34.9746     3.9860     0.4785 5.4453e-04     0.5746     0.2165     0.1140    94.7321    97.1906     2.8487     4.4786     4.5641     2.8486     0.2332     0.0989     0.0794     3.2344     0.0000      13022         11  0.000e+00
      2.467      2.453      64.69    27.0124    27.0112   5.514566   5.514712    34.9722    34.9741     3.9853     0.4785 5.4453e-04     0.5746     0.2165     0.1108    94.7321    97.2687     2.8487     4.4786     4.5678     2.8486     0.2332     0.0989     0.0794     3.2344     0.0000      13023         11  0.000e+00
      2.380      2.366      64.69    27.0121    27.0112   5.514574   5.514727    34.9725    34.9742     3.9844     0.4785 5.4813e-04     0.5746     0.2154     0.1097    94.7580    97.2947     2.8487     4.4799     4.5690     2.8486     0.2344     0.0989     0.0794     3.2344     0.0000      13024         11  0.000e+00
      2.467      2.453      64.71    27.0124    27.0111   5.514619   5.514742    34.9726    34.9744     3.9814     0.4785 5.4453e-04     0.5746     0.2165     0.1097    94.7321    97.2947     2.8475     4.4786     4.5690     2.8474     0.2332     0.0989     0.0794     3.2357     0.0000      13025         11  0.000e+00
      2.438      2.424      64.86    27.0122    27.0111   5.514596   5.514781    34.9725    34.9747     3.9804     0.4785 5.4453e-04     0.5746     0.2165     0.1097    94.7321    97.2947     2.8475     4.4786     4.5690     2.8474     0.2332     0.0989     0.0794     3.2430     0.0000      13026         11  0.000e+00
      2.438      2.424      64.91    27.0123    27.0111   5.514612   5.514788    34.9726    34.9747     3.9796     0.4785 5.4093e-04     0.5746     0.2165     0.1108    94.7321    97.2687     2.8475     4.4786     4.5678     2.8474     0.2320     0.0989     0.0794     3.2454     0.0000      13027         11  0.000e+00
      2.467      2.453      64.91    27.0122    27.0112   5.514596   5.514758    34.9725    34.9744     3.9788     0.4785 5.4453e-04     0.5746     0.2165     0.1108    94.7321    97.2687     2.8475     4.4786     4.5678     2.8474     0.2332     0.0989     0.0794     3.2454     0.0000      13028         11  0.000e+00
      2.438      2.424      64.91    27.0123    27.0112   5.514619   5.514742    34.9726    34.9743     3.9780     0.4785 5.4453e-04     0.5746     0.2154     0.1108    94.7580    97.2687     2.8475     4.4799     4.5678     2.8474     0.2332     0.0989     0.0794     3.2454     0.0000      13029         11  0.000e+00
      2.409      2.395      64.96    27.0122    27.0113   5.514596   5.514781    34.9726    34.9746     3.9752     0.4785 5.4453e-04     0.5746     0.2165     0.1097    94.7321    97.2947     2.8463     4.4786     4.5690     2.8462     0.2332     0.0989     0.0794     3.2479     0.0000      13030         11  0.000e+00
