content/post/ctd18/stn006.ros
* Sea-Bird SBE 9 Data File:
* FileName = C:\CTD Data\AGU032_IIOE2_June2018\stn006.hex
* Software Version Seasave V 7.22.5
* Temperature SN = 5966
* Conductivity SN = 4551
* Number of Bytes Per Scan = 40
* Number of Voltage Words = 5
* Number of Scans Averaged by the Deck Unit = 1
* NMEA Latitude = 06 08.13 S
* NMEA Longitude = 038 59.54 E
* NMEA UTC (Time) = Jun 19 2018 09:54:46
* NMEA baud rate = 4800
** Ship: Agulhas II
** Cruise: V032_IIOE2
** Ship Station: AM00887
** Grid number: A-6
** Latitude: 06 08.133 S
** Longitude: 38 59.549 E
** Bottom depth (m): 33.9m
** Operator: Gavin L.
# nquan = 29
# nvalues = 329                                   
# units = specified
# name 0 = prDM: Pressure, Digiquartz [db]
# name 1 = depSM: Depth [salt water, m]
# name 2 = altM: Altimeter [m]
# name 3 = t090C: Temperature [ITS-90, deg C]
# name 4 = t190C: Temperature, 2 [ITS-90, deg C]
# name 5 = c0S/m: Conductivity [S/m]
# name 6 = c1S/m: Conductivity, 2 [S/m]
# name 7 = sal00: Salinity, Practical [PSU]
# name 8 = sal11: Salinity, Practical, 2 [PSU]
# name 9 = sbeox0ML/L: Oxygen, SBE 43 [ml/l]
# name 10 = flECO-AFL: Fluorescence, WET Labs ECO-AFL/FL [mg/m^3]
# name 11 = turbWETbb0: Turbidity, WET Labs ECO BB [m^-1/sr]
# name 12 = turbWETntu0: Turbidity, WET Labs ECO [NTU]
# name 13 = CStarAt0: Beam Attenuation, WET Labs C-Star [1/m]
# name 14 = CStarAt1: Beam Attenuation, WET Labs C-Star, 2 [1/m]
# name 15 = CStarTr0: Beam Transmission, WET Labs C-Star [%]
# name 16 = CStarTr1: Beam Transmission, WET Labs C-Star, 2 [%]
# name 17 = sbeox0V: Oxygen raw, SBE 43 [V]
# name 18 = v0: Voltage 0
# name 19 = v1: Voltage 1
# name 20 = v2: Voltage 2
# name 21 = v3: Voltage 3
# name 22 = v4: Voltage 4
# name 23 = v5: Voltage 5
# name 24 = v6: Voltage 6
# name 25 = v7: Voltage 7
# name 26 = scan: Scan Count
# name 27 = nbf: Bottles Fired
# name 28 = flag:  0.000e+00
# interval = seconds: 0.0416667
# start_time = Jun 19 2018 09:54:46 [NMEA time, header]
# bad_flag = -9.990e-29
*END*
     26.988     26.836       5.45    27.3061    27.3051   5.546187   5.546449    34.9693    34.9719     3.9446     0.4968 8.4329e-04     0.8188     0.3745     0.2291    91.0615    94.4333     2.8352     4.3053     4.4347     2.8352     0.3346     0.1001     0.0855     0.2723     0.0000       2529          1  0.000e+00
     26.988     26.836       5.45    27.3057    27.3051   5.546172   5.546449    34.9695    34.9719     3.9448     0.5151 8.2169e-04     0.7700     0.3723     0.2291    91.1132    94.4333     2.8352     4.3077     4.4347     2.8352     0.3272     0.1013     0.0842     0.2723     0.0000       2530          1  0.000e+00
     26.988     26.836       5.45    27.3060    27.3049   5.546217   5.546480    34.9696    34.9722     3.9427     0.4968 8.2169e-04     0.7211     0.3723     0.2291    91.1132    94.4333     2.8340     4.3077     4.4347     2.8339     0.3272     0.1001     0.0830     0.2723     0.0000       2531          1  0.000e+00
     26.988     26.836       5.45    27.3061    27.3051   5.546217   5.546457    34.9695    34.9720     3.9428     0.5151 8.1809e-04     0.7700     0.3723     0.2291    91.1132    94.4333     2.8340     4.3077     4.4347     2.8339     0.3260     0.1013     0.0842     0.2723     0.0000       2532          1  0.000e+00
     27.097     26.945       5.45    27.3061    27.3049   5.546225   5.546434    34.9695    34.9719     3.9429     0.5151 8.2169e-04     0.7211     0.3723     0.2291    91.1132    94.4333     2.8340     4.3077     4.4347     2.8339     0.3272     0.1013     0.0830     0.2723     0.0000       2533          1  0.000e+00
     26.937     26.786       5.45    27.3060    27.3051   5.546217   5.546480    34.9696    34.9721     3.9429     0.4968 8.2169e-04     0.7211     0.3723     0.2291    91.1132    94.4333     2.8340     4.3077     4.4347     2.8339     0.3272     0.1001     0.0830     0.2723     0.0000       2534          1  0.000e+00
     27.046     26.894       5.45    27.3063    27.3049   5.546247   5.546457    34.9696    34.9721     3.9431     0.4968 8.2169e-04     0.7211     0.3723     0.2291    91.1132    94.4333     2.8340     4.3077     4.4347     2.8339     0.3272     0.1001     0.0830     0.2723     0.0000       2535          1  0.000e+00
     26.988     26.836       5.47    27.3059    27.3049   5.546202   5.546480    34.9695    34.9722     3.9433     0.5151 8.2169e-04     0.7700     0.3723     0.2302    91.1132    94.4073     2.8340     4.3077     4.4335     2.8339     0.3272     0.1013     0.0842     0.2735     0.0000       2536          1  0.000e+00
     26.988     26.836       5.45    27.3060    27.3051   5.546172   5.546495    34.9693    34.9723     3.9411     0.5151 8.2169e-04     0.7211     0.3723     0.2291    91.1132    94.4333     2.8327     4.3077     4.4347     2.8327     0.3272     0.1013     0.0830     0.2723     0.0000       2537          1  0.000e+00
     27.046     26.894       5.45    27.3063    27.3049   5.546202   5.546495    34.9692    34.9723     3.9410     0.4968 8.2169e-04     0.7700     0.3723     0.2291    91.1132    94.4333     2.8327     4.3077     4.4347     2.8327     0.3272     0.1001     0.0842     0.2723     0.0000       2538          1  0.000e+00
     26.988     26.836       5.45    27.3063    27.3051   5.546225   5.546457    34.9694    34.9720     3.9409     0.5151 8.2169e-04     0.7700     0.3723     0.2291    91.1132    94.4333     2.8327     4.3077     4.4347     2.8327     0.3272     0.1013     0.0842     0.2723     0.0000       2539          1  0.000e+00
     26.988     26.836       5.45    27.3061    27.3051   5.546217   5.546480    34.9695    34.9721     3.9408     0.4968 8.2169e-04     0.7211     0.3723     0.2291    91.1132    94.4333     2.8327     4.3077     4.4347     2.8327     0.3272     0.1001     0.0830     0.2723     0.0000       2540          1  0.000e+00
     27.046     26.894       5.45    27.3064    27.3049   5.546194   5.546495    34.9691    34.9723     3.9409     0.5151 8.2529e-04     0.7211     0.3711     0.2291    91.1390    94.4333     2.8327     4.3089     4.4347     2.8327     0.3284     0.1013     0.0830     0.2723     0.0000       2541          1  0.000e+00
     26.988     26.836       5.45    27.3061    27.3048   5.546240   5.546449    34.9697    34.9722     3.9409     0.4968 8.2169e-04     0.7211     0.3723     0.2302    91.1132    94.4073     2.8327     4.3077     4.4335     2.8327     0.3272     0.1001     0.0830     0.2723     0.0000       2542          1  0.000e+00
     26.988     26.836       5.45    27.3063    27.3051   5.546194   5.546480    34.9692    34.9721     3.9407     0.4968 8.2169e-04     0.7700     0.3723     0.2280    91.1132    94.4594     2.8327     4.3077     4.4359     2.8327     0.3272     0.1001     0.0842     0.2723     0.0000       2543          1  0.000e+00
     27.046     26.894       5.45    27.3060    27.3051   5.546179   5.546457    34.9693    34.9719     3.9407     0.4968 8.2169e-04     0.7211     0.3723     0.2247    91.1132    94.5374     2.8327     4.3077     4.4396     2.8327     0.3272     0.1001     0.0830     0.2723     0.0000       2544          1  0.000e+00
     26.988     26.836       5.45    27.3061    27.3051   5.546240   5.546480    34.9697    34.9721     3.9408     0.5151 8.2169e-04     0.7700     0.3723     0.2247    91.1132    94.5374     2.8327     4.3077     4.4396     2.8327     0.3272     0.1013     0.0842     0.2723     0.0000       2545          1  0.000e+00
     26.988     26.836       5.45    27.3061    27.3051   5.546240   5.546457    34.9697    34.9720     3.9431     0.4968 8.2169e-04     0.7211     0.3723     0.2247    91.1132    94.5374     2.8340     4.3077     4.4396     2.8339     0.3272     0.1001     0.0830     0.2723     0.0000       2546          1  0.000e+00
     27.032     26.880       5.45    27.3062    27.3049   5.546217   5.546449    34.9694    34.9720     3.9433     0.4968 8.1809e-04     0.7211     0.3723     0.2247    91.1132    94.5374     2.8340     4.3077     4.4396     2.8339     0.3260     0.1001     0.0830     0.2723     0.0000       2547          1  0.000e+00
     26.988     26.836       5.45    27.3063    27.3049   5.546217   5.546449    34.9694    34.9720     3.9437     0.5151 8.2169e-04     0.7700     0.3723     0.2247    91.1132    94.5374     2.8340     4.3077     4.4396     2.8339     0.3272     0.1013     0.0842     0.2723     0.0000       2548          1  0.000e+00
     27.046     26.894       5.45    27.3063    27.3051   5.546194   5.546449    34.9692    34.9719     3.9443     0.5151 8.2169e-04     0.7700     0.3745     0.2247    91.0615    94.5374     2.8340     4.3053     4.4396     2.8339     0.3272     0.1013     0.0842     0.2723     0.0000       2549          1  0.000e+00
     26.988     26.836       5.45    27.3060    27.3049   5.546240   5.546449    34.9697    34.9720     3.9446     0.4968 8.2169e-04     0.7211     0.3768     0.2247    91.0098    94.5374     2.8340     4.3028     4.4396     2.8339     0.3272     0.1001     0.0830     0.2723     0.0000       2550          1  0.000e+00
     26.988     26.836       5.45    27.3061    27.3049   5.546240   5.546449    34.9697    34.9720     3.9451     0.5151 8.2169e-04     0.7211     0.3768     0.2247    91.0098    94.5374     2.8340     4.3028     4.4396     2.8339     0.3272     0.1013     0.0830     0.2723     0.0000       2551          1  0.000e+00
     27.046     26.894       5.45    27.3061    27.3051   5.546217   5.546472    34.9695    34.9721     3.9455     0.4968 8.2169e-04     0.7700     0.3768     0.2247    91.0098    94.5374     2.8340     4.3028     4.4396     2.8339     0.3272     0.1001     0.0842     0.2723     0.0000       2552          1  0.000e+00
     26.988     26.836       5.45    27.3062    27.3049   5.546247   5.546487    34.9697    34.9723     3.9459     0.5151 8.1809e-04     0.7211     0.3768     0.2247    91.0098    94.5374     2.8340     4.3028     4.4396     2.8339     0.3260     0.1013     0.0830     0.2723     0.0000       2553          1  0.000e+00
     26.988     26.836       5.45    27.3061    27.3049   5.546240   5.546426    34.9697    34.9719     3.9463     0.5151 8.2169e-04     0.7211     0.3768     0.2247    91.0098    94.5374     2.8340     4.3028     4.4396     2.8339     0.3272     0.1013     0.0830     0.2723     0.0000       2554          1  0.000e+00
     27.046     26.894       5.45    27.3061    27.3049   5.546187   5.546472    34.9693    34.9722     3.9468     0.4968 8.1809e-04     0.6723     0.3768     0.2247    91.0098    94.5374     2.8340     4.3028     4.4396     2.8339     0.3260     0.1001     0.0818     0.2723     0.0000       2555          1  0.000e+00
     26.988     26.836       5.45    27.3064    27.3051   5.546240   5.546457    34.9695    34.9720     3.9470     0.5151 8.1089e-04     0.6723     0.3768     0.2247    91.0098    94.5374     2.8340     4.3028     4.4396     2.8339     0.3236     0.1013     0.0818     0.2723     0.0000       2556          1  0.000e+00
     27.046     26.894       5.45    27.3061    27.3051   5.546202   5.546480    34.9694    34.9721     3.9473     0.4968 8.1449e-04     0.6234     0.3768     0.2247    91.0098    94.5374     2.8340     4.3028     4.4396     2.8339     0.3248     0.1001     0.0806     0.2723     0.0000       2557          1  0.000e+00
     26.988     26.836       5.45    27.3061    27.3052   5.546209   5.546495    34.9694    34.9721     3.9476     0.5151 8.1449e-04     0.6234     0.3768     0.2247    91.0098    94.5374     2.8340     4.3028     4.4396     2.8339     0.3248     0.1013     0.0806     0.2723     0.0000       2558          1  0.000e+00
     26.988     26.836       5.45    27.3061    27.3049   5.546194   5.546495    34.9693    34.9723     3.9479     0.4968 8.1089e-04     0.6234     0.3768     0.2247    91.0098    94.5374     2.8340     4.3028     4.4396     2.8339     0.3236     0.1001     0.0806     0.2723     0.0000       2559          1  0.000e+00
     27.046     26.894       5.45    27.3060    27.3053   5.546240   5.546495    34.9697    34.9721     3.9481     0.5151 8.1449e-04     0.6234     0.3768     0.2247    91.0098    94.5374     2.8340     4.3028     4.4396     2.8339     0.3248     0.1013     0.0806     0.2723     0.0000       2560          1  0.000e+00
     26.988     26.836       5.45    27.3061    27.3051   5.546225   5.546457    34.9696    34.9720     3.9481     0.4968 8.1449e-04     0.6723     0.3768     0.2247    91.0098    94.5374     2.8340     4.3028     4.4396     2.8339     0.3248     0.1001     0.0818     0.2723     0.0000       2561          1  0.000e+00
     27.046     26.894       5.45    27.3061    27.3051   5.546225   5.546503    34.9695    34.9723     3.9483     0.5151 8.1449e-04     0.6723     0.3768     0.2247    91.0098    94.5374     2.8340     4.3028     4.4396     2.8339     0.3248     0.1013     0.0818     0.2723     0.0000       2562          1  0.000e+00
     26.937     26.786       5.45    27.3064    27.3051   5.546217   5.546464    34.9693    34.9720     3.9484     0.4968 8.1449e-04     0.6723     0.3768     0.2258    91.0098    94.5114     2.8340     4.3028     4.4383     2.8339     0.3248     0.1001     0.0818     0.2723     0.0000       2563          1  0.000e+00
     27.046     26.894       5.45    27.3063    27.3051   5.546225   5.546449    34.9694    34.9719     3.9486     0.4968 8.1449e-04     0.6234     0.3768     0.2280    91.0098    94.4594     2.8340     4.3028     4.4359     2.8339     0.3248     0.1001     0.0806     0.2723     0.0000       2564          1  0.000e+00
     27.046     26.894       5.45    27.3061    27.3051   5.546217   5.546449    34.9695    34.9719     3.9487     0.4968 8.1449e-04     0.6234     0.3768     0.2280    91.0098    94.4594     2.8340     4.3028     4.4359     2.8339     0.3248     0.1001     0.0806     0.2723     0.0000       2565          1  0.000e+00
     26.988     26.836       5.45    27.3062    27.3051   5.546179   5.546449    34.9692    34.9719     3.9489     0.5151 8.1449e-04     0.6234     0.3768     0.2280    91.0098    94.4594     2.8340     4.3028     4.4359     2.8339     0.3248     0.1013     0.0806     0.2723     0.0000       2566          1  0.000e+00
     27.046     26.894       5.45    27.3063    27.3051   5.546217   5.546449    34.9693    34.9719     3.9491     0.5151 8.1449e-04     0.6234     0.3768     0.2280    91.0098    94.4594     2.8340     4.3028     4.4359     2.8339     0.3248     0.1013     0.0806     0.2723     0.0000       2567          1  0.000e+00
     26.988     26.836       5.45    27.3063    27.3049   5.546217   5.546480    34.9694    34.9722     3.9492     0.4968 8.1449e-04     0.6234     0.3768     0.2280    91.0098    94.4594     2.8340     4.3028     4.4359     2.8339     0.3248     0.1001     0.0806     0.2723     0.0000       2568          1  0.000e+00
     26.988     26.836       5.45    27.3060    27.3051   5.546217   5.546495    34.9696    34.9722     3.9494     0.4968 8.1449e-04     0.6234     0.3757     0.2280    91.0356    94.4594     2.8340     4.3040     4.4359     2.8339     0.3248     0.1001     0.0806     0.2723     0.0000       2569          1  0.000e+00
     26.988     26.836       5.45    27.3064    27.3053   5.546194   5.546457    34.9691    34.9718     3.9519     0.4968 8.1449e-04     0.6234     0.3757     0.2280    91.0356    94.4594     2.8352     4.3040     4.4359     2.8352     0.3248     0.1001     0.0806     0.2723     0.0000       2570          1  0.000e+00
     27.046     26.894       5.45    27.3063    27.3051   5.546240   5.546472    34.9695    34.9721     3.9501     0.4968 8.1089e-04     0.6723     0.3757     0.2280    91.0356    94.4594     2.8340     4.3040     4.4359     2.8339     0.3236     0.1001     0.0818     0.2723     0.0000       2571          1  0.000e+00
     26.988     26.836       5.45    27.3064    27.3053   5.546202   5.546457    34.9692    34.9718     3.9525     0.5151 8.1449e-04     0.6234     0.3745     0.2280    91.0615    94.4594     2.8352     4.3053     4.4359     2.8352     0.3248     0.1013     0.0806     0.2723     0.0000       2572          1  0.000e+00
     27.046     26.894       5.45    27.3064    27.3051   5.546209   5.546449    34.9692    34.9719     3.9507     0.5151 8.1449e-04     0.6723     0.3757     0.2280    91.0356    94.4594     2.8340     4.3040     4.4359     2.8339     0.3248     0.1013     0.0818     0.2723     0.0000       2573          1  0.000e+00
     26.988     26.836       5.45    27.3063    27.3051   5.546217   5.546480    34.9694    34.9721     3.9509     0.4968 8.1449e-04     0.6234     0.3757     0.2280    91.0356    94.4594     2.8340     4.3040     4.4359     2.8339     0.3248     0.1001     0.0806     0.2723     0.0000       2574          1  0.000e+00
     26.988     26.836       5.45    27.3064    27.3049   5.546194   5.546457    34.9691    34.9721     3.9536     0.5151 8.1449e-04     0.6234     0.3745     0.2280    91.0615    94.4594     2.8352     4.3053     4.4359     2.8352     0.3248     0.1013     0.0806     0.2723     0.0000       2575          1  0.000e+00
     26.988     26.836       5.45    27.3059    27.3051   5.546172   5.546449    34.9693    34.9719     3.9541     0.4968 8.1449e-04     0.6234     0.3757     0.2280    91.0356    94.4594     2.8352     4.3040     4.4359     2.8352     0.3248     0.1001     0.0806     0.2723     0.0000       2576          1  0.000e+00
     27.046     26.894       5.45    27.3063    27.3051   5.546217   5.546449    34.9693    34.9719     3.9545     0.4968 8.1449e-04     0.6234     0.3757     0.2280    91.0356    94.4594     2.8352     4.3040     4.4359     2.8352     0.3248     0.1001     0.0806     0.2723     0.0000       2577          1  0.000e+00
     20.219     20.106      11.97    27.3040    27.3035   5.545676   5.545946    34.9693    34.9716     3.9585     0.4602 8.4689e-04     0.7700     0.3711     0.2269    91.1390    94.4854     2.8376     4.3089     4.4371     2.8376     0.3358     0.0977     0.0842     0.5983     0.0000       3666          2  0.000e+00
