content/post/ctd18/stn005.cnv
* Sea-Bird SBE 9 Data File:
* FileName = C:\CTD Data\AGU032_IIOE2_June2018\stn005.hex
* Software Version Seasave V 7.22.5
* Temperature SN = 5966
* Conductivity SN = 4551
* Number of Bytes Per Scan = 40
* Number of Voltage Words = 5
* Number of Scans Averaged by the Deck Unit = 1
* NMEA Latitude = 05 55.52 S
* NMEA Longitude = 039 04.22 E
* NMEA UTC (Time) = Jun 19 2018 05:32:23
* NMEA baud rate = 4800
** Ship: Agulhas II
** Cruise: V032_IIOE2
** Ship Station: AM00886
** Grid number: A-5
** Latitude: 05 54.980 S
** Longitude: 39 04.495 E
** Bottom depth (m): 51.06m
** Operator: Mbulelo and Siajali
# nquan = 27
# nvalues = 12458                                 
# units = specified
# name 0 = prDM: Pressure, Digiquartz [db]
# name 1 = depSM: Depth [salt water, m]
# name 2 = altM: Altimeter [m]
# name 3 = t090C: Temperature [ITS-90, deg C]
# name 4 = t190C: Temperature, 2 [ITS-90, deg C]
# name 5 = c0S/m: Conductivity [S/m]
# name 6 = c1S/m: Conductivity, 2 [S/m]
# name 7 = sal00: Salinity, Practical [PSU]
# name 8 = sal11: Salinity, Practical, 2 [PSU]
# name 9 = sbeox0ML/L: Oxygen, SBE 43 [ml/l]
# name 10 = flECO-AFL: Fluorescence, WET Labs ECO-AFL/FL [mg/m^3]
# name 11 = turbWETbb0: Turbidity, WET Labs ECO BB [m^-1/sr]
# name 12 = turbWETntu0: Turbidity, WET Labs ECO [NTU]
# name 13 = CStarAt0: Beam Attenuation, WET Labs C-Star [1/m]
# name 14 = CStarAt1: Beam Attenuation, WET Labs C-Star, 2 [1/m]
# name 15 = CStarTr0: Beam Transmission, WET Labs C-Star [%]
# name 16 = CStarTr1: Beam Transmission, WET Labs C-Star, 2 [%]
# name 17 = sbeox0V: Oxygen raw, SBE 43 [V]
# name 18 = v0: Voltage 0
# name 19 = v1: Voltage 1
# name 20 = v2: Voltage 2
# name 21 = v3: Voltage 3
# name 22 = v4: Voltage 4
# name 23 = v5: Voltage 5
# name 24 = v6: Voltage 6
# name 25 = v7: Voltage 7
# name 26 = flag:  0.000e+00
# span 0 =     -1.219,     44.307                 
# span 1 =     -1.212,     44.056                 
# span 2 =       5.76,     100.00                 
# span 3 =    25.5292,    27.2837                 
# span 4 =    25.8858,    27.2833                 
# span 5 =   0.484783,   5.553575                 
# span 6 =   0.165206,   5.553871                 
# span 7 =     2.4913,    35.0647                 
# span 8 =     0.8144,    35.0672                 
# span 9 =     2.5861,     4.6611                 
# span 10 =    -0.0709,     1.2661                
# span 11 = 4.9774e-04, 1.0418e-02                
# span 12 =     0.0862,    19.4269                
# span 13 =     0.2208,     1.2296                
# span 14 =    -0.1139,     1.4456                
# span 15 =    73.5353,    94.6287                
# span 16 =    69.6697,   102.8873                
# span 17 =     1.8267,     2.8144                
# span 18 =     3.4774,     4.4737                
# span 19 =     3.2723,     4.8315                
# span 20 =     1.8266,     2.8144                
# span 21 =     0.2173,     3.5824                
# span 22 =     0.0623,     0.1514                
# span 23 =     0.0672,     0.5507                
# span 24 =     0.2882,     5.0000                
# span 25 =     0.0000,     0.0000                
# span 26 = 0.0000e+00, 0.0000e+00                
# interval = seconds: 0.0416667
# start_time = Jun 19 2018 05:32:23 [NMEA time, header]
# bad_flag = -9.990e-29
*END*
[from data line 2631]
     33.934     33.743      15.90    27.2255    27.2248   5.550430   5.550655    35.0579    35.0600     3.7947     0.6250 9.9087e-04     0.8188     0.2781     0.1744    93.2845    95.7340     2.7460     4.4103     4.4957     2.7460     0.3846     0.1087     0.0855     0.7949     0.0000  0.000e+00
     33.934     33.743      15.90    27.2258    27.2250   5.550415   5.550686    35.0576    35.0601     3.7936     0.6067 9.9087e-04     0.7700     0.2792     0.1744    93.2587    95.7340     2.7448     4.4090     4.4957     2.7448     0.3846     0.1074     0.0842     0.7949     0.0000  0.000e+00
     34.043     33.852      15.90    27.2258    27.2252   5.550437   5.550701    35.0577    35.0600     3.7945     0.6067 9.9087e-04     0.7700     0.2781     0.1744    93.2845    95.7340     2.7448     4.4103     4.4957     2.7448     0.3846     0.1074     0.0842     0.7949     0.0000  0.000e+00
     33.985     33.794      15.82    27.2258    27.2252   5.550400   5.550701    35.0574    35.0600     3.7954     0.5884 9.9447e-04     0.8188     0.2792     0.1744    93.2587    95.7340     2.7448     4.4090     4.4957     2.7448     0.3858     0.1062     0.0855     0.7912     0.0000  0.000e+00
     34.051     33.859      15.80    27.2258    27.2254   5.550400   5.550701    35.0574    35.0599     3.7939     0.5884 9.9447e-04     0.7700     0.2792     0.1744    93.2587    95.7340     2.7436     4.4090     4.4957     2.7436     0.3858     0.1062     0.0842     0.7900     0.0000  0.000e+00
     33.985     33.794      15.80    27.2261    27.2252   5.550407   5.550701    35.0573    35.0600     3.7945     0.5884 9.9087e-04     0.7700     0.2792     0.1744    93.2587    95.7340     2.7436     4.4090     4.4957     2.7436     0.3846     0.1062     0.0842     0.7900     0.0000  0.000e+00
     34.094     33.902      15.80    27.2258    27.2254   5.550407   5.550702    35.0574    35.0599     3.7928     0.5884 9.9087e-04     0.8188     0.2792     0.1744    93.2587    95.7340     2.7424     4.4090     4.4957     2.7424     0.3846     0.1062     0.0855     0.7900     0.0000  0.000e+00
     34.043     33.852      15.78    27.2258    27.2252   5.550460   5.550725    35.0579    35.0602     3.7930     0.6067 9.9447e-04     0.7700     0.2792     0.1744    93.2587    95.7340     2.7424     4.4090     4.4957     2.7424     0.3858     0.1074     0.0842     0.7888     0.0000  0.000e+00
     34.094     33.902      15.75    27.2256    27.2252   5.550460   5.550771    35.0580    35.0605     3.7933     0.5884 9.9087e-04     0.8188     0.2781     0.1744    93.2845    95.7340     2.7424     4.4103     4.4957     2.7424     0.3846     0.1062     0.0855     0.7875     0.0000  0.000e+00
     34.094     33.902      15.73    27.2253    27.2252   5.550453   5.550648    35.0582    35.0596     3.7912     0.5884 1.0017e-03     0.8188     0.2792     0.1744    93.2587    95.7340     2.7411     4.4090     4.4957     2.7411     0.3883     0.1062     0.0855     0.7863     0.0000  0.000e+00
     34.153     33.960      15.73    27.2254    27.2250   5.550400   5.550678    35.0577    35.0600     3.7912     0.5884 1.1276e-03     0.7700     0.2792     0.1744    93.2587    95.7340     2.7411     4.4090     4.4957     2.7411     0.4310     0.1062     0.0842     0.7863     0.0000  0.000e+00
     34.043     33.852      15.73    27.2248    27.2248   5.550362   5.550671    35.0579    35.0601     3.7911     0.5884 1.1960e-03     0.8188     0.2781     0.1744    93.2845    95.7340     2.7411     4.4103     4.4957     2.7411     0.4542     0.1062     0.0855     0.7863     0.0000  0.000e+00
     34.262     34.069      15.70    27.2249    27.2247   5.550362   5.550656    35.0577    35.0600     3.7911     0.5884 1.2032e-03     0.8188     0.2747     0.1766    93.3621    95.6819     2.7411     4.4139     4.4933     2.7411     0.4567     0.1062     0.0855     0.7851     0.0000  0.000e+00
     34.204     34.011      15.65    27.2248    27.2248   5.550362   5.550655    35.0578    35.0599     3.7931     0.6067 1.1960e-03     0.7700     0.2714     0.1777    93.4396    95.6559     2.7424     4.4176     4.4921     2.7424     0.4542     0.1074     0.0842     0.7827     0.0000  0.000e+00
     34.204     34.011      15.63    27.2247    27.2246   5.550377   5.550686    35.0581    35.0603     3.7909     0.5884 1.1888e-03     0.7700     0.2714     0.1777    93.4396    95.6559     2.7411     4.4176     4.4921     2.7411     0.4518     0.1062     0.0842     0.7814     0.0000  0.000e+00
     34.262     34.069      15.63    27.2246    27.2247   5.550400   5.550663    35.0583    35.0601     3.7929     0.6067 1.1924e-03     0.7700     0.2714     0.1777    93.4396    95.6559     2.7424     4.4176     4.4921     2.7424     0.4530     0.1074     0.0842     0.7814     0.0000  0.000e+00
     34.262     34.069      15.63    27.2247    27.2246   5.550407   5.550694    35.0582    35.0603     3.7928     0.5884 1.1924e-03     0.7700     0.2714     0.1777    93.4396    95.6559     2.7424     4.4176     4.4921     2.7424     0.4530     0.1062     0.0842     0.7814     0.0000  0.000e+00
     34.203     34.011      15.60    27.2247    27.2245   5.550385   5.550632    35.0581    35.0600     3.7925     0.5884 1.1888e-03     0.7700     0.2714     0.1777    93.4396    95.6559     2.7424     4.4176     4.4921     2.7424     0.4518     0.1062     0.0842     0.7802     0.0000  0.000e+00
     34.313     34.119      15.56    27.2249    27.2243   5.550430   5.550702    35.0582    35.0606     3.7923     0.5884 1.1924e-03     0.7700     0.2714     0.1777    93.4396    95.6559     2.7424     4.4176     4.4921     2.7424     0.4530     0.1062     0.0842     0.7778     0.0000  0.000e+00
     34.320     34.127      15.53    27.2247    27.2245   5.550453   5.550671    35.0586    35.0603     3.7922     0.6067 1.1924e-03     0.7700     0.2714     0.1777    93.4396    95.6559     2.7424     4.4176     4.4921     2.7424     0.4530     0.1074     0.0842     0.7766     0.0000  0.000e+00
     34.313     34.119      15.53    27.2252    27.2243   5.550475   5.550686    35.0583    35.0605     3.7920     0.5884 1.1960e-03     0.7700     0.2714     0.1777    93.4396    95.6559     2.7424     4.4176     4.4921     2.7424     0.4542     0.1062     0.0842     0.7766     0.0000  0.000e+00
     34.364     34.170      15.53    27.2253    27.2245   5.550460   5.550633    35.0581    35.0600     3.7919     0.6067 1.1924e-03     0.7700     0.2714     0.1777    93.4396    95.6559     2.7424     4.4176     4.4921     2.7424     0.4530     0.1074     0.0842     0.7766     0.0000  0.000e+00
     34.313     34.119      15.51    27.2254    27.2245   5.550453   5.550679    35.0580    35.0603     3.7941     0.5884 1.1924e-03     0.7700     0.2714     0.1777    93.4396    95.6559     2.7436     4.4176     4.4921     2.7436     0.4530     0.1062     0.0842     0.7753     0.0000  0.000e+00
     34.364     34.170      15.46    27.2254    27.2248   5.550453   5.550702    35.0580    35.0602     3.7943     0.5884 1.1924e-03     0.7700     0.2714     0.1777    93.4396    95.6559     2.7436     4.4176     4.4921     2.7436     0.4530     0.1062     0.0842     0.7729     0.0000  0.000e+00
     34.422     34.228      15.46    27.2257    27.2248   5.550438   5.550663    35.0577    35.0599     3.7945     0.6067 1.1924e-03     0.8188     0.2714     0.1777    93.4396    95.6559     2.7436     4.4176     4.4921     2.7436     0.4530     0.1074     0.0855     0.7729     0.0000  0.000e+00
     34.422     34.228      15.46    27.2258    27.2250   5.550483   5.550686    35.0579    35.0599     3.7947     0.5884 1.1924e-03     0.7700     0.2725     0.1777    93.4138    95.6559     2.7436     4.4164     4.4921     2.7436     0.4530     0.1062     0.0842     0.7729     0.0000  0.000e+00
     34.429     34.235      15.46    27.2259    27.2252   5.550430   5.550702    35.0574    35.0599     3.7950     0.5884 1.1960e-03     0.8188     0.2714     0.1777    93.4396    95.6559     2.7436     4.4176     4.4921     2.7436     0.4542     0.1062     0.0855     0.7729     0.0000  0.000e+00
     34.422     34.228      15.41    27.2260    27.2252   5.550430   5.550732    35.0573    35.0601     3.7952     0.6067 1.1924e-03     0.8188     0.2714     0.1777    93.4396    95.6559     2.7436     4.4176     4.4921     2.7436     0.4530     0.1074     0.0855     0.7705     0.0000  0.000e+00
     34.473     34.279      15.36    27.2258    27.2252   5.550445   5.550709    35.0576    35.0599     3.7978     0.6067 1.1924e-03     0.8676     0.2714     0.1777    93.4396    95.6559     2.7448     4.4176     4.4921     2.7448     0.4530     0.1074     0.0867     0.7680     0.0000  0.000e+00
     34.531     34.337      15.36    27.2256    27.2250   5.550453   5.550702    35.0578    35.0600     3.7984     0.6067 1.1960e-03     0.9165     0.2714     0.1777    93.4396    95.6559     2.7448     4.4176     4.4921     2.7448     0.4542     0.1074     0.0879     0.7680     0.0000  0.000e+00
     34.531     34.337      15.36    27.2253    27.2250   5.550400   5.550702    35.0577    35.0600     3.7990     0.6067 1.1924e-03     0.9165     0.2714     0.1777    93.4396    95.6559     2.7448     4.4176     4.4921     2.7448     0.4530     0.1074     0.0879     0.7680     0.0000  0.000e+00
     34.473     34.279      15.36    27.2250    27.2252   5.550430   5.550702    35.0581    35.0599     3.7995     0.6067 1.1924e-03     0.9165     0.2725     0.1777    93.4138    95.6559     2.7448     4.4164     4.4921     2.7448     0.4530     0.1074     0.0879     0.7680     0.0000  0.000e+00
     34.582     34.387      15.29    27.2252    27.2252   5.550453   5.550702    35.0581    35.0598     3.8001     0.6067 1.1924e-03     0.8676     0.2792     0.1690    93.2587    95.8640     2.7448     4.4090     4.5018     2.7448     0.4530     0.1074     0.0867     0.7643     0.0000  0.000e+00
     34.364     34.170      15.26    27.2253    27.2252   5.550453   5.550763    35.0581    35.0604     3.8006     0.6067 1.1924e-03     0.9165     0.2881     0.1614    93.0519    96.0461     2.7448     4.3993     4.5104     2.7448     0.4530     0.1074     0.0879     0.7631     0.0000  0.000e+00
     34.750     34.554      15.26    27.2254    27.2250   5.550400   5.550686    35.0575    35.0598     3.8014     0.6067 1.1924e-03     0.8676     0.2903     0.1603    93.0002    96.0721     2.7448     4.3968     4.5116     2.7448     0.4530     0.1074     0.0867     0.7631     0.0000  0.000e+00
     34.633     34.438      15.26    27.2254    27.2250   5.550430   5.550656    35.0578    35.0596     3.8020     0.6067 1.1816e-03     0.9165     0.2903     0.1614    93.0002    96.0461     2.7448     4.3968     4.5104     2.7448     0.4493     0.1074     0.0879     0.7631     0.0000  0.000e+00
     34.582     34.387      14.99    27.2255    27.2248   5.550453   5.550694    35.0579    35.0601     3.8026     0.6067 1.0917e-03     0.9165     0.2892     0.1614    93.0260    96.0461     2.7448     4.3980     4.5104     2.7448     0.4188     0.1074     0.0879     0.7497     0.0000  0.000e+00
     34.691     34.496      14.48    27.2254    27.2250   5.550438   5.550733    35.0578    35.0602     3.8033     0.6067 1.0413e-03     0.9165     0.2892     0.1614    93.0260    96.0461     2.7448     4.3980     4.5104     2.7448     0.4017     0.1074     0.0879     0.7241     0.0000  0.000e+00
     34.633     34.438      14.33    27.2254    27.2248   5.550415   5.550709    35.0577    35.0602     3.8038     0.6067 1.0341e-03     0.8676     0.2892     0.1614    93.0260    96.0461     2.7448     4.3980     4.5104     2.7448     0.3993     0.1074     0.0867     0.7167     0.0000  0.000e+00
     34.633     34.438      14.33    27.2255    27.2252   5.550438   5.550702    35.0578    35.0598     3.8042     0.6067 1.0377e-03     0.9165     0.2892     0.1614    93.0260    96.0461     2.7448     4.3980     4.5104     2.7448     0.4005     0.1074     0.0879     0.7167     0.0000  0.000e+00
     34.582     34.387      14.36    27.2254    27.2250   5.550483   5.550725    35.0582    35.0602     3.8049     0.6067 1.0413e-03     0.9165     0.2892     0.1614    93.0260    96.0461     2.7448     4.3980     4.5104     2.7448     0.4017     0.1074     0.0879     0.7179     0.0000  0.000e+00
     34.859     34.662      14.41    27.2254    27.2248   5.550453   5.550740    35.0579    35.0603     3.8058     0.6067 1.0449e-03     0.9165     0.2892     0.1614    93.0260    96.0461     2.7448     4.3980     4.5104     2.7448     0.4029     0.1074     0.0879     0.7204     0.0000  0.000e+00
     34.742     34.547      14.48    27.2257    27.2249   5.550445   5.550679    35.0576    35.0599     3.8064     0.6067 1.0413e-03     0.9165     0.2892     0.1614    93.0260    96.0461     2.7448     4.3980     4.5104     2.7448     0.4017     0.1074     0.0879     0.7241     0.0000  0.000e+00
     34.742     34.546      14.51    27.2254    27.2248   5.550453   5.550717    35.0579    35.0602     3.8072     0.6067 1.0413e-03     0.9165     0.2892     0.1614    93.0260    96.0461     2.7448     4.3980     4.5104     2.7448     0.4017     0.1074     0.0879     0.7253     0.0000  0.000e+00
     34.800     34.604      14.48    27.2254    27.2246   5.550476   5.550671    35.0580    35.0600     3.8080     0.6067 1.0377e-03     0.9165     0.2892     0.1614    93.0260    96.0461     2.7448     4.3980     4.5104     2.7448     0.4005     0.1074     0.0879     0.7241     0.0000  0.000e+00
     34.742     34.546      14.48    27.2255    27.2249   5.550423   5.550717    35.0576    35.0602     3.8085     0.6067 1.0413e-03     0.9165     0.2892     0.1614    93.0260    96.0461     2.7448     4.3980     4.5104     2.7448     0.4017     0.1074     0.0879     0.7241     0.0000  0.000e+00
     34.851     34.655      14.51    27.2256    27.2246   5.550438   5.550710    35.0576    35.0603     3.8092     0.6250 1.0413e-03     0.9165     0.2892     0.1614    93.0260    96.0461     2.7448     4.3980     4.5104     2.7448     0.4017     0.1087     0.0879     0.7253     0.0000  0.000e+00
     34.800     34.604      14.53    27.2256    27.2246   5.550476   5.550740    35.0579    35.0605     3.8097     0.6067 1.0413e-03     0.9165     0.2892     0.1614    93.0260    96.0461     2.7448     4.3980     4.5104     2.7448     0.4017     0.1074     0.0879     0.7265     0.0000  0.000e+00
     34.851     34.655      14.55    27.2253    27.2246   5.550461   5.550740    35.0580    35.0605     3.8103     0.6067 1.0413e-03     0.9165     0.2892     0.1614    93.0260    96.0461     2.7448     4.3980     4.5104     2.7448     0.4017     0.1074     0.0879     0.7277     0.0000  0.000e+00
     34.910     34.713      14.55    27.2254    27.2247   5.550415   5.550710    35.0576    35.0602     3.8110     0.6067 1.0413e-03     0.9165     0.2892     0.1614    93.0260    96.0461     2.7448     4.3980     4.5104     2.7448     0.4017     0.1074     0.0879     0.7277     0.0000  0.000e+00
     34.851     34.655      14.53    27.2252    27.2245   5.550438   5.550702    35.0579    35.0603     3.8113     0.6067 1.0377e-03     0.9165     0.2892     0.1614    93.0260    96.0461     2.7448     4.3980     4.5104     2.7448     0.4005     0.1074     0.0879     0.7265     0.0000  0.000e+00
     34.910     34.713      14.55    27.2255    27.2245   5.550438   5.550725    35.0577    35.0605     3.8118     0.6067 1.0413e-03     0.9165     0.2892     0.1614    93.0260    96.0461     2.7448     4.3980     4.5104     2.7448     0.4017     0.1074     0.0879     0.7277     0.0000  0.000e+00
     34.961     34.764      14.55    27.2252    27.2245   5.550483   5.550717    35.0582    35.0604     3.8122     0.6067 1.0413e-03     0.8676     0.2947     0.1744    92.8968    95.7340     2.7448     4.3919     4.4957     2.7448     0.4017     0.1074     0.0867     0.7277     0.0000  0.000e+00
