content/post/ctd18/stn009.ros
* Sea-Bird SBE 9 Data File:
* FileName = C:\CTD Data\AGU032_IIOE2_June2018\stn009.hex
* Software Version Seasave V 7.22.5
* Temperature SN = 5966
* Conductivity SN = 4551
* Number of Bytes Per Scan = 40
* Number of Voltage Words = 5
* Number of Scans Averaged by the Deck Unit = 1
* NMEA Latitude = 06 40.31 S
* NMEA Longitude = 039 21.28 E
* NMEA UTC (Time) = Jun 19 2018 23:17:05
* NMEA baud rate = 4800
** Ship: Agulhas II
** Cruise: V032_IIOE2
** Ship Station: AM00890
** Grid number: A-9
** Latitude: 0640.313 S
** Longitude: 039 21.285E
** Bottom depth (m): 56m
** Operator: Edwin and Siajali
# nquan = 29
# nvalues = 539                                   
# units = specified
# name 0 = prDM: Pressure, Digiquartz [db]
# name 1 = depSM: Depth [salt water, m]
# name 2 = altM: Altimeter [m]
# name 3 = t090C: Temperature [ITS-90, deg C]
# name 4 = t190C: Temperature, 2 [ITS-90, deg C]
# name 5 = c0S/m: Conductivity [S/m]
# name 6 = c1S/m: Conductivity, 2 [S/m]
# name 7 = sal00: Salinity, Practical [PSU]
# name 8 = sal11: Salinity, Practical, 2 [PSU]
# name 9 = sbeox0ML/L: Oxygen, SBE 43 [ml/l]
# name 10 = flECO-AFL: Fluorescence, WET Labs ECO-AFL/FL [mg/m^3]
# name 11 = turbWETbb0: Turbidity, WET Labs ECO BB [m^-1/sr]
# name 12 = turbWETntu0: Turbidity, WET Labs ECO [NTU]
# name 13 = CStarAt0: Beam Attenuation, WET Labs C-Star [1/m]
# name 14 = CStarAt1: Beam Attenuation, WET Labs C-Star, 2 [1/m]
# name 15 = CStarTr0: Beam Transmission, WET Labs C-Star [%]
# name 16 = CStarTr1: Beam Transmission, WET Labs C-Star, 2 [%]
# name 17 = sbeox0V: Oxygen raw, SBE 43 [V]
# name 18 = v0: Voltage 0
# name 19 = v1: Voltage 1
# name 20 = v2: Voltage 2
# name 21 = v3: Voltage 3
# name 22 = v4: Voltage 4
# name 23 = v5: Voltage 5
# name 24 = v6: Voltage 6
# name 25 = v7: Voltage 7
# name 26 = scan: Scan Count
# name 27 = nbf: Bottles Fired
# name 28 = flag:  0.000e+00
# interval = seconds: 0.0416667
# start_time = Jun 19 2018 23:17:05 [NMEA time, header]
# bad_flag = -9.990e-29
*END*
[from data line 301]
     18.318     18.216      86.69    26.7193    26.7198   5.482284   5.482615    34.9572    34.9592     3.9747     0.5701 4.1495e-04     0.5258     0.1720     0.0820    95.7920    97.9710     2.8305     4.5287     4.6007     2.8303     0.1893     0.1050     0.0781     4.3346     0.0000      13714          7  0.000e+00
     18.318     18.216      86.69    26.7191    26.7196   5.482329   5.482638    34.9577    34.9595     3.9750     0.5701 4.1495e-04     0.5258     0.1720     0.0820    95.7920    97.9710     2.8305     4.5287     4.6007     2.8303     0.1893     0.1050     0.0781     4.3346     0.0000      13715          7  0.000e+00
     18.260     18.158      86.69    26.7195    26.7198   5.482344   5.482645    34.9575    34.9595     3.9730     0.5701 4.1495e-04     0.5258     0.1720     0.0820    95.7920    97.9710     2.8293     4.5287     4.6007     2.8291     0.1893     0.1050     0.0781     4.3346     0.0000      13716          7  0.000e+00
     18.318     18.216      86.69    26.7197    26.7198   5.482344   5.482607    34.9574    34.9592     3.9731     0.5701 4.1495e-04     0.5258     0.1720     0.0820    95.7920    97.9710     2.8293     4.5287     4.6007     2.8291     0.1893     0.1050     0.0781     4.3346     0.0000      13717          7  0.000e+00
     18.246     18.143      86.69    26.7199    26.7198   5.482419   5.482622    34.9578    34.9593     3.9754     0.5518 4.1495e-04     0.5258     0.1720     0.0820    95.7920    97.9710     2.8305     4.5287     4.6007     2.8303     0.1893     0.1038     0.0781     4.3346     0.0000      13718          7  0.000e+00
     18.318     18.216      86.69    26.7205    26.7196   5.482472   5.482638    34.9576    34.9595     3.9758     0.5701 4.1495e-04     0.5258     0.1720     0.0820    95.7920    97.9710     2.8305     4.5287     4.6007     2.8303     0.1893     0.1050     0.0781     4.3346     0.0000      13719          7  0.000e+00
     18.318     18.216      86.69    26.7206    26.7198   5.482412   5.482577    34.9572    34.9589     3.9762     0.5701 4.1135e-04     0.5258     0.1720     0.0820    95.7920    97.9710     2.8305     4.5287     4.6007     2.8303     0.1880     0.1050     0.0781     4.3346     0.0000      13720          7  0.000e+00
     18.260     18.158      86.69    26.7206    26.7198   5.482427   5.482584    34.9573    34.9590     3.9765     0.5701 4.1495e-04     0.5258     0.1720     0.0820    95.7920    97.9710     2.8305     4.5287     4.6007     2.8303     0.1893     0.1050     0.0781     4.3346     0.0000      13721          7  0.000e+00
     18.246     18.143      86.69    26.7207    26.7198   5.482442   5.482622    34.9573    34.9593     3.9744     0.5701 4.1495e-04     0.5258     0.1720     0.0820    95.7920    97.9710     2.8293     4.5287     4.6007     2.8291     0.1893     0.1050     0.0781     4.3346     0.0000      13722          7  0.000e+00
     18.318     18.216      86.69    26.7207    26.7198   5.482472   5.482600    34.9575    34.9591     3.9744     0.5701 4.1495e-04     0.5258     0.1720     0.0820    95.7920    97.9710     2.8293     4.5287     4.6007     2.8291     0.1893     0.1050     0.0781     4.3346     0.0000      13723          7  0.000e+00
     18.260     18.158      86.69    26.7206    26.7198   5.482442   5.482638    34.9574    34.9594     3.9744     0.5701 4.1855e-04     0.5258     0.1720     0.0820    95.7920    97.9710     2.8293     4.5287     4.6007     2.8291     0.1905     0.1050     0.0781     4.3346     0.0000      13724          7  0.000e+00
     18.260     18.158      86.69    26.7207    26.7198   5.482404   5.482569    34.9570    34.9589     3.9745     0.5518 4.1495e-04     0.5258     0.1720     0.0820    95.7920    97.9710     2.8293     4.5287     4.6007     2.8291     0.1893     0.1038     0.0781     4.3346     0.0000      13725          7  0.000e+00
     18.260     18.158      86.74    26.7204    26.7198   5.482397   5.482577    34.9572    34.9590     3.9747     0.5701 4.1495e-04     0.5258     0.1720     0.0820    95.7920    97.9710     2.8293     4.5287     4.6007     2.8291     0.1893     0.1050     0.0781     4.3370     0.0000      13726          7  0.000e+00
     18.246     18.143      86.84    26.7207    26.7200   5.482427   5.482661    34.9572    34.9595     3.9748     0.5701 4.1495e-04     0.5258     0.1730     0.0820    95.7661    97.9710     2.8293     4.5275     4.6007     2.8291     0.1893     0.1050     0.0781     4.3419     0.0000      13727          7  0.000e+00
     18.260     18.158      86.86    26.7207    26.7198   5.482464   5.482622    34.9574    34.9593     3.9749     0.5701 4.1495e-04     0.5258     0.1720     0.0820    95.7920    97.9710     2.8293     4.5287     4.6007     2.8291     0.1893     0.1050     0.0781     4.3431     0.0000      13728          7  0.000e+00
     18.260     18.158      86.86    26.7207    26.7198   5.482449   5.482561    34.9573    34.9588     3.9750     0.5701 4.1495e-04     0.5258     0.1730     0.0820    95.7661    97.9710     2.8293     4.5275     4.6007     2.8291     0.1893     0.1050     0.0781     4.3431     0.0000      13729          7  0.000e+00
     18.260     18.158      86.86    26.7206    26.7198   5.482442   5.482577    34.9574    34.9590     3.9751     0.5701 4.1495e-04     0.5258     0.1730     0.0820    95.7661    97.9710     2.8293     4.5275     4.6007     2.8291     0.1893     0.1050     0.0781     4.3431     0.0000      13730          7  0.000e+00
     18.246     18.143      86.86    26.7207    26.7196   5.482404   5.482569    34.9570    34.9590     3.9753     0.5701 4.1855e-04     0.5258     0.1730     0.0820    95.7661    97.9710     2.8293     4.5275     4.6007     2.8291     0.1905     0.1050     0.0781     4.3431     0.0000      13731          7  0.000e+00
     18.260     18.158      86.86    26.7206    26.7196   5.482397   5.482584    34.9571    34.9592     3.9754     0.5701 4.1855e-04     0.5258     0.1730     0.0820    95.7661    97.9710     2.8293     4.5275     4.6007     2.8291     0.1905     0.1050     0.0781     4.3431     0.0000      13732          7  0.000e+00
     18.260     18.158      86.86    26.7207    26.7196   5.482419   5.482523    34.9571    34.9587     3.9754     0.5518 4.1855e-04     0.5258     0.1741     0.0820    95.7403    97.9710     2.8293     4.5263     4.6007     2.8291     0.1905     0.1038     0.0781     4.3431     0.0000      13733          7  0.000e+00
     18.260     18.158      86.86    26.7207    26.7194   5.482434   5.482569    34.9572    34.9592     3.9753     0.5701 4.1855e-04     0.5258     0.1730     0.0820    95.7661    97.9710     2.8293     4.5275     4.6007     2.8291     0.1905     0.1050     0.0781     4.3431     0.0000      13734          7  0.000e+00
     18.260     18.158      86.84    26.7209    26.7193   5.482442   5.482500    34.9571    34.9588     3.9730     0.5701 4.1855e-04     0.5258     0.1730     0.0820    95.7661    97.9710     2.8281     4.5275     4.6007     2.8278     0.1905     0.1050     0.0781     4.3419     0.0000      13735          7  0.000e+00
     18.246     18.143      86.86    26.7209    26.7191   5.482404   5.482493    34.9569    34.9589     3.9751     0.5518 4.1855e-04     0.5258     0.1730     0.0820    95.7661    97.9710     2.8293     4.5275     4.6007     2.8291     0.1905     0.1038     0.0781     4.3431     0.0000      13736          7  0.000e+00
     18.260     18.158      86.86    26.7209    26.7185   5.482419   5.482500    34.9570    34.9594     3.9751     0.5701 4.1855e-04     0.5258     0.1730     0.0820    95.7661    97.9710     2.8293     4.5275     4.6007     2.8291     0.1905     0.1050     0.0781     4.3431     0.0000      13737          7  0.000e+00
     18.260     18.158      86.86    26.7209    26.7191   5.482434   5.482569    34.9571    34.9595     3.9728     0.5884 4.1495e-04     0.5258     0.1730     0.0809    95.7661    97.9970     2.8281     4.5275     4.6020     2.8278     0.1893     0.1062     0.0781     4.3431     0.0000      13738          7  0.000e+00
     18.260     18.158      86.84    26.7209    26.7193   5.482404   5.482600    34.9569    34.9595     3.9726     0.5884 4.1855e-04     0.5258     0.1730     0.0809    95.7661    97.9970     2.8281     4.5275     4.6020     2.8278     0.1905     0.1062     0.0781     4.3419     0.0000      13739          7  0.000e+00
     18.246     18.143      86.86    26.7207    26.7198   5.482427   5.482630    34.9572    34.9593     3.9724     0.5884 4.1855e-04     0.5258     0.1730     0.0809    95.7661    97.9970     2.8281     4.5275     4.6020     2.8278     0.1905     0.1062     0.0781     4.3431     0.0000      13740          7  0.000e+00
     18.260     18.158      86.91    26.7207    26.7200   5.482434   5.482638    34.9572    34.9593     3.9723     0.5884 4.1855e-04     0.5258     0.1730     0.0809    95.7661    97.9970     2.8281     4.5275     4.6020     2.8278     0.1905     0.1062     0.0781     4.3455     0.0000      13741          7  0.000e+00
     18.260     18.158      86.94    26.7209    26.7200   5.482434   5.482638    34.9571    34.9593     3.9719     0.5701 4.1855e-04     0.5258     0.1730     0.0820    95.7661    97.9710     2.8281     4.5275     4.6007     2.8278     0.1905     0.1050     0.0781     4.3468     0.0000      13742          7  0.000e+00
     18.260     18.158      86.94    26.7206    26.7201   5.482374   5.482684    34.9569    34.9595     3.9718     0.5884 4.1855e-04     0.5258     0.1730     0.0820    95.7661    97.9710     2.8281     4.5275     4.6007     2.8278     0.1905     0.1062     0.0781     4.3468     0.0000      13743          7  0.000e+00
     18.260     18.158      86.94    26.7206    26.7202   5.482419   5.482684    34.9572    34.9594     3.9715     0.5701 4.1855e-04     0.5258     0.1730     0.0809    95.7661    97.9970     2.8281     4.5275     4.6020     2.8278     0.1905     0.1050     0.0781     4.3468     0.0000      13744          7  0.000e+00
     18.297     18.194      86.94    26.7207    26.7200   5.482464   5.482684    34.9574    34.9596     3.9712     0.5701 4.2215e-04     0.5258     0.1730     0.0820    95.7661    97.9710     2.8281     4.5275     4.6007     2.8278     0.1917     0.1050     0.0781     4.3468     0.0000      13745          7  0.000e+00
     18.260     18.158      86.96    26.7209    26.7205   5.482479   5.482714    34.9574    34.9594     3.9731     0.5884 4.1855e-04     0.5258     0.1730     0.0820    95.7661    97.9710     2.8293     4.5275     4.6007     2.8291     0.1905     0.1062     0.0781     4.3480     0.0000      13746          7  0.000e+00
     18.260     18.158      86.96    26.7207    26.7205   5.482419   5.482668    34.9571    34.9591     3.9730     0.5701 4.1855e-04     0.5258     0.1741     0.0809    95.7403    97.9970     2.8293     4.5263     4.6020     2.8291     0.1905     0.1050     0.0781     4.3480     0.0000      13747          7  0.000e+00
     18.260     18.158      86.96    26.7207    26.7205   5.482427   5.482638    34.9572    34.9589     3.9706     0.5884 4.1855e-04     0.5258     0.1720     0.0809    95.7920    97.9970     2.8281     4.5287     4.6020     2.8278     0.1905     0.1062     0.0781     4.3480     0.0000      13748          7  0.000e+00
     18.297     18.194      86.96    26.7207    26.7205   5.482404   5.482638    34.9570    34.9588     3.9727     0.5884 4.1855e-04     0.5258     0.1709     0.0820    95.8178    97.9710     2.8293     4.5299     4.6007     2.8291     0.1905     0.1062     0.0781     4.3480     0.0000      13749          7  0.000e+00
     18.260     18.158      86.96    26.7207    26.7203   5.482389   5.482638    34.9569    34.9590     3.9725     0.5701 4.1855e-04     0.5258     0.1709     0.0809    95.8178    97.9970     2.8293     4.5299     4.6020     2.8291     0.1905     0.1050     0.0781     4.3480     0.0000      13750          7  0.000e+00
     18.318     18.216      86.98    26.7202    26.7203   5.482359   5.482684    34.9571    34.9593     3.9725     0.5884 4.1855e-04     0.5258     0.1709     0.0820    95.8178    97.9710     2.8293     4.5299     4.6007     2.8291     0.1905     0.1062     0.0781     4.3492     0.0000      13751          7  0.000e+00
     18.260     18.158      86.98    26.7204    26.7202   5.482382   5.482615    34.9571    34.9589     3.9726     0.5884 4.1495e-04     0.5258     0.1709     0.0820    95.8178    97.9710     2.8293     4.5299     4.6007     2.8291     0.1893     0.1062     0.0781     4.3492     0.0000      13752          7  0.000e+00
     18.318     18.216      86.98    26.7202    26.7201   5.482427   5.482661    34.9576    34.9593     3.9751     0.5884 4.1855e-04     0.5258     0.1709     0.0799    95.8178    98.0230     2.8305     4.5299     4.6032     2.8303     0.1905     0.1062     0.0781     4.3492     0.0000      13753          7  0.000e+00
     18.297     18.194      86.98    26.7204    26.7200   5.482434   5.482714    34.9575    34.9598     3.9754     0.5884 4.1855e-04     0.5258     0.1709     0.0799    95.8178    98.0230     2.8305     4.5299     4.6032     2.8303     0.1905     0.1062     0.0781     4.3492     0.0000      13754          7  0.000e+00
     18.260     18.158      86.96    26.7202    26.7203   5.482404   5.482707    34.9574    34.9595     3.9758     0.5884 4.1855e-04     0.5258     0.1709     0.0799    95.8178    98.0230     2.8305     4.5299     4.6032     2.8303     0.1905     0.1062     0.0781     4.3480     0.0000      13755          7  0.000e+00
     18.530     18.426      98.53    26.7202    26.7196   5.482419   5.482600    34.9574    34.9592     3.9803     0.4968 4.1855e-04     0.5746     0.1687     0.0809    95.8695    97.9970     2.8317     4.5324     4.6020     2.8315     0.1905     0.1001     0.0794     4.9267     0.0000      13802          8  0.000e+00
     18.573     18.469      98.51    26.7202    26.7196   5.482404   5.482600    34.9573    34.9591     3.9804     0.4968 4.1855e-04     0.5746     0.1698     0.0799    95.8437    98.0230     2.8317     4.5311     4.6032     2.8315     0.1905     0.1001     0.0794     4.9255     0.0000      13803          8  0.000e+00
     18.530     18.426      98.51    26.7204    26.7192   5.482359   5.482592    34.9569    34.9594     3.9804     0.4968 4.1855e-04     0.5746     0.1698     0.0799    95.8437    98.0230     2.8317     4.5311     4.6032     2.8315     0.1905     0.1001     0.0794     4.9255     0.0000      13804          8  0.000e+00
     18.479     18.375      98.53    26.7202    26.7195   5.482374   5.482592    34.9571    34.9593     3.9828     0.4968 4.1855e-04     0.5746     0.1698     0.0809    95.8437    97.9970     2.8330     4.5311     4.6020     2.8327     0.1905     0.1001     0.0794     4.9267     0.0000      13805          8  0.000e+00
     18.588     18.484      98.51    26.7202    26.7196   5.482427   5.482623    34.9575    34.9593     3.9810     0.4968 4.1855e-04     0.5746     0.1698     0.0799    95.8437    98.0230     2.8317     4.5311     4.6032     2.8315     0.1905     0.1001     0.0794     4.9255     0.0000      13806          8  0.000e+00
     18.530     18.426      98.51    26.7204    26.7195   5.482374   5.482577    34.9570    34.9591     3.9812     0.4968 4.1855e-04     0.5746     0.1698     0.0799    95.8437    98.0230     2.8317     4.5311     4.6032     2.8315     0.1905     0.1001     0.0794     4.9255     0.0000      13807          8  0.000e+00
     18.515     18.411      98.53    26.7202    26.7192   5.482419   5.482546    34.9574    34.9591     3.9815     0.4968 4.1855e-04     0.5746     0.1709     0.0809    95.8178    97.9970     2.8317     4.5299     4.6020     2.8315     0.1905     0.1001     0.0794     4.9267     0.0000      13808          8  0.000e+00
