content/post/ctd18/stn005.cnv
* Sea-Bird SBE 9 Data File:
* FileName = C:\CTD Data\AGU032_IIOE2_June2018\stn005.hex
* Software Version Seasave V 7.22.5
* Temperature SN = 5966
* Conductivity SN = 4551
* Number of Bytes Per Scan = 40
* Number of Voltage Words = 5
* Number of Scans Averaged by the Deck Unit = 1
* NMEA Latitude = 05 55.52 S
* NMEA Longitude = 039 04.22 E
* NMEA UTC (Time) = Jun 19 2018 05:32:23
* NMEA baud rate = 4800
** Ship: Agulhas II
** Cruise: V032_IIOE2
** Ship Station: AM00886
** Grid number: A-5
** Latitude: 05 54.980 S
** Longitude: 39 04.495 E
** Bottom depth (m): 51.06m
** Operator: Mbulelo and Siajali
# nquan = 27
# nvalues = 12458                                 
# units = specified
# name 0 = prDM: Pressure, Digiquartz [db]
# name 1 = depSM: Depth [salt water, m]
# name 2 = altM: Altimeter [m]
# name 3 = t090C: Temperature [ITS-90, deg C]
# name 4 = t190C: Temperature, 2 [ITS-90, deg C]
# name 5 = c0S/m: Conductivity [S/m]
# name 6 = c1S/m: Conductivity, 2 [S/m]
# name 7 = sal00: Salinity, Practical [PSU]
# name 8 = sal11: Salinity, Practical, 2 [PSU]
# name 9 = sbeox0ML/L: Oxygen, SBE 43 [ml/l]
# name 10 = flECO-AFL: Fluorescence, WET Labs ECO-AFL/FL [mg/m^3]
# name 11 = turbWETbb0: Turbidity, WET Labs ECO BB [m^-1/sr]
# name 12 = turbWETntu0: Turbidity, WET Labs ECO [NTU]
# name 13 = CStarAt0: Beam Attenuation, WET Labs C-Star [1/m]
# name 14 = CStarAt1: Beam Attenuation, WET Labs C-Star, 2 [1/m]
# name 15 = CStarTr0: Beam Transmission, WET Labs C-Star [%]
# name 16 = CStarTr1: Beam Transmission, WET Labs C-Star, 2 [%]
# name 17 = sbeox0V: Oxygen raw, SBE 43 [V]
# name 18 = v0: Voltage 0
# name 19 = v1: Voltage 1
# name 20 = v2: Voltage 2
# name 21 = v3: Voltage 3
# name 22 = v4: Voltage 4
# name 23 = v5: Voltage 5
# name 24 = v6: Voltage 6
# name 25 = v7: Voltage 7
# name 26 = flag:  0.000e+00
# span 0 =     -1.219,     44.307                 
# span 1 =     -1.212,     44.056                 
# span 2 =       5.76,     100.00                 
# span 3 =    25.5292,    27.2837                 
# span 4 =    25.8858,    27.2833                 
# span 5 =   0.484783,   5.553575                 
# span 6 =   0.165206,   5.553871                 
# span 7 =     2.4913,    35.0647                 
# span 8 =     0.8144,    35.0672                 
# span 9 =     2.5861,     4.6611                 
# span 10 =    -0.0709,     1.2661                
# span 11 = 4.9774e-04, 1.0418e-02                
# span 12 =     0.0862,    19.4269                
# span 13 =     0.2208,     1.2296                
# span 14 =    -0.1139,     1.4456                
# span 15 =    73.5353,    94.6287                
# span 16 =    69.6697,   102.8873                
# span 17 =     1.8267,     2.8144                
# span 18 =     3.4774,     4.4737                
# span 19 =     3.2723,     4.8315                
# span 20 =     1.8266,     2.8144                
# span 21 =     0.2173,     3.5824                
# span 22 =     0.0623,     0.1514                
# span 23 =     0.0672,     0.5507                
# span 24 =     0.2882,     5.0000                
# span 25 =     0.0000,     0.0000                
# span 26 = 0.0000e+00, 0.0000e+00                
# interval = seconds: 0.0416667
# start_time = Jun 19 2018 05:32:23 [NMEA time, header]
# bad_flag = -9.990e-29
*END*
[from data line 4725]
     44.148     43.899       5.79    27.2372    27.2342   5.551782   5.552082    35.0556    35.0600     3.8053     0.6983 1.3040e-03     0.8676     0.3882     0.2868    90.7513    93.0807     2.7412     4.2906     4.3712     2.7411     0.4908     0.1136     0.0867     0.2894     0.0000  0.000e+00
     44.090     43.841       5.79    27.2374    27.2344   5.551775   5.552051    35.0554    35.0596     3.8054     0.6983 1.3004e-03     0.8676     0.3859     0.2879    90.8030    93.0547     2.7412     4.2930     4.3700     2.7411     0.4896     0.1136     0.0867     0.2894     0.0000  0.000e+00
     44.141     43.891       5.79    27.2372    27.2347   5.551729   5.552028    35.0553    35.0593     3.8058     0.6800 1.2968e-03     0.8676     0.3859     0.2868    90.8030    93.0807     2.7412     4.2930     4.3712     2.7411     0.4884     0.1123     0.0867     0.2894     0.0000  0.000e+00
     44.148     43.899       5.79    27.2370    27.2348   5.551722   5.551990    35.0553    35.0589     3.8061     0.6800 1.2932e-03     0.8676     0.3859     0.2857    90.8030    93.1067     2.7412     4.2930     4.3724     2.7411     0.4872     0.1123     0.0867     0.2894     0.0000  0.000e+00
     44.148     43.899       5.79    27.2370    27.2348   5.551798   5.552020    35.0559    35.0591     3.8064     0.6983 1.2932e-03     0.8188     0.3859     0.2868    90.8030    93.0807     2.7412     4.2930     4.3712     2.7411     0.4872     0.1136     0.0855     0.2894     0.0000  0.000e+00
     44.090     43.841       5.79    27.2365    27.2350   5.551775   5.552097    35.0561    35.0596     3.8064     0.6800 1.2968e-03     0.8676     0.3859     0.2868    90.8030    93.0807     2.7412     4.2930     4.3712     2.7411     0.4884     0.1123     0.0867     0.2894     0.0000  0.000e+00
     44.148     43.898       5.79    27.2352    27.2349   5.551767   5.552051    35.0570    35.0593     3.8045     0.6983 1.2968e-03     0.8188     0.3859     0.2857    90.8030    93.1067     2.7400     4.2930     4.3724     2.7399     0.4884     0.1136     0.0855     0.2894     0.0000  0.000e+00
     44.141     43.891       5.79    27.2341    27.2348   5.551775   5.552028    35.0579    35.0592     3.8046     0.6983 1.2968e-03     0.8188     0.3859     0.2868    90.8030    93.0807     2.7400     4.2930     4.3712     2.7399     0.4884     0.1136     0.0855     0.2894     0.0000  0.000e+00
     44.090     43.841       5.79    27.2336    27.2348   5.551775   5.552028    35.0583    35.0592     3.8047     0.6800 1.2968e-03     0.8188     0.3859     0.2868    90.8030    93.0807     2.7400     4.2930     4.3712     2.7399     0.4884     0.1123     0.0855     0.2894     0.0000  0.000e+00
     44.090     43.841       5.79    27.2336    27.2348   5.551760   5.552028    35.0582    35.0592     3.8047     0.6983 1.2932e-03     0.8188     0.3859     0.2857    90.8030    93.1067     2.7400     4.2930     4.3724     2.7399     0.4872     0.1136     0.0855     0.2894     0.0000  0.000e+00
     44.141     43.891       5.79    27.2337    27.2344   5.551699   5.552028    35.0577    35.0595     3.8048     0.6983 1.2968e-03     0.8188     0.3859     0.2868    90.8030    93.0807     2.7400     4.2930     4.3712     2.7399     0.4884     0.1136     0.0855     0.2894     0.0000  0.000e+00
     44.090     43.841       5.76    27.2341    27.2344   5.551752   5.551990    35.0577    35.0592     3.8048     0.6800 1.2968e-03     0.8188     0.3859     0.2868    90.8030    93.0807     2.7400     4.2930     4.3712     2.7399     0.4884     0.1123     0.0855     0.2882     0.0000  0.000e+00
     44.148     43.898       5.79    27.2343    27.2346   5.551707   5.552013    35.0573    35.0592     3.8049     0.6800 1.2968e-03     0.8188     0.3859     0.2868    90.8030    93.0807     2.7400     4.2930     4.3712     2.7399     0.4884     0.1123     0.0855     0.2894     0.0000  0.000e+00
     44.141     43.891       5.79    27.2347    27.2342   5.551737   5.552028    35.0572    35.0596     3.8027     0.6800 1.2968e-03     0.8676     0.3859     0.2868    90.8030    93.0807     2.7387     4.2930     4.3712     2.7387     0.4884     0.1123     0.0867     0.2894     0.0000  0.000e+00
     44.090     43.841       5.79    27.2350    27.2345   5.551767   5.552028    35.0572    35.0594     3.8025     0.6800 1.2968e-03     0.8188     0.3859     0.2857    90.8030    93.1067     2.7387     4.2930     4.3724     2.7387     0.4884     0.1123     0.0855     0.2894     0.0000  0.000e+00
     44.090     43.841       5.79    27.2352    27.2348   5.551737   5.551959    35.0568    35.0587     3.8024     0.6800 1.2968e-03     0.8188     0.3859     0.2857    90.8030    93.1067     2.7387     4.2930     4.3724     2.7387     0.4884     0.1123     0.0855     0.2894     0.0000  0.000e+00
     44.141     43.891       5.79    27.2356    27.2346   5.551760   5.552005    35.0567    35.0591     3.8022     0.6800 1.2968e-03     0.8676     0.3859     0.2868    90.8030    93.0807     2.7387     4.2930     4.3712     2.7387     0.4884     0.1123     0.0867     0.2894     0.0000  0.000e+00
     44.148     43.898       5.79    27.2352    27.2348   5.551730   5.551990    35.0567    35.0589     3.8019     0.6800 1.2968e-03     0.8188     0.3859     0.2857    90.8030    93.1067     2.7387     4.2930     4.3724     2.7387     0.4884     0.1123     0.0855     0.2894     0.0000  0.000e+00
     44.090     43.841       5.79    27.2356    27.2345   5.551760   5.551982    35.0567    35.0591     3.8018     0.6983 1.2932e-03     0.8676     0.3859     0.2857    90.8030    93.1067     2.7387     4.2930     4.3724     2.7387     0.4872     0.1136     0.0867     0.2894     0.0000  0.000e+00
     44.090     43.841       5.79    27.2352    27.2348   5.551775   5.552051    35.0571    35.0593     3.8015     0.6800 1.2968e-03     0.8188     0.3859     0.2634    90.8030    93.6270     2.7387     4.2930     4.3968     2.7387     0.4884     0.1123     0.0855     0.2894     0.0000  0.000e+00
     44.148     43.898       5.79    27.2348    27.2350   5.551760   5.552036    35.0573    35.0591     3.8012     0.6800 1.2968e-03     0.8676     0.3859     0.2490    90.8030    93.9651     2.7387     4.2930     4.4127     2.7387     0.4884     0.1123     0.0867     0.2894     0.0000  0.000e+00
     44.090     43.841       5.79    27.2345    27.2352   5.551767   5.552028    35.0576    35.0589     3.8008     0.6800 1.2968e-03     0.8676     0.3848     0.2479    90.8288    93.9911     2.7387     4.2943     4.4139     2.7387     0.4884     0.1123     0.0867     0.2894     0.0000  0.000e+00
     44.141     43.891       5.79    27.2347    27.2351   5.551775   5.552028    35.0575    35.0590     3.8005     0.6800 1.2932e-03     0.8676     0.3848     0.2490    90.8288    93.9651     2.7387     4.2943     4.4127     2.7387     0.4872     0.1123     0.0867     0.2894     0.0000  0.000e+00
     44.090     43.840       5.79    27.2345    27.2355   5.551775   5.552059    35.0576    35.0589     3.7979     0.6800 1.2968e-03     0.8188     0.3848     0.2490    90.8288    93.9651     2.7375     4.2943     4.4127     2.7375     0.4884     0.1123     0.0855     0.2894     0.0000  0.000e+00
     44.090     43.840       5.79    27.2343    27.2352   5.551729   5.552074    35.0575    35.0593     3.7997     0.6800 1.1312e-03     0.8188     0.3848     0.2490    90.8288    93.9651     2.7387     4.2943     4.4127     2.7387     0.4322     0.1123     0.0855     0.2894     0.0000  0.000e+00
     44.148     43.898       5.79    27.2347    27.2350   5.551760   5.552074    35.0574    35.0594     3.7971     0.6800 9.4047e-04     0.7700     0.3859     0.2490    90.8030    93.9651     2.7375     4.2930     4.4127     2.7375     0.3675     0.1123     0.0842     0.2894     0.0000  0.000e+00
     44.090     43.840       5.79    27.2347    27.2349   5.551775   5.552036    35.0575    35.0592     3.7965     0.6983 8.9728e-04     0.7700     0.3848     0.2490    90.8288    93.9651     2.7375     4.2943     4.4127     2.7375     0.3529     0.1136     0.0842     0.2894     0.0000  0.000e+00
     44.141     43.891       5.79    27.2345    27.2342   5.551737   5.552066    35.0573    35.0599     3.7961     0.6800 9.0448e-04     0.8188     0.3848     0.2490    90.8288    93.9651     2.7375     4.2943     4.4127     2.7375     0.3553     0.1123     0.0855     0.2894     0.0000  0.000e+00
     44.090     43.840       5.76    27.2345    27.2344   5.551752   5.552074    35.0575    35.0598     3.7955     0.6800 9.1168e-04     0.8188     0.3848     0.2490    90.8288    93.9651     2.7375     4.2943     4.4127     2.7375     0.3578     0.1123     0.0855     0.2882     0.0000  0.000e+00
     44.090     43.840       5.79    27.2341    27.2342   5.551767   5.552036    35.0579    35.0597     3.7951     0.6983 9.1528e-04     0.7700     0.3848     0.2490    90.8288    93.9651     2.7375     4.2943     4.4127     2.7375     0.3590     0.1136     0.0842     0.2894     0.0000  0.000e+00
     44.141     43.891       5.79    27.2340    27.2342   5.551775   5.552028    35.0580    35.0597     3.7923     0.6800 9.1528e-04     0.7700     0.3848     0.2490    90.8288    93.9651     2.7363     4.2943     4.4127     2.7363     0.3590     0.1123     0.0842     0.2894     0.0000  0.000e+00
     44.090     43.840       5.79    27.2336    27.2344   5.551760   5.552097    35.0582    35.0600     3.7916     0.6800 9.1888e-04     0.7700     0.3848     0.2490    90.8288    93.9651     2.7363     4.2943     4.4127     2.7363     0.3602     0.1123     0.0842     0.2894     0.0000  0.000e+00
     44.148     43.898       5.79    27.2336    27.2344   5.551737   5.552082    35.0580    35.0598     3.7910     0.6800 9.1528e-04     0.8188     0.3848     0.2490    90.8288    93.9651     2.7363     4.2943     4.4127     2.7363     0.3590     0.1123     0.0855     0.2894     0.0000  0.000e+00
     44.039     43.790       5.79    27.2336    27.2344   5.551729   5.552036    35.0580    35.0595     3.7880     0.6983 9.1528e-04     0.7700     0.3848     0.2490    90.8288    93.9651     2.7351     4.2943     4.4127     2.7350     0.3590     0.1136     0.0842     0.2894     0.0000  0.000e+00
     44.148     43.898       5.79    27.2339    27.2347   5.551730   5.552028    35.0577    35.0593     3.7895     0.6800 9.1528e-04     0.8188     0.3848     0.2490    90.8288    93.9651     2.7363     4.2943     4.4127     2.7363     0.3590     0.1123     0.0855     0.2894     0.0000  0.000e+00
     44.090     43.840       5.79    27.2341    27.2346   5.551752   5.552028    35.0577    35.0593     3.7891     0.6983 9.1528e-04     0.7700     0.3848     0.2490    90.8288    93.9651     2.7363     4.2943     4.4127     2.7363     0.3590     0.1136     0.0842     0.2894     0.0000  0.000e+00
     44.141     43.891       5.79    27.2348    27.2342   5.551767   5.552028    35.0573    35.0596     3.7888     0.6983 9.1528e-04     0.8188     0.3848     0.2490    90.8288    93.9651     2.7363     4.2943     4.4127     2.7363     0.3590     0.1136     0.0855     0.2894     0.0000  0.000e+00
     44.090     43.840       5.79    27.2350    27.2338   5.551737   5.551990    35.0570    35.0597     3.7884     0.6800 9.1528e-04     0.7700     0.3848     0.2490    90.8288    93.9651     2.7363     4.2943     4.4127     2.7363     0.3590     0.1123     0.0842     0.2894     0.0000  0.000e+00
     44.141     43.891       5.79    27.2350    27.2335   5.551730   5.552051    35.0569    35.0603     3.7858     0.6800 9.1528e-04     0.7700     0.3848     0.2501    90.8288    93.9391     2.7351     4.2943     4.4115     2.7350     0.3590     0.1123     0.0842     0.2894     0.0000  0.000e+00
     44.090     43.840       5.79    27.2354    27.2335   5.551782   5.552036    35.0570    35.0602     3.7876     0.6800 9.1528e-04     0.8188     0.3848     0.2512    90.8288    93.9131     2.7363     4.2943     4.4103     2.7363     0.3590     0.1123     0.0855     0.2894     0.0000  0.000e+00
     44.090     43.840       5.79    27.2354    27.2337   5.551782   5.552066    35.0570    35.0603     3.7874     0.6983 9.1528e-04     0.8188     0.3939     0.2523    90.6220    93.8871     2.7363     4.2845     4.4090     2.7363     0.3590     0.1136     0.0855     0.2894     0.0000  0.000e+00
     44.090     43.840       5.79    27.2356    27.2336   5.551775   5.552074    35.0568    35.0604     3.7851     0.6800 9.1888e-04     0.8188     0.4065     0.2523    90.3377    93.8871     2.7351     4.2711     4.4090     2.7350     0.3602     0.1123     0.0855     0.2894     0.0000  0.000e+00
     44.148     43.898       5.79    27.2363    27.2339   5.551775   5.552036    35.0563    35.0599     3.7870     0.6983 9.1528e-04     0.8188     0.4088     0.2523    90.2860    93.8871     2.7363     4.2686     4.4090     2.7363     0.3590     0.1136     0.0855     0.2894     0.0000  0.000e+00
     44.090     43.840       5.79    27.2367    27.2339   5.551760   5.552028    35.0559    35.0599     3.7868     0.6800 9.1528e-04     0.8188     0.4088     0.2523    90.2860    93.8871     2.7363     4.2686     4.4090     2.7363     0.3590     0.1123     0.0855     0.2894     0.0000  0.000e+00
     44.090     43.840       5.79    27.2375    27.2337   5.551767   5.551990    35.0553    35.0597     3.7867     0.6983 9.1528e-04     0.7700     0.4088     0.2523    90.2860    93.8871     2.7363     4.2686     4.4090     2.7363     0.3590     0.1136     0.0842     0.2894     0.0000  0.000e+00
     44.148     43.898       5.79    27.2375    27.2336   5.551805   5.552020    35.0555    35.0600     3.7866     0.6800 9.1528e-04     0.8188     0.4076     0.2523    90.3118    93.8871     2.7363     4.2698     4.4090     2.7363     0.3590     0.1123     0.0855     0.2894     0.0000  0.000e+00
     44.090     43.840       5.79    27.2374    27.2335   5.551775   5.552028    35.0554    35.0602     3.7867     0.6800 9.1528e-04     0.8188     0.4088     0.2523    90.2860    93.8871     2.7363     4.2686     4.4090     2.7363     0.3590     0.1123     0.0855     0.2894     0.0000  0.000e+00
     44.090     43.840       5.76    27.2365    27.2331   5.551767   5.552028    35.0561    35.0604     3.7870     0.6983 9.1528e-04     0.8188     0.4076     0.2523    90.3118    93.8871     2.7363     4.2698     4.4090     2.7363     0.3590     0.1136     0.0855     0.2882     0.0000  0.000e+00
     44.090     43.840       5.79    27.2359    27.2333   5.551775   5.552028    35.0565    35.0603     3.7872     0.6800 9.1888e-04     0.8188     0.4076     0.2523    90.3118    93.8871     2.7363     4.2698     4.4090     2.7363     0.3602     0.1123     0.0855     0.2894     0.0000  0.000e+00
     44.148     43.898       5.79    27.2356    27.2335   5.551805   5.552028    35.0570    35.0602     3.7875     0.7166 9.1528e-04     0.7700     0.4088     0.2523    90.2860    93.8871     2.7363     4.2686     4.4090     2.7363     0.3590     0.1148     0.0842     0.2894     0.0000  0.000e+00
     44.090     43.840       5.79    27.2354    27.2337   5.551775   5.552028    35.0570    35.0600     3.7855     0.7716 9.4407e-04     0.7211     0.4088     0.2523    90.2860    93.8871     2.7351     4.2686     4.4090     2.7350     0.3687     0.1184     0.0830     0.2894     0.0000  0.000e+00
     44.090     43.840       5.79    27.2350    27.2339   5.551737   5.552028    35.0570    35.0599     3.7857     0.7899 9.8367e-04     0.7700     0.4076     0.2523    90.3118    93.8871     2.7351     4.2698     4.4090     2.7350     0.3822     0.1197     0.0842     0.2894     0.0000  0.000e+00
     44.090     43.840       5.79    27.2345    27.2342   5.551760   5.552028    35.0575    35.0596     3.7859     0.7899 9.9087e-04     0.7211     0.4076     0.2523    90.3118    93.8871     2.7351     4.2698     4.4090     2.7350     0.3846     0.1197     0.0830     0.2894     0.0000  0.000e+00
